20
 0.000000 0.000000 0.000000 0.000000 0.000000 0.008129 0.000000 0.000000 0.495935 0.000000 0.000000 0.000000 0.495936 0.000000 0.000000 0.000000 0.000000 0.000000 0.000000 0.000000
 0.000000 0.000000 0.000000 0.000000 0.000000 0.000000 0.000000 0.000000 0.000000 0.000000 0.000000 0.000000 0.000000 0.000000 0.500000 0.000000 0.500000 0.000000 0.000000 0.000000
 0.000000 0.000000 0.000000 0.000000 0.000000 0.000000 0.472621 0.000000 0.000000 0.000000 0.000000 0.000000 0.000000 0.000000 0.000000 0.000000 0.052806 0.000000 0.000000 0.474572
 0.000000 0.000000 0.000000 0.000000 0.494260 0.000000 0.494086 0.000000 0.000000 0.000000 0.011575 0.000000 0.000000 0.000079 0.000000 0.000000 0.000000 0.000000 0.000000 0.000000
 0.000000 0.000000 0.000000 0.499995 0.000000 0.000000 0.000009 0.000000 0.000000 0.499996 0.000000 0.000000 0.000000 0.000000 0.000000 0.000000 0.000000 0.000000 0.000000 0.000000
 0.008130 0.000000 0.000000 0.000000 0.000000 0.000000 0.000000 0.000000 0.495987 0.000000 0.000000 0.495884 0.000000 0.000000 0.000000 0.000000 0.000000 0.000000 0.000000 0.000000
 0.000000 0.000000 0.439910 0.441572 0.000008 0.000000 0.000000 0.000000 0.000000 0.071511 0.000000 0.000000 0.000000 0.000000 0.000000 0.000000 0.000000 0.000000 0.000000 0.046999
 0.000000 0.000000 0.000000 0.000000 0.000000 0.000000 0.000000 0.000000 0.000000 0.000000 0.000000 0.000000 0.091800 0.453810 0.000000 0.000000 0.000000 0.454389 0.000000 0.000000
 0.499996 0.000000 0.000000 0.000000 0.000000 0.499997 0.000000 0.000000 0.000000 0.000000 0.000000 0.000007 0.000000 0.000000 0.000000 0.000000 0.000000 0.000000 0.000000 0.000000
 0.000000 0.000000 0.000000 0.000000 0.462571 0.000000 0.074885 0.000000 0.000000 0.000000 0.000000 0.000000 0.000000 0.000000 0.000000 0.000000 0.462544 0.000000 0.000000 0.000000
 0.000000 0.000000 0.000000 0.009780 0.000000 0.000000 0.000000 0.000000 0.000000 0.000000 0.000000 0.000000 0.000000 0.162528 0.000000 0.000000 0.000000 0.415115 0.000000 0.412577
 0.000000 0.000000 0.000000 0.000000 0.000000 0.499945 0.000000 0.000000 0.000007 0.000000 0.000000 0.000000 0.000000 0.000000 0.000000 0.000000 0.000000 0.000000 0.500048 0.000000
 0.454378 0.000000 0.000000 0.000000 0.000000 0.000000 0.000000 0.091798 0.000000 0.000000 0.000000 0.000000 0.000000 0.453824 0.000000 0.000000 0.000000 0.000000 0.000000 0.000000
 0.000000 0.000000 0.000000 0.000060 0.000000 0.000000 0.000000 0.374370 0.000000 0.000000 0.145884 0.000000 0.374391 0.000000 0.000000 0.000000 0.000000 0.105295 0.000000 0.000000
 0.000000 0.500000 0.000000 0.000000 0.000000 0.000000 0.000000 0.000000 0.000000 0.000000 0.000000 0.000000 0.000000 0.000000 0.000000 0.500000 0.000000 0.000000 0.000000 0.000000
 0.000000 0.000000 0.000000 0.000000 0.000000 0.000000 0.000000 0.000000 0.000000 0.000000 0.000000 0.000000 0.000000 0.000000 0.500002 0.000000 0.000000 0.000000 0.499998 0.000000
 0.000000 0.472842 0.052614 0.000000 0.000000 0.000000 0.000000 0.000000 0.000000 0.472815 0.000000 0.000000 0.000000 0.000000 0.000000 0.000000 0.000000 0.000000 0.000000 0.001730
 0.000000 0.000000 0.000000 0.000000 0.000000 0.000000 0.000000 0.439576 0.000000 0.000000 0.436946 0.000000 0.000000 0.123478 0.000000 0.000000 0.000000 0.000000 0.000000 0.000000
 0.000000 0.000000 0.000000 0.000000 0.000000 0.000000 0.000000 0.000000 0.000000 0.000000 0.000000 0.500002 0.000000 0.000000 0.000000 0.499998 0.000000 0.000000 0.000000 0.000000
 0.000000 0.000000 0.476645 0.000000 0.000000 0.000000 0.050714 0.000000 0.000000 0.000000 0.470897 0.000000 0.000000 0.000000 0.000000 0.000000 0.001744 0.000000 0.000000 0.000000
the mean of prob-rank is 1.5263157894736843
the number of false negetive edges is 0
the number of probability greater than 0 is 3.2/edge
