20
 0.000000 0.000000 0.000000 0.000000 0.000000 0.000000 0.499995 0.000000 0.000000 0.000000 0.499996 0.000010 0.000000 0.000000 0.000000 0.000000 0.000000 0.000000 0.000000 0.000000
 0.000000 0.000000 0.000000 0.000000 0.000000 0.000000 0.000000 0.000000 0.000000 0.000000 0.000000 0.000000 0.000000 0.000000 0.000000 0.000000 0.007621 0.496188 0.496190 0.000000
 0.000000 0.000000 0.000000 0.000000 0.000000 0.000000 0.000000 0.494347 0.000000 0.000000 0.000000 0.000000 0.000000 0.000000 0.000000 0.011210 0.000000 0.494443 0.000000 0.000000
 0.000000 0.000000 0.000000 0.000000 0.000000 0.446783 0.000000 0.000000 0.000000 0.000000 0.000000 0.000000 0.049544 0.057631 0.000000 0.446041 0.000000 0.000000 0.000000 0.000000
 0.000000 0.000000 0.000000 0.000000 0.000000 0.000000 0.000000 0.000000 0.000000 0.000000 0.000000 0.000000 0.000000 0.500001 0.000000 0.000000 0.000000 0.000000 0.000000 0.499999
 0.000000 0.000000 0.000000 0.494667 0.000000 0.000000 0.000000 0.000000 0.494715 0.000000 0.000000 0.000000 0.000000 0.010618 0.000000 0.000000 0.000000 0.000000 0.000000 0.000000
 0.500000 0.000000 0.000000 0.000000 0.000000 0.000000 0.000000 0.000000 0.000000 0.000000 0.000000 0.500000 0.000000 0.000000 0.000000 0.000000 0.000000 0.000000 0.000000 0.000000
 0.000000 0.000000 0.494588 0.000000 0.000000 0.000000 0.000000 0.000000 0.000000 0.494686 0.000000 0.000000 0.000000 0.000000 0.000000 0.010725 0.000000 0.000000 0.000000 0.000000
 0.000000 0.000000 0.000000 0.000000 0.000000 0.500001 0.000000 0.000000 0.000000 0.000000 0.000000 0.000000 0.000000 0.000000 0.499999 0.000000 0.000000 0.000000 0.000000 0.000000
 0.000000 0.000000 0.000000 0.000000 0.000000 0.000000 0.000000 0.500000 0.000000 0.000000 0.000000 0.000000 0.000000 0.000000 0.500000 0.000001 0.000000 0.000000 0.000000 0.000000
 0.500001 0.000000 0.000000 0.000000 0.000000 0.000000 0.000000 0.000000 0.000000 0.000000 0.000000 0.000000 0.000000 0.000000 0.000000 0.000000 0.499999 0.000000 0.000000 0.000000
 0.000010 0.000000 0.000000 0.000000 0.000000 0.000000 0.500001 0.000000 0.000000 0.000000 0.000000 0.000000 0.000000 0.000000 0.000000 0.000000 0.000000 0.000000 0.000000 0.499990
 0.000000 0.000000 0.000000 0.052730 0.000000 0.000000 0.000000 0.000000 0.000000 0.000000 0.000000 0.000000 0.000000 0.471976 0.000000 0.475295 0.000000 0.000000 0.000000 0.000000
 0.000000 0.000000 0.000000 0.060189 0.466655 0.010015 0.000000 0.000000 0.000000 0.000000 0.000000 0.000000 0.463141 0.000000 0.000000 0.000000 0.000000 0.000000 0.000000 0.000000
 0.000000 0.000000 0.000000 0.000000 0.000000 0.000000 0.000000 0.000000 0.499999 0.500001 0.000000 0.000000 0.000000 0.000000 0.000000 0.000000 0.000000 0.000000 0.000000 0.000000
 0.000000 0.000000 0.011102 0.488844 0.000000 0.000000 0.000000 0.010617 0.000000 0.000001 0.000000 0.000000 0.489436 0.000000 0.000000 0.000000 0.000000 0.000000 0.000000 0.000000
 0.000000 0.007622 0.000000 0.000000 0.000000 0.000000 0.000000 0.000000 0.000000 0.000000 0.496254 0.000000 0.000000 0.000000 0.000000 0.000000 0.000000 0.000000 0.496124 0.000000
 0.000000 0.497364 0.497366 0.000000 0.000000 0.000000 0.000000 0.000000 0.000000 0.000000 0.000000 0.000000 0.000000 0.000000 0.000000 0.000000 0.000000 0.000000 0.005269 0.000000
 0.000000 0.497430 0.000000 0.000000 0.000000 0.000000 0.000000 0.000000 0.000000 0.000000 0.000000 0.000000 0.000000 0.000000 0.000000 0.000000 0.497300 0.005270 0.000000 0.000000
 0.000000 0.000000 0.000000 0.000000 0.500005 0.000000 0.000000 0.000000 0.000000 0.000000 0.000000 0.499995 0.000000 0.000000 0.000000 0.000000 0.000000 0.000000 0.000000 0.000000
the mean of prob-rank is 1.4210526315789473
the number of false negetive edges is 0
the number of probability greater than 0 is 2.8/edge
