20
 0.000000 0.000000 0.000000 0.499982 0.000000 0.000000 0.000000 0.000000 0.499982 0.000036 0.000000 0.000000 0.000000 0.000000 0.000000 0.000000 0.000000 0.000000 0.000000 0.000000
 0.000000 0.000000 0.133954 0.000000 0.000000 0.133941 0.000000 0.000000 0.000000 0.000000 0.000000 0.365175 0.000000 0.000000 0.000000 0.366931 0.000000 0.000000 0.000000 0.000000
 0.000000 0.153532 0.000000 0.000000 0.000000 0.420519 0.000000 0.000000 0.000000 0.000000 0.000000 0.425949 0.000000 0.000000 0.000000 0.000000 0.000000 0.000000 0.000000 0.000000
 0.500000 0.000000 0.000000 0.000000 0.500000 0.000000 0.000000 0.000000 0.000000 0.000000 0.000000 0.000000 0.000000 0.000000 0.000000 0.000000 0.000000 0.000000 0.000000 0.000000
 0.000000 0.000000 0.000000 0.500000 0.000000 0.500000 0.000000 0.000000 0.000000 0.000000 0.000000 0.000000 0.000000 0.000000 0.000000 0.000000 0.000000 0.000000 0.000000 0.000000
 0.000000 0.153519 0.420525 0.000000 0.425956 0.000000 0.000000 0.000000 0.000000 0.000000 0.000000 0.000000 0.000000 0.000000 0.000000 0.000000 0.000000 0.000000 0.000000 0.000000
 0.000000 0.000000 0.000000 0.000000 0.000000 0.000000 0.000000 0.500000 0.000000 0.000000 0.000000 0.000000 0.500000 0.000000 0.000000 0.000000 0.000000 0.000000 0.000000 0.000000
 0.000000 0.000000 0.000000 0.000000 0.000000 0.000000 0.500002 0.000000 0.000000 0.000000 0.499998 0.000000 0.000000 0.000000 0.000000 0.000000 0.000000 0.000000 0.000000 0.000000
 0.497614 0.000000 0.000000 0.000000 0.000000 0.000000 0.000000 0.000000 0.000000 0.497614 0.000000 0.000000 0.000000 0.000000 0.000000 0.000000 0.000000 0.000000 0.004772 0.000000
 0.000036 0.000000 0.000000 0.000000 0.000000 0.000000 0.000000 0.000000 0.499145 0.000000 0.000000 0.000000 0.000000 0.000000 0.000000 0.000000 0.000000 0.000000 0.499071 0.001748
 0.000000 0.000000 0.000000 0.000000 0.000000 0.000000 0.000000 0.498192 0.000000 0.000000 0.000000 0.000000 0.000000 0.003612 0.000000 0.000000 0.000000 0.000000 0.000000 0.498196
 0.000000 0.390342 0.397245 0.000000 0.000000 0.000000 0.000000 0.000000 0.000000 0.000000 0.000000 0.000000 0.000000 0.000000 0.000000 0.212338 0.000000 0.000000 0.000000 0.000075
 0.000000 0.000000 0.000000 0.000000 0.000000 0.000000 0.500000 0.000000 0.000000 0.000000 0.000000 0.000000 0.000000 0.000000 0.500000 0.000000 0.000000 0.000000 0.000000 0.000000
 0.000000 0.000000 0.000000 0.000000 0.000000 0.000000 0.000000 0.000000 0.000000 0.000000 0.003319 0.000000 0.000000 0.000000 0.000000 0.000000 0.457833 0.077915 0.003484 0.457449
 0.000000 0.000000 0.000000 0.000000 0.000000 0.000000 0.000000 0.000000 0.000000 0.000000 0.000000 0.000000 0.500000 0.000000 0.000000 0.500000 0.000000 0.000000 0.000000 0.000000
 0.000000 0.391514 0.000000 0.000000 0.000000 0.000000 0.000000 0.000000 0.000000 0.000000 0.000000 0.211956 0.000000 0.000000 0.396530 0.000000 0.000000 0.000000 0.000000 0.000000
 0.000000 0.000000 0.000000 0.000000 0.000000 0.000000 0.000000 0.000000 0.000000 0.000000 0.000000 0.000000 0.000000 0.493225 0.000000 0.000000 0.000000 0.492259 0.014516 0.000000
 0.000000 0.000000 0.000000 0.000000 0.000000 0.000000 0.000000 0.000000 0.000000 0.000000 0.000000 0.000000 0.000000 0.078535 0.000000 0.000000 0.460573 0.000000 0.460892 0.000000
 0.000000 0.000000 0.000000 0.000000 0.000000 0.000000 0.000000 0.000000 0.004689 0.488874 0.000000 0.000000 0.000000 0.003720 0.000000 0.000000 0.014390 0.488327 0.000000 0.000000
 0.000000 0.000000 0.000000 0.000000 0.000000 0.000000 0.000000 0.000000 0.000000 0.001749 0.499288 0.000094 0.000000 0.498869 0.000000 0.000000 0.000000 0.000000 0.000000 0.000000
the mean of prob-rank is 1.4736842105263157
the number of false negetive edges is 0
the number of probability greater than 0 is 3.1/edge
