20
 0.000000 0.000000 0.000000 0.001194 0.000000 0.000000 0.000000 0.000000 0.000000 0.000000 0.497302 0.000000 0.000000 0.000000 0.000000 0.000000 0.000000 0.497431 0.000000 0.004072
 0.000000 0.000000 0.000000 0.187482 0.000000 0.000000 0.000000 0.236036 0.000000 0.228851 0.000000 0.000000 0.000000 0.283560 0.000056 0.064014 0.000000 0.000000 0.000000 0.000000
 0.000000 0.000000 0.000000 0.345871 0.000000 0.000000 0.145764 0.000000 0.000000 0.000000 0.000000 0.357213 0.000000 0.000000 0.000000 0.000000 0.151152 0.000000 0.000000 0.000000
 0.000734 0.202138 0.296017 0.000000 0.000000 0.000000 0.000457 0.305111 0.000000 0.000000 0.090531 0.055379 0.000000 0.000000 0.001475 0.048156 0.000000 0.000000 0.000000 0.000000
 0.000000 0.000000 0.000000 0.000000 0.000000 0.000000 0.000000 0.000000 0.000000 0.000000 0.000000 0.000000 0.000000 0.499999 0.000000 0.000000 0.000000 0.000000 0.000000 0.500000
 0.000000 0.000000 0.000000 0.000000 0.000000 0.000000 0.331694 0.000000 0.344905 0.307028 0.000000 0.000000 0.000000 0.000000 0.000000 0.000000 0.000000 0.000000 0.016373 0.000000
 0.000000 0.000000 0.130364 0.000478 0.000000 0.307237 0.000000 0.000000 0.000037 0.000000 0.000000 0.317309 0.241927 0.000000 0.000710 0.000000 0.001939 0.000000 0.000000 0.000000
 0.000000 0.293910 0.000000 0.352377 0.000000 0.000000 0.000000 0.000000 0.000000 0.000000 0.000000 0.000000 0.000000 0.000000 0.004253 0.349460 0.000000 0.000000 0.000000 0.000000
 0.000000 0.000000 0.000000 0.000000 0.000000 0.500004 0.000057 0.000000 0.000000 0.000000 0.000000 0.000000 0.499939 0.000000 0.000000 0.000000 0.000000 0.000000 0.000000 0.000000
 0.000000 0.299196 0.000000 0.000000 0.000000 0.330009 0.000000 0.000000 0.000000 0.000000 0.000000 0.000000 0.000000 0.000000 0.000071 0.000003 0.000000 0.000000 0.370721 0.000000
 0.435574 0.000000 0.000000 0.129015 0.000000 0.000000 0.000000 0.000000 0.000000 0.000000 0.000000 0.000000 0.000000 0.000000 0.000000 0.000000 0.000000 0.000000 0.000000 0.435411
 0.000000 0.000000 0.390083 0.070660 0.000000 0.000000 0.387441 0.000000 0.000000 0.000000 0.000000 0.000000 0.000000 0.000000 0.000000 0.000000 0.151815 0.000000 0.000000 0.000000
 0.000000 0.000000 0.000000 0.000000 0.000000 0.000000 0.279187 0.000000 0.368631 0.000000 0.000000 0.000000 0.000000 0.000000 0.000000 0.000000 0.352182 0.000000 0.000000 0.000000
 0.000000 0.500000 0.000000 0.000000 0.499999 0.000000 0.000000 0.000000 0.000000 0.000000 0.000000 0.000000 0.000000 0.000000 0.000000 0.000000 0.000000 0.000000 0.000000 0.000000
 0.000000 0.000099 0.000000 0.002389 0.000000 0.000000 0.001101 0.005965 0.000000 0.000095 0.000000 0.000000 0.000000 0.000000 0.000000 0.495220 0.000000 0.000000 0.495132 0.000000
 0.000000 0.095121 0.000000 0.066369 0.000000 0.000000 0.000000 0.417025 0.000000 0.000003 0.000000 0.000000 0.000000 0.000000 0.421352 0.000000 0.000000 0.000000 0.000130 0.000000
 0.000000 0.000000 0.152558 0.000000 0.000000 0.000000 0.002188 0.000000 0.000000 0.000000 0.000000 0.140315 0.344404 0.000000 0.000000 0.000000 0.000000 0.360536 0.000000 0.000000
 0.500000 0.000000 0.000000 0.000000 0.000000 0.000000 0.000000 0.000000 0.000000 0.000000 0.000000 0.000000 0.000000 0.000000 0.000000 0.000000 0.500000 0.000000 0.000000 0.000000
 0.000000 0.000000 0.000000 0.000000 0.000000 0.023184 0.000000 0.000000 0.000000 0.488376 0.000000 0.000000 0.000000 0.000000 0.488289 0.000150 0.000000 0.000000 0.000000 0.000000
 0.004078 0.000000 0.000000 0.000000 0.498119 0.000000 0.000000 0.000000 0.000000 0.000000 0.497803 0.000000 0.000000 0.000000 0.000000 0.000000 0.000000 0.000000 0.000000 0.000000
the mean of prob-rank is 1.4736842105263157
the number of false negetive edges is 0
the number of probability greater than 0 is 4.4/edge
