20
 0.000000 0.000000 0.000000 0.000000 0.000000 0.000000 0.000000 0.000001 0.000000 0.000000 0.000000 0.490801 0.000000 0.000000 0.000000 0.000000 0.018332 0.490865 0.000000 0.000000
 0.000000 0.000000 0.000000 0.000000 0.000000 0.000000 0.000000 0.000000 0.000000 0.000000 0.000000 0.000000 0.500000 0.000000 0.000000 0.000000 0.000000 0.000000 0.500000 0.000000
 0.000000 0.000000 0.000000 0.422005 0.000000 0.000000 0.000000 0.430693 0.000000 0.000000 0.000000 0.000000 0.000000 0.000000 0.147302 0.000000 0.000000 0.000000 0.000000 0.000000
 0.000000 0.000000 0.362299 0.000000 0.000000 0.360099 0.000000 0.000000 0.000000 0.000000 0.000000 0.000000 0.000000 0.000000 0.000000 0.000000 0.000000 0.000000 0.000000 0.277602
 0.000000 0.000000 0.000000 0.000000 0.000000 0.000000 0.000000 0.000000 0.000000 0.499782 0.000437 0.000000 0.000000 0.000000 0.000000 0.000000 0.000000 0.000000 0.499781 0.000000
 0.000000 0.000000 0.000000 0.347973 0.000000 0.000000 0.000000 0.000000 0.000000 0.000000 0.000000 0.000000 0.000000 0.000001 0.154592 0.140141 0.000000 0.000000 0.000000 0.357294
 0.000000 0.000000 0.000000 0.000000 0.000000 0.000000 0.000000 0.000000 0.488246 0.000000 0.000000 0.000000 0.012092 0.011499 0.000000 0.488163 0.000000 0.000000 0.000000 0.000000
 0.000001 0.000000 0.462076 0.000000 0.000000 0.000000 0.000000 0.000000 0.000000 0.000000 0.000000 0.076060 0.000000 0.000000 0.000000 0.000000 0.461863 0.000000 0.000000 0.000000
 0.000000 0.000000 0.000000 0.000000 0.000000 0.000000 0.491588 0.000000 0.000000 0.000000 0.000000 0.000000 0.491564 0.016848 0.000000 0.000000 0.000000 0.000000 0.000000 0.000000
 0.000000 0.000000 0.000000 0.000000 0.500000 0.000000 0.000000 0.000000 0.000000 0.000000 0.499986 0.000000 0.000000 0.000000 0.000000 0.000000 0.000000 0.000000 0.000014 0.000000
 0.000000 0.000000 0.000000 0.000000 0.000437 0.000000 0.000000 0.000000 0.000000 0.499774 0.000000 0.000000 0.000000 0.000000 0.000000 0.000000 0.000000 0.499789 0.000000 0.000000
 0.461945 0.000000 0.000000 0.000000 0.000000 0.000000 0.000000 0.076049 0.000000 0.000000 0.000000 0.000000 0.000000 0.000000 0.000000 0.000000 0.462006 0.000000 0.000000 0.000000
 0.000000 0.493896 0.000000 0.000000 0.000000 0.000000 0.012232 0.000000 0.493872 0.000000 0.000000 0.000000 0.000000 0.000000 0.000000 0.000000 0.000000 0.000000 0.000000 0.000000
 0.000000 0.000000 0.000000 0.000000 0.000000 0.000001 0.011193 0.000000 0.016288 0.000000 0.000000 0.000000 0.000000 0.000000 0.475259 0.474789 0.000000 0.000000 0.000000 0.022470
 0.000000 0.000000 0.123542 0.000000 0.000000 0.156285 0.000000 0.000000 0.000000 0.000000 0.000000 0.000000 0.000000 0.361222 0.000000 0.000441 0.000000 0.000000 0.000000 0.358510
 0.000000 0.000000 0.000000 0.000000 0.000000 0.163951 0.417940 0.000000 0.000000 0.000000 0.000000 0.000000 0.000000 0.417599 0.000510 0.000000 0.000000 0.000000 0.000000 0.000000
 0.018335 0.000000 0.000000 0.000000 0.000000 0.000000 0.000000 0.490719 0.000000 0.000000 0.000000 0.490946 0.000000 0.000000 0.000000 0.000000 0.000000 0.000000 0.000000 0.000000
 0.500000 0.000000 0.000000 0.000000 0.000000 0.000000 0.000000 0.000000 0.000000 0.000000 0.500000 0.000000 0.000000 0.000000 0.000000 0.000000 0.000000 0.000000 0.000000 0.000000
 0.000000 0.499993 0.000000 0.000000 0.499993 0.000000 0.000000 0.000000 0.000000 0.000014 0.000000 0.000000 0.000000 0.000000 0.000000 0.000000 0.000000 0.000000 0.000000 0.000000
 0.000000 0.000000 0.000000 0.269044 0.000000 0.358346 0.000000 0.000000 0.000000 0.000000 0.000000 0.000000 0.000000 0.016943 0.355668 0.000000 0.000000 0.000000 0.000000 0.000000
the mean of prob-rank is 1.4210526315789473
the number of false negetive edges is 0
the number of probability greater than 0 is 3.3/edge
