20
 0.000000 0.000000 0.000000 0.000000 0.000000 0.172837 0.000000 0.000000 0.000000 0.000000 0.414319 0.000000 0.000000 0.000000 0.412844 0.000000 0.000000 0.000000 0.000000 0.000000
 0.000000 0.000000 0.146773 0.000000 0.000000 0.290049 0.325906 0.000011 0.000000 0.000000 0.000000 0.000000 0.000000 0.231070 0.005983 0.000000 0.000000 0.000000 0.000001 0.000207
 0.000000 0.160107 0.000000 0.000000 0.000000 0.099969 0.000000 0.027200 0.000000 0.000000 0.000000 0.000000 0.000000 0.000020 0.000000 0.000000 0.004118 0.355635 0.000000 0.352951
 0.000000 0.000000 0.000000 0.000000 0.321408 0.000000 0.000000 0.000000 0.000000 0.000000 0.000000 0.000000 0.000000 0.036343 0.000000 0.000000 0.324510 0.000000 0.000000 0.317739
 0.000000 0.000000 0.000000 0.304766 0.000000 0.000000 0.000000 0.000000 0.000000 0.000000 0.000000 0.323844 0.000000 0.093427 0.000000 0.000000 0.277911 0.000000 0.000000 0.000052
 0.098160 0.209297 0.066129 0.000000 0.000000 0.000000 0.000000 0.235306 0.000000 0.000000 0.000000 0.000000 0.000000 0.000000 0.000000 0.000000 0.198785 0.192324 0.000000 0.000000
 0.000000 0.484302 0.000000 0.000000 0.000000 0.000000 0.000000 0.000000 0.000000 0.000000 0.000003 0.000000 0.000000 0.000000 0.484579 0.000000 0.000000 0.000000 0.031115 0.000000
 0.000000 0.000011 0.026303 0.000000 0.000000 0.343983 0.000000 0.000000 0.000000 0.000000 0.000000 0.000000 0.000000 0.000000 0.000000 0.000000 0.288086 0.341618 0.000000 0.000000
 0.000000 0.000000 0.000000 0.000000 0.000000 0.000000 0.000000 0.000000 0.000000 0.500000 0.000000 0.000000 0.500000 0.000000 0.000000 0.000000 0.000000 0.000000 0.000000 0.000000
 0.000000 0.000000 0.000000 0.000000 0.000000 0.000000 0.000000 0.000000 0.500001 0.000000 0.000000 0.000005 0.000000 0.000000 0.000000 0.499994 0.000000 0.000000 0.000000 0.000000
 0.462679 0.000000 0.000000 0.000000 0.000000 0.000000 0.000003 0.000000 0.000000 0.000000 0.000000 0.000000 0.000000 0.000000 0.075303 0.000000 0.000000 0.000000 0.462015 0.000000
 0.000000 0.000000 0.000000 0.000000 0.376025 0.000000 0.000000 0.000000 0.000000 0.000004 0.000000 0.000000 0.000000 0.364791 0.000000 0.259181 0.000000 0.000000 0.000000 0.000000
 0.000000 0.000000 0.000000 0.000000 0.000000 0.000000 0.000000 0.000000 0.500000 0.000000 0.000000 0.000000 0.000000 0.000000 0.000000 0.000000 0.000000 0.000000 0.500000 0.000000
 0.000000 0.201926 0.000016 0.030324 0.082210 0.000000 0.000000 0.000000 0.000000 0.000000 0.000000 0.276451 0.000000 0.000000 0.000000 0.278700 0.000000 0.000000 0.000000 0.130373
 0.457306 0.008420 0.000000 0.000000 0.000000 0.000000 0.458940 0.000000 0.000000 0.000000 0.074695 0.000000 0.000000 0.000000 0.000000 0.000000 0.000000 0.000000 0.000639 0.000000
 0.000000 0.000000 0.000000 0.000000 0.000000 0.000000 0.000000 0.000000 0.000000 0.374910 0.000000 0.258416 0.000000 0.366674 0.000000 0.000000 0.000000 0.000000 0.000000 0.000000
 0.000000 0.000000 0.002608 0.214061 0.193333 0.190321 0.000000 0.188678 0.000000 0.000000 0.000000 0.000000 0.000000 0.000000 0.000000 0.000000 0.000000 0.011778 0.000000 0.199221
 0.000000 0.000000 0.349262 0.000000 0.000000 0.285532 0.000000 0.346942 0.000000 0.000000 0.000000 0.000000 0.000000 0.000000 0.000000 0.000000 0.018264 0.000000 0.000000 0.000000
 0.000000 0.000001 0.000000 0.000000 0.000000 0.000000 0.031107 0.000000 0.000000 0.000000 0.483761 0.000000 0.484456 0.000000 0.000675 0.000000 0.000000 0.000000 0.000000 0.000000
 0.000000 0.000195 0.303880 0.284930 0.000049 0.000000 0.000000 0.000000 0.000000 0.000000 0.000000 0.000000 0.000000 0.140117 0.000000 0.000000 0.270828 0.000000 0.000000 0.000000
the mean of prob-rank is 1.5263157894736843
the number of false negetive edges is 0
the number of probability greater than 0 is 4.6/edge
