20
 0.000000 0.000006 0.000000 0.000000 0.000000 0.211402 0.000000 0.000000 0.000001 0.297464 0.000000 0.278547 0.000000 0.000000 0.000000 0.000000 0.000000 0.000000 0.212579 0.000000
 0.000007 0.000000 0.000000 0.000000 0.070830 0.244155 0.000000 0.000000 0.072926 0.000000 0.000000 0.000000 0.350691 0.000000 0.000000 0.000000 0.000000 0.000011 0.000000 0.261379
 0.000000 0.000000 0.000000 0.306359 0.000000 0.000000 0.000000 0.000000 0.000000 0.000000 0.364228 0.000000 0.000000 0.000000 0.000000 0.000000 0.000002 0.329411 0.000000 0.000000
 0.000000 0.000000 0.243546 0.000000 0.000000 0.000000 0.191749 0.275032 0.000000 0.000000 0.000000 0.000000 0.000000 0.000000 0.000000 0.000000 0.000000 0.289673 0.000000 0.000000
 0.000000 0.069857 0.000000 0.000000 0.000000 0.000000 0.000000 0.000000 0.000000 0.000000 0.000000 0.000000 0.338894 0.000000 0.000000 0.000000 0.000000 0.306089 0.000000 0.285161
 0.213981 0.214691 0.000000 0.000000 0.000000 0.000000 0.000000 0.000000 0.308370 0.000000 0.000000 0.000000 0.000008 0.000000 0.000000 0.000000 0.000000 0.000000 0.249635 0.013316
 0.000000 0.000000 0.000000 0.186166 0.000000 0.000000 0.000000 0.281183 0.001006 0.000000 0.000000 0.000000 0.000000 0.000000 0.200853 0.000000 0.122914 0.000002 0.046201 0.161675
 0.000000 0.000000 0.000000 0.280502 0.000000 0.000000 0.295375 0.000000 0.001331 0.000000 0.000000 0.000000 0.000000 0.000000 0.000020 0.000000 0.262872 0.049484 0.000005 0.110410
 0.000001 0.085074 0.000000 0.000000 0.000000 0.409108 0.001463 0.001843 0.000000 0.000000 0.000000 0.000000 0.007911 0.000000 0.000000 0.000000 0.000000 0.000000 0.096676 0.397923
 0.346104 0.000000 0.000000 0.000000 0.000000 0.000000 0.000000 0.000000 0.000000 0.000000 0.000000 0.299308 0.000000 0.000119 0.000000 0.000000 0.000000 0.000000 0.354469 0.000000
 0.000000 0.000000 0.499584 0.000000 0.000000 0.000000 0.000000 0.000000 0.000000 0.000000 0.000000 0.000000 0.000000 0.000000 0.000565 0.000000 0.499851 0.000000 0.000000 0.000000
 0.331427 0.000000 0.000000 0.000000 0.000000 0.000000 0.000000 0.000000 0.000000 0.306081 0.000000 0.000000 0.000000 0.362490 0.000000 0.000000 0.000000 0.000000 0.000001 0.000000
 0.000000 0.408846 0.000000 0.000000 0.400599 0.000011 0.000000 0.000000 0.007906 0.000000 0.000000 0.000000 0.000000 0.000000 0.000000 0.000000 0.000000 0.000000 0.000000 0.182639
 0.000000 0.000000 0.000000 0.000000 0.000000 0.000000 0.000000 0.000000 0.000000 0.000167 0.000000 0.499924 0.000000 0.000000 0.000006 0.499903 0.000000 0.000000 0.000000 0.000000
 0.000000 0.000000 0.000000 0.000000 0.000000 0.000000 0.270066 0.000026 0.000000 0.000000 0.000428 0.000000 0.000000 0.000005 0.000000 0.378184 0.349685 0.000000 0.001606 0.000000
 0.000000 0.000000 0.000000 0.000000 0.000000 0.000000 0.000000 0.000000 0.000000 0.000001 0.000000 0.000000 0.000000 0.499995 0.500004 0.000000 0.000000 0.000000 0.000000 0.000000
 0.000000 0.000000 0.000001 0.000000 0.000000 0.000000 0.134407 0.273639 0.000000 0.000000 0.307568 0.000000 0.000000 0.000000 0.284384 0.000000 0.000000 0.000000 0.000000 0.000000
 0.000000 0.000011 0.296512 0.327991 0.290297 0.000000 0.000002 0.054937 0.000000 0.000000 0.000000 0.000000 0.000000 0.000000 0.000000 0.000000 0.000000 0.000000 0.000000 0.030249
 0.238588 0.000000 0.000000 0.000000 0.000000 0.276801 0.056165 0.000006 0.080801 0.341929 0.000000 0.000001 0.000000 0.000000 0.001452 0.000000 0.000000 0.000000 0.000000 0.004258
 0.000000 0.182432 0.000000 0.000000 0.201804 0.010570 0.140693 0.091465 0.238075 0.000000 0.000000 0.000000 0.109342 0.000000 0.000000 0.000000 0.000000 0.022571 0.003048 0.000000
the mean of prob-rank is 1.631578947368421
the number of false negetive edges is 0
the number of probability greater than 0 is 5.7/edge
