20
 0.000000 0.000000 0.000000 0.000000 0.000000 0.000000 0.499732 0.000000 0.000000 0.000000 0.000000 0.000000 0.000000 0.000251 0.000287 0.000000 0.000000 0.000000 0.000000 0.499730
 0.000000 0.000000 0.000000 0.000000 0.000000 0.000000 0.000000 0.000000 0.000000 0.000000 0.000000 0.000000 0.442715 0.000000 0.000000 0.115677 0.000000 0.001595 0.440013 0.000000
 0.000000 0.000000 0.000000 0.362636 0.000000 0.058246 0.000023 0.000000 0.000000 0.000000 0.000000 0.000000 0.000000 0.218677 0.360418 0.000000 0.000000 0.000000 0.000000 0.000001
 0.000000 0.000000 0.499864 0.000000 0.000000 0.499861 0.000000 0.000000 0.000000 0.000000 0.000000 0.000000 0.000000 0.000000 0.000035 0.000000 0.000000 0.000000 0.000000 0.000240
 0.000000 0.000000 0.000000 0.000000 0.000000 0.000000 0.000000 0.000000 0.000000 0.000000 0.050946 0.474425 0.000000 0.000000 0.000000 0.000000 0.474629 0.000000 0.000000 0.000000
 0.000000 0.000000 0.074064 0.461115 0.000000 0.000000 0.000000 0.000000 0.000000 0.461155 0.000000 0.000000 0.000000 0.003605 0.000062 0.000000 0.000000 0.000000 0.000000 0.000000
 0.385870 0.000000 0.000024 0.000000 0.000000 0.000000 0.000000 0.000000 0.000000 0.000000 0.000000 0.000000 0.000000 0.359321 0.254785 0.000000 0.000000 0.000000 0.000000 0.000000
 0.000000 0.000000 0.000000 0.000000 0.000000 0.000000 0.000000 0.000000 0.000000 0.000000 0.000000 0.500000 0.000000 0.000000 0.000000 0.000000 0.000000 0.000000 0.000000 0.500000
 0.000000 0.000000 0.000000 0.000000 0.000000 0.000000 0.000000 0.000000 0.000000 0.000000 0.485539 0.000000 0.000000 0.000000 0.000000 0.000000 0.485632 0.000000 0.028828 0.000000
 0.000000 0.000000 0.000000 0.000000 0.000000 0.499998 0.000000 0.000000 0.000000 0.000000 0.000000 0.000000 0.500002 0.000000 0.000000 0.000000 0.000000 0.000000 0.000000 0.000000
 0.000000 0.000000 0.000000 0.000000 0.047992 0.000000 0.000000 0.000000 0.447042 0.000000 0.000000 0.000000 0.000000 0.000000 0.000000 0.446900 0.049557 0.008509 0.000000 0.000000
 0.000000 0.000000 0.000000 0.000000 0.498576 0.000000 0.000000 0.498809 0.000000 0.000000 0.000000 0.000000 0.000000 0.000000 0.000000 0.000000 0.002615 0.000000 0.000000 0.000000
 0.000000 0.500000 0.000000 0.000000 0.000000 0.000000 0.000000 0.000000 0.000000 0.500000 0.000000 0.000000 0.000000 0.000000 0.000000 0.000000 0.000000 0.000000 0.000000 0.000000
 0.000198 0.000000 0.237158 0.000000 0.000000 0.003075 0.366257 0.000000 0.000000 0.000000 0.000000 0.000000 0.000000 0.000000 0.393312 0.000000 0.000000 0.000000 0.000000 0.000000
 0.000216 0.000000 0.374333 0.000026 0.000000 0.000051 0.248710 0.000000 0.000000 0.000000 0.000000 0.000000 0.000000 0.376664 0.000000 0.000000 0.000000 0.000000 0.000000 0.000000
 0.000000 0.115575 0.000000 0.000000 0.000000 0.000000 0.000000 0.000000 0.000000 0.000000 0.442099 0.000000 0.000000 0.000000 0.000000 0.000000 0.000000 0.442325 0.000000 0.000000
 0.000000 0.000000 0.000000 0.000000 0.446430 0.000000 0.000000 0.000000 0.446447 0.000000 0.049481 0.002341 0.000000 0.000000 0.000000 0.000000 0.000000 0.000000 0.055301 0.000000
 0.000000 0.001781 0.000000 0.000000 0.000000 0.000000 0.000000 0.000000 0.000000 0.000000 0.009410 0.000000 0.000000 0.000000 0.000000 0.494462 0.000000 0.000000 0.494347 0.000000
 0.000000 0.456566 0.000000 0.000000 0.000000 0.000000 0.000000 0.000000 0.027269 0.000000 0.000000 0.000000 0.000000 0.000000 0.000000 0.000000 0.056902 0.459263 0.000000 0.000000
 0.499879 0.000000 0.000001 0.000240 0.000000 0.000000 0.000000 0.499881 0.000000 0.000000 0.000000 0.000000 0.000000 0.000000 0.000000 0.000000 0.000000 0.000000 0.000000 0.000000
the mean of prob-rank is 1.5789473684210527
the number of false negetive edges is 0
the number of probability greater than 0 is 3.8/edge
