20
 0.000000 0.000000 0.000000 0.000000 0.500000 0.000000 0.000000 0.000000 0.000000 0.000000 0.000000 0.499999 0.000000 0.000000 0.000000 0.000000 0.000000 0.000000 0.000000 0.000000
 0.000000 0.000000 0.231214 0.000000 0.000000 0.384535 0.384250 0.000000 0.000000 0.000000 0.000000 0.000000 0.000000 0.000000 0.000000 0.000000 0.000000 0.000000 0.000000 0.000000
 0.000000 0.163689 0.000000 0.000000 0.000000 0.081183 0.004062 0.000000 0.258611 0.000000 0.000648 0.000000 0.001332 0.000000 0.000000 0.210584 0.000010 0.253443 0.026176 0.000262
 0.000000 0.000000 0.000000 0.000000 0.500000 0.000000 0.000000 0.500000 0.000000 0.000000 0.000000 0.000000 0.000000 0.000000 0.000000 0.000000 0.000000 0.000000 0.000000 0.000000
 0.499654 0.000000 0.000000 0.499653 0.000000 0.000000 0.000000 0.000000 0.000000 0.000000 0.000000 0.000693 0.000000 0.000000 0.000000 0.000000 0.000000 0.000000 0.000000 0.000000
 0.000000 0.438307 0.130707 0.000000 0.000000 0.000000 0.000135 0.000000 0.000000 0.000000 0.000000 0.000000 0.001128 0.000000 0.000000 0.429724 0.000000 0.000000 0.000000 0.000000
 0.000000 0.495980 0.007406 0.000000 0.000000 0.000153 0.000000 0.000000 0.000000 0.000000 0.000000 0.000000 0.000024 0.000000 0.496438 0.000000 0.000000 0.000000 0.000000 0.000000
 0.000000 0.000000 0.000000 0.500000 0.000000 0.000000 0.000000 0.000000 0.000000 0.000000 0.000000 0.000000 0.000000 0.000000 0.000000 0.000000 0.500000 0.000000 0.000000 0.000000
 0.000000 0.000000 0.332928 0.000000 0.000000 0.000000 0.000000 0.000000 0.000000 0.000000 0.000615 0.000000 0.000000 0.000000 0.000000 0.000000 0.000000 0.329231 0.337141 0.000084
 0.000000 0.000000 0.000000 0.000000 0.000000 0.000000 0.000000 0.000000 0.000000 0.000000 0.000000 0.000000 0.000000 0.000000 0.000000 0.000000 0.000000 0.000000 0.500000 0.499999
 0.000000 0.000000 0.001171 0.000000 0.000000 0.000000 0.000000 0.000000 0.000864 0.000000 0.000000 0.492383 0.000000 0.000000 0.000000 0.000000 0.000000 0.492004 0.013579 0.000000
 0.499653 0.000000 0.000000 0.000000 0.000693 0.000000 0.000000 0.000000 0.000000 0.000000 0.499654 0.000000 0.000000 0.000000 0.000000 0.000000 0.000000 0.000000 0.000000 0.000000
 0.000000 0.000000 0.002438 0.000000 0.000000 0.001281 0.000024 0.000000 0.000000 0.000000 0.000000 0.000000 0.000000 0.000000 0.000000 0.498155 0.498102 0.000000 0.000000 0.000000
 0.000000 0.000000 0.000000 0.000000 0.000000 0.000000 0.000000 0.000000 0.000000 0.000000 0.000000 0.000000 0.000000 0.000000 0.500000 0.000000 0.000000 0.000000 0.000000 0.500000
 0.000000 0.000000 0.000000 0.000000 0.000000 0.000000 0.499999 0.000000 0.000000 0.000000 0.000000 0.000000 0.000000 0.500001 0.000000 0.000000 0.000000 0.000000 0.000000 0.000000
 0.000000 0.000000 0.279732 0.000000 0.000000 0.354543 0.000000 0.000000 0.000000 0.000000 0.000000 0.000000 0.361691 0.000000 0.000000 0.000000 0.004034 0.000000 0.000000 0.000000
 0.000000 0.000000 0.000018 0.000000 0.000000 0.000000 0.000000 0.497244 0.000000 0.000000 0.000000 0.000000 0.497193 0.000000 0.000000 0.005546 0.000000 0.000000 0.000000 0.000000
 0.000000 0.000000 0.321912 0.000000 0.000000 0.000000 0.000000 0.000000 0.324830 0.000000 0.345577 0.000000 0.000000 0.000000 0.000000 0.000000 0.000000 0.000000 0.007680 0.000000
 0.000000 0.000000 0.045611 0.000000 0.000000 0.000000 0.000000 0.000000 0.456324 0.474445 0.013084 0.000000 0.000000 0.000000 0.000000 0.000000 0.000000 0.010536 0.000000 0.000000
 0.000000 0.000000 0.000481 0.000000 0.000000 0.000000 0.000000 0.000000 0.000120 0.499699 0.000000 0.000000 0.000000 0.499699 0.000000 0.000000 0.000000 0.000000 0.000000 0.000000
the mean of prob-rank is 1.5263157894736843
the number of false negetive edges is 0
the number of probability greater than 0 is 3.9/edge
