20
 0.000000 0.000000 0.474456 0.000000 0.000000 0.000000 0.000000 0.000000 0.000000 0.000000 0.000006 0.000000 0.000000 0.000000 0.049479 0.000000 0.000000 0.000000 0.000000 0.476060
 0.000000 0.000000 0.000000 0.000000 0.000000 0.000000 0.159263 0.000000 0.294134 0.000000 0.255073 0.000000 0.000000 0.000000 0.000000 0.000000 0.291531 0.000000 0.000000 0.000000
 0.365638 0.000000 0.000000 0.000000 0.000000 0.000000 0.000000 0.000000 0.000000 0.322938 0.303623 0.000000 0.000000 0.007802 0.000000 0.000000 0.000000 0.000000 0.000000 0.000000
 0.000000 0.000000 0.000000 0.000000 0.416183 0.000000 0.000000 0.000000 0.000000 0.163428 0.000000 0.000000 0.000000 0.005102 0.000000 0.000000 0.000000 0.000000 0.415288 0.000000
 0.000000 0.000000 0.000000 0.366842 0.000000 0.000000 0.000000 0.000000 0.001722 0.274993 0.000000 0.000000 0.000000 0.000227 0.000000 0.000000 0.356216 0.000000 0.000000 0.000000
 0.000000 0.000000 0.000000 0.000000 0.000000 0.000000 0.000000 0.000000 0.000000 0.000000 0.000000 0.000000 0.499999 0.000000 0.000000 0.500001 0.000000 0.000000 0.000000 0.000000
 0.000000 0.212982 0.000000 0.000000 0.000000 0.000000 0.000000 0.000000 0.004613 0.000000 0.394665 0.000000 0.000000 0.000182 0.000000 0.000000 0.000000 0.387557 0.000000 0.000000
 0.000000 0.000000 0.000000 0.000000 0.000000 0.000000 0.000000 0.000000 0.000000 0.003524 0.000000 0.000000 0.000000 0.000004 0.000000 0.498492 0.000000 0.000000 0.497980 0.000000
 0.000000 0.322297 0.000000 0.000000 0.001516 0.000000 0.003780 0.000000 0.000000 0.085016 0.000004 0.000000 0.000000 0.018843 0.000000 0.000000 0.260685 0.307858 0.000000 0.000000
 0.000000 0.000000 0.230133 0.102615 0.195890 0.000000 0.000000 0.001849 0.068766 0.000000 0.000000 0.000000 0.000000 0.261563 0.000000 0.000000 0.000000 0.080510 0.058674 0.000000
 0.000005 0.321119 0.307336 0.000000 0.000000 0.000000 0.371536 0.000000 0.000005 0.000000 0.000000 0.000000 0.000000 0.000000 0.000000 0.000000 0.000000 0.000000 0.000000 0.000000
 0.000000 0.000000 0.000000 0.000000 0.000000 0.000000 0.000000 0.000000 0.000000 0.000000 0.000000 0.000000 0.480760 0.000000 0.476047 0.000000 0.000000 0.000000 0.000000 0.043193
 0.000000 0.000000 0.000000 0.000000 0.000000 0.500000 0.000000 0.000000 0.000000 0.000000 0.000000 0.500000 0.000000 0.000000 0.000000 0.000000 0.000000 0.000000 0.000000 0.000000
 0.000000 0.000000 0.010196 0.005875 0.000297 0.000000 0.000221 0.000003 0.027951 0.479684 0.000000 0.000000 0.000000 0.000000 0.000000 0.000000 0.000000 0.475773 0.000000 0.000000
 0.049609 0.000000 0.000000 0.000000 0.000000 0.000000 0.000000 0.000000 0.000000 0.000000 0.000000 0.472854 0.000000 0.000000 0.000000 0.000000 0.000000 0.000000 0.000000 0.477537
 0.000000 0.000000 0.000000 0.000000 0.000000 0.497672 0.000000 0.497672 0.000000 0.000000 0.000000 0.000000 0.000000 0.000000 0.000000 0.000000 0.000000 0.000000 0.004657 0.000000
 0.000000 0.357383 0.000000 0.000000 0.350972 0.000000 0.000000 0.000000 0.291644 0.000000 0.000000 0.000000 0.000000 0.000000 0.000000 0.000000 0.000000 0.000000 0.000000 0.000000
 0.000000 0.000000 0.000000 0.000000 0.000000 0.000000 0.303681 0.000000 0.294408 0.095187 0.000000 0.000000 0.000000 0.306724 0.000000 0.000000 0.000000 0.000000 0.000000 0.000000
 0.000000 0.000000 0.000000 0.447132 0.000000 0.000000 0.000000 0.448059 0.000000 0.100611 0.000000 0.000000 0.000000 0.000000 0.000000 0.004197 0.000000 0.000000 0.000000 0.000000
 0.478387 0.000000 0.000000 0.000000 0.000000 0.000000 0.000000 0.000000 0.000000 0.000000 0.000000 0.043000 0.000000 0.000000 0.478613 0.000000 0.000000 0.000000 0.000000 0.000000
the mean of prob-rank is 1.736842105263158
the number of false negetive edges is 0
the number of probability greater than 0 is 4.3/edge
