20
 0.000000 0.000000 0.244690 0.000001 0.265108 0.000000 0.115436 0.000000 0.000000 0.000000 0.000000 0.000000 0.181546 0.193218 0.000000 0.000001 0.000000 0.000000 0.000000 0.000000
 0.000000 0.000000 0.167363 0.000000 0.000000 0.000000 0.000000 0.043250 0.394192 0.000000 0.000000 0.000000 0.395195 0.000000 0.000000 0.000000 0.000000 0.000000 0.000000 0.000000
 0.276927 0.126299 0.000000 0.000000 0.020674 0.000000 0.000000 0.297304 0.000000 0.000000 0.000000 0.000000 0.003499 0.275297 0.000000 0.000000 0.000000 0.000000 0.000000 0.000000
 0.000001 0.000000 0.000000 0.000000 0.000843 0.000000 0.326618 0.000000 0.052987 0.000000 0.337057 0.000000 0.281711 0.000000 0.000707 0.000076 0.000000 0.000000 0.000000 0.000000
 0.306041 0.000000 0.021087 0.000765 0.000000 0.000000 0.251974 0.000000 0.000000 0.000000 0.000000 0.000000 0.132029 0.288101 0.000000 0.000002 0.000000 0.000000 0.000000 0.000000
 0.000000 0.000000 0.000000 0.000000 0.000000 0.000000 0.000000 0.000000 0.000000 0.500000 0.000000 0.000000 0.000000 0.000000 0.000000 0.000000 0.000000 0.500000 0.000000 0.000000
 0.110300 0.000000 0.000000 0.245451 0.208561 0.000000 0.000000 0.000000 0.000000 0.000000 0.000000 0.000000 0.229581 0.152089 0.000000 0.054018 0.000000 0.000000 0.000000 0.000000
 0.000000 0.051809 0.471927 0.000000 0.000000 0.000000 0.000000 0.000000 0.000000 0.000000 0.000000 0.000000 0.000000 0.000000 0.000000 0.000000 0.000000 0.476265 0.000000 0.000000
 0.000000 0.444980 0.000000 0.070551 0.000000 0.000000 0.000000 0.000000 0.000000 0.000000 0.004471 0.000000 0.000971 0.000000 0.027054 0.000000 0.448803 0.000000 0.000000 0.003171
 0.000000 0.000000 0.000000 0.000000 0.000000 0.500009 0.000000 0.000000 0.000000 0.000000 0.000000 0.000000 0.000000 0.000000 0.000000 0.000000 0.000000 0.000000 0.499990 0.000000
 0.000000 0.000000 0.000000 0.471091 0.000000 0.000000 0.000000 0.000000 0.004693 0.000000 0.000000 0.000000 0.000001 0.000000 0.470958 0.053257 0.000000 0.000000 0.000000 0.000000
 0.000000 0.000000 0.000000 0.000000 0.000000 0.000000 0.000000 0.000000 0.000000 0.000000 0.000000 0.000000 0.000000 0.000000 0.000000 0.000000 0.500000 0.000000 0.500000 0.000000
 0.177131 0.257105 0.003017 0.216172 0.111588 0.000000 0.234427 0.000000 0.000559 0.000000 0.000001 0.000000 0.000000 0.000000 0.000000 0.000000 0.000000 0.000000 0.000000 0.000000
 0.175196 0.000000 0.220561 0.000000 0.226290 0.000000 0.144325 0.000000 0.000000 0.000000 0.000000 0.000000 0.000000 0.000000 0.000000 0.233626 0.000000 0.000000 0.000000 0.000000
 0.000000 0.000000 0.000000 0.001017 0.000000 0.000000 0.000000 0.000000 0.029210 0.000000 0.484418 0.000000 0.000000 0.000000 0.000000 0.000766 0.000000 0.000000 0.000000 0.484589
 0.000002 0.000000 0.000000 0.000098 0.000003 0.000000 0.092728 0.000000 0.000000 0.000000 0.049156 0.000000 0.000000 0.422621 0.000688 0.000000 0.000000 0.000000 0.000000 0.434704
 0.000000 0.000000 0.000000 0.000000 0.000000 0.000000 0.000000 0.000000 0.499995 0.000000 0.000000 0.500005 0.000000 0.000000 0.000000 0.000000 0.000000 0.000000 0.000000 0.000000
 0.000000 0.000000 0.000000 0.000000 0.000000 0.500000 0.000000 0.500000 0.000000 0.000000 0.000000 0.000000 0.000000 0.000000 0.000000 0.000000 0.000000 0.000000 0.000000 0.000000
 0.000000 0.000000 0.000000 0.000000 0.000000 0.000000 0.000000 0.000000 0.000000 0.499990 0.000000 0.500010 0.000000 0.000000 0.000000 0.000000 0.000000 0.000000 0.000000 0.000000
 0.000000 0.000000 0.000000 0.000000 0.000000 0.000000 0.000000 0.000000 0.003521 0.000000 0.000000 0.000000 0.000000 0.000000 0.498318 0.498160 0.000000 0.000000 0.000000 0.000000
the mean of prob-rank is 1.894736842105263
the number of false negetive edges is 0
the number of probability greater than 0 is 4.6/edge
