20
 0.000000 0.000000 0.000000 0.000000 0.000000 0.500000 0.000000 0.000000 0.000000 0.000000 0.000000 0.000000 0.000000 0.000000 0.000000 0.000000 0.000000 0.500000 0.000000 0.000000
 0.000000 0.000000 0.000000 0.000000 0.000000 0.500000 0.500000 0.000000 0.000000 0.000000 0.000000 0.000000 0.000001 0.000000 0.000000 0.000000 0.000000 0.000000 0.000000 0.000000
 0.000000 0.000000 0.000000 0.000000 0.000000 0.000000 0.000000 0.207144 0.000000 0.393502 0.000000 0.399023 0.000000 0.000000 0.000000 0.000000 0.000007 0.000000 0.000325 0.000000
 0.000000 0.000000 0.000000 0.000000 0.499887 0.000000 0.000000 0.000000 0.000000 0.000000 0.000118 0.000000 0.000000 0.000000 0.000000 0.499995 0.000000 0.000000 0.000000 0.000000
 0.000000 0.000000 0.000000 0.390865 0.000000 0.000000 0.000000 0.000000 0.000000 0.000000 0.218833 0.000000 0.390301 0.000000 0.000000 0.000000 0.000000 0.000000 0.000000 0.000000
 0.500000 0.500000 0.000000 0.000000 0.000000 0.000000 0.000000 0.000000 0.000000 0.000000 0.000000 0.000000 0.000000 0.000000 0.000000 0.000000 0.000000 0.000000 0.000000 0.000000
 0.000000 0.500000 0.000000 0.000000 0.000000 0.000000 0.000000 0.000000 0.000000 0.000000 0.000000 0.000000 0.500000 0.000000 0.000000 0.000000 0.000000 0.000000 0.000000 0.000000
 0.000000 0.000000 0.206876 0.000000 0.000000 0.000000 0.000000 0.000000 0.000000 0.398507 0.000000 0.000002 0.000000 0.000000 0.000000 0.000000 0.000000 0.000000 0.394616 0.000000
 0.000000 0.000000 0.000000 0.000000 0.000000 0.000000 0.000000 0.000000 0.000000 0.000000 0.313650 0.000000 0.000000 0.311292 0.243768 0.000000 0.130902 0.000000 0.000000 0.000388
 0.000000 0.000000 0.405347 0.000000 0.000000 0.000000 0.000000 0.411034 0.000000 0.000000 0.000000 0.000000 0.000000 0.000000 0.000000 0.000000 0.000000 0.000000 0.183620 0.000000
 0.000000 0.000000 0.000000 0.000069 0.163505 0.000000 0.000000 0.000000 0.290562 0.000000 0.000000 0.000000 0.027246 0.227559 0.000000 0.291059 0.000000 0.000000 0.000000 0.000000
 0.000000 0.000000 0.499997 0.000000 0.000000 0.000000 0.000000 0.000002 0.000000 0.000000 0.000000 0.000000 0.000000 0.000000 0.000000 0.000000 0.000003 0.499997 0.000000 0.000000
 0.000000 0.000001 0.000000 0.000000 0.466445 0.000000 0.467220 0.000000 0.000000 0.000000 0.043580 0.000000 0.000000 0.022755 0.000000 0.000000 0.000000 0.000000 0.000000 0.000000
 0.000000 0.000000 0.000000 0.000000 0.000000 0.000000 0.000000 0.000000 0.350711 0.000000 0.276746 0.000000 0.017301 0.000000 0.000000 0.000000 0.355242 0.000000 0.000000 0.000000
 0.000000 0.000000 0.000000 0.000000 0.000000 0.000000 0.000000 0.000000 0.266533 0.000000 0.000000 0.000000 0.000000 0.000000 0.000000 0.000000 0.338284 0.000000 0.050422 0.344761
 0.000000 0.000000 0.000000 0.411930 0.000000 0.000000 0.000000 0.000000 0.000000 0.000000 0.410457 0.000000 0.000000 0.000000 0.000000 0.000000 0.000000 0.000000 0.000000 0.177613
 0.000000 0.000000 0.000007 0.000000 0.000000 0.000000 0.000000 0.000000 0.162943 0.000000 0.000000 0.000002 0.000000 0.392492 0.385119 0.000000 0.000000 0.000000 0.059241 0.000196
 0.500000 0.000000 0.000000 0.000000 0.000000 0.000000 0.000000 0.000000 0.000000 0.000000 0.000000 0.500000 0.000000 0.000000 0.000000 0.000000 0.000000 0.000000 0.000000 0.000000
 0.000000 0.000000 0.000299 0.000000 0.000000 0.000000 0.000000 0.363765 0.000000 0.164106 0.000000 0.000000 0.000000 0.000000 0.053726 0.000000 0.055447 0.000000 0.000000 0.362658
 0.000000 0.000000 0.000000 0.000000 0.000000 0.000000 0.000000 0.000000 0.000509 0.000000 0.000000 0.000000 0.000000 0.000000 0.413202 0.178162 0.000206 0.000000 0.407922 0.000000
the mean of prob-rank is 1.5789473684210527
the number of false negetive edges is 0
the number of probability greater than 0 is 3.8/edge
