20
 0.000000 0.416255 0.136862 0.000000 0.000000 0.000000 0.000000 0.000000 0.418868 0.000000 0.000000 0.028015 0.000000 0.000000 0.000000 0.000000 0.000000 0.000000 0.000000 0.000000
 0.436284 0.000000 0.000000 0.000000 0.000000 0.000000 0.438740 0.000000 0.000000 0.000000 0.000000 0.000000 0.000000 0.000000 0.000000 0.000000 0.124976 0.000000 0.000000 0.000000
 0.133810 0.000000 0.000000 0.000000 0.000000 0.000000 0.000000 0.000000 0.401239 0.000000 0.000000 0.409529 0.000000 0.000000 0.000000 0.011867 0.000000 0.043555 0.000000 0.000000
 0.000000 0.000000 0.000000 0.000000 0.397056 0.000000 0.004392 0.000000 0.000000 0.394699 0.000000 0.000000 0.000656 0.000000 0.023171 0.000000 0.180027 0.000000 0.000000 0.000000
 0.000000 0.000000 0.000000 0.383329 0.000000 0.000000 0.000000 0.000000 0.000000 0.074593 0.000000 0.000000 0.162755 0.000000 0.004377 0.000000 0.374945 0.000000 0.000000 0.000001
 0.000000 0.000000 0.000000 0.000000 0.000000 0.000000 0.000000 0.499996 0.000000 0.000000 0.000000 0.000000 0.000000 0.000000 0.000000 0.000000 0.000000 0.000000 0.500004 0.000000
 0.000000 0.476751 0.000000 0.005277 0.000000 0.000000 0.000000 0.000000 0.000000 0.040915 0.000000 0.000000 0.000000 0.000000 0.477058 0.000000 0.000000 0.000000 0.000000 0.000000
 0.000000 0.000000 0.000000 0.000000 0.000000 0.499984 0.000000 0.000000 0.000000 0.000000 0.000000 0.000023 0.000000 0.499993 0.000000 0.000000 0.000000 0.000000 0.000000 0.000000
 0.369166 0.000000 0.361693 0.000000 0.000000 0.000000 0.000000 0.000000 0.000000 0.000000 0.000000 0.087684 0.000000 0.000000 0.000000 0.000000 0.000000 0.181457 0.000000 0.000000
 0.000000 0.000000 0.000000 0.407109 0.079694 0.000000 0.035124 0.000000 0.000000 0.000000 0.000169 0.000000 0.068715 0.000000 0.409190 0.000000 0.000000 0.000000 0.000000 0.000000
 0.000000 0.000000 0.000000 0.000000 0.000000 0.000000 0.000000 0.000000 0.000000 0.000206 0.000000 0.000000 0.499897 0.000000 0.000000 0.000000 0.000000 0.000000 0.499897 0.000000
 0.027908 0.000000 0.417271 0.000000 0.000000 0.000000 0.000000 0.000019 0.099109 0.000000 0.000000 0.000000 0.000000 0.000027 0.000000 0.057442 0.000000 0.398223 0.000000 0.000000
 0.000000 0.000000 0.000000 0.000637 0.163784 0.000000 0.000000 0.000000 0.000000 0.064724 0.385754 0.000000 0.000000 0.000000 0.000000 0.385080 0.000001 0.000000 0.000000 0.000021
 0.000000 0.000000 0.000000 0.000000 0.000000 0.000000 0.000000 0.499989 0.000000 0.000000 0.000000 0.000033 0.000000 0.000000 0.000000 0.000000 0.000000 0.499978 0.000000 0.000000
 0.000000 0.000000 0.000000 0.028207 0.005519 0.000000 0.483344 0.000000 0.000000 0.482930 0.000000 0.000000 0.000000 0.000000 0.000000 0.000000 0.000000 0.000000 0.000000 0.000000
 0.000000 0.000000 0.013383 0.000000 0.000000 0.000000 0.000000 0.000000 0.000000 0.000000 0.000000 0.063582 0.461061 0.000000 0.000000 0.000000 0.000120 0.000000 0.000000 0.461854
 0.000000 0.104795 0.000000 0.166911 0.360075 0.000000 0.000000 0.000000 0.000000 0.000000 0.000000 0.000000 0.000001 0.000000 0.000000 0.000096 0.000000 0.000000 0.000000 0.368123
 0.000000 0.000000 0.041671 0.000000 0.000000 0.000000 0.000000 0.000000 0.192590 0.000000 0.000000 0.373930 0.000000 0.391808 0.000000 0.000000 0.000000 0.000000 0.000000 0.000000
 0.000000 0.000000 0.000000 0.000000 0.000000 0.500000 0.000000 0.000000 0.000000 0.000000 0.499999 0.000000 0.000000 0.000000 0.000000 0.000000 0.000000 0.000000 0.000000 0.000000
 0.000000 0.000000 0.000000 0.000000 0.000002 0.000000 0.000000 0.000000 0.000000 0.000000 0.000000 0.000000 0.000027 0.000000 0.000000 0.499982 0.499990 0.000000 0.000000 0.000000
the mean of prob-rank is 1.5789473684210527
the number of false negetive edges is 0
the number of probability greater than 0 is 4.3/edge
