20
 0.000000 0.000000 0.000000 0.000000 0.000000 0.000000 0.000000 0.000000 0.000000 0.000000 0.000000 0.000000 0.000000 0.000000 0.499548 0.000000 0.000000 0.000000 0.499539 0.000913
 0.000000 0.000000 0.000000 0.000002 0.499508 0.000095 0.000000 0.000000 0.000000 0.000867 0.000000 0.000144 0.000000 0.000000 0.000000 0.499384 0.000000 0.000000 0.000000 0.000000
 0.000000 0.000000 0.000000 0.094907 0.000000 0.000000 0.000000 0.000000 0.000000 0.000000 0.000001 0.000000 0.000000 0.452391 0.000000 0.000000 0.452662 0.000039 0.000000 0.000000
 0.000000 0.000001 0.076067 0.000000 0.000000 0.000000 0.000000 0.000000 0.000000 0.000571 0.351671 0.000000 0.000000 0.362808 0.000000 0.208882 0.000000 0.000000 0.000000 0.000000
 0.000000 0.357537 0.000000 0.000000 0.000000 0.000000 0.000000 0.000000 0.000000 0.330502 0.305316 0.000000 0.000000 0.000000 0.000000 0.006645 0.000000 0.000000 0.000000 0.000000
 0.000000 0.000095 0.000000 0.000000 0.000000 0.000000 0.000000 0.000000 0.499956 0.000000 0.000000 0.499949 0.000000 0.000000 0.000000 0.000000 0.000000 0.000000 0.000000 0.000000
 0.000000 0.000000 0.000000 0.000000 0.000000 0.000000 0.000000 0.500483 0.499516 0.000000 0.000000 0.000001 0.000000 0.000000 0.000000 0.000000 0.000000 0.000000 0.000000 0.000000
 0.000000 0.000000 0.000000 0.000000 0.000000 0.000000 0.500005 0.000000 0.000000 0.000000 0.000000 0.000000 0.000000 0.000000 0.499995 0.000000 0.000000 0.000000 0.000000 0.000000
 0.000000 0.000000 0.000000 0.000000 0.000000 0.500483 0.499517 0.000000 0.000000 0.000000 0.000000 0.000000 0.000000 0.000000 0.000000 0.000000 0.000000 0.000000 0.000000 0.000000
 0.000000 0.000674 0.000000 0.000611 0.359013 0.000000 0.000000 0.000000 0.000000 0.000000 0.237716 0.000000 0.013624 0.000000 0.000000 0.000003 0.000000 0.388359 0.000000 0.000000
 0.000000 0.000000 0.000000 0.266745 0.234998 0.000000 0.000000 0.000000 0.000000 0.168437 0.000000 0.000000 0.000000 0.066055 0.000000 0.263765 0.000000 0.000000 0.000000 0.000000
 0.000000 0.000144 0.000000 0.000000 0.000000 0.499939 0.000001 0.000000 0.000000 0.000000 0.000000 0.000000 0.000000 0.000000 0.000000 0.000001 0.000000 0.000000 0.000000 0.499915
 0.000000 0.000000 0.000000 0.000000 0.000000 0.000000 0.000000 0.000000 0.000000 0.017237 0.000000 0.000000 0.000000 0.000000 0.000000 0.000000 0.000000 0.491383 0.491381 0.000000
 0.000000 0.000000 0.376266 0.376492 0.000000 0.000000 0.000000 0.000000 0.000000 0.000000 0.090370 0.000000 0.000000 0.000000 0.000000 0.156872 0.000000 0.000000 0.000000 0.000000
 0.500006 0.000000 0.000000 0.000000 0.000000 0.000000 0.000000 0.499994 0.000000 0.000000 0.000000 0.000000 0.000000 0.000000 0.000000 0.000000 0.000000 0.000000 0.000000 0.000000
 0.000000 0.336704 0.000000 0.193901 0.006259 0.000000 0.000000 0.000000 0.000000 0.000003 0.322802 0.000001 0.000000 0.140329 0.000000 0.000000 0.000000 0.000000 0.000000 0.000000
 0.000000 0.000000 0.499999 0.000000 0.000000 0.000000 0.000000 0.000000 0.000000 0.000000 0.000000 0.000000 0.000000 0.000000 0.000000 0.000000 0.000000 0.000000 0.000000 0.500001
 0.000000 0.000000 0.000043 0.000000 0.000000 0.000000 0.000000 0.000000 0.000000 0.499965 0.000000 0.000000 0.499992 0.000000 0.000000 0.000000 0.000000 0.000000 0.000000 0.000000
 0.499994 0.000000 0.000000 0.000000 0.000000 0.000000 0.000000 0.000000 0.000000 0.000000 0.000000 0.000000 0.500002 0.000000 0.000000 0.000000 0.000000 0.000000 0.000000 0.000004
 0.000913 0.000000 0.000000 0.000000 0.000000 0.000000 0.000000 0.000000 0.000000 0.000000 0.000000 0.499525 0.000000 0.000000 0.000000 0.000000 0.499558 0.000000 0.000004 0.000000
the mean of prob-rank is 1.5263157894736843
the number of false negetive edges is 0
the number of probability greater than 0 is 3.7/edge
