20
 0.000000 0.000000 0.000000 0.000000 0.500000 0.000000 0.000000 0.000000 0.000000 0.500000 0.000000 0.000000 0.000000 0.000000 0.000000 0.000000 0.000000 0.000000 0.000000 0.000000
 0.000000 0.000000 0.000000 0.372308 0.378557 0.016829 0.000000 0.000401 0.000000 0.000000 0.000000 0.000000 0.000000 0.114219 0.013991 0.000000 0.103694 0.000000 0.000000 0.000000
 0.000000 0.000000 0.000000 0.000000 0.000000 0.000000 0.000000 0.000000 0.489662 0.000000 0.000000 0.000000 0.000000 0.000000 0.000000 0.489649 0.020689 0.000000 0.000000 0.000000
 0.000000 0.406374 0.000000 0.000000 0.000000 0.413219 0.000000 0.030691 0.000000 0.000000 0.000000 0.141603 0.000000 0.008112 0.000000 0.000000 0.000000 0.000000 0.000000 0.000000
 0.499109 0.499072 0.000000 0.000000 0.000000 0.000000 0.000000 0.001819 0.000000 0.000000 0.000000 0.000000 0.000000 0.000000 0.000000 0.000000 0.000000 0.000000 0.000000 0.000000
 0.000000 0.021318 0.000000 0.479552 0.000000 0.000000 0.000000 0.000784 0.000000 0.000000 0.000000 0.474495 0.000000 0.023831 0.000000 0.000000 0.000004 0.000000 0.000016 0.000000
 0.000000 0.000000 0.000000 0.000000 0.000000 0.000000 0.000000 0.000000 0.000000 0.000000 0.416846 0.000000 0.172212 0.000002 0.000000 0.000000 0.409661 0.001250 0.000000 0.000028
 0.000000 0.000488 0.000000 0.034246 0.001681 0.000754 0.000000 0.000000 0.000000 0.000000 0.000000 0.460108 0.000000 0.000000 0.000000 0.000000 0.000000 0.000000 0.459727 0.042997
 0.000000 0.000000 0.499990 0.000000 0.000000 0.000000 0.000000 0.000000 0.000000 0.500009 0.000000 0.000000 0.000000 0.000000 0.000000 0.000001 0.000000 0.000000 0.000000 0.000000
 0.500000 0.000000 0.000000 0.000000 0.000000 0.000000 0.000000 0.000000 0.500000 0.000000 0.000000 0.000000 0.000000 0.000000 0.000000 0.000000 0.000000 0.000000 0.000000 0.000000
 0.000000 0.000000 0.000000 0.000000 0.000000 0.000000 0.496476 0.000000 0.000000 0.000000 0.000000 0.000000 0.000000 0.007339 0.000000 0.000000 0.000000 0.496184 0.000000 0.000001
 0.000000 0.000000 0.000000 0.143382 0.000000 0.413997 0.000000 0.417523 0.000000 0.000000 0.000000 0.000000 0.000000 0.000402 0.000000 0.000000 0.000000 0.000000 0.024624 0.000072
 0.000000 0.000000 0.000000 0.000000 0.000000 0.000000 0.171861 0.000000 0.000000 0.000000 0.000000 0.000000 0.000000 0.414352 0.000003 0.000000 0.000020 0.000000 0.000038 0.413728
 0.000000 0.115144 0.000000 0.007492 0.000000 0.018966 0.000002 0.000000 0.000000 0.000000 0.005642 0.000367 0.380145 0.000000 0.381399 0.000000 0.026860 0.000000 0.006881 0.057102
 0.000000 0.018149 0.000000 0.000000 0.000000 0.000000 0.000000 0.000000 0.000000 0.000000 0.000000 0.000000 0.000003 0.490759 0.000000 0.000000 0.491088 0.000000 0.000000 0.000000
 0.000000 0.000000 0.499165 0.000000 0.000000 0.000000 0.000000 0.000000 0.000001 0.000000 0.000000 0.000000 0.000000 0.000000 0.000000 0.000000 0.001642 0.499192 0.000000 0.000000
 0.000000 0.115390 0.017799 0.000000 0.000000 0.000003 0.414024 0.000000 0.000000 0.000000 0.000000 0.000000 0.000020 0.029649 0.421287 0.001385 0.000000 0.000289 0.000131 0.000022
 0.000000 0.000000 0.000000 0.000000 0.000000 0.000000 0.001497 0.000000 0.000000 0.000000 0.498936 0.000000 0.000000 0.000000 0.000000 0.499224 0.000343 0.000000 0.000000 0.000000
 0.000000 0.000000 0.000000 0.000000 0.000000 0.000016 0.000000 0.480692 0.000000 0.000000 0.000000 0.028373 0.000043 0.008692 0.000000 0.000000 0.000150 0.000000 0.000000 0.482035
 0.000000 0.000000 0.000000 0.000000 0.000000 0.000000 0.000030 0.041675 0.000000 0.000000 0.000000 0.000077 0.444484 0.066867 0.000000 0.000000 0.000023 0.000000 0.446843 0.000000
the mean of prob-rank is 1.4736842105263157
the number of false negetive edges is 0
the number of probability greater than 0 is 5.3/edge
