20
 0.000000 0.009041 0.000000 0.276517 0.386470 0.000009 0.000174 0.009563 0.000000 0.000000 0.003006 0.000000 0.000000 0.300078 0.000000 0.000000 0.000000 0.000000 0.000000 0.015141
 0.008162 0.000000 0.348532 0.000000 0.290328 0.003100 0.341957 0.000000 0.000000 0.000000 0.000000 0.000000 0.000000 0.000000 0.000183 0.000000 0.000000 0.000000 0.000000 0.007739
 0.000000 0.490960 0.000000 0.000000 0.000000 0.002154 0.000000 0.000000 0.015231 0.000000 0.000000 0.000000 0.000000 0.000000 0.491655 0.000000 0.000000 0.000000 0.000000 0.000000
 0.227154 0.000000 0.000000 0.000000 0.000000 0.000000 0.000000 0.317592 0.000000 0.152635 0.299111 0.000000 0.000000 0.003507 0.000000 0.000000 0.000000 0.000000 0.000000 0.000000
 0.353056 0.293785 0.000000 0.000000 0.000000 0.000000 0.000000 0.000000 0.000000 0.000000 0.000000 0.000000 0.000000 0.000000 0.000000 0.000000 0.000000 0.000000 0.000000 0.353158
 0.000009 0.003367 0.001661 0.000000 0.000000 0.000000 0.000000 0.000000 0.237545 0.000000 0.000000 0.000000 0.000000 0.367343 0.378917 0.000000 0.011157 0.000000 0.000000 0.000000
 0.000155 0.337710 0.000000 0.000000 0.000000 0.000000 0.000000 0.317444 0.000000 0.000000 0.000000 0.000000 0.000000 0.000000 0.000000 0.000000 0.000000 0.000000 0.000000 0.344691
 0.008151 0.000000 0.000000 0.329505 0.000000 0.000000 0.303459 0.000000 0.000000 0.002342 0.035075 0.000000 0.321468 0.000000 0.000000 0.000000 0.000000 0.000000 0.000000 0.000000
 0.000000 0.000000 0.009248 0.000000 0.000000 0.187042 0.000000 0.000000 0.000000 0.000000 0.000000 0.036851 0.000000 0.277344 0.001415 0.189593 0.298506 0.000000 0.000000 0.000000
 0.000000 0.000000 0.000000 0.123692 0.000000 0.000000 0.000000 0.001829 0.000000 0.000000 0.257363 0.000000 0.225965 0.000203 0.000000 0.000005 0.000000 0.246172 0.144770 0.000000
 0.002365 0.000000 0.000000 0.286467 0.000000 0.000000 0.000000 0.032378 0.000000 0.304161 0.000000 0.000000 0.000000 0.127620 0.000000 0.024231 0.000000 0.005303 0.217475 0.000000
 0.000000 0.000000 0.000000 0.000000 0.000000 0.000000 0.000000 0.000000 0.047673 0.000000 0.000000 0.000000 0.000000 0.000000 0.000000 0.158935 0.024081 0.383127 0.386183 0.000000
 0.000000 0.000000 0.000000 0.000000 0.000000 0.000000 0.000000 0.342319 0.000000 0.308064 0.000000 0.000000 0.000000 0.000000 0.000000 0.000000 0.000000 0.349617 0.000000 0.000000
 0.190998 0.000000 0.000000 0.002717 0.000000 0.238421 0.000000 0.000000 0.228612 0.000194 0.103245 0.000000 0.000000 0.000000 0.000000 0.009298 0.226510 0.000000 0.000004 0.000000
 0.000000 0.000261 0.498830 0.000000 0.000000 0.498545 0.000000 0.000000 0.002365 0.000000 0.000000 0.000000 0.000000 0.000000 0.000000 0.000000 0.000000 0.000000 0.000000 0.000000
 0.000000 0.000000 0.000000 0.000000 0.000000 0.000000 0.000000 0.000000 0.207386 0.000007 0.026014 0.134388 0.000000 0.012339 0.000000 0.000000 0.299062 0.000000 0.320804 0.000000
 0.000000 0.000000 0.000000 0.000000 0.000000 0.010050 0.000000 0.000000 0.341500 0.000000 0.000000 0.021296 0.000000 0.314373 0.000000 0.312781 0.000000 0.000000 0.000001 0.000000
 0.000000 0.000000 0.000000 0.000000 0.000000 0.000000 0.000000 0.000000 0.000000 0.285647 0.005206 0.296268 0.297567 0.000000 0.000000 0.000000 0.000000 0.000000 0.115312 0.000000
 0.000000 0.000000 0.000000 0.000000 0.000000 0.000000 0.000000 0.000000 0.000000 0.154278 0.196100 0.274264 0.000000 0.000004 0.000000 0.269450 0.000000 0.105903 0.000000 0.000000
 0.019000 0.010757 0.000000 0.000000 0.485105 0.000000 0.485138 0.000000 0.000000 0.000000 0.000000 0.000000 0.000000 0.000000 0.000000 0.000000 0.000000 0.000000 0.000000 0.000000
the mean of prob-rank is 1.7894736842105263
the number of false negetive edges is 0
the number of probability greater than 0 is 5.8/edge
