20
 0.000000 0.000000 0.000000 0.000000 0.000000 0.000000 0.320558 0.055458 0.000000 0.000000 0.000000 0.000000 0.000000 0.000000 0.294097 0.329888 0.000000 0.000000 0.000000 0.000000
 0.000000 0.000000 0.000000 0.000000 0.000000 0.000000 0.000000 0.000000 0.000000 0.476085 0.000000 0.000000 0.047814 0.000000 0.000000 0.000000 0.000000 0.000000 0.476101 0.000000
 0.000000 0.000000 0.000000 0.000000 0.000000 0.000000 0.000000 0.000000 0.000000 0.500000 0.000000 0.000000 0.000000 0.000000 0.000000 0.000000 0.500000 0.000000 0.000000 0.000000
 0.000000 0.000000 0.000000 0.000000 0.391443 0.391554 0.000000 0.000000 0.000000 0.000000 0.000000 0.000000 0.217003 0.000000 0.000000 0.000000 0.000000 0.000000 0.000000 0.000000
 0.000000 0.000000 0.000000 0.325911 0.000000 0.000000 0.000000 0.000000 0.000000 0.000000 0.000000 0.322118 0.308278 0.000000 0.000000 0.000000 0.043693 0.000000 0.000000 0.000000
 0.000000 0.000000 0.000000 0.500000 0.000000 0.000000 0.000000 0.000000 0.000000 0.000000 0.000000 0.000000 0.000000 0.000000 0.000000 0.000000 0.000000 0.500000 0.000000 0.000000
 0.357375 0.000000 0.000000 0.000000 0.000000 0.000000 0.000000 0.000000 0.000000 0.000000 0.000000 0.000000 0.000000 0.000398 0.004316 0.270196 0.000000 0.000000 0.000000 0.367716
 0.047936 0.000000 0.000000 0.000000 0.000000 0.000000 0.000000 0.000000 0.275303 0.000000 0.252168 0.000000 0.000085 0.000000 0.285143 0.139365 0.000000 0.000000 0.000000 0.000000
 0.000000 0.000000 0.000000 0.000000 0.000000 0.000000 0.000000 0.251874 0.000000 0.000000 0.260877 0.000000 0.190401 0.000000 0.094748 0.000000 0.000000 0.000000 0.202099 0.000000
 0.000000 0.499889 0.499906 0.000000 0.000000 0.000000 0.000000 0.000000 0.000000 0.000000 0.000000 0.000000 0.000000 0.000000 0.000000 0.000000 0.000000 0.000000 0.000206 0.000000
 0.000000 0.000000 0.000000 0.000000 0.000000 0.000000 0.000000 0.264808 0.299436 0.000000 0.000000 0.000000 0.080472 0.000000 0.086543 0.000008 0.000000 0.000000 0.268732 0.000000
 0.000000 0.000000 0.000000 0.000000 0.334750 0.000000 0.000000 0.000000 0.000000 0.000000 0.000000 0.000000 0.332977 0.000000 0.000000 0.000000 0.332273 0.000000 0.000000 0.000000
 0.000000 0.018916 0.000000 0.104384 0.178106 0.000000 0.000000 0.000056 0.137465 0.000000 0.050617 0.185117 0.000000 0.000000 0.052705 0.000000 0.172990 0.000000 0.099645 0.000000
 0.000000 0.000000 0.000000 0.000000 0.000000 0.000000 0.000540 0.000000 0.000000 0.000000 0.000000 0.000000 0.000000 0.000000 0.000000 0.000000 0.000000 0.499735 0.000000 0.499725
 0.233600 0.000000 0.000000 0.000000 0.000000 0.000000 0.003075 0.262028 0.095166 0.000000 0.075731 0.000000 0.073323 0.000000 0.000000 0.254776 0.000000 0.000000 0.000000 0.002300
 0.280692 0.000000 0.000000 0.000000 0.000000 0.000000 0.206217 0.137189 0.000000 0.000000 0.000008 0.000000 0.000000 0.000000 0.272923 0.000000 0.000000 0.000000 0.102972 0.000000
 0.000000 0.000000 0.329678 0.000000 0.044185 0.000000 0.000000 0.000000 0.000000 0.000000 0.000000 0.323338 0.302798 0.000000 0.000000 0.000000 0.000000 0.000000 0.000000 0.000000
 0.000000 0.000000 0.000000 0.000000 0.000000 0.500000 0.000000 0.000000 0.000000 0.000000 0.000000 0.000000 0.000000 0.500000 0.000000 0.000000 0.000000 0.000000 0.000000 0.000000
 0.000000 0.280233 0.000000 0.000000 0.000000 0.000000 0.000000 0.000000 0.217094 0.000115 0.251498 0.000000 0.148256 0.000000 0.000000 0.102804 0.000000 0.000000 0.000000 0.000000
 0.000000 0.000000 0.000000 0.000000 0.000000 0.000000 0.497778 0.000000 0.000000 0.000000 0.000000 0.000000 0.000000 0.497851 0.004370 0.000000 0.000000 0.000000 0.000000 0.000000
the mean of prob-rank is 1.631578947368421
the number of false negetive edges is 0
the number of probability greater than 0 is 4.4/edge
