20
 0.000000 0.000000 0.000000 0.000000 0.343799 0.000000 0.049850 0.009022 0.034085 0.000000 0.000000 0.000000 0.000000 0.337916 0.000000 0.000000 0.225328 0.000000 0.000000 0.000000
 0.000000 0.000000 0.000000 0.000000 0.000000 0.000000 0.000000 0.000000 0.000000 0.000000 0.000000 0.000000 0.000000 0.000000 0.500000 0.500000 0.000000 0.000000 0.000000 0.000000
 0.000000 0.000000 0.000000 0.000000 0.000000 0.000000 0.000000 0.000000 0.000000 0.000000 0.000000 0.000000 0.000000 0.000000 0.359974 0.000000 0.284503 0.000000 0.000000 0.355523
 0.000000 0.000000 0.000000 0.000000 0.000000 0.499985 0.000000 0.000000 0.000000 0.499997 0.000000 0.000000 0.000000 0.000000 0.000005 0.000000 0.000000 0.000013 0.000000 0.000000
 0.445773 0.000000 0.000000 0.000000 0.000000 0.000000 0.000000 0.000000 0.000000 0.000000 0.000000 0.438230 0.000000 0.115998 0.000000 0.000000 0.000000 0.000000 0.000000 0.000000
 0.000000 0.000000 0.000000 0.499957 0.000000 0.000000 0.000000 0.000000 0.000000 0.000000 0.000075 0.000000 0.499968 0.000000 0.000000 0.000000 0.000000 0.000000 0.000000 0.000000
 0.044365 0.000000 0.000000 0.000000 0.000000 0.000000 0.000000 0.306024 0.000001 0.000000 0.000000 0.000000 0.000000 0.000000 0.000000 0.000000 0.065540 0.000000 0.302115 0.281955
 0.012928 0.000000 0.000000 0.000000 0.000000 0.000000 0.492709 0.000000 0.492617 0.000000 0.000000 0.000000 0.000000 0.000000 0.000000 0.000000 0.000000 0.000000 0.000000 0.001746
 0.047231 0.000000 0.000000 0.000000 0.000000 0.000000 0.000001 0.476399 0.000000 0.000000 0.000000 0.000000 0.000000 0.476369 0.000000 0.000000 0.000000 0.000000 0.000000 0.000000
 0.000000 0.000000 0.000000 0.500000 0.000000 0.000000 0.000000 0.000000 0.000000 0.000000 0.500000 0.000000 0.000000 0.000000 0.000000 0.000000 0.000000 0.000000 0.000000 0.000000
 0.000000 0.000000 0.000000 0.000000 0.000000 0.000075 0.000000 0.000000 0.000000 0.499965 0.000000 0.000000 0.000000 0.000000 0.000000 0.000000 0.000000 0.499961 0.000000 0.000000
 0.000000 0.000000 0.000000 0.000000 0.488515 0.000000 0.000000 0.000000 0.000000 0.000000 0.000000 0.000000 0.497008 0.014477 0.000000 0.000000 0.000000 0.000000 0.000000 0.000000
 0.000000 0.000000 0.000000 0.000000 0.000000 0.500001 0.000000 0.000000 0.000000 0.000000 0.000000 0.499999 0.000000 0.000000 0.000000 0.000000 0.000000 0.000000 0.000000 0.000000
 0.432578 0.000000 0.000000 0.000000 0.114524 0.000000 0.000000 0.000000 0.440076 0.000000 0.000000 0.012822 0.000000 0.000000 0.000000 0.000000 0.000000 0.000000 0.000000 0.000000
 0.000000 0.499516 0.499510 0.000005 0.000000 0.000000 0.000000 0.000000 0.000000 0.000000 0.000000 0.000000 0.000000 0.000000 0.000000 0.000969 0.000000 0.000000 0.000000 0.000000
 0.000000 0.499515 0.000000 0.000000 0.000000 0.000000 0.000000 0.000000 0.000000 0.000000 0.000000 0.000000 0.000000 0.000000 0.000969 0.000000 0.000000 0.499515 0.000000 0.000000
 0.182389 0.000000 0.219976 0.000000 0.000000 0.000000 0.059609 0.000000 0.000000 0.000000 0.000000 0.000000 0.000000 0.000000 0.000000 0.000000 0.000000 0.000000 0.278334 0.259692
 0.000000 0.000000 0.000000 0.000013 0.000000 0.000000 0.000000 0.000000 0.000000 0.000000 0.499992 0.000000 0.000000 0.000000 0.000000 0.499996 0.000000 0.000000 0.000000 0.000000
 0.000000 0.000000 0.000000 0.000000 0.000000 0.000000 0.359172 0.000000 0.000000 0.000000 0.000000 0.000000 0.000000 0.000000 0.000000 0.000000 0.363820 0.000000 0.000000 0.277009
 0.000000 0.000000 0.273812 0.000000 0.000000 0.000000 0.255439 0.000982 0.000000 0.000000 0.000000 0.000000 0.000000 0.000000 0.000000 0.000000 0.258676 0.000000 0.211091 0.000000
the mean of prob-rank is 1.4210526315789473
the number of false negetive edges is 0
the number of probability greater than 0 is 3.5/edge
