20
 0.000000 0.000000 0.000000 0.000000 0.323058 0.000000 0.000268 0.317706 0.035236 0.000000 0.000000 0.000000 0.000000 0.000000 0.000000 0.000000 0.000000 0.323662 0.000070 0.000000
 0.000000 0.000000 0.000000 0.492225 0.000039 0.492296 0.015439 0.000000 0.000000 0.000001 0.000000 0.000000 0.000000 0.000000 0.000000 0.000000 0.000000 0.000000 0.000000 0.000000
 0.000000 0.000000 0.000000 0.000000 0.000000 0.000000 0.000000 0.000000 0.000000 0.000000 0.000000 0.000000 0.500000 0.000000 0.000000 0.500000 0.000000 0.000000 0.000000 0.000000
 0.000000 0.498404 0.000000 0.000000 0.002808 0.000000 0.000000 0.000000 0.000000 0.498414 0.000000 0.000000 0.000000 0.000000 0.000000 0.000000 0.000000 0.000027 0.000347 0.000000
 0.364027 0.000029 0.000000 0.002054 0.000000 0.000007 0.364694 0.000644 0.000000 0.000000 0.000000 0.000000 0.000000 0.000000 0.000000 0.000000 0.000000 0.259340 0.009207 0.000000
 0.000000 0.491634 0.000000 0.000000 0.000009 0.000000 0.491642 0.016715 0.000000 0.000000 0.000000 0.000000 0.000000 0.000000 0.000000 0.000000 0.000000 0.000000 0.000000 0.000000
 0.000406 0.015422 0.000000 0.000000 0.491734 0.491755 0.000000 0.000326 0.000000 0.000000 0.000000 0.000000 0.000000 0.000000 0.000000 0.000000 0.000000 0.000356 0.000000 0.000000
 0.327173 0.000000 0.000000 0.000000 0.000588 0.011332 0.000221 0.000000 0.333309 0.000000 0.000000 0.000000 0.000000 0.000000 0.000000 0.000000 0.000000 0.327376 0.000000 0.000000
 0.042440 0.000000 0.000000 0.000000 0.000000 0.000000 0.000000 0.389842 0.000000 0.000000 0.000000 0.000000 0.000000 0.000000 0.000000 0.000000 0.000000 0.178762 0.388956 0.000000
 0.000000 0.000001 0.000000 0.499963 0.000000 0.000000 0.000000 0.000000 0.000000 0.000000 0.000000 0.500035 0.000000 0.000000 0.000000 0.000000 0.000000 0.000000 0.000000 0.000000
 0.000000 0.000000 0.000000 0.000000 0.000000 0.000000 0.000000 0.000000 0.000000 0.000000 0.000000 0.000000 0.000000 0.000000 0.000000 0.491607 0.491216 0.000000 0.000000 0.017177
 0.000000 0.000000 0.000000 0.000000 0.000000 0.000000 0.000000 0.000000 0.000000 0.491046 0.000000 0.000000 0.000000 0.000000 0.000000 0.000000 0.019050 0.000000 0.000000 0.489904
 0.000000 0.000000 0.500000 0.000000 0.000000 0.000000 0.000000 0.000000 0.000000 0.000000 0.000000 0.000000 0.000000 0.500000 0.000000 0.000000 0.000000 0.000000 0.000000 0.000000
 0.000000 0.000000 0.000000 0.000000 0.000000 0.000000 0.000000 0.000000 0.000000 0.000000 0.000000 0.000000 0.500001 0.000000 0.000000 0.000000 0.000000 0.000000 0.499999 0.000000
 0.000000 0.000000 0.000000 0.000000 0.000000 0.000000 0.000000 0.000000 0.000000 0.000000 0.000000 0.000000 0.000000 0.000000 0.000000 0.000000 0.499997 0.000000 0.000000 0.500003
 0.000000 0.000000 0.500000 0.000000 0.000000 0.000000 0.000000 0.000000 0.000000 0.000000 0.500000 0.000000 0.000000 0.000000 0.000000 0.000000 0.000000 0.000000 0.000000 0.000000
 0.000000 0.000000 0.000000 0.000000 0.000000 0.000000 0.000000 0.000000 0.000000 0.000000 0.490290 0.019036 0.000000 0.000000 0.490674 0.000000 0.000000 0.000000 0.000000 0.000000
 0.269304 0.000000 0.000000 0.000015 0.191499 0.000000 0.000195 0.264512 0.123490 0.000000 0.000000 0.000000 0.000000 0.000000 0.000000 0.000000 0.000000 0.000000 0.150985 0.000000
 0.000084 0.000000 0.000000 0.000269 0.009767 0.000000 0.000000 0.000000 0.386039 0.000000 0.000000 0.000000 0.000000 0.386917 0.000000 0.000000 0.000000 0.216923 0.000000 0.000000
 0.000000 0.000000 0.000000 0.000000 0.000000 0.000000 0.000000 0.000000 0.000000 0.000000 0.017190 0.490833 0.000000 0.000000 0.491976 0.000000 0.000000 0.000000 0.000000 0.000000
the mean of prob-rank is 1.4736842105263157
the number of false negetive edges is 0
the number of probability greater than 0 is 4.1/edge
