20
 0.000000 0.000000 0.000000 0.000000 0.000000 0.000000 0.000000 0.000000 0.000000 0.000000 0.000000 0.000000 0.000000 0.227412 0.000000 0.383558 0.000000 0.000000 0.389030 0.000000
 0.000000 0.000000 0.000000 0.000000 0.000000 0.000000 0.000009 0.000000 0.000000 0.499154 0.500439 0.000005 0.000393 0.000000 0.000000 0.000000 0.000000 0.000000 0.000000 0.000000
 0.000000 0.000000 0.000000 0.000000 0.000000 0.000000 0.000000 0.000000 0.000000 0.000000 0.000000 0.500000 0.000000 0.000000 0.500000 0.000000 0.000000 0.000000 0.000000 0.000000
 0.000000 0.000000 0.000000 0.000000 0.499903 0.000000 0.000000 0.000000 0.000000 0.000000 0.000000 0.000000 0.000000 0.000232 0.000000 0.000000 0.000000 0.499864 0.000000 0.000000
 0.000000 0.000000 0.000000 0.405872 0.000000 0.392541 0.000000 0.000000 0.000000 0.000000 0.000000 0.000000 0.000000 0.000021 0.000000 0.000000 0.201566 0.000000 0.000000 0.000000
 0.000000 0.000000 0.000000 0.000000 0.317722 0.000000 0.000000 0.322162 0.000000 0.000002 0.000000 0.000000 0.000000 0.000000 0.000000 0.165995 0.194118 0.000000 0.000000 0.000000
 0.000000 0.000009 0.000000 0.000000 0.000000 0.000000 0.000000 0.000000 0.499995 0.000000 0.000000 0.000000 0.000000 0.000000 0.000000 0.000000 0.000000 0.499995 0.000000 0.000000
 0.000000 0.000000 0.000000 0.000000 0.000000 0.294975 0.000000 0.000000 0.000000 0.000000 0.000000 0.000000 0.000000 0.293869 0.000000 0.141024 0.270132 0.000000 0.000000 0.000000
 0.000000 0.000000 0.000000 0.000000 0.000000 0.000000 0.500001 0.000000 0.000000 0.499999 0.000000 0.000000 0.000000 0.000000 0.000000 0.000000 0.000000 0.000000 0.000000 0.000000
 0.000000 0.377913 0.000000 0.000000 0.000000 0.000002 0.000000 0.000000 0.378885 0.000000 0.243199 0.000000 0.000000 0.000000 0.000000 0.000000 0.000000 0.000000 0.000000 0.000000
 0.000000 0.377859 0.000000 0.000000 0.000000 0.000000 0.000000 0.000000 0.000000 0.242540 0.000000 0.000000 0.376195 0.000000 0.000000 0.003406 0.000000 0.000000 0.000000 0.000000
 0.000000 0.000004 0.395616 0.000000 0.000000 0.000000 0.000000 0.000000 0.000000 0.000000 0.000000 0.000000 0.392378 0.000000 0.000000 0.212002 0.000000 0.000000 0.000000 0.000000
 0.000000 0.000286 0.000000 0.000000 0.000000 0.000000 0.000000 0.000000 0.000000 0.000000 0.362733 0.361356 0.000000 0.000000 0.000000 0.275626 0.000000 0.000000 0.000000 0.000000
 0.225407 0.000000 0.000000 0.000179 0.000020 0.000000 0.000000 0.376950 0.000000 0.000000 0.000000 0.000000 0.000000 0.000000 0.000000 0.014848 0.382596 0.000000 0.000000 0.000000
 0.000000 0.000000 0.500001 0.000000 0.000000 0.000000 0.000000 0.000000 0.000000 0.000000 0.000000 0.000000 0.000000 0.000000 0.000000 0.000000 0.000000 0.000000 0.000000 0.499999
 0.298649 0.000000 0.000000 0.000000 0.000000 0.153148 0.000000 0.142101 0.000000 0.000000 0.002732 0.162418 0.229289 0.011664 0.000000 0.000000 0.000000 0.000000 0.000000 0.000000
 0.000000 0.000000 0.000000 0.000000 0.166808 0.198474 0.000000 0.301648 0.000000 0.000000 0.000000 0.000000 0.000000 0.333070 0.000000 0.000000 0.000000 0.000000 0.000000 0.000000
 0.000000 0.000000 0.000000 0.499980 0.000000 0.000000 0.500020 0.000000 0.000000 0.000000 0.000000 0.000000 0.000000 0.000000 0.000000 0.000000 0.000000 0.000000 0.000000 0.000000
 0.499854 0.000000 0.000000 0.000000 0.000000 0.000000 0.000000 0.000000 0.000000 0.000000 0.000000 0.000000 0.000000 0.000000 0.000000 0.000000 0.000000 0.000000 0.000000 0.500146
 0.000000 0.000000 0.000000 0.000000 0.000000 0.000000 0.000000 0.000000 0.000000 0.000000 0.000000 0.000000 0.000000 0.000000 0.499999 0.000000 0.000000 0.000000 0.500001 0.000000
the mean of prob-rank is 1.5789473684210527
the number of false negetive edges is 0
the number of probability greater than 0 is 3.6/edge
