20
 0.000000 0.032692 0.000000 0.000000 0.000000 0.000000 0.000000 0.000000 0.000000 0.000000 0.000000 0.000000 0.483782 0.000000 0.000000 0.000000 0.000000 0.483526 0.000000 0.000000
 0.032063 0.000000 0.019439 0.000000 0.000000 0.000000 0.000000 0.000000 0.000000 0.000000 0.000000 0.474374 0.474121 0.000000 0.000000 0.000000 0.000000 0.000003 0.000000 0.000000
 0.000000 0.014340 0.000000 0.000000 0.000000 0.000000 0.346398 0.000000 0.317429 0.316985 0.000000 0.004786 0.000043 0.000000 0.000000 0.000000 0.000019 0.000000 0.000000 0.000000
 0.000000 0.000000 0.000000 0.000000 0.000000 0.500000 0.000000 0.000000 0.000000 0.000000 0.000000 0.000000 0.000000 0.000000 0.000000 0.000001 0.000000 0.000000 0.000000 0.499999
 0.000000 0.000000 0.000000 0.000000 0.000000 0.000000 0.000000 0.500000 0.000000 0.000000 0.000000 0.000000 0.000000 0.000000 0.000000 0.000000 0.000000 0.000000 0.000000 0.500000
 0.000000 0.000000 0.000000 0.500000 0.000000 0.000000 0.000000 0.000000 0.000000 0.000000 0.000000 0.000000 0.000000 0.000000 0.000000 0.000000 0.000000 0.500000 0.000000 0.000000
 0.000000 0.000000 0.419294 0.000000 0.000000 0.000000 0.000000 0.000000 0.157017 0.000000 0.000000 0.000000 0.000000 0.000000 0.423689 0.000000 0.000000 0.000000 0.000000 0.000000
 0.000000 0.000000 0.000000 0.000000 0.500000 0.000000 0.000000 0.000000 0.000000 0.000000 0.000000 0.000000 0.000000 0.500000 0.000000 0.000000 0.000000 0.000000 0.000000 0.000000
 0.000000 0.000000 0.247800 0.000000 0.000000 0.000000 0.101265 0.000000 0.000000 0.273249 0.217643 0.000000 0.000000 0.000000 0.000000 0.000000 0.156910 0.000000 0.003134 0.000000
 0.000000 0.000000 0.316613 0.000000 0.000000 0.000000 0.000000 0.000000 0.349618 0.000000 0.000000 0.000000 0.000000 0.000000 0.000000 0.000000 0.333768 0.000000 0.000000 0.000000
 0.000000 0.000000 0.000000 0.000000 0.000000 0.000000 0.000000 0.000000 0.267642 0.000000 0.000000 0.000000 0.000000 0.330933 0.000000 0.000000 0.065403 0.000000 0.336022 0.000000
 0.000000 0.496405 0.006789 0.000000 0.000000 0.000000 0.000000 0.000000 0.000000 0.000000 0.000000 0.000000 0.000000 0.000000 0.000290 0.496515 0.000000 0.000000 0.000000 0.000000
 0.480388 0.480035 0.000059 0.000000 0.000000 0.000000 0.000000 0.000000 0.000000 0.000000 0.000000 0.000000 0.000000 0.000855 0.000000 0.000000 0.007114 0.031550 0.000000 0.000000
 0.000000 0.000000 0.000000 0.000000 0.000000 0.000000 0.000000 0.497194 0.000000 0.000000 0.489665 0.000000 0.000884 0.000000 0.000000 0.000000 0.000000 0.000000 0.012257 0.000000
 0.000000 0.000000 0.000000 0.000000 0.000000 0.000000 0.499860 0.000000 0.000000 0.000000 0.000000 0.000292 0.000000 0.000000 0.000000 0.499847 0.000000 0.000000 0.000000 0.000000
 0.000000 0.000000 0.000000 0.000001 0.000000 0.000000 0.000000 0.000000 0.000000 0.000000 0.000000 0.500006 0.000000 0.000000 0.499993 0.000000 0.000000 0.000000 0.000000 0.000000
 0.000000 0.000000 0.000019 0.000000 0.000000 0.000000 0.000000 0.000000 0.209845 0.348865 0.071128 0.000000 0.005412 0.000000 0.000000 0.000000 0.000000 0.000000 0.364730 0.000000
 0.483965 0.000003 0.000000 0.000000 0.000000 0.484231 0.000000 0.000000 0.000000 0.000000 0.000000 0.000000 0.031801 0.000000 0.000000 0.000000 0.000000 0.000000 0.000000 0.000000
 0.000000 0.000000 0.000000 0.000000 0.000000 0.000000 0.000000 0.000000 0.005638 0.000000 0.491594 0.000000 0.000000 0.012119 0.000000 0.000000 0.490649 0.000000 0.000000 0.000000
 0.000000 0.000000 0.000000 0.500000 0.500000 0.000000 0.000000 0.000000 0.000000 0.000000 0.000000 0.000000 0.000000 0.000000 0.000000 0.000000 0.000000 0.000000 0.000000 0.000000
the mean of prob-rank is 1.631578947368421
the number of false negetive edges is 0
the number of probability greater than 0 is 3.8/edge
