20
 0.000000 0.000000 0.000000 0.000000 0.000000 0.045308 0.000000 0.003408 0.349378 0.000000 0.003438 0.198107 0.000000 0.021654 0.000000 0.000000 0.003196 0.000000 0.000000 0.375510
 0.000000 0.000000 0.000000 0.006171 0.000000 0.326235 0.000000 0.000000 0.000000 0.000000 0.000000 0.000000 0.000000 0.000000 0.000000 0.348168 0.319426 0.000000 0.000000 0.000000
 0.000000 0.000000 0.000000 0.000000 0.000000 0.000000 0.500000 0.000000 0.000000 0.000000 0.000000 0.000000 0.000000 0.000000 0.000000 0.000000 0.000000 0.500000 0.000000 0.000000
 0.000000 0.008755 0.000000 0.000000 0.000000 0.000000 0.000000 0.000000 0.000000 0.495631 0.000000 0.000000 0.000000 0.000000 0.000000 0.495614 0.000000 0.000000 0.000000 0.000000
 0.000000 0.000000 0.000000 0.000000 0.000000 0.000000 0.000000 0.000000 0.000000 0.500009 0.499991 0.000000 0.000000 0.000000 0.000000 0.000001 0.000000 0.000000 0.000000 0.000000
 0.040554 0.313880 0.000000 0.000000 0.000000 0.000000 0.000000 0.000000 0.000000 0.000000 0.000000 0.000000 0.000000 0.308193 0.000000 0.000000 0.336108 0.000000 0.000000 0.001265
 0.000000 0.000000 0.500000 0.000000 0.000000 0.000000 0.000000 0.000000 0.000000 0.000000 0.000000 0.000000 0.000000 0.000000 0.500000 0.000000 0.000000 0.000000 0.000000 0.000000
 0.004518 0.000000 0.000000 0.000000 0.000000 0.000000 0.000000 0.000000 0.497674 0.000000 0.000000 0.000000 0.000000 0.000000 0.000000 0.000000 0.000000 0.000000 0.497801 0.000007
 0.297529 0.000000 0.000000 0.000000 0.000000 0.000000 0.000000 0.319701 0.000000 0.000000 0.000000 0.126274 0.000000 0.000000 0.000000 0.000000 0.000000 0.000000 0.000000 0.256496
 0.000000 0.000000 0.000000 0.499141 0.499139 0.000000 0.000000 0.000000 0.000000 0.000000 0.000000 0.000000 0.000000 0.000000 0.000000 0.001720 0.000000 0.000000 0.000000 0.000000
 0.004551 0.000000 0.000000 0.000000 0.497073 0.000000 0.000000 0.000000 0.000000 0.000000 0.000000 0.000000 0.000000 0.000000 0.000000 0.000000 0.000000 0.497091 0.000000 0.001286
 0.183576 0.000000 0.000000 0.000000 0.000000 0.000000 0.000000 0.000000 0.137403 0.000000 0.000000 0.000000 0.000000 0.000000 0.347966 0.000000 0.000000 0.000000 0.000000 0.331054
 0.000000 0.000000 0.000000 0.000000 0.000000 0.000000 0.000000 0.000000 0.000000 0.000000 0.000000 0.000000 0.000000 0.499041 0.000000 0.000000 0.001926 0.000000 0.499033 0.000000
 0.019353 0.000000 0.000000 0.000000 0.000000 0.307730 0.000000 0.000000 0.000000 0.000000 0.000000 0.000000 0.335600 0.000000 0.000000 0.000000 0.286582 0.000000 0.000000 0.050735
 0.000000 0.000000 0.000000 0.000000 0.000000 0.000000 0.500000 0.000000 0.000000 0.000000 0.000000 0.500000 0.000000 0.000000 0.000000 0.000000 0.000000 0.000000 0.000000 0.000000
 0.000000 0.498309 0.000000 0.499966 0.000001 0.000000 0.000000 0.000000 0.000000 0.001723 0.000000 0.000000 0.000000 0.000000 0.000000 0.000000 0.000001 0.000000 0.000000 0.000000
 0.003061 0.328832 0.000000 0.000000 0.000000 0.359625 0.000000 0.000000 0.000000 0.000000 0.000000 0.000000 0.001388 0.307094 0.000000 0.000001 0.000000 0.000000 0.000000 0.000000
 0.000000 0.000000 0.499782 0.000000 0.000000 0.000000 0.000000 0.000000 0.000000 0.000000 0.499780 0.000000 0.000000 0.000000 0.000000 0.000000 0.000000 0.000000 0.000000 0.000437
 0.000000 0.000000 0.000000 0.000000 0.000000 0.000000 0.000000 0.500007 0.000000 0.000000 0.000000 0.000000 0.499993 0.000000 0.000000 0.000000 0.000000 0.000000 0.000000 0.000000
 0.343418 0.000000 0.000000 0.000000 0.000000 0.001293 0.000000 0.000005 0.275453 0.000000 0.000888 0.326726 0.000000 0.051916 0.000000 0.000000 0.000000 0.000300 0.000000 0.000000
the mean of prob-rank is 1.4736842105263157
the number of false negetive edges is 0
the number of probability greater than 0 is 3.9/edge
