20
 0.000000 0.000000 0.000000 0.000000 0.000000 0.496304 0.000000 0.000000 0.000000 0.496381 0.000000 0.000000 0.000000 0.000000 0.000000 0.007315 0.000000 0.000000 0.000000 0.000000
 0.000000 0.000000 0.000000 0.000000 0.000000 0.000000 0.000000 0.000000 0.000000 0.000000 0.000000 0.000019 0.000000 0.000000 0.000000 0.000000 0.000000 0.499991 0.000000 0.499990
 0.000000 0.000000 0.000000 0.000000 0.499993 0.000000 0.000000 0.000014 0.000000 0.000000 0.000000 0.000000 0.000000 0.000000 0.000000 0.000000 0.000000 0.000000 0.499993 0.000000
 0.000000 0.000000 0.000000 0.000000 0.000000 0.000000 0.000000 0.000000 0.305139 0.000000 0.000000 0.000000 0.000000 0.000041 0.345521 0.000000 0.349299 0.000000 0.000000 0.000000
 0.000000 0.000000 0.500585 0.000000 0.000000 0.000000 0.499415 0.000000 0.000000 0.000000 0.000000 0.000000 0.000000 0.000000 0.000000 0.000000 0.000000 0.000000 0.000000 0.000000
 0.486595 0.000000 0.000000 0.000000 0.000000 0.000000 0.000000 0.000000 0.000000 0.000000 0.000104 0.000000 0.000000 0.000000 0.486666 0.000000 0.026635 0.000000 0.000000 0.000000
 0.000000 0.000000 0.000000 0.000000 0.494182 0.000000 0.000000 0.000000 0.000000 0.011070 0.494748 0.000000 0.000000 0.000000 0.000000 0.000000 0.000000 0.000000 0.000000 0.000000
 0.000000 0.000000 0.000014 0.000000 0.000000 0.000000 0.000000 0.000000 0.000000 0.000000 0.000000 0.000000 0.500000 0.000000 0.000000 0.000000 0.000000 0.000000 0.499986 0.000000
 0.000000 0.000000 0.000000 0.313369 0.000000 0.000000 0.000000 0.000000 0.000000 0.000000 0.000000 0.000000 0.000000 0.359178 0.000000 0.000000 0.327453 0.000000 0.000000 0.000000
 0.494561 0.000000 0.000000 0.000000 0.000000 0.000000 0.011052 0.000000 0.000000 0.000000 0.000000 0.000000 0.000000 0.000000 0.000000 0.494386 0.000000 0.000000 0.000000 0.000000
 0.000000 0.000000 0.000000 0.000000 0.000000 0.000106 0.498083 0.000000 0.000000 0.000000 0.000000 0.000000 0.000000 0.000000 0.003130 0.498678 0.000000 0.000000 0.000003 0.000000
 0.000000 0.000019 0.000000 0.000000 0.000000 0.000000 0.000000 0.000000 0.000000 0.000000 0.000000 0.000000 0.000000 0.499988 0.000000 0.000000 0.000000 0.000000 0.000000 0.499993
 0.000000 0.000000 0.000000 0.000000 0.000000 0.000000 0.000000 0.500000 0.000000 0.000000 0.000000 0.000000 0.000000 0.000000 0.000000 0.000000 0.000000 0.500000 0.000000 0.000000
 0.000000 0.000000 0.000000 0.000059 0.000000 0.000000 0.000000 0.000000 0.499971 0.000000 0.000000 0.499970 0.000000 0.000000 0.000000 0.000000 0.000000 0.000000 0.000000 0.000000
 0.000000 0.000000 0.000000 0.390905 0.000000 0.395683 0.000000 0.000000 0.000000 0.000000 0.002484 0.000000 0.000000 0.000000 0.000000 0.000000 0.210928 0.000000 0.000000 0.000000
 0.007316 0.000000 0.000000 0.000000 0.000000 0.000000 0.000000 0.000000 0.000000 0.496255 0.496430 0.000000 0.000000 0.000000 0.000000 0.000000 0.000000 0.000000 0.000000 0.000000
 0.000000 0.000000 0.000000 0.399778 0.000000 0.021908 0.000000 0.000000 0.364931 0.000000 0.000000 0.000000 0.000000 0.000000 0.213383 0.000000 0.000000 0.000000 0.000000 0.000000
 0.000000 0.500000 0.000000 0.000000 0.000000 0.000000 0.000000 0.000000 0.000000 0.000000 0.000000 0.000000 0.500000 0.000000 0.000000 0.000000 0.000000 0.000000 0.000000 0.000000
 0.000000 0.000000 0.500005 0.000000 0.000000 0.000000 0.000000 0.499991 0.000000 0.000000 0.000003 0.000000 0.000000 0.000000 0.000000 0.000000 0.000000 0.000000 0.000000 0.000000
 0.000000 0.500000 0.000000 0.000000 0.000000 0.000000 0.000000 0.000000 0.000000 0.000000 0.000000 0.500000 0.000000 0.000000 0.000000 0.000000 0.000000 0.000000 0.000000 0.000000
the mean of prob-rank is 1.5263157894736843
the number of false negetive edges is 0
the number of probability greater than 0 is 3.1/edge
