20
 0.000000 0.000000 0.000000 0.000000 0.000000 0.043366 0.000002 0.000000 0.000000 0.000000 0.000000 0.000000 0.000000 0.000000 0.000000 0.042434 0.459132 0.000000 0.000000 0.455066
 0.000000 0.000000 0.000000 0.000000 0.000000 0.459166 0.000000 0.000000 0.000000 0.000000 0.000000 0.081242 0.000000 0.000000 0.000000 0.000000 0.000002 0.000000 0.458973 0.000617
 0.000000 0.000000 0.000000 0.000000 0.000000 0.000000 0.000000 0.000000 0.000000 0.500001 0.000000 0.000000 0.499999 0.000000 0.000000 0.000000 0.000000 0.000000 0.000000 0.000000
 0.000000 0.000000 0.000000 0.000000 0.000000 0.000000 0.000000 0.000000 0.000000 0.000000 0.492341 0.000000 0.000000 0.000000 0.492812 0.000000 0.000000 0.000000 0.000001 0.014846
 0.000000 0.000000 0.000000 0.000000 0.000000 0.000000 0.000000 0.000000 0.500000 0.000000 0.000000 0.000000 0.000000 0.000000 0.000000 0.000000 0.000000 0.500000 0.000000 0.000000
 0.042638 0.451396 0.000000 0.000000 0.000000 0.000000 0.000000 0.000000 0.000000 0.000000 0.000000 0.000006 0.000000 0.000000 0.000000 0.000000 0.451298 0.000000 0.000000 0.054662
 0.000002 0.000000 0.000000 0.000000 0.000000 0.000000 0.000000 0.000000 0.000000 0.000000 0.000000 0.000000 0.000000 0.000000 0.000000 0.500000 0.000000 0.499998 0.000000 0.000000
 0.000000 0.000000 0.000000 0.000000 0.000000 0.000000 0.000000 0.000000 0.000000 0.000000 0.000001 0.000000 0.000000 0.499854 0.500095 0.000000 0.000000 0.000000 0.000051 0.000000
 0.000000 0.000000 0.000000 0.000000 0.500001 0.000000 0.000000 0.000000 0.000000 0.000000 0.000000 0.000000 0.000000 0.000000 0.000000 0.000000 0.000000 0.000000 0.000000 0.499999
 0.000000 0.000000 0.500000 0.000000 0.000000 0.000000 0.000000 0.000000 0.000000 0.000000 0.000000 0.500000 0.000000 0.000000 0.000000 0.000000 0.000000 0.000000 0.000000 0.000000
 0.000000 0.000000 0.000000 0.485935 0.000000 0.000000 0.000000 0.000001 0.000000 0.000000 0.000000 0.000000 0.000000 0.000000 0.000000 0.000000 0.000000 0.000000 0.486388 0.027676
 0.000000 0.075556 0.000000 0.000000 0.000000 0.000005 0.000000 0.000000 0.000000 0.427054 0.000000 0.000000 0.000000 0.000000 0.000000 0.426053 0.071332 0.000000 0.000000 0.000000
 0.000000 0.000000 0.499999 0.000000 0.000000 0.000000 0.000000 0.000000 0.000000 0.000000 0.000000 0.000000 0.000000 0.500001 0.000000 0.000000 0.000000 0.000000 0.000000 0.000000
 0.000000 0.000000 0.000000 0.000000 0.000000 0.000000 0.000000 0.499443 0.000000 0.000000 0.000000 0.000000 0.499684 0.000000 0.000000 0.000000 0.000000 0.000000 0.000873 0.000000
 0.000000 0.000000 0.000000 0.500000 0.000000 0.000000 0.000000 0.500000 0.000000 0.000000 0.000000 0.000000 0.000000 0.000000 0.000000 0.000000 0.000000 0.000000 0.000000 0.000000
 0.044220 0.000000 0.000000 0.000000 0.000000 0.000000 0.478447 0.000000 0.000000 0.000000 0.000000 0.477326 0.000000 0.000000 0.000000 0.000000 0.000008 0.000000 0.000000 0.000000
 0.457021 0.000002 0.000000 0.000000 0.000000 0.456895 0.000000 0.000000 0.000000 0.000000 0.000000 0.076338 0.000000 0.000000 0.000000 0.000008 0.000000 0.000000 0.000000 0.009736
 0.000000 0.000000 0.000000 0.000000 0.500001 0.000000 0.499999 0.000000 0.000000 0.000000 0.000000 0.000000 0.000000 0.000000 0.000000 0.000000 0.000000 0.000000 0.000000 0.000000
 0.000000 0.499418 0.000000 0.000001 0.000000 0.000000 0.000000 0.000051 0.000000 0.000000 0.499647 0.000000 0.000000 0.000873 0.000000 0.000000 0.000000 0.000000 0.000000 0.000011
 0.446075 0.000605 0.000000 0.013558 0.000000 0.054497 0.000000 0.000000 0.450059 0.000000 0.025608 0.000000 0.000000 0.000000 0.000000 0.000000 0.009588 0.000000 0.000010 0.000000
the mean of prob-rank is 1.5263157894736843
the number of false negetive edges is 0
the number of probability greater than 0 is 3.7/edge
