20
 0.000000 0.000000 0.000000 0.498602 0.000000 0.000000 0.498591 0.000000 0.000000 0.002807 0.000000 0.000000 0.000000 0.000000 0.000000 0.000000 0.000000 0.000000 0.000000 0.000000
 0.000000 0.000000 0.000000 0.000000 0.000000 0.499993 0.000000 0.000000 0.000002 0.000004 0.000000 0.000000 0.000000 0.000000 0.000000 0.500001 0.000000 0.000000 0.000000 0.000000
 0.000000 0.000000 0.000000 0.000000 0.214204 0.000000 0.000000 0.000000 0.308039 0.000000 0.000000 0.302406 0.000000 0.153932 0.021419 0.000000 0.000000 0.000000 0.000000 0.000000
 0.499975 0.000000 0.000000 0.000000 0.000000 0.000000 0.000000 0.000000 0.000000 0.000063 0.000000 0.000000 0.000000 0.000000 0.000000 0.499962 0.000000 0.000000 0.000000 0.000000
 0.000000 0.000000 0.219479 0.000000 0.000000 0.000000 0.000000 0.000000 0.000000 0.000000 0.000000 0.194521 0.000000 0.012068 0.257922 0.000000 0.000000 0.000000 0.000000 0.316011
 0.000000 0.499995 0.000000 0.000000 0.000000 0.000000 0.000000 0.000000 0.000001 0.000000 0.000000 0.500004 0.000000 0.000000 0.000000 0.000000 0.000000 0.000000 0.000000 0.000000
 0.499994 0.000000 0.000000 0.000000 0.000000 0.000000 0.000000 0.000000 0.000000 0.000001 0.000000 0.000000 0.000000 0.000000 0.000000 0.000000 0.500006 0.000000 0.000000 0.000000
 0.000000 0.000000 0.000000 0.000000 0.000000 0.000000 0.000000 0.000000 0.000000 0.279605 0.305509 0.000000 0.354502 0.015491 0.044893 0.000000 0.000000 0.000000 0.000000 0.000000
 0.000000 0.000002 0.458415 0.000000 0.000000 0.000001 0.000000 0.000000 0.000000 0.458111 0.000000 0.001883 0.000000 0.081552 0.000036 0.000000 0.000000 0.000000 0.000000 0.000000
 0.001943 0.000003 0.000000 0.000044 0.000000 0.000000 0.000001 0.272166 0.344544 0.000000 0.000000 0.000000 0.000000 0.330683 0.050601 0.000016 0.000000 0.000000 0.000000 0.000000
 0.000000 0.000000 0.000000 0.000000 0.000000 0.000000 0.000000 0.304369 0.000000 0.000000 0.000000 0.000000 0.000011 0.000082 0.344701 0.000000 0.000000 0.350837 0.000000 0.000000
 0.000000 0.000000 0.377091 0.000000 0.236732 0.384598 0.000000 0.000000 0.001578 0.000000 0.000000 0.000000 0.000000 0.000000 0.000000 0.000000 0.000000 0.000000 0.000000 0.000000
 0.000000 0.000000 0.000000 0.000000 0.000000 0.000000 0.000000 0.499894 0.000000 0.000000 0.000016 0.000000 0.000000 0.000000 0.000000 0.000000 0.000000 0.000000 0.500090 0.000000
 0.000000 0.000000 0.183705 0.000000 0.014055 0.000000 0.000000 0.016078 0.065400 0.352595 0.000085 0.000000 0.000000 0.000000 0.368081 0.000000 0.000000 0.000000 0.000000 0.000000
 0.000000 0.000000 0.022155 0.000000 0.260381 0.000000 0.000000 0.040385 0.000025 0.046765 0.311254 0.000000 0.000000 0.319034 0.000000 0.000000 0.000000 0.000000 0.000000 0.000000
 0.000000 0.499995 0.000000 0.499981 0.000000 0.000000 0.000000 0.000000 0.000000 0.000023 0.000000 0.000000 0.000000 0.000000 0.000000 0.000000 0.000000 0.000000 0.000000 0.000000
 0.000000 0.000000 0.000000 0.000000 0.000000 0.000000 0.500001 0.000000 0.000000 0.000000 0.000000 0.000000 0.000000 0.000000 0.000000 0.000000 0.000000 0.000000 0.499999 0.000000
 0.000000 0.000000 0.000000 0.000000 0.000000 0.000000 0.000000 0.000000 0.000000 0.000000 0.498242 0.000000 0.000000 0.000000 0.000000 0.000000 0.000000 0.000000 0.000000 0.501758
 0.000000 0.000000 0.000000 0.000000 0.000000 0.000000 0.000000 0.000000 0.000000 0.000000 0.000000 0.000000 0.500001 0.000000 0.000000 0.000000 0.499999 0.000000 0.000000 0.000000
 0.000000 0.000000 0.000000 0.000000 0.499995 0.000000 0.000000 0.000000 0.000000 0.000000 0.000000 0.000000 0.000000 0.000000 0.000000 0.000000 0.000000 0.500005 0.000000 0.000000
the mean of prob-rank is 1.5789473684210527
the number of false negetive edges is 0
the number of probability greater than 0 is 4.1/edge
