20
 0.000000 0.000000 0.000000 0.000000 0.000000 0.000000 0.368287 0.000000 0.000000 0.000000 0.000000 0.000000 0.000000 0.000000 0.000000 0.332968 0.000000 0.298745 0.000000 0.000000
 0.000000 0.000000 0.123913 0.000000 0.000000 0.000000 0.297523 0.000000 0.000000 0.000000 0.000000 0.000000 0.311807 0.000000 0.000000 0.266756 0.000000 0.000000 0.000000 0.000000
 0.000000 0.161217 0.000000 0.420038 0.000000 0.000000 0.000000 0.000000 0.000000 0.000000 0.000000 0.000000 0.000000 0.000000 0.000000 0.000000 0.418745 0.000000 0.000000 0.000000
 0.000000 0.000000 0.498283 0.000000 0.000000 0.000000 0.000000 0.498278 0.000000 0.000000 0.000000 0.000000 0.000000 0.000000 0.000000 0.000000 0.003439 0.000000 0.000000 0.000000
 0.000000 0.000000 0.000000 0.000000 0.000000 0.248294 0.000000 0.000000 0.000000 0.000000 0.000000 0.000000 0.375795 0.000000 0.000000 0.000000 0.375911 0.000000 0.000000 0.000000
 0.000000 0.000000 0.000000 0.000000 0.251608 0.000000 0.000000 0.000000 0.000000 0.000000 0.000000 0.381515 0.000010 0.000000 0.000000 0.000000 0.000000 0.355766 0.011102 0.000000
 0.356702 0.328746 0.000000 0.000000 0.000000 0.000000 0.000000 0.000000 0.000000 0.000000 0.000000 0.000000 0.000000 0.000000 0.000000 0.314552 0.000000 0.000000 0.000000 0.000000
 0.000000 0.000000 0.000000 0.499996 0.000000 0.000000 0.000000 0.000000 0.000000 0.000000 0.000000 0.000000 0.000000 0.000000 0.500004 0.000000 0.000000 0.000000 0.000000 0.000000
 0.000000 0.000000 0.000000 0.000000 0.000000 0.000000 0.000000 0.000000 0.000000 0.500000 0.000000 0.000000 0.000000 0.500000 0.000000 0.000000 0.000000 0.000000 0.000000 0.000000
 0.000000 0.000000 0.000000 0.000000 0.000000 0.000000 0.000000 0.000000 0.500006 0.000000 0.000000 0.000000 0.000000 0.000000 0.000000 0.000000 0.000000 0.000000 0.499994 0.000000
 0.000000 0.000000 0.000000 0.000000 0.000000 0.000000 0.000000 0.000000 0.000000 0.000000 0.000000 0.000000 0.000000 0.500000 0.000000 0.000000 0.000000 0.000000 0.000000 0.500000
 0.000000 0.000000 0.000000 0.000000 0.000000 0.497445 0.000000 0.000000 0.000000 0.000000 0.000000 0.000000 0.000000 0.000000 0.000000 0.000000 0.000000 0.004857 0.497697 0.000000
 0.000000 0.362998 0.000000 0.000000 0.374966 0.000010 0.000000 0.000000 0.000000 0.000000 0.000000 0.000000 0.000000 0.000000 0.000000 0.000000 0.000286 0.261741 0.000000 0.000000
 0.000000 0.000000 0.000000 0.000000 0.000000 0.000000 0.000000 0.000000 0.500000 0.000000 0.500000 0.000000 0.000000 0.000000 0.000000 0.000000 0.000000 0.000000 0.000000 0.000000
 0.000000 0.000000 0.000000 0.000000 0.000000 0.000000 0.000000 0.500000 0.000000 0.000000 0.000000 0.000000 0.000000 0.000000 0.000000 0.000000 0.000000 0.000000 0.000000 0.500000
 0.253295 0.231505 0.000000 0.000000 0.000000 0.000000 0.247057 0.000000 0.000000 0.000000 0.000000 0.000000 0.000000 0.000000 0.000000 0.000000 0.000000 0.268143 0.000000 0.000000
 0.000000 0.000000 0.497828 0.003447 0.498345 0.000000 0.000000 0.000000 0.000000 0.000000 0.000000 0.000000 0.000380 0.000000 0.000000 0.000000 0.000000 0.000000 0.000000 0.000000
 0.238119 0.000000 0.000000 0.000000 0.000000 0.273618 0.000000 0.000000 0.000000 0.000000 0.000000 0.002865 0.204442 0.000000 0.000000 0.280955 0.000000 0.000000 0.000000 0.000000
 0.000000 0.000000 0.000000 0.000000 0.000000 0.014334 0.000000 0.000000 0.000000 0.492827 0.000000 0.492839 0.000000 0.000000 0.000000 0.000000 0.000000 0.000000 0.000000 0.000000
 0.000000 0.000000 0.000000 0.000000 0.000000 0.000000 0.000000 0.000000 0.000000 0.000000 0.500000 0.000000 0.000000 0.000000 0.500000 0.000000 0.000000 0.000000 0.000000 0.000000
the mean of prob-rank is 1.5789473684210527
the number of false negetive edges is 0
the number of probability greater than 0 is 3.1/edge
