20
 0.000000 0.000000 0.000000 0.000000 0.485384 0.000000 0.000000 0.000000 0.000000 0.000000 0.000000 0.485715 0.000000 0.000000 0.000000 0.000000 0.000000 0.028900 0.000000 0.000000
 0.000000 0.000000 0.000000 0.000000 0.000000 0.000000 0.000000 0.000000 0.461560 0.000000 0.000000 0.000000 0.000000 0.000000 0.462680 0.000000 0.000000 0.000000 0.075749 0.000011
 0.000000 0.000000 0.000000 0.000000 0.092352 0.000000 0.000000 0.000000 0.000000 0.451869 0.000000 0.000000 0.455779 0.000000 0.000000 0.000000 0.000000 0.000000 0.000000 0.000000
 0.000000 0.000000 0.000000 0.000000 0.000000 0.000000 0.000000 0.000000 0.000000 0.000000 0.000000 0.000000 0.000000 0.000000 0.000716 0.499640 0.000000 0.000000 0.000000 0.499644
 0.453851 0.000000 0.092015 0.000000 0.000000 0.000000 0.000000 0.000000 0.000000 0.454134 0.000000 0.000000 0.000000 0.000000 0.000000 0.000000 0.000000 0.000000 0.000000 0.000000
 0.000000 0.000000 0.000000 0.000000 0.000000 0.000000 0.499949 0.499895 0.000000 0.000156 0.000000 0.000000 0.000000 0.000000 0.000000 0.000000 0.000000 0.000000 0.000000 0.000000
 0.000000 0.000000 0.000000 0.000000 0.000000 0.500000 0.000000 0.000000 0.000000 0.000000 0.000000 0.000000 0.000000 0.500000 0.000000 0.000000 0.000000 0.000000 0.000000 0.000000
 0.000000 0.000000 0.000000 0.000000 0.000000 0.499972 0.000000 0.000000 0.000000 0.000000 0.000000 0.000000 0.500026 0.000002 0.000000 0.000000 0.000000 0.000000 0.000000 0.000000
 0.000000 0.382508 0.000000 0.000000 0.000000 0.000000 0.000000 0.000000 0.000000 0.000000 0.000000 0.000000 0.000000 0.000000 0.000000 0.000000 0.000000 0.234058 0.383435 0.000000
 0.000000 0.000000 0.482586 0.000000 0.486783 0.000151 0.000000 0.000000 0.000000 0.000000 0.000000 0.000000 0.030480 0.000000 0.000000 0.000000 0.000000 0.000000 0.000000 0.000000
 0.000000 0.000000 0.000000 0.000000 0.000000 0.000000 0.000000 0.000000 0.000000 0.000000 0.000000 0.000000 0.000000 0.000000 0.000000 0.499997 0.500003 0.000000 0.000000 0.000000
 0.500312 0.000000 0.000000 0.000000 0.000000 0.000001 0.000000 0.000000 0.000000 0.000000 0.000000 0.000000 0.000000 0.000000 0.000000 0.000000 0.000000 0.499687 0.000000 0.000000
 0.000000 0.000000 0.484757 0.000000 0.000000 0.000000 0.000000 0.484889 0.000000 0.030354 0.000000 0.000000 0.000000 0.000000 0.000000 0.000000 0.000000 0.000000 0.000000 0.000000
 0.000000 0.000000 0.000000 0.000000 0.000000 0.000000 0.500006 0.000002 0.000000 0.000000 0.000000 0.000000 0.000000 0.000000 0.000000 0.000000 0.499992 0.000000 0.000000 0.000000
 0.000000 0.485587 0.000000 0.000696 0.000000 0.000000 0.000000 0.000000 0.000000 0.000000 0.000000 0.000000 0.000000 0.000000 0.000000 0.000000 0.000000 0.000000 0.028168 0.485548
 0.000000 0.000000 0.000000 0.499999 0.000000 0.000000 0.000000 0.000000 0.000000 0.000000 0.499995 0.000000 0.000000 0.000000 0.000000 0.000000 0.000000 0.000000 0.000000 0.000006
 0.000000 0.000000 0.000000 0.000000 0.000000 0.000000 0.000000 0.000000 0.000000 0.000000 0.500007 0.000000 0.000000 0.499993 0.000000 0.000000 0.000000 0.000000 0.000000 0.000000
 0.022406 0.000000 0.000000 0.000000 0.000000 0.000000 0.000000 0.000000 0.229912 0.000000 0.000000 0.376107 0.000000 0.000000 0.000000 0.000000 0.000000 0.000000 0.371575 0.000000
 0.000000 0.074139 0.000000 0.000000 0.000000 0.000000 0.000000 0.000000 0.452843 0.000000 0.000000 0.000000 0.000000 0.000000 0.026269 0.000000 0.000000 0.446750 0.000000 0.000000
 0.000000 0.000012 0.000000 0.500011 0.000000 0.000000 0.000000 0.000000 0.000000 0.000000 0.000000 0.000000 0.000000 0.000000 0.499971 0.000006 0.000000 0.000000 0.000000 0.000000
the mean of prob-rank is 1.4210526315789473
the number of false negetive edges is 0
the number of probability greater than 0 is 3.1/edge
