20
 0.000000 0.000000 0.000000 0.000000 0.000000 0.356361 0.000000 0.000000 0.240564 0.000000 0.000000 0.356593 0.003113 0.000001 0.000000 0.000000 0.000000 0.000000 0.043368 0.000000
 0.000000 0.000000 0.000000 0.500000 0.000000 0.000000 0.000000 0.500000 0.000000 0.000000 0.000000 0.000000 0.000000 0.000000 0.000000 0.000000 0.000000 0.000000 0.000000 0.000000
 0.000000 0.000000 0.000000 0.000000 0.000000 0.000000 0.000000 0.000000 0.000000 0.499996 0.000000 0.000000 0.000000 0.000000 0.000000 0.500004 0.000000 0.000000 0.000000 0.000000
 0.000000 0.500001 0.000000 0.000000 0.000000 0.000000 0.000000 0.000000 0.000000 0.000000 0.000000 0.000000 0.000000 0.000000 0.000000 0.499999 0.000000 0.000000 0.000000 0.000000
 0.000000 0.000000 0.000000 0.000000 0.000000 0.000000 0.500000 0.500000 0.000000 0.000000 0.000000 0.000000 0.000000 0.000000 0.000000 0.000000 0.000000 0.000000 0.000000 0.000000
 0.379877 0.000000 0.000000 0.000000 0.000000 0.000000 0.000000 0.000000 0.014246 0.000000 0.023111 0.147642 0.000000 0.055869 0.000000 0.000000 0.000000 0.000000 0.379256 0.000000
 0.000000 0.000000 0.000000 0.000000 0.436875 0.000000 0.000000 0.000000 0.000000 0.000000 0.000000 0.000000 0.000000 0.429979 0.000000 0.000000 0.000000 0.000000 0.133146 0.000000
 0.000000 0.500000 0.000000 0.000000 0.500000 0.000000 0.000000 0.000000 0.000000 0.000000 0.000000 0.000000 0.000000 0.000000 0.000000 0.000000 0.000000 0.000000 0.000000 0.000000
 0.167394 0.000000 0.000000 0.000000 0.000000 0.009299 0.000000 0.000000 0.000000 0.000000 0.164822 0.238204 0.077416 0.097646 0.000000 0.000000 0.238190 0.000000 0.007028 0.000000
 0.000000 0.000000 0.499996 0.000000 0.000000 0.000000 0.000000 0.000000 0.000000 0.000000 0.000000 0.000000 0.000000 0.000000 0.500004 0.000000 0.000000 0.000000 0.000000 0.000000
 0.000000 0.000000 0.000000 0.000000 0.000000 0.022572 0.000000 0.000000 0.246614 0.000000 0.000000 0.000000 0.000000 0.371334 0.000000 0.000000 0.000000 0.000000 0.359480 0.000000
 0.331132 0.000000 0.000000 0.000000 0.000000 0.128614 0.000000 0.000000 0.317883 0.000000 0.000000 0.000000 0.222092 0.000000 0.000000 0.000000 0.000000 0.000000 0.000279 0.000000
 0.002930 0.000000 0.000000 0.000000 0.000000 0.000000 0.000000 0.000000 0.104700 0.000000 0.000000 0.225075 0.000000 0.000000 0.000000 0.000000 0.335596 0.000000 0.000000 0.331699
 0.000001 0.000000 0.000000 0.000000 0.000000 0.051439 0.344526 0.000000 0.137729 0.000000 0.350052 0.000000 0.000000 0.000000 0.000000 0.000000 0.000000 0.000000 0.116253 0.000000
 0.000000 0.000000 0.000000 0.000000 0.000000 0.000000 0.000000 0.000000 0.000000 0.499143 0.000000 0.000000 0.000000 0.000000 0.000000 0.000000 0.001715 0.499143 0.000000 0.000000
 0.000000 0.000000 0.500001 0.499999 0.000000 0.000000 0.000000 0.000000 0.000000 0.000000 0.000000 0.000000 0.000000 0.000000 0.000000 0.000000 0.000000 0.000000 0.000000 0.000000
 0.000000 0.000000 0.000000 0.000000 0.000000 0.000000 0.000000 0.000000 0.408396 0.000000 0.000000 0.000000 0.425461 0.000000 0.001462 0.000000 0.000000 0.000002 0.000000 0.164678
 0.000000 0.000000 0.000000 0.000000 0.000000 0.000000 0.000000 0.000000 0.000000 0.000000 0.000000 0.000000 0.000000 0.000000 0.500016 0.000000 0.000002 0.000000 0.000000 0.499982
 0.044164 0.000000 0.000000 0.000000 0.000000 0.362312 0.110695 0.000000 0.010286 0.000000 0.351615 0.000306 0.000000 0.120623 0.000000 0.000000 0.000000 0.000000 0.000000 0.000000
 0.000000 0.000000 0.000000 0.000000 0.000000 0.000000 0.000000 0.000000 0.000000 0.000000 0.000000 0.000000 0.416073 0.000000 0.000000 0.000000 0.162936 0.420991 0.000000 0.000000
the mean of prob-rank is 1.5263157894736843
the number of false negetive edges is 0
the number of probability greater than 0 is 3.8/edge
