20
 0.000000 0.000000 0.000000 0.139771 0.000000 0.000000 0.000000 0.000000 0.429447 0.000000 0.000000 0.000000 0.000000 0.000000 0.000000 0.000000 0.000000 0.000000 0.430782 0.000000
 0.000000 0.000000 0.000000 0.000000 0.000000 0.000000 0.000000 0.500000 0.000000 0.500000 0.000000 0.000000 0.000000 0.000000 0.000000 0.000000 0.000000 0.000000 0.000000 0.000000
 0.000000 0.000000 0.000000 0.000000 0.000000 0.000000 0.499059 0.000000 0.000000 0.000000 0.000000 0.001889 0.000000 0.000000 0.000000 0.000000 0.499052 0.000000 0.000000 0.000000
 0.139848 0.000000 0.000000 0.000000 0.000000 0.000001 0.000000 0.000000 0.000245 0.000000 0.000000 0.000000 0.000000 0.000000 0.000000 0.431021 0.000000 0.000000 0.428885 0.000000
 0.000000 0.000000 0.000000 0.000000 0.000000 0.331630 0.000000 0.000000 0.000187 0.000000 0.347840 0.000000 0.000000 0.055812 0.257016 0.000000 0.000000 0.000000 0.000000 0.007516
 0.000000 0.000000 0.000000 0.000001 0.333193 0.000000 0.000000 0.000000 0.348147 0.000000 0.033875 0.000000 0.000000 0.000000 0.138663 0.000000 0.000000 0.000000 0.000000 0.146121
 0.000000 0.000000 0.476890 0.000000 0.000000 0.000000 0.000000 0.000000 0.000000 0.000000 0.000000 0.000000 0.476492 0.000000 0.000000 0.000000 0.001650 0.000000 0.044968 0.000000
 0.000000 0.500006 0.000000 0.000000 0.000000 0.000000 0.000000 0.000000 0.000000 0.000000 0.000000 0.000000 0.000000 0.000000 0.000000 0.000000 0.000000 0.499994 0.000000 0.000000
 0.360396 0.000000 0.000000 0.000206 0.000194 0.360134 0.000000 0.000000 0.000000 0.000000 0.000005 0.000000 0.000000 0.000000 0.000031 0.000000 0.000000 0.014761 0.213658 0.050615
 0.000000 0.500000 0.000000 0.000000 0.000000 0.000000 0.000000 0.000000 0.000000 0.000000 0.000000 0.500000 0.000000 0.000000 0.000000 0.000000 0.000000 0.000000 0.000000 0.000000
 0.000000 0.000000 0.000000 0.000000 0.391735 0.037971 0.000000 0.000000 0.000005 0.000000 0.000000 0.000000 0.000000 0.008517 0.373686 0.000000 0.000000 0.000000 0.000000 0.188085
 0.000000 0.000000 0.001889 0.000000 0.000000 0.000000 0.000000 0.000000 0.000000 0.499058 0.000000 0.000000 0.000000 0.000000 0.000000 0.000000 0.499053 0.000000 0.000000 0.000000
 0.000000 0.000000 0.000000 0.000000 0.000000 0.000000 0.488094 0.000000 0.000000 0.000000 0.000000 0.000000 0.000000 0.488502 0.000000 0.023404 0.000000 0.000000 0.000000 0.000000
 0.000000 0.000000 0.000000 0.000000 0.073649 0.000000 0.000000 0.000000 0.000000 0.000000 0.009980 0.000000 0.459010 0.000000 0.000000 0.457361 0.000000 0.000000 0.000000 0.000000
 0.000000 0.000000 0.000000 0.000000 0.239745 0.128738 0.000000 0.000000 0.000028 0.000000 0.309516 0.000000 0.000000 0.000000 0.000000 0.000000 0.000000 0.000161 0.000000 0.321812
 0.000000 0.000000 0.000000 0.489162 0.000000 0.000000 0.000000 0.000000 0.000000 0.000000 0.000000 0.000000 0.023435 0.487403 0.000000 0.000000 0.000000 0.000000 0.000000 0.000000
 0.000000 0.000000 0.499131 0.000000 0.000000 0.000000 0.001726 0.000000 0.000000 0.000000 0.000000 0.499133 0.000000 0.000000 0.000000 0.000000 0.000000 0.000000 0.000010 0.000000
 0.000000 0.000000 0.000000 0.000000 0.000000 0.000000 0.000000 0.489885 0.020003 0.000000 0.000000 0.000000 0.000000 0.000000 0.000244 0.000000 0.000000 0.000000 0.000000 0.489868
 0.373083 0.000000 0.000000 0.371234 0.000000 0.000000 0.035180 0.000000 0.220495 0.000000 0.000000 0.000000 0.000000 0.000000 0.000000 0.000000 0.000007 0.000000 0.000000 0.000000
 0.000000 0.000000 0.000000 0.000000 0.007080 0.137012 0.000000 0.000000 0.045880 0.000000 0.157337 0.000000 0.000000 0.000000 0.325014 0.000000 0.000000 0.327676 0.000000 0.000000
the mean of prob-rank is 1.5263157894736843
the number of false negetive edges is 0
the number of probability greater than 0 is 4.2/edge
