20
 0.000000 0.000000 0.000000 0.000002 0.000000 0.499807 0.000000 0.000000 0.500192 0.000000 0.000000 0.000000 0.000000 0.000000 0.000000 0.000000 0.000000 0.000000 0.000000 0.000000
 0.000000 0.000000 0.000000 0.000000 0.000000 0.000000 0.433134 0.434582 0.000000 0.000000 0.000000 0.000000 0.000000 0.000000 0.000000 0.000000 0.000000 0.000000 0.132284 0.000000
 0.000000 0.000000 0.000000 0.000000 0.000000 0.000000 0.000000 0.000000 0.000000 0.000000 0.000000 0.000000 0.500000 0.000000 0.500000 0.000000 0.000000 0.000000 0.000000 0.000000
 0.000001 0.000000 0.000000 0.000000 0.000000 0.369440 0.000000 0.000000 0.252165 0.000000 0.000000 0.000000 0.000000 0.000000 0.000000 0.000000 0.378394 0.000000 0.000000 0.000000
 0.000000 0.000000 0.000000 0.000000 0.000000 0.000000 0.000000 0.000000 0.000000 0.000000 0.000000 0.500001 0.000000 0.499999 0.000000 0.000000 0.000000 0.000000 0.000000 0.000000
 0.354698 0.000000 0.000000 0.346581 0.000000 0.000000 0.000000 0.000000 0.000108 0.000000 0.000000 0.000000 0.000000 0.298613 0.000000 0.000000 0.000000 0.000000 0.000000 0.000000
 0.000000 0.303803 0.000000 0.000000 0.000000 0.000000 0.000000 0.000001 0.000000 0.274911 0.000000 0.000000 0.000000 0.000000 0.000000 0.000000 0.214586 0.000000 0.006164 0.200535
 0.000000 0.499999 0.000000 0.000000 0.000000 0.000000 0.000002 0.000000 0.000000 0.000000 0.000000 0.000000 0.000000 0.000000 0.000000 0.000000 0.000000 0.000000 0.000000 0.499999
 0.379648 0.000000 0.000000 0.253008 0.000000 0.000115 0.000000 0.000000 0.000000 0.000000 0.000000 0.000000 0.000000 0.367229 0.000000 0.000000 0.000000 0.000000 0.000000 0.000000
 0.000000 0.000000 0.000000 0.000000 0.000000 0.000000 0.323111 0.000000 0.000000 0.000000 0.000000 0.000000 0.000000 0.000000 0.000000 0.318628 0.000000 0.000000 0.358261 0.000000
 0.000000 0.000000 0.000000 0.000000 0.000000 0.000000 0.000000 0.000000 0.000000 0.000000 0.000000 0.500000 0.000000 0.000000 0.000000 0.000000 0.000000 0.500000 0.000000 0.000000
 0.000000 0.000000 0.000000 0.000000 0.500000 0.000000 0.000000 0.000000 0.000000 0.000000 0.500000 0.000000 0.000000 0.000000 0.000000 0.000000 0.000000 0.000000 0.000000 0.000000
 0.000000 0.000000 0.500017 0.000000 0.000000 0.000000 0.000000 0.000000 0.000000 0.000000 0.000000 0.000000 0.000000 0.000000 0.000000 0.499982 0.000000 0.000001 0.000000 0.000000
 0.000000 0.000000 0.000000 0.000000 0.356066 0.299525 0.000000 0.000000 0.344409 0.000000 0.000000 0.000000 0.000000 0.000000 0.000000 0.000000 0.000000 0.000000 0.000000 0.000000
 0.000000 0.000000 0.500000 0.000000 0.000000 0.000000 0.000000 0.000000 0.000000 0.000000 0.000000 0.000000 0.000000 0.000000 0.000000 0.000002 0.000000 0.499999 0.000000 0.000000
 0.000000 0.000000 0.000000 0.000000 0.000000 0.000000 0.000000 0.000000 0.000000 0.309214 0.000000 0.000000 0.347652 0.000000 0.000001 0.000000 0.000000 0.000000 0.343133 0.000000
 0.000000 0.000000 0.000000 0.371754 0.000000 0.000000 0.261707 0.000000 0.000000 0.000000 0.000000 0.000000 0.000000 0.000000 0.000000 0.000000 0.000000 0.000000 0.000000 0.366538
 0.000000 0.000000 0.000000 0.000000 0.000000 0.000000 0.000000 0.000000 0.000000 0.000000 0.500000 0.000000 0.000001 0.000000 0.499999 0.000000 0.000000 0.000000 0.000000 0.000000
 0.000000 0.131683 0.000000 0.000000 0.000000 0.000000 0.008748 0.000000 0.000000 0.432611 0.000000 0.000000 0.000000 0.000000 0.000000 0.426957 0.000000 0.000000 0.000000 0.000000
 0.000000 0.000000 0.000000 0.000000 0.000000 0.000000 0.248835 0.378236 0.000000 0.000000 0.000000 0.000000 0.000000 0.000000 0.000000 0.000000 0.372928 0.000000 0.000000 0.000000
the mean of prob-rank is 1.6842105263157894
the number of false negetive edges is 0
the number of probability greater than 0 is 3.2/edge
