20
 0.000000 0.000000 0.000000 0.494151 0.000000 0.000000 0.000000 0.000000 0.000000 0.000000 0.494164 0.011684 0.000000 0.000000 0.000000 0.000000 0.000001 0.000000 0.000000 0.000000
 0.000000 0.000000 0.456943 0.000000 0.000000 0.000000 0.000000 0.000000 0.458859 0.044153 0.000000 0.000000 0.000000 0.000000 0.040045 0.000000 0.000000 0.000000 0.000000 0.000000
 0.000000 0.466512 0.000000 0.000000 0.000000 0.000000 0.000000 0.019362 0.045659 0.000000 0.000000 0.000000 0.000000 0.000000 0.468468 0.000000 0.000000 0.000000 0.000000 0.000000
 0.486940 0.000000 0.000000 0.000000 0.000000 0.000000 0.000000 0.000000 0.000000 0.000000 0.022888 0.486927 0.000000 0.000000 0.000000 0.003246 0.000000 0.000000 0.000000 0.000000
 0.000000 0.000000 0.000000 0.000000 0.000000 0.499691 0.499691 0.000000 0.000000 0.000000 0.000000 0.000000 0.000000 0.000000 0.000000 0.000000 0.000000 0.000000 0.000618 0.000000
 0.000000 0.000000 0.000000 0.000000 0.500000 0.000000 0.000000 0.000000 0.000000 0.000000 0.000000 0.000000 0.000000 0.000000 0.000000 0.000000 0.000000 0.500000 0.000000 0.000000
 0.000000 0.000000 0.000000 0.000000 0.494627 0.000000 0.000000 0.010777 0.000000 0.000000 0.000000 0.000000 0.000000 0.000000 0.000000 0.000000 0.000000 0.000000 0.494596 0.000000
 0.000000 0.000000 0.020478 0.000000 0.000000 0.000000 0.010796 0.000000 0.473240 0.000000 0.000000 0.000000 0.000000 0.000000 0.000000 0.000000 0.000000 0.000000 0.495487 0.000000
 0.000000 0.432697 0.042172 0.000000 0.000000 0.000000 0.000000 0.413269 0.000000 0.109983 0.000000 0.000000 0.000000 0.000000 0.001880 0.000000 0.000000 0.000000 0.000000 0.000000
 0.000000 0.041065 0.000000 0.000000 0.000000 0.000000 0.000000 0.000000 0.108475 0.000000 0.000000 0.000000 0.000000 0.000000 0.423697 0.000000 0.000000 0.000000 0.000000 0.426764
 0.488825 0.000000 0.000000 0.022976 0.000000 0.000000 0.000000 0.000000 0.000000 0.000000 0.000000 0.000000 0.000000 0.000000 0.000000 0.488199 0.000000 0.000000 0.000000 0.000000
 0.011684 0.000000 0.000000 0.494144 0.000000 0.000000 0.000000 0.000000 0.000000 0.000000 0.000000 0.000000 0.000000 0.000000 0.000000 0.000000 0.494171 0.000000 0.000000 0.000000
 0.000000 0.000000 0.000000 0.000000 0.000000 0.000000 0.000000 0.000000 0.000000 0.000000 0.000000 0.000000 0.000000 0.500001 0.000000 0.000000 0.000000 0.000000 0.000000 0.499999
 0.000000 0.000000 0.000000 0.000000 0.000000 0.000000 0.000000 0.000000 0.000000 0.000000 0.000000 0.000000 0.500001 0.000000 0.000000 0.000000 0.499999 0.000000 0.000000 0.000000
 0.000000 0.041869 0.479748 0.000000 0.000000 0.000000 0.000000 0.000000 0.002084 0.476299 0.000000 0.000000 0.000000 0.000000 0.000000 0.000000 0.000000 0.000000 0.000000 0.000000
 0.000000 0.000000 0.000000 0.003324 0.000000 0.000000 0.000000 0.000000 0.000000 0.000000 0.498019 0.000000 0.000000 0.000000 0.000000 0.000000 0.000000 0.498657 0.000000 0.000000
 0.000001 0.000000 0.000000 0.000000 0.000000 0.000000 0.000000 0.000000 0.000000 0.000000 0.000000 0.500001 0.000000 0.499998 0.000000 0.000000 0.000000 0.000000 0.000000 0.000000
 0.000000 0.000000 0.000000 0.000000 0.000000 0.500000 0.000000 0.000000 0.000000 0.000000 0.000000 0.000000 0.000000 0.000000 0.000000 0.500000 0.000000 0.000000 0.000000 0.000000
 0.000000 0.000000 0.000000 0.000000 0.000618 0.000000 0.499675 0.499707 0.000000 0.000000 0.000000 0.000000 0.000000 0.000000 0.000000 0.000000 0.000000 0.000000 0.000000 0.000000
 0.000000 0.000000 0.000000 0.000000 0.000000 0.000000 0.000000 0.000000 0.000000 0.500001 0.000000 0.000000 0.499999 0.000000 0.000000 0.000000 0.000000 0.000000 0.000000 0.000000
the mean of prob-rank is 1.5263157894736843
the number of false negetive edges is 0
the number of probability greater than 0 is 3.2/edge
