20
 0.000000 0.499993 0.000000 0.000000 0.000000 0.000014 0.000000 0.000000 0.000000 0.000000 0.000000 0.000000 0.000000 0.000000 0.000000 0.499993 0.000000 0.000000 0.000000 0.000000
 0.500000 0.000000 0.000000 0.000000 0.000000 0.500000 0.000000 0.000000 0.000000 0.000000 0.000000 0.000000 0.000000 0.000000 0.000000 0.000000 0.000000 0.000000 0.000000 0.000000
 0.000000 0.000000 0.000000 0.000000 0.000000 0.000000 0.000000 0.000000 0.000000 0.000000 0.000000 0.000000 0.000000 0.004805 0.000000 0.000000 0.497645 0.000000 0.497550 0.000000
 0.000000 0.000000 0.000000 0.000000 0.000000 0.000000 0.343861 0.000000 0.000000 0.366911 0.248366 0.000000 0.000000 0.000000 0.000000 0.000000 0.000000 0.000000 0.040862 0.000000
 0.000000 0.000000 0.000000 0.000000 0.000000 0.499971 0.000000 0.000000 0.000002 0.000000 0.000000 0.000000 0.000065 0.000000 0.000000 0.000000 0.000000 0.499962 0.000000 0.000000
 0.000014 0.499993 0.000000 0.000000 0.499994 0.000000 0.000000 0.000000 0.000000 0.000000 0.000000 0.000000 0.000000 0.000000 0.000000 0.000000 0.000000 0.000000 0.000000 0.000000
 0.000000 0.000000 0.000000 0.340715 0.000000 0.000000 0.000000 0.000000 0.000000 0.295730 0.000000 0.000000 0.000000 0.000000 0.000000 0.000000 0.000000 0.000000 0.000000 0.363555
 0.000000 0.000000 0.000000 0.000000 0.000000 0.000000 0.000000 0.000000 0.000000 0.000000 0.000000 0.000000 0.012869 0.000000 0.000000 0.493566 0.000000 0.000000 0.000000 0.493566
 0.000000 0.000000 0.000000 0.000000 0.000002 0.000000 0.000000 0.000000 0.000000 0.000000 0.000000 0.494419 0.494179 0.000000 0.000000 0.000000 0.000000 0.011400 0.000000 0.000000
 0.000000 0.000000 0.000000 0.356132 0.000000 0.000000 0.289692 0.000000 0.000000 0.000000 0.354176 0.000000 0.000000 0.000000 0.000000 0.000000 0.000000 0.000000 0.000000 0.000000
 0.000000 0.000000 0.000000 0.253391 0.000000 0.000000 0.000000 0.000000 0.000000 0.372276 0.000000 0.000000 0.000000 0.000000 0.000000 0.000000 0.000000 0.000000 0.374333 0.000000
 0.000000 0.000000 0.000000 0.000000 0.000000 0.000000 0.000000 0.000000 0.499979 0.000000 0.000000 0.000000 0.000000 0.000042 0.499979 0.000000 0.000000 0.000000 0.000000 0.000000
 0.000000 0.000000 0.000000 0.000000 0.000064 0.000000 0.000000 0.012871 0.493456 0.000000 0.000000 0.000000 0.000000 0.000000 0.000000 0.000000 0.000000 0.493609 0.000000 0.000000
 0.000000 0.000000 0.004806 0.000000 0.000000 0.000000 0.000000 0.000000 0.000000 0.000000 0.000000 0.000042 0.000000 0.000000 0.497684 0.000000 0.497469 0.000000 0.000000 0.000000
 0.000000 0.000000 0.000000 0.000000 0.000000 0.000000 0.000000 0.000000 0.000000 0.000000 0.000000 0.500000 0.000000 0.500000 0.000000 0.000000 0.000000 0.000000 0.000000 0.000000
 0.499742 0.000000 0.000000 0.000000 0.000000 0.000000 0.000000 0.499691 0.000000 0.000000 0.000000 0.000000 0.000000 0.000000 0.000000 0.000000 0.000000 0.000000 0.000000 0.000567
 0.000000 0.000000 0.495018 0.000000 0.000000 0.000000 0.000000 0.000000 0.000000 0.000000 0.000000 0.000000 0.000000 0.494804 0.000000 0.000000 0.000000 0.000000 0.010178 0.000000
 0.000000 0.000000 0.000000 0.000000 0.494340 0.000000 0.000000 0.000000 0.011398 0.000000 0.000000 0.000000 0.494262 0.000000 0.000000 0.000000 0.000000 0.000000 0.000000 0.000000
 0.000000 0.000000 0.469011 0.052243 0.000000 0.000000 0.000000 0.000000 0.000000 0.000000 0.469101 0.000000 0.000000 0.000000 0.000000 0.000000 0.009646 0.000000 0.000000 0.000000
 0.000000 0.000000 0.000000 0.000000 0.000000 0.000000 0.499742 0.499691 0.000000 0.000000 0.000000 0.000000 0.000000 0.000000 0.000000 0.000567 0.000000 0.000000 0.000000 0.000000
the mean of prob-rank is 1.736842105263158
the number of false negetive edges is 0
the number of probability greater than 0 is 3.2/edge
