20
 0.000000 0.498941 0.000000 0.000000 0.000000 0.000000 0.000000 0.000000 0.000000 0.000000 0.000000 0.000000 0.000000 0.498952 0.000000 0.002107 0.000000 0.000000 0.000000 0.000000
 0.499993 0.000000 0.000000 0.000000 0.000000 0.000000 0.000000 0.000003 0.000000 0.000000 0.000000 0.000000 0.000000 0.000000 0.000000 0.500003 0.000000 0.000000 0.000000 0.000000
 0.000000 0.000000 0.000000 0.498727 0.498645 0.000000 0.000000 0.000000 0.000000 0.000000 0.000000 0.000000 0.000547 0.000000 0.000000 0.000000 0.001122 0.000000 0.000959 0.000000
 0.000000 0.000000 0.499961 0.000000 0.000000 0.000000 0.000000 0.000000 0.000000 0.000000 0.000000 0.000000 0.000000 0.000000 0.000000 0.000000 0.000000 0.000053 0.499986 0.000000
 0.000000 0.000000 0.498777 0.000000 0.000000 0.000021 0.002340 0.000000 0.000000 0.000000 0.000000 0.000000 0.000000 0.000000 0.000000 0.000000 0.000000 0.000000 0.000000 0.498861
 0.000000 0.000000 0.000000 0.000000 0.000021 0.000000 0.499940 0.000000 0.500039 0.000000 0.000000 0.000000 0.000000 0.000000 0.000000 0.000000 0.000000 0.000000 0.000000 0.000000
 0.000000 0.000000 0.000000 0.000000 0.002340 0.498780 0.000000 0.000000 0.000000 0.000000 0.000000 0.000000 0.000000 0.000000 0.000000 0.000000 0.498879 0.000000 0.000000 0.000000
 0.000000 0.000003 0.000000 0.000000 0.000000 0.000000 0.000000 0.000000 0.000000 0.000000 0.499069 0.000000 0.000000 0.000000 0.000000 0.499051 0.000000 0.001877 0.000000 0.000000
 0.000000 0.000000 0.000000 0.000000 0.000000 0.500000 0.000000 0.000000 0.000000 0.000000 0.000000 0.000000 0.000000 0.000000 0.500000 0.000000 0.000000 0.000000 0.000000 0.000000
 0.000000 0.000000 0.000000 0.000000 0.000000 0.000000 0.000000 0.000000 0.000000 0.000000 0.000000 0.500000 0.500000 0.000000 0.000000 0.000000 0.000000 0.000000 0.000000 0.000000
 0.000000 0.000000 0.000000 0.000000 0.000000 0.000000 0.000000 0.499465 0.000000 0.000000 0.000000 0.000000 0.000000 0.000000 0.000000 0.000001 0.000000 0.499461 0.000000 0.001074
 0.000000 0.000000 0.000000 0.000000 0.000000 0.000000 0.000000 0.000000 0.000000 0.500000 0.000000 0.000000 0.000000 0.500000 0.000000 0.000000 0.000000 0.000000 0.000000 0.000000
 0.000000 0.000000 0.000537 0.000000 0.000000 0.000000 0.000000 0.000000 0.000000 0.489475 0.000000 0.000000 0.000000 0.000000 0.000000 0.000000 0.489464 0.000000 0.020525 0.000000
 0.500000 0.000000 0.000000 0.000000 0.000000 0.000000 0.000000 0.000000 0.000000 0.000000 0.000000 0.500000 0.000000 0.000000 0.000000 0.000000 0.000000 0.000000 0.000000 0.000000
 0.000000 0.000000 0.000000 0.000000 0.000000 0.000000 0.000000 0.000000 0.500000 0.000000 0.000000 0.000000 0.000000 0.000000 0.000000 0.000000 0.000000 0.000000 0.000000 0.500000
 0.002092 0.495427 0.000000 0.000000 0.000000 0.000000 0.000000 0.495410 0.000000 0.000000 0.000001 0.000000 0.000000 0.000000 0.000000 0.000000 0.000000 0.007070 0.000000 0.000000
 0.000000 0.000000 0.001123 0.000000 0.000000 0.000000 0.499444 0.000000 0.000000 0.000000 0.000000 0.000000 0.499433 0.000000 0.000000 0.000000 0.000000 0.000000 0.000000 0.000000
 0.000000 0.000000 0.000000 0.000053 0.000000 0.000000 0.000000 0.001864 0.000000 0.000000 0.495667 0.000000 0.000000 0.000000 0.000000 0.007073 0.000000 0.000000 0.495343 0.000000
 0.000000 0.000000 0.000941 0.489430 0.000000 0.000000 0.000000 0.000000 0.000000 0.000000 0.000000 0.000000 0.020523 0.000000 0.000000 0.000000 0.000000 0.489105 0.000000 0.000000
 0.000000 0.000000 0.000000 0.000000 0.499452 0.000000 0.000000 0.000000 0.000000 0.000000 0.001074 0.000000 0.000000 0.000000 0.499475 0.000000 0.000000 0.000000 0.000000 0.000000
the mean of prob-rank is 1.4736842105263157
the number of false negetive edges is 0
the number of probability greater than 0 is 3.2/edge
