20
 0.000000 0.000002 0.000000 0.000000 0.500020 0.000000 0.000000 0.000000 0.000000 0.000000 0.000000 0.000000 0.000000 0.499978 0.000000 0.000000 0.000000 0.000000 0.000000 0.000000
 0.000002 0.000000 0.000000 0.000000 0.000000 0.496065 0.000000 0.495930 0.000000 0.000000 0.006344 0.000000 0.000000 0.000000 0.000000 0.000000 0.000000 0.000000 0.001496 0.000162
 0.000000 0.000000 0.000000 0.499988 0.000000 0.000000 0.000000 0.000000 0.000000 0.000000 0.000000 0.000000 0.000000 0.000000 0.500011 0.000000 0.000000 0.000000 0.000000 0.000000
 0.000000 0.000000 0.499987 0.000000 0.000000 0.000000 0.000000 0.000000 0.000000 0.000000 0.000000 0.000000 0.000000 0.000000 0.000000 0.000000 0.000000 0.500013 0.000000 0.000000
 0.500000 0.000000 0.000000 0.000000 0.000000 0.000000 0.000000 0.000000 0.000000 0.000000 0.000000 0.000000 0.000000 0.000000 0.000000 0.000000 0.000000 0.000000 0.000000 0.500000
 0.000000 0.498866 0.000000 0.000000 0.000000 0.000000 0.000000 0.000000 0.000000 0.498933 0.002200 0.000000 0.000000 0.000000 0.000000 0.000000 0.000001 0.000000 0.000000 0.000000
 0.000000 0.000000 0.000000 0.000000 0.000000 0.000000 0.000000 0.000000 0.155273 0.000000 0.000010 0.284451 0.002425 0.000046 0.258868 0.298923 0.000000 0.000000 0.000004 0.000000
 0.000000 0.449907 0.000000 0.000000 0.000000 0.000000 0.000000 0.000000 0.000000 0.000000 0.100723 0.000000 0.000000 0.000000 0.000000 0.000000 0.000000 0.000000 0.449370 0.000000
 0.000000 0.000000 0.000000 0.000000 0.000000 0.000000 0.193795 0.000000 0.000000 0.000000 0.002807 0.373608 0.042232 0.000000 0.000000 0.016692 0.370867 0.000000 0.000000 0.000000
 0.000000 0.000000 0.000000 0.000000 0.000000 0.500002 0.000000 0.000000 0.000000 0.000000 0.000000 0.000000 0.000000 0.000000 0.000000 0.000000 0.000000 0.000000 0.000000 0.499998
 0.000000 0.004332 0.000000 0.000000 0.000000 0.001494 0.000011 0.075821 0.002545 0.000000 0.000000 0.000000 0.000000 0.000000 0.000000 0.286280 0.312885 0.000000 0.316631 0.000000
 0.000000 0.000000 0.000000 0.000000 0.000000 0.000000 0.300918 0.000000 0.316672 0.000000 0.000000 0.000000 0.302991 0.000000 0.000000 0.079419 0.000001 0.000000 0.000000 0.000000
 0.000000 0.000000 0.000000 0.000000 0.000000 0.000000 0.002749 0.000000 0.038346 0.000000 0.000000 0.324567 0.000000 0.000000 0.326312 0.000000 0.308026 0.000000 0.000000 0.000000
 0.499940 0.000000 0.000000 0.000000 0.000000 0.000000 0.000077 0.000000 0.000000 0.000000 0.000000 0.000000 0.000000 0.000000 0.000000 0.000000 0.000000 0.499982 0.000000 0.000000
 0.000000 0.000000 0.353789 0.000000 0.000000 0.000000 0.305921 0.000000 0.000000 0.000000 0.000000 0.000000 0.340290 0.000000 0.000000 0.000000 0.000000 0.000000 0.000000 0.000000
 0.000000 0.000000 0.000000 0.000000 0.000000 0.000000 0.332424 0.000000 0.014873 0.000000 0.281303 0.083486 0.000000 0.000000 0.000000 0.000000 0.000000 0.000000 0.287914 0.000000
 0.000000 0.000000 0.000000 0.000000 0.000000 0.000001 0.000000 0.000000 0.351477 0.000000 0.327010 0.000001 0.321512 0.000000 0.000000 0.000000 0.000000 0.000000 0.000000 0.000000
 0.000000 0.000000 0.000000 0.500000 0.000000 0.000000 0.000000 0.000000 0.000000 0.000000 0.000000 0.000000 0.000000 0.500000 0.000000 0.000000 0.000000 0.000000 0.000000 0.000000
 0.000000 0.001077 0.000000 0.000000 0.000000 0.000000 0.000005 0.356476 0.000000 0.000000 0.333668 0.000000 0.000000 0.000000 0.000000 0.308774 0.000000 0.000000 0.000000 0.000000
 0.000000 0.000164 0.000000 0.000000 0.499920 0.000000 0.000000 0.000000 0.000000 0.499916 0.000000 0.000000 0.000000 0.000000 0.000000 0.000000 0.000000 0.000000 0.000000 0.000000
the mean of prob-rank is 1.6842105263157894
the number of false negetive edges is 0
the number of probability greater than 0 is 3.9/edge
