20
 0.000000 0.000000 0.000000 0.000000 0.000000 0.000000 0.497762 0.000000 0.000000 0.004476 0.000000 0.497762 0.000000 0.000000 0.000000 0.000000 0.000000 0.000000 0.000000 0.000000
 0.000000 0.000000 0.456791 0.000000 0.000000 0.000096 0.000000 0.000000 0.000000 0.000000 0.000000 0.000000 0.000000 0.000000 0.089201 0.000000 0.453911 0.000000 0.000000 0.000000
 0.000000 0.492384 0.000000 0.015630 0.000000 0.000000 0.000000 0.000000 0.000000 0.000000 0.000000 0.000000 0.000000 0.000000 0.491946 0.000000 0.000040 0.000000 0.000000 0.000000
 0.000000 0.000000 0.015489 0.000000 0.000000 0.000000 0.009139 0.000000 0.000001 0.000000 0.000000 0.000000 0.487920 0.000000 0.487451 0.000000 0.000000 0.000000 0.000000 0.000000
 0.000000 0.000000 0.000000 0.000000 0.000000 0.000000 0.000064 0.000000 0.000000 0.000000 0.000000 0.000000 0.000000 0.000000 0.000000 0.474064 0.000000 0.475200 0.050671 0.000000
 0.000000 0.000103 0.000000 0.000000 0.000000 0.000000 0.000000 0.486210 0.000000 0.000000 0.000000 0.000000 0.000000 0.000000 0.026287 0.000000 0.487306 0.000000 0.000008 0.000086
 0.494359 0.000000 0.000000 0.009260 0.000067 0.000000 0.000000 0.000000 0.000000 0.000000 0.000000 0.000000 0.000000 0.000000 0.000000 0.000000 0.000000 0.002058 0.000000 0.494257
 0.000000 0.000000 0.000000 0.000000 0.000000 0.475410 0.000000 0.000000 0.000000 0.000000 0.476482 0.000000 0.000000 0.000000 0.000000 0.000000 0.048107 0.000000 0.000000 0.000000
 0.000000 0.000000 0.000000 0.000001 0.000000 0.000000 0.000000 0.000000 0.000000 0.000000 0.000000 0.499999 0.500000 0.000000 0.000000 0.000000 0.000000 0.000000 0.000000 0.000000
 0.004476 0.000000 0.000000 0.000000 0.000000 0.000000 0.000000 0.000000 0.000000 0.000000 0.000000 0.000000 0.000000 0.497778 0.000000 0.497746 0.000000 0.000000 0.000000 0.000000
 0.000000 0.000000 0.000000 0.000000 0.000000 0.000000 0.000000 0.499954 0.000000 0.000000 0.000000 0.000000 0.000000 0.499943 0.000000 0.000103 0.000000 0.000000 0.000000 0.000000
 0.500000 0.000000 0.000000 0.000000 0.000000 0.000000 0.000000 0.000000 0.499999 0.000000 0.000000 0.000000 0.000000 0.000000 0.000000 0.000000 0.000000 0.000000 0.000000 0.000000
 0.000000 0.000000 0.000000 0.500000 0.000000 0.000000 0.000000 0.000000 0.499999 0.000000 0.000000 0.000000 0.000000 0.000000 0.000000 0.000000 0.000000 0.000000 0.000000 0.000000
 0.000000 0.000000 0.000000 0.000000 0.000000 0.000000 0.000000 0.000000 0.000000 0.492997 0.493004 0.000000 0.000000 0.000000 0.000000 0.013999 0.000000 0.000000 0.000000 0.000000
 0.000000 0.086842 0.444318 0.444287 0.000000 0.023989 0.000000 0.000000 0.000000 0.000000 0.000000 0.000000 0.000000 0.000000 0.000000 0.000000 0.000000 0.000000 0.000000 0.000563
 0.000000 0.000000 0.000000 0.000000 0.456579 0.000000 0.000000 0.000000 0.000000 0.457672 0.000095 0.000000 0.000000 0.012997 0.000000 0.000000 0.000000 0.072658 0.000000 0.000000
 0.000000 0.474376 0.000039 0.000000 0.000000 0.477387 0.000000 0.048199 0.000000 0.000000 0.000000 0.000000 0.000000 0.000000 0.000000 0.000000 0.000000 0.000000 0.000000 0.000000
 0.000000 0.000000 0.000000 0.000000 0.462357 0.000000 0.001925 0.000000 0.000000 0.000000 0.000000 0.000000 0.000000 0.000000 0.000000 0.073401 0.000000 0.000000 0.462032 0.000284
 0.000000 0.000000 0.000000 0.000000 0.050632 0.000008 0.000000 0.000000 0.000000 0.000000 0.000000 0.000000 0.000000 0.000000 0.000000 0.000000 0.000000 0.474494 0.000000 0.474866
 0.000000 0.000000 0.000000 0.000000 0.000000 0.000089 0.499439 0.000000 0.000000 0.000000 0.000000 0.000000 0.000000 0.000000 0.000632 0.000000 0.000000 0.000307 0.499532 0.000000
the mean of prob-rank is 1.5789473684210527
the number of false negetive edges is 0
the number of probability greater than 0 is 3.9/edge
