20
 0.000000 0.000000 0.000001 0.000000 0.228699 0.000000 0.000000 0.051970 0.000000 0.000000 0.373180 0.000000 0.345152 0.000000 0.000000 0.000002 0.000000 0.000000 0.000997 0.000000
 0.000000 0.000000 0.000000 0.000000 0.000001 0.000000 0.142980 0.256154 0.000000 0.319828 0.000000 0.000000 0.000000 0.281037 0.000000 0.000000 0.000000 0.000000 0.000000 0.000000
 0.000001 0.000000 0.000000 0.000000 0.319007 0.000000 0.000000 0.000000 0.000000 0.000000 0.015116 0.288702 0.000000 0.000096 0.000000 0.080417 0.000000 0.296661 0.000000 0.000000
 0.000000 0.000000 0.000000 0.000000 0.000000 0.196092 0.000028 0.000000 0.166644 0.000000 0.000000 0.214961 0.000000 0.000000 0.000000 0.000000 0.227108 0.003805 0.000000 0.191362
 0.156755 0.000001 0.255806 0.000000 0.000000 0.000000 0.000000 0.242726 0.000000 0.000009 0.115797 0.164773 0.000000 0.041750 0.000000 0.006771 0.000000 0.015613 0.000000 0.000000
 0.000000 0.000000 0.000000 0.222492 0.000000 0.000000 0.228932 0.000000 0.000000 0.000000 0.000000 0.077659 0.000000 0.197871 0.000000 0.000000 0.008409 0.000000 0.000000 0.264637
 0.000000 0.113945 0.000000 0.000031 0.000000 0.219391 0.000000 0.000000 0.000000 0.238000 0.000000 0.000005 0.000000 0.194529 0.000000 0.000000 0.000013 0.000000 0.000000 0.234086
 0.048432 0.278561 0.000000 0.000000 0.330022 0.000000 0.000000 0.000000 0.000000 0.000000 0.342984 0.000000 0.000000 0.000000 0.000000 0.000000 0.000000 0.000000 0.000000 0.000000
 0.000000 0.000000 0.000000 0.211345 0.000000 0.000000 0.000000 0.000000 0.000000 0.000000 0.000000 0.000000 0.000000 0.000000 0.247133 0.000000 0.297284 0.244238 0.000000 0.000000
 0.000000 0.369467 0.000000 0.000000 0.000013 0.000000 0.344998 0.000000 0.000000 0.000000 0.000000 0.000000 0.000000 0.285522 0.000000 0.000000 0.000000 0.000000 0.000000 0.000000
 0.402202 0.000000 0.019060 0.000000 0.182081 0.000000 0.000000 0.396658 0.000000 0.000000 0.000000 0.000000 0.000000 0.000000 0.000000 0.000000 0.000000 0.000000 0.000000 0.000000
 0.000000 0.000000 0.231610 0.234692 0.164849 0.074726 0.000005 0.000000 0.000000 0.000000 0.000000 0.000000 0.000000 0.246107 0.000000 0.000000 0.000000 0.048011 0.000000 0.000000
 0.326404 0.000000 0.000000 0.000000 0.000000 0.000000 0.000000 0.000000 0.000000 0.000000 0.000000 0.000000 0.000000 0.000000 0.000000 0.320393 0.000000 0.000478 0.352725 0.000000
 0.000000 0.205122 0.000070 0.000000 0.038099 0.173669 0.178161 0.000000 0.000000 0.180397 0.000000 0.224481 0.000000 0.000000 0.000000 0.000000 0.000000 0.000000 0.000000 0.000000
 0.000000 0.000000 0.000000 0.000000 0.000000 0.000000 0.000000 0.000000 0.294528 0.000000 0.000000 0.000000 0.000000 0.000000 0.000000 0.331267 0.000000 0.019907 0.354298 0.000000
 0.000001 0.000000 0.080762 0.000000 0.008480 0.000000 0.000000 0.000000 0.000000 0.000000 0.000000 0.000000 0.290834 0.000000 0.299548 0.000000 0.000000 0.320375 0.000000 0.000000
 0.000000 0.000000 0.000000 0.344627 0.000000 0.011246 0.000019 0.000000 0.355702 0.000000 0.000000 0.000000 0.000000 0.000000 0.000000 0.000000 0.000000 0.000000 0.000000 0.288407
 0.000000 0.000000 0.302530 0.005280 0.019855 0.000000 0.000000 0.000000 0.267270 0.000000 0.000000 0.061029 0.000440 0.000000 0.018279 0.325317 0.000000 0.000000 0.000000 0.000000
 0.001334 0.000000 0.000000 0.000000 0.000000 0.000000 0.000000 0.000000 0.000000 0.000000 0.000000 0.000000 0.499184 0.000000 0.499482 0.000000 0.000000 0.000000 0.000000 0.000000
 0.000000 0.000000 0.000000 0.230574 0.000000 0.281027 0.259396 0.000000 0.000000 0.000000 0.000000 0.000000 0.000000 0.000000 0.000000 0.000000 0.229004 0.000000 0.000000 0.000000
the mean of prob-rank is 1.631578947368421
the number of false negetive edges is 0
the number of probability greater than 0 is 5.55/edge
