20
 0.000000 0.324895 0.000000 0.000000 0.000000 0.000000 0.000000 0.000000 0.000000 0.000000 0.000000 0.000000 0.000000 0.000000 0.000018 0.251977 0.063971 0.000000 0.000000 0.359139
 0.328537 0.000000 0.000000 0.000000 0.000000 0.000000 0.000000 0.000000 0.000000 0.000000 0.000000 0.000000 0.000000 0.000000 0.000000 0.363182 0.308282 0.000000 0.000000 0.000000
 0.000000 0.000000 0.000000 0.000000 0.000020 0.000000 0.000000 0.000000 0.000000 0.000000 0.370546 0.000000 0.037754 0.002653 0.221818 0.000000 0.000000 0.367208 0.000000 0.000000
 0.000000 0.000000 0.000000 0.000000 0.000000 0.000000 0.000000 0.000000 0.000000 0.499999 0.000000 0.000000 0.000000 0.000000 0.000000 0.000000 0.000000 0.000000 0.000000 0.500001
 0.000000 0.000000 0.000020 0.000000 0.000000 0.000000 0.357767 0.240500 0.000000 0.000000 0.000000 0.000000 0.041627 0.000000 0.000001 0.000000 0.000000 0.360086 0.000000 0.000000
 0.000000 0.000000 0.000000 0.000000 0.000000 0.000000 0.000000 0.000000 0.500000 0.000000 0.000000 0.000000 0.000000 0.500000 0.000000 0.000000 0.000000 0.000000 0.000000 0.000000
 0.000000 0.000000 0.000000 0.000000 0.399656 0.000000 0.000000 0.020137 0.000000 0.000000 0.000000 0.403369 0.000005 0.000000 0.000000 0.000000 0.000000 0.000000 0.176833 0.000000
 0.000000 0.000000 0.000000 0.000000 0.248508 0.000000 0.018627 0.000000 0.000000 0.000000 0.000000 0.372200 0.000000 0.000000 0.360665 0.000000 0.000000 0.000000 0.000000 0.000000
 0.000000 0.000000 0.000000 0.000000 0.000000 0.500000 0.000000 0.000000 0.000000 0.500000 0.000000 0.000000 0.000000 0.000000 0.000000 0.000000 0.000000 0.000000 0.000000 0.000000
 0.000000 0.000000 0.000000 0.499999 0.000000 0.000000 0.000000 0.000000 0.500001 0.000000 0.000000 0.000000 0.000000 0.000000 0.000000 0.000000 0.000000 0.000000 0.000000 0.000000
 0.000000 0.000000 0.494353 0.000000 0.000000 0.000000 0.000000 0.000000 0.000000 0.000000 0.000000 0.000000 0.494352 0.000010 0.000000 0.000000 0.000000 0.011285 0.000000 0.000000
 0.000000 0.000000 0.000000 0.000000 0.000000 0.000000 0.496358 0.495143 0.000000 0.000000 0.000000 0.000000 0.000000 0.000000 0.000022 0.008477 0.000000 0.000000 0.000000 0.000000
 0.000000 0.000000 0.042586 0.000000 0.048183 0.000000 0.000005 0.000000 0.000000 0.000000 0.417970 0.000000 0.000000 0.000058 0.000034 0.000000 0.000000 0.073584 0.417579 0.000000
 0.000000 0.000000 0.003568 0.000000 0.000000 0.498337 0.000000 0.000000 0.000000 0.000000 0.000010 0.000000 0.000069 0.000000 0.000000 0.000000 0.000000 0.000000 0.498016 0.000000
 0.000018 0.000000 0.221254 0.000000 0.000001 0.000000 0.000000 0.357269 0.000000 0.000000 0.000000 0.000017 0.000030 0.000000 0.000000 0.013893 0.364175 0.043345 0.000000 0.000000
 0.258260 0.368112 0.000000 0.000000 0.000000 0.000000 0.000000 0.000000 0.000000 0.000000 0.000000 0.006287 0.000000 0.000000 0.013837 0.000000 0.353447 0.000000 0.000000 0.000058
 0.059923 0.285570 0.000000 0.000000 0.000000 0.000000 0.000000 0.000000 0.000000 0.000000 0.000000 0.000000 0.000000 0.000000 0.331484 0.323023 0.000000 0.000000 0.000000 0.000000
 0.000000 0.000000 0.430051 0.000000 0.432750 0.000000 0.000000 0.000000 0.000000 0.000000 0.009906 0.000000 0.076399 0.000000 0.050893 0.000000 0.000000 0.000000 0.000000 0.000000
 0.000000 0.000000 0.000000 0.000000 0.000000 0.000000 0.179902 0.000000 0.000000 0.000000 0.000000 0.000000 0.409989 0.410109 0.000000 0.000000 0.000000 0.000000 0.000000 0.000000
 0.499950 0.000000 0.000000 0.499972 0.000000 0.000000 0.000000 0.000000 0.000000 0.000000 0.000000 0.000000 0.000000 0.000000 0.000000 0.000078 0.000000 0.000000 0.000000 0.000000
the mean of prob-rank is 1.4736842105263157
the number of false negetive edges is 0
the number of probability greater than 0 is 4.3/edge
