20
 0.000000 0.000000 0.068497 0.000000 0.000000 0.000000 0.349615 0.000000 0.232138 0.002285 0.000000 0.000000 0.347465 0.000000 0.000000 0.000000 0.000000 0.000000 0.000000 0.000000
 0.000000 0.000000 0.000000 0.000000 0.500000 0.000000 0.500000 0.000000 0.000000 0.000000 0.000000 0.000000 0.000000 0.000000 0.000000 0.000000 0.000000 0.000000 0.000000 0.000000
 0.069111 0.000000 0.000000 0.000000 0.000000 0.000000 0.000000 0.000000 0.000000 0.352748 0.310019 0.000000 0.000000 0.000000 0.000000 0.000000 0.268122 0.000000 0.000000 0.000000
 0.000000 0.000000 0.000000 0.000000 0.000000 0.000033 0.000000 0.000000 0.000000 0.000000 0.000000 0.000004 0.000000 0.131017 0.029758 0.421401 0.000000 0.000000 0.000005 0.417781
 0.000000 0.500001 0.000000 0.000000 0.000000 0.499999 0.000000 0.000000 0.000000 0.000000 0.000000 0.000000 0.000000 0.000000 0.000000 0.000000 0.000000 0.000000 0.000000 0.000000
 0.000000 0.000000 0.000000 0.000040 0.499952 0.000000 0.000000 0.000000 0.000000 0.000000 0.000000 0.499954 0.000000 0.000000 0.000054 0.000000 0.000000 0.000000 0.000000 0.000000
 0.500000 0.500000 0.000000 0.000000 0.000000 0.000000 0.000000 0.000000 0.000000 0.000000 0.000000 0.000000 0.000000 0.000000 0.000000 0.000000 0.000000 0.000000 0.000000 0.000000
 0.000000 0.000000 0.000000 0.000000 0.000000 0.000000 0.000000 0.000000 0.000000 0.000000 0.000000 0.000000 0.000000 0.000000 0.000000 0.000607 0.002425 0.498148 0.498455 0.000364
 0.257117 0.000000 0.000000 0.000000 0.000000 0.000000 0.000000 0.000000 0.000000 0.355649 0.000000 0.000000 0.387234 0.000000 0.000000 0.000000 0.000000 0.000000 0.000000 0.000000
 0.002427 0.000000 0.371310 0.000000 0.000000 0.000000 0.000000 0.000000 0.341026 0.000000 0.000000 0.000000 0.285237 0.000000 0.000000 0.000000 0.000000 0.000000 0.000000 0.000000
 0.000000 0.000000 0.312836 0.000000 0.000000 0.000000 0.000000 0.000000 0.000000 0.000000 0.000000 0.000000 0.000000 0.000000 0.000000 0.000000 0.355951 0.331213 0.000000 0.000000
 0.000000 0.000000 0.000000 0.000004 0.000000 0.423834 0.000000 0.000000 0.000000 0.000000 0.000000 0.000000 0.000000 0.096881 0.423798 0.000000 0.000000 0.000000 0.000000 0.055484
 0.341650 0.000000 0.000000 0.000000 0.000000 0.000000 0.000000 0.000000 0.343763 0.264074 0.000000 0.000000 0.000000 0.000000 0.000000 0.000000 0.000000 0.050362 0.000152 0.000000
 0.000000 0.000000 0.000000 0.122913 0.000000 0.000000 0.000000 0.000000 0.000000 0.000000 0.000000 0.090374 0.000000 0.000000 0.392152 0.000000 0.000000 0.000000 0.000000 0.394561
 0.000000 0.000000 0.000000 0.026801 0.000000 0.000041 0.000000 0.000000 0.000000 0.000000 0.000000 0.379533 0.000000 0.376478 0.000000 0.000000 0.000000 0.000000 0.000000 0.217147
 0.000000 0.000000 0.000000 0.499675 0.000000 0.000000 0.000000 0.000609 0.000000 0.000000 0.000000 0.000000 0.000000 0.000000 0.000000 0.000000 0.000000 0.000000 0.499717 0.000000
 0.000000 0.000000 0.287139 0.000000 0.000000 0.000000 0.000000 0.001838 0.000000 0.000000 0.377764 0.000000 0.000000 0.000000 0.000000 0.000000 0.000000 0.333259 0.000000 0.000000
 0.000000 0.000000 0.000000 0.000000 0.000000 0.000000 0.000000 0.337790 0.000000 0.000000 0.314510 0.000000 0.049518 0.000000 0.000000 0.000000 0.298181 0.000000 0.000000 0.000000
 0.000000 0.000000 0.000000 0.000006 0.000000 0.000000 0.000000 0.499881 0.000000 0.000000 0.000000 0.000000 0.000220 0.000000 0.000000 0.499893 0.000000 0.000000 0.000000 0.000000
 0.000000 0.000000 0.000000 0.368110 0.000000 0.000000 0.000000 0.000271 0.000000 0.000000 0.000000 0.048610 0.000000 0.370573 0.212436 0.000000 0.000000 0.000000 0.000000 0.000000
the mean of prob-rank is 1.6842105263157894
the number of false negetive edges is 0
the number of probability greater than 0 is 4.0/edge
