20
 0.000000 0.000000 0.000000 0.005195 0.000000 0.000001 0.000000 0.036333 0.000000 0.002795 0.000000 0.328115 0.000000 0.000000 0.000000 0.338350 0.000000 0.000000 0.000000 0.289211
 0.000000 0.000000 0.000000 0.000000 0.000000 0.016013 0.000000 0.000000 0.403507 0.000000 0.000000 0.000000 0.000001 0.000000 0.175852 0.000000 0.000000 0.000000 0.404628 0.000000
 0.000000 0.000000 0.000000 0.000000 0.384397 0.000000 0.385281 0.230322 0.000000 0.000000 0.000000 0.000000 0.000000 0.000000 0.000000 0.000000 0.000000 0.000000 0.000000 0.000000
 0.003677 0.000000 0.000000 0.000000 0.000000 0.000000 0.000000 0.226741 0.000000 0.157316 0.000000 0.000000 0.000000 0.225745 0.000000 0.217793 0.000000 0.000000 0.000000 0.168728
 0.000000 0.000000 0.463519 0.000000 0.000000 0.000000 0.000000 0.071871 0.464610 0.000000 0.000000 0.000000 0.000000 0.000000 0.000000 0.000000 0.000000 0.000000 0.000000 0.000000
 0.000001 0.014273 0.000000 0.000000 0.000000 0.000000 0.000000 0.022950 0.000000 0.000000 0.000000 0.129954 0.000001 0.000000 0.357575 0.000000 0.109603 0.000000 0.357850 0.007793
 0.000000 0.000000 0.497438 0.000000 0.000000 0.000000 0.000000 0.005094 0.000000 0.000000 0.497466 0.000000 0.000000 0.000000 0.000000 0.000000 0.000000 0.000001 0.000000 0.000000
 0.029156 0.000000 0.162306 0.257091 0.042001 0.017278 0.002780 0.000000 0.000006 0.260482 0.000000 0.000000 0.000000 0.102811 0.000000 0.001954 0.000000 0.000000 0.093873 0.030260
 0.000000 0.460850 0.000000 0.000000 0.462130 0.000000 0.000000 0.000010 0.000000 0.000000 0.000000 0.000000 0.000000 0.000000 0.000000 0.000000 0.000000 0.000000 0.077010 0.000000
 0.003146 0.000000 0.000000 0.250230 0.000000 0.000000 0.000000 0.365416 0.000000 0.000000 0.000000 0.000000 0.000000 0.000000 0.000000 0.000365 0.000000 0.000000 0.000000 0.380842
 0.000000 0.000000 0.000000 0.000000 0.000000 0.000000 0.499972 0.000000 0.000000 0.000000 0.000000 0.000000 0.000000 0.000060 0.000000 0.000000 0.000000 0.499968 0.000000 0.000000
 0.318497 0.000000 0.000000 0.000000 0.000000 0.118347 0.000000 0.000000 0.000000 0.000000 0.000000 0.000000 0.000000 0.000000 0.000000 0.240138 0.323019 0.000000 0.000000 0.000000
 0.000000 0.000001 0.000000 0.000000 0.000000 0.000001 0.000000 0.000000 0.000000 0.000000 0.000000 0.000000 0.000000 0.000000 0.499999 0.000000 0.499999 0.000000 0.000000 0.000000
 0.000000 0.000000 0.000000 0.406079 0.000000 0.000000 0.000000 0.163108 0.000000 0.000000 0.000052 0.000000 0.000000 0.000000 0.000000 0.000000 0.000000 0.430761 0.000000 0.000000
 0.000000 0.178920 0.000000 0.000000 0.000000 0.408174 0.000000 0.000000 0.000000 0.000000 0.000000 0.000000 0.411688 0.000000 0.000000 0.000000 0.000000 0.000000 0.001218 0.000000
 0.284832 0.000000 0.000000 0.259059 0.000000 0.000000 0.000000 0.002049 0.000000 0.000273 0.000000 0.208259 0.000000 0.000000 0.000000 0.000000 0.000000 0.000000 0.000000 0.245526
 0.000000 0.000000 0.000000 0.000000 0.000000 0.132859 0.000000 0.000000 0.000000 0.000000 0.000000 0.429963 0.437177 0.000000 0.000000 0.000000 0.000000 0.000000 0.000000 0.000000
 0.000000 0.000000 0.000000 0.000000 0.000000 0.000000 0.000001 0.000000 0.000000 0.000000 0.499997 0.000000 0.000000 0.500001 0.000000 0.000000 0.000000 0.000000 0.000000 0.000000
 0.000000 0.398794 0.000000 0.000000 0.000000 0.395695 0.000000 0.137876 0.066455 0.000000 0.000000 0.000000 0.000000 0.000000 0.001180 0.000000 0.000000 0.000000 0.000000 0.000000
 0.240487 0.000000 0.000000 0.198243 0.000000 0.006079 0.000000 0.031356 0.000000 0.281312 0.000000 0.000000 0.000000 0.000000 0.000000 0.242523 0.000000 0.000000 0.000000 0.000000
the mean of prob-rank is 1.368421052631579
the number of false negetive edges is 0
the number of probability greater than 0 is 4.8/edge
