20
 0.000000 0.000000 0.000000 0.000000 0.000000 0.333120 0.000000 0.000000 0.318731 0.294971 0.000000 0.051157 0.002018 0.000000 0.000000 0.000000 0.000000 0.000000 0.000003 0.000000
 0.000000 0.000000 0.000000 0.000000 0.000000 0.000000 0.000000 0.000000 0.000000 0.014302 0.000000 0.000000 0.388874 0.000000 0.000000 0.219325 0.377499 0.000000 0.000000 0.000000
 0.000000 0.000000 0.000000 0.000000 0.000000 0.000000 0.500000 0.000000 0.000000 0.000000 0.000000 0.000000 0.000000 0.000000 0.000000 0.000000 0.000000 0.500000 0.000000 0.000000
 0.000000 0.000000 0.000000 0.000000 0.000000 0.000000 0.000000 0.000000 0.000000 0.000000 0.000000 0.500023 0.000000 0.000000 0.000000 0.000000 0.000000 0.499966 0.000000 0.000010
 0.000000 0.000000 0.000000 0.000000 0.000000 0.000000 0.000000 0.000000 0.000000 0.000005 0.000000 0.000000 0.000000 0.499999 0.499996 0.000000 0.000000 0.000000 0.000000 0.000000
 0.350687 0.000000 0.000000 0.000000 0.000000 0.000000 0.000000 0.000000 0.324697 0.324616 0.000000 0.000000 0.000000 0.000000 0.000000 0.000000 0.000000 0.000000 0.000000 0.000000
 0.000000 0.000000 0.500000 0.000000 0.000000 0.000000 0.000000 0.000000 0.000000 0.000000 0.000000 0.000000 0.000000 0.500000 0.000000 0.000000 0.000000 0.000000 0.000000 0.000000
 0.000000 0.000000 0.000000 0.000000 0.000000 0.000000 0.000000 0.000000 0.000000 0.000000 0.000000 0.493624 0.000000 0.000000 0.000000 0.000000 0.000000 0.011890 0.000000 0.494487
 0.331318 0.000000 0.000000 0.000000 0.000000 0.320612 0.000000 0.000000 0.000000 0.001538 0.000000 0.000000 0.000000 0.000000 0.000000 0.000000 0.000000 0.000000 0.346531 0.000000
 0.310357 0.012899 0.000000 0.000000 0.000003 0.324439 0.000000 0.000000 0.001557 0.000000 0.000000 0.000000 0.350744 0.000000 0.000000 0.000000 0.000000 0.000000 0.000000 0.000000
 0.000000 0.000000 0.000000 0.000000 0.000000 0.000000 0.000000 0.000000 0.000000 0.000000 0.000000 0.000000 0.000000 0.000000 0.451859 0.451180 0.096961 0.000000 0.000000 0.000000
 0.071245 0.000000 0.000000 0.464268 0.000000 0.000000 0.000000 0.463458 0.000000 0.000000 0.000000 0.000000 0.000000 0.000000 0.000000 0.000000 0.000000 0.000076 0.000032 0.000921
 0.002913 0.481314 0.000000 0.000000 0.000000 0.000000 0.000000 0.000000 0.000000 0.481334 0.000000 0.000000 0.000000 0.000000 0.000000 0.000109 0.034329 0.000000 0.000000 0.000000
 0.000000 0.000000 0.000000 0.000000 0.500000 0.000000 0.500000 0.000000 0.000000 0.000000 0.000000 0.000000 0.000000 0.000000 0.000000 0.000000 0.000000 0.000000 0.000000 0.000000
 0.000000 0.000000 0.000000 0.000000 0.499998 0.000000 0.000000 0.000000 0.000000 0.000000 0.500002 0.000000 0.000000 0.000000 0.000000 0.000000 0.000000 0.000000 0.000000 0.000000
 0.000000 0.220094 0.000000 0.000000 0.000000 0.000000 0.000000 0.000000 0.000000 0.000000 0.389679 0.000000 0.000089 0.000000 0.000000 0.000000 0.390138 0.000000 0.000000 0.000000
 0.000000 0.430217 0.000000 0.000000 0.000000 0.000000 0.000000 0.000000 0.000000 0.000000 0.095106 0.000000 0.031609 0.000000 0.000000 0.443068 0.000000 0.000000 0.000000 0.000000
 0.000000 0.000000 0.494048 0.493992 0.000000 0.000000 0.000000 0.011879 0.000000 0.000000 0.000000 0.000081 0.000000 0.000000 0.000000 0.000000 0.000000 0.000000 0.000000 0.000000
 0.000005 0.000000 0.000000 0.000000 0.000000 0.000000 0.000000 0.000000 0.499991 0.000000 0.000000 0.000034 0.000000 0.000000 0.000000 0.000000 0.000000 0.000000 0.000000 0.499970
 0.000000 0.000000 0.000000 0.000010 0.000000 0.000000 0.000000 0.499510 0.000000 0.000000 0.000000 0.000991 0.000000 0.000000 0.000000 0.000000 0.000000 0.000000 0.499489 0.000000
the mean of prob-rank is 1.5263157894736843
the number of false negetive edges is 0
the number of probability greater than 0 is 3.7/edge
