20
 0.000000 0.000000 0.000000 0.027259 0.000000 0.000000 0.000000 0.487861 0.000000 0.000000 0.484873 0.000006 0.000000 0.000000 0.000000 0.000000 0.000000 0.000000 0.000000 0.000000
 0.000000 0.000000 0.359251 0.357020 0.000000 0.000000 0.000000 0.000000 0.002552 0.000000 0.000000 0.281176 0.000000 0.000000 0.000000 0.000000 0.000000 0.000000 0.000000 0.000000
 0.000000 0.296741 0.000000 0.044349 0.000000 0.000000 0.000000 0.000000 0.275169 0.273872 0.000000 0.090526 0.000000 0.000000 0.019344 0.000000 0.000000 0.000000 0.000000 0.000000
 0.016674 0.296527 0.044594 0.000000 0.000000 0.000000 0.000000 0.079332 0.040867 0.000000 0.028559 0.220581 0.000000 0.000000 0.000000 0.000000 0.000000 0.000000 0.272866 0.000000
 0.000000 0.000000 0.000000 0.000000 0.000000 0.499980 0.000000 0.000000 0.000000 0.000000 0.000000 0.000000 0.000000 0.000002 0.000000 0.000000 0.500018 0.000000 0.000000 0.000000
 0.000000 0.000000 0.000000 0.000000 0.492073 0.000000 0.015816 0.000000 0.000000 0.000000 0.000000 0.000000 0.000000 0.492110 0.000000 0.000000 0.000000 0.000000 0.000000 0.000000
 0.000000 0.000000 0.000000 0.000000 0.000000 0.011077 0.000000 0.323515 0.000000 0.000000 0.000000 0.321088 0.000000 0.344319 0.000000 0.000000 0.000000 0.000000 0.000000 0.000000
 0.372397 0.000000 0.000000 0.098999 0.000000 0.000000 0.349549 0.000000 0.000000 0.000000 0.000000 0.179055 0.000000 0.000000 0.000000 0.000000 0.000000 0.000000 0.000000 0.000000
 0.000000 0.002443 0.318860 0.047096 0.000000 0.000000 0.000000 0.000000 0.000000 0.343716 0.000000 0.000000 0.000000 0.000000 0.000000 0.000000 0.000000 0.000000 0.287885 0.000000
 0.000000 0.000000 0.287662 0.000000 0.000000 0.000000 0.000000 0.000000 0.311555 0.000000 0.000000 0.000000 0.272454 0.000000 0.000000 0.000004 0.000000 0.000000 0.128325 0.000000
 0.475634 0.000000 0.000000 0.045800 0.000000 0.000000 0.000000 0.000000 0.000000 0.000000 0.000000 0.000000 0.000000 0.000000 0.000000 0.000000 0.000000 0.000000 0.478566 0.000000
 0.000003 0.181258 0.070650 0.171204 0.000000 0.000000 0.215774 0.111365 0.000000 0.000000 0.000000 0.000000 0.000000 0.000000 0.228346 0.000000 0.000000 0.013912 0.000000 0.007486
 0.000000 0.000000 0.000000 0.000000 0.000000 0.000000 0.000000 0.000000 0.000000 0.311507 0.000000 0.000000 0.000000 0.000000 0.332095 0.356399 0.000000 0.000000 0.000000 0.000000
 0.000000 0.000000 0.000000 0.000000 0.000002 0.500243 0.499747 0.000000 0.000000 0.000000 0.000000 0.000001 0.000000 0.000000 0.000000 0.000000 0.000000 0.000007 0.000000 0.000000
 0.000000 0.000000 0.017648 0.000000 0.000000 0.000000 0.000000 0.000000 0.000000 0.000000 0.000000 0.266939 0.252297 0.000000 0.000000 0.225340 0.000000 0.000000 0.000000 0.237776
 0.000000 0.000000 0.000000 0.000000 0.000000 0.000000 0.000000 0.000000 0.000000 0.000004 0.000000 0.000000 0.364486 0.000000 0.303342 0.000000 0.000000 0.000000 0.000000 0.332168
 0.000000 0.000000 0.000000 0.000000 0.499966 0.000000 0.000000 0.000000 0.000000 0.000000 0.000000 0.000000 0.000000 0.000000 0.000000 0.000000 0.000000 0.499961 0.000000 0.000073
 0.000000 0.000000 0.000000 0.000000 0.000000 0.000000 0.000000 0.000000 0.000000 0.000000 0.000000 0.029243 0.000000 0.000007 0.000000 0.000000 0.486839 0.000000 0.000000 0.483910
 0.000000 0.000000 0.000000 0.289071 0.000000 0.000000 0.000000 0.000000 0.264647 0.130144 0.316138 0.000000 0.000000 0.000000 0.000000 0.000000 0.000000 0.000000 0.000000 0.000000
 0.000000 0.000000 0.000000 0.000000 0.000000 0.000000 0.000000 0.000000 0.000000 0.000000 0.000000 0.011478 0.000000 0.000000 0.311857 0.323633 0.000052 0.352980 0.000000 0.000000
the mean of prob-rank is 1.8421052631578947
the number of false negetive edges is 0
the number of probability greater than 0 is 4.5/edge
