20
 0.000000 0.002745 0.325899 0.000000 0.002010 0.000000 0.000000 0.000000 0.000000 0.000000 0.000000 0.327797 0.000000 0.000000 0.341549 0.000000 0.000000 0.000000 0.000000 0.000000
 0.002075 0.000000 0.000000 0.075737 0.258133 0.000000 0.000000 0.000000 0.000000 0.000000 0.205750 0.000000 0.126711 0.000000 0.107313 0.224280 0.000000 0.000000 0.000000 0.000000
 0.255679 0.000000 0.000000 0.000000 0.000000 0.000000 0.000000 0.000000 0.000000 0.000000 0.000000 0.225581 0.000000 0.000000 0.252546 0.000000 0.000000 0.000000 0.000000 0.266194
 0.000000 0.077022 0.000000 0.000000 0.255616 0.000002 0.000000 0.000029 0.242363 0.000000 0.217992 0.000000 0.000000 0.000000 0.002901 0.035589 0.000000 0.000408 0.168078 0.000000
 0.001842 0.312932 0.000000 0.304708 0.000000 0.000000 0.000000 0.000000 0.000000 0.000000 0.248822 0.000000 0.005644 0.000000 0.125572 0.000480 0.000000 0.000000 0.000000 0.000000
 0.000000 0.000000 0.000000 0.000004 0.000000 0.000000 0.000000 0.499998 0.000000 0.499998 0.000000 0.000000 0.000000 0.000000 0.000000 0.000000 0.000000 0.000000 0.000000 0.000000
 0.000000 0.000000 0.000000 0.000000 0.000000 0.000000 0.000000 0.000000 0.000000 0.000000 0.000000 0.000000 0.374931 0.000000 0.000000 0.289739 0.335329 0.000000 0.000000 0.000000
 0.000000 0.000000 0.000000 0.000056 0.000000 0.499972 0.000000 0.000000 0.000000 0.000000 0.000000 0.000000 0.000000 0.000000 0.000000 0.000000 0.000000 0.499972 0.000000 0.000000
 0.000000 0.000000 0.000000 0.253146 0.000000 0.000000 0.000000 0.000000 0.000000 0.000000 0.253919 0.000000 0.000000 0.000000 0.000000 0.000000 0.220426 0.000000 0.272508 0.000000
 0.000000 0.000000 0.000000 0.000000 0.000000 0.500000 0.000000 0.000000 0.000000 0.000000 0.000000 0.000000 0.000000 0.500000 0.000000 0.000000 0.000000 0.000000 0.000000 0.000000
 0.000000 0.197440 0.000000 0.205695 0.196960 0.000000 0.000000 0.000000 0.229390 0.000000 0.000000 0.000000 0.010881 0.000000 0.000001 0.158368 0.000002 0.000000 0.001265 0.000000
 0.334994 0.000000 0.293849 0.000000 0.000000 0.000000 0.000000 0.000000 0.000000 0.000000 0.000000 0.000000 0.343159 0.000000 0.027998 0.000000 0.000000 0.000000 0.000000 0.000000
 0.000000 0.193566 0.000000 0.000000 0.007112 0.000000 0.394327 0.000000 0.000000 0.000000 0.017321 0.387674 0.000000 0.000000 0.000000 0.000000 0.000000 0.000000 0.000000 0.000000
 0.000000 0.000000 0.000000 0.000000 0.000000 0.000000 0.000000 0.000000 0.000000 0.499999 0.000000 0.000000 0.000000 0.000000 0.000000 0.000000 0.000000 0.000000 0.000000 0.500000
 0.313577 0.130363 0.295543 0.003466 0.125831 0.000000 0.000000 0.000000 0.000000 0.000000 0.000001 0.025153 0.000000 0.000000 0.000000 0.000000 0.000000 0.000000 0.000000 0.106067
 0.000000 0.254198 0.000000 0.039663 0.000449 0.000000 0.226089 0.000000 0.000000 0.000000 0.187048 0.000000 0.000000 0.000000 0.000000 0.000000 0.292554 0.000000 0.000000 0.000000
 0.000000 0.000000 0.000000 0.000000 0.000000 0.000000 0.331466 0.000000 0.297935 0.000000 0.000003 0.000000 0.000000 0.000000 0.000000 0.370596 0.000000 0.000000 0.000000 0.000000
 0.000000 0.000000 0.000000 0.000776 0.000000 0.000000 0.000000 0.499612 0.000000 0.000000 0.000000 0.000000 0.000000 0.000000 0.000000 0.000000 0.000000 0.000000 0.499612 0.000000
 0.000000 0.000000 0.000000 0.242595 0.000000 0.000000 0.000000 0.000000 0.376569 0.000000 0.001934 0.000000 0.000000 0.000000 0.000000 0.000000 0.000000 0.378902 0.000000 0.000000
 0.000000 0.000000 0.426056 0.000000 0.000000 0.000000 0.000000 0.000000 0.000000 0.000000 0.000000 0.000000 0.000000 0.428878 0.145067 0.000000 0.000000 0.000000 0.000000 0.000000
the mean of prob-rank is 1.9473684210526316
the number of false negetive edges is 0
the number of probability greater than 0 is 4.7/edge
