20
 0.000000 0.000000 0.000000 0.000000 0.000000 0.074255 0.000000 0.000000 0.000000 0.000000 0.462474 0.000000 0.463272 0.000000 0.000000 0.000000 0.000000 0.000000 0.000000 0.000000
 0.000000 0.000000 0.000000 0.000000 0.000000 0.000000 0.000000 0.000000 0.000000 0.249105 0.252359 0.000000 0.000000 0.000000 0.000000 0.000000 0.000000 0.221039 0.277497 0.000000
 0.000000 0.000000 0.000000 0.500004 0.000000 0.000000 0.000000 0.499995 0.000000 0.000000 0.000000 0.000000 0.000000 0.000000 0.000000 0.000000 0.000000 0.000000 0.000000 0.000000
 0.000000 0.000000 0.499345 0.000000 0.000000 0.000000 0.000000 0.000000 0.000000 0.000000 0.000000 0.000000 0.000000 0.000000 0.497325 0.000000 0.003329 0.000000 0.000000 0.000000
 0.000000 0.000000 0.000000 0.000000 0.000000 0.000000 0.000000 0.000000 0.000163 0.000000 0.000000 0.499835 0.000000 0.000000 0.000031 0.000000 0.499972 0.000000 0.000000 0.000000
 0.074281 0.000000 0.000000 0.000000 0.000000 0.000000 0.000000 0.000000 0.000000 0.000000 0.000000 0.000000 0.462282 0.463436 0.000000 0.000000 0.000000 0.000000 0.000000 0.000000
 0.000000 0.000000 0.000000 0.000000 0.000000 0.000000 0.000000 0.500000 0.000000 0.000000 0.000000 0.000000 0.000000 0.500000 0.000000 0.000000 0.000000 0.000000 0.000000 0.000000
 0.000000 0.000000 0.499996 0.000000 0.000000 0.000000 0.500004 0.000000 0.000000 0.000000 0.000000 0.000000 0.000000 0.000000 0.000000 0.000000 0.000000 0.000000 0.000000 0.000000
 0.000000 0.000000 0.000000 0.000000 0.000163 0.000000 0.000000 0.000000 0.000000 0.000000 0.000000 0.000004 0.000000 0.000000 0.000000 0.499943 0.499891 0.000000 0.000000 0.000000
 0.000000 0.242350 0.000000 0.000000 0.000000 0.000000 0.000000 0.000000 0.000000 0.000000 0.265276 0.000000 0.000000 0.000000 0.000000 0.000000 0.000000 0.229922 0.262453 0.000000
 0.334159 0.304413 0.000000 0.000000 0.000000 0.000000 0.000000 0.000000 0.000000 0.328914 0.000000 0.000000 0.000000 0.000000 0.000000 0.000000 0.000000 0.000000 0.032514 0.000000
 0.000000 0.000000 0.000000 0.000000 0.499924 0.000000 0.000000 0.000000 0.000004 0.000000 0.000000 0.000000 0.000000 0.000000 0.500072 0.000000 0.000001 0.000000 0.000000 0.000000
 0.500622 0.000000 0.000000 0.000000 0.000000 0.499376 0.000000 0.000000 0.000000 0.000000 0.000000 0.000000 0.000000 0.000000 0.000002 0.000000 0.000000 0.000000 0.000000 0.000000
 0.000000 0.000000 0.000000 0.000000 0.000000 0.500000 0.500000 0.000000 0.000000 0.000000 0.000000 0.000000 0.000000 0.000000 0.000000 0.000000 0.000000 0.000000 0.000000 0.000000
 0.000000 0.000000 0.000000 0.498969 0.000031 0.000000 0.000000 0.000000 0.000000 0.000000 0.000000 0.500996 0.000002 0.000000 0.000000 0.000000 0.000001 0.000000 0.000000 0.000000
 0.000000 0.000000 0.000000 0.000000 0.000000 0.000000 0.000000 0.000000 0.500000 0.000000 0.000000 0.000000 0.000000 0.000000 0.000000 0.000000 0.000000 0.000000 0.000000 0.500000
 0.000000 0.000000 0.000000 0.003323 0.498358 0.000000 0.000000 0.000000 0.498317 0.000000 0.000000 0.000001 0.000000 0.000000 0.000001 0.000000 0.000000 0.000000 0.000000 0.000000
 0.000000 0.232708 0.000000 0.000000 0.000000 0.000000 0.000000 0.000000 0.000000 0.248807 0.000000 0.000000 0.000000 0.000000 0.000000 0.000000 0.000000 0.000000 0.226338 0.292147
 0.000000 0.351615 0.000000 0.000000 0.000000 0.000000 0.000000 0.000000 0.000000 0.341822 0.034154 0.000000 0.000000 0.000000 0.000000 0.000000 0.000000 0.272410 0.000000 0.000000
 0.000000 0.000000 0.000000 0.000000 0.000000 0.000000 0.000000 0.000000 0.000000 0.000000 0.000000 0.000000 0.000000 0.000000 0.000000 0.500000 0.000000 0.500000 0.000000 0.000000
the mean of prob-rank is 1.631578947368421
the number of false negetive edges is 0
the number of probability greater than 0 is 3.2/edge
