20
 0.000000 0.000594 0.000000 0.050223 0.000000 0.000000 0.000000 0.339360 0.354920 0.000000 0.000000 0.000000 0.000000 0.000000 0.000000 0.254904 0.000000 0.000000 0.000000 0.000000
 0.000535 0.000000 0.000000 0.300576 0.000000 0.296458 0.000000 0.000000 0.087776 0.000042 0.000000 0.000000 0.000000 0.000000 0.000000 0.000001 0.314612 0.000000 0.000000 0.000000
 0.000000 0.000000 0.000000 0.000000 0.000000 0.000000 0.500000 0.000000 0.000000 0.000000 0.000000 0.000000 0.000000 0.000000 0.500000 0.000000 0.000000 0.000000 0.000000 0.000000
 0.046948 0.311696 0.000000 0.000000 0.000000 0.000000 0.000000 0.000000 0.001973 0.000000 0.000000 0.000000 0.000000 0.000000 0.000000 0.328063 0.311320 0.000000 0.000000 0.000000
 0.000000 0.000000 0.000000 0.000000 0.000000 0.000000 0.000000 0.000000 0.000000 0.000501 0.000000 0.000000 0.295730 0.364895 0.000000 0.000000 0.000000 0.000000 0.000000 0.338873
 0.000000 0.336213 0.000000 0.000000 0.000000 0.000000 0.000761 0.000000 0.300181 0.000000 0.000000 0.000000 0.000000 0.000000 0.000000 0.000000 0.000000 0.000000 0.362846 0.000000
 0.000000 0.000000 0.499491 0.000000 0.000000 0.001047 0.000000 0.000000 0.000000 0.000000 0.000000 0.000000 0.000000 0.000000 0.000000 0.000000 0.000000 0.000000 0.499462 0.000000
 0.257673 0.000000 0.000000 0.000000 0.000000 0.000000 0.000000 0.000000 0.244071 0.000000 0.000000 0.000000 0.232352 0.000000 0.000000 0.265904 0.000000 0.000000 0.000000 0.000000
 0.330911 0.090786 0.000000 0.001968 0.000000 0.273764 0.000000 0.299701 0.000000 0.000000 0.000000 0.000000 0.000000 0.000000 0.000000 0.000456 0.000000 0.000000 0.002415 0.000000
 0.000000 0.000046 0.000000 0.000000 0.000487 0.000000 0.000000 0.000000 0.000000 0.000000 0.312750 0.000005 0.000000 0.354229 0.000000 0.000000 0.332482 0.000000 0.000000 0.000000
 0.000000 0.000000 0.000000 0.000000 0.000000 0.000000 0.000000 0.000000 0.000000 0.334542 0.000000 0.000000 0.000000 0.000094 0.000000 0.000000 0.000000 0.379017 0.000000 0.286346
 0.000000 0.000000 0.000000 0.000000 0.000000 0.000000 0.000000 0.000000 0.000000 0.000007 0.000000 0.000000 0.000000 0.000000 0.500003 0.000000 0.000000 0.499990 0.000000 0.000000
 0.000000 0.000000 0.000000 0.000000 0.237567 0.000000 0.000000 0.252734 0.000000 0.000000 0.000000 0.000000 0.000000 0.000000 0.000000 0.216570 0.000000 0.000000 0.000000 0.293129
 0.000000 0.000000 0.000000 0.000000 0.500008 0.000000 0.000000 0.000000 0.000000 0.499868 0.000124 0.000000 0.000000 0.000000 0.000000 0.000000 0.000000 0.000000 0.000000 0.000000
 0.000000 0.000000 0.500008 0.000000 0.000000 0.000000 0.000000 0.000000 0.000000 0.000000 0.000000 0.499977 0.000000 0.000000 0.000000 0.000000 0.000000 0.000015 0.000000 0.000000
 0.208799 0.000001 0.000000 0.287471 0.000000 0.000000 0.000000 0.286857 0.000400 0.000000 0.000000 0.000000 0.214794 0.000000 0.000000 0.000000 0.001677 0.000000 0.000000 0.000000
 0.000000 0.343130 0.000000 0.327427 0.000000 0.000000 0.000000 0.000000 0.000000 0.327430 0.000000 0.000000 0.000000 0.000000 0.000000 0.002013 0.000000 0.000000 0.000000 0.000000
 0.000000 0.000000 0.000000 0.000000 0.000000 0.000000 0.000000 0.000000 0.000000 0.000000 0.500015 0.499970 0.000000 0.000000 0.000015 0.000000 0.000000 0.000000 0.000000 0.000000
 0.000000 0.000000 0.000000 0.000000 0.000000 0.498196 0.498168 0.000000 0.003636 0.000000 0.000000 0.000000 0.000000 0.000000 0.000000 0.000000 0.000000 0.000000 0.000000 0.000000
 0.000000 0.000000 0.000000 0.000000 0.345985 0.000000 0.000000 0.000000 0.000000 0.000000 0.281463 0.000000 0.372552 0.000000 0.000000 0.000000 0.000000 0.000000 0.000000 0.000000
the mean of prob-rank is 1.736842105263158
the number of false negetive edges is 0
the number of probability greater than 0 is 4.2/edge
