20
 0.000000 0.000000 0.000000 0.000000 0.000000 0.000000 0.377437 0.000000 0.256961 0.000000 0.000000 0.000000 0.000000 0.000000 0.000000 0.000000 0.000000 0.365602 0.000000 0.000000
 0.000000 0.000000 0.000000 0.000000 0.000000 0.000000 0.000000 0.000000 0.000000 0.000000 0.000000 0.000000 0.500000 0.000000 0.000000 0.000000 0.000000 0.000000 0.500000 0.000000
 0.000000 0.000000 0.000000 0.000000 0.000000 0.000000 0.000000 0.000000 0.000000 0.000000 0.000000 0.000000 0.000000 0.128400 0.000000 0.000000 0.435799 0.000000 0.000000 0.435801
 0.000000 0.000000 0.000000 0.000000 0.000000 0.062712 0.000000 0.000000 0.000000 0.291419 0.000000 0.000000 0.000000 0.358846 0.287023 0.000000 0.000000 0.000000 0.000000 0.000000
 0.000000 0.000000 0.000000 0.000000 0.000000 0.000000 0.000000 0.128272 0.000000 0.000000 0.395200 0.394244 0.000000 0.000000 0.000000 0.082282 0.000002 0.000000 0.000000 0.000000
 0.000000 0.000000 0.000000 0.080358 0.000000 0.000000 0.000000 0.000000 0.000000 0.459825 0.000000 0.000000 0.459817 0.000000 0.000000 0.000000 0.000000 0.000000 0.000000 0.000000
 0.298359 0.000000 0.000000 0.000000 0.000000 0.000000 0.000000 0.000000 0.268894 0.000000 0.000000 0.000000 0.000000 0.000000 0.000000 0.000002 0.000000 0.203161 0.229585 0.000000
 0.000000 0.000000 0.000000 0.000000 0.139656 0.000000 0.000000 0.000000 0.000000 0.000000 0.430070 0.000000 0.000000 0.000000 0.000000 0.000000 0.430274 0.000000 0.000000 0.000000
 0.159457 0.000000 0.000000 0.000000 0.000000 0.000000 0.211088 0.000000 0.000000 0.000000 0.000000 0.107653 0.000000 0.000000 0.000000 0.089028 0.000000 0.202812 0.229962 0.000000
 0.000000 0.000000 0.000000 0.289524 0.000000 0.356513 0.000000 0.000000 0.000000 0.000000 0.000000 0.000000 0.022196 0.000000 0.331766 0.000000 0.000000 0.000000 0.000000 0.000000
 0.000000 0.000000 0.000000 0.000000 0.408431 0.000000 0.000000 0.408238 0.000000 0.000000 0.000000 0.000000 0.000000 0.000000 0.000000 0.183331 0.000000 0.000000 0.000000 0.000000
 0.000000 0.000000 0.000000 0.000000 0.406026 0.000000 0.000000 0.000000 0.187068 0.000000 0.000000 0.000000 0.000000 0.000000 0.000000 0.406906 0.000000 0.000000 0.000000 0.000000
 0.000000 0.484909 0.000000 0.000000 0.000000 0.484901 0.000000 0.000000 0.000000 0.030190 0.000000 0.000000 0.000000 0.000000 0.000000 0.000000 0.000000 0.000000 0.000000 0.000000
 0.000000 0.000000 0.103249 0.350437 0.000000 0.000000 0.000000 0.000000 0.000000 0.000000 0.000000 0.000000 0.000000 0.000000 0.289389 0.000000 0.000000 0.000000 0.000000 0.256925
 0.000000 0.000000 0.000000 0.227779 0.000000 0.000000 0.000000 0.000000 0.000000 0.265010 0.000000 0.000000 0.000000 0.235167 0.000000 0.000000 0.000000 0.000000 0.000000 0.272044
 0.000000 0.000000 0.000000 0.000000 0.069947 0.000000 0.000002 0.000000 0.127693 0.000000 0.150798 0.335865 0.000000 0.000000 0.000000 0.000000 0.000000 0.315696 0.000000 0.000000
 0.000000 0.000000 0.499997 0.000000 0.000003 0.000000 0.000000 0.499999 0.000000 0.000000 0.000000 0.000000 0.000000 0.000000 0.000000 0.000000 0.000000 0.000000 0.000000 0.000000
 0.280343 0.000000 0.000000 0.000000 0.000000 0.000000 0.197072 0.000000 0.250609 0.000000 0.000000 0.000000 0.000000 0.000000 0.000000 0.271976 0.000000 0.000000 0.000000 0.000000
 0.000000 0.363469 0.000000 0.000000 0.000000 0.000000 0.279679 0.000000 0.356853 0.000000 0.000000 0.000000 0.000000 0.000000 0.000000 0.000000 0.000000 0.000000 0.000000 0.000000
 0.000000 0.000000 0.371963 0.000000 0.000000 0.000000 0.000000 0.000000 0.000000 0.000000 0.000000 0.000000 0.000000 0.272706 0.355331 0.000000 0.000000 0.000000 0.000000 0.000000
the mean of prob-rank is 1.7894736842105263
the number of false negetive edges is 0
the number of probability greater than 0 is 3.7/edge
