20
 0.000000 0.000000 0.000000 0.000000 0.000000 0.000000 0.000000 0.000000 0.000000 0.000000 0.000000 0.000000 0.000637 0.475042 0.000000 0.475111 0.000000 0.000000 0.049210 0.000000
 0.000000 0.000000 0.000000 0.424325 0.000000 0.000000 0.000000 0.000000 0.000000 0.000000 0.000000 0.000000 0.000000 0.000000 0.000000 0.166218 0.000000 0.409456 0.000000 0.000000
 0.000000 0.000000 0.000000 0.000000 0.066878 0.187260 0.170557 0.000000 0.005023 0.090273 0.000003 0.000000 0.255487 0.000000 0.000590 0.000000 0.000000 0.000000 0.000000 0.223929
 0.000000 0.360427 0.000000 0.000000 0.000000 0.000000 0.000000 0.000000 0.000000 0.000000 0.000000 0.000000 0.000000 0.000000 0.000000 0.358497 0.000003 0.281072 0.000000 0.000000
 0.000000 0.000000 0.068544 0.000000 0.000000 0.024013 0.000000 0.000000 0.244871 0.000000 0.228194 0.246050 0.000000 0.000000 0.000000 0.000000 0.000000 0.000000 0.000000 0.188328
 0.000000 0.000000 0.153004 0.000000 0.019143 0.000000 0.171481 0.190063 0.000000 0.000346 0.082909 0.001739 0.000000 0.000000 0.030112 0.000000 0.167527 0.000000 0.000000 0.183678
 0.000000 0.000000 0.181703 0.000000 0.000000 0.223589 0.000000 0.000000 0.000000 0.257050 0.000000 0.000000 0.013165 0.000000 0.268811 0.000000 0.055681 0.000000 0.000000 0.000000
 0.000000 0.000000 0.000000 0.000000 0.000000 0.297025 0.000000 0.000000 0.000000 0.000000 0.071714 0.000000 0.000000 0.000000 0.000000 0.000000 0.305032 0.326229 0.000000 0.000000
 0.000000 0.000000 0.007010 0.000000 0.333432 0.000000 0.000000 0.000000 0.000000 0.000000 0.309238 0.000000 0.000000 0.000000 0.000000 0.000000 0.000000 0.000000 0.350320 0.000000
 0.000000 0.000000 0.117937 0.000000 0.000000 0.000553 0.315223 0.000000 0.000000 0.000000 0.000000 0.000000 0.333757 0.000000 0.231610 0.000000 0.000920 0.000000 0.000000 0.000000
 0.000000 0.000000 0.000002 0.000000 0.211392 0.096342 0.000000 0.053324 0.210382 0.000000 0.000000 0.242566 0.000000 0.000000 0.000000 0.000000 0.000000 0.000000 0.000000 0.185992
 0.000000 0.000000 0.000000 0.000000 0.321384 0.002849 0.000000 0.000000 0.000000 0.000000 0.342016 0.000000 0.000000 0.000000 0.000000 0.000000 0.000000 0.000000 0.000000 0.333750
 0.000654 0.000000 0.487619 0.000000 0.000000 0.000000 0.023586 0.000000 0.000000 0.487586 0.000000 0.000000 0.000000 0.000000 0.000556 0.000000 0.000000 0.000000 0.000000 0.000000
 0.488267 0.000000 0.000000 0.000000 0.000000 0.000000 0.000000 0.000000 0.000000 0.000000 0.000000 0.000000 0.000000 0.000000 0.000000 0.023324 0.000000 0.000000 0.488409 0.000000
 0.000000 0.000000 0.000816 0.000000 0.000000 0.050986 0.349077 0.000000 0.000000 0.245262 0.000000 0.000000 0.000403 0.000000 0.000000 0.000000 0.353456 0.000000 0.000000 0.000000
 0.410790 0.160940 0.000000 0.408650 0.000000 0.000000 0.000000 0.000000 0.000000 0.000000 0.000000 0.000000 0.000000 0.019620 0.000000 0.000000 0.000000 0.000000 0.000000 0.000000
 0.000000 0.000000 0.000000 0.000003 0.000000 0.272514 0.069467 0.317507 0.000000 0.000936 0.000000 0.000000 0.000000 0.000000 0.339572 0.000000 0.000000 0.000000 0.000000 0.000000
 0.000000 0.351560 0.000000 0.284113 0.000000 0.000000 0.000000 0.364327 0.000000 0.000000 0.000000 0.000000 0.000000 0.000000 0.000000 0.000000 0.000000 0.000000 0.000000 0.000000
 0.049644 0.000000 0.000000 0.000000 0.000000 0.000000 0.000000 0.000000 0.470987 0.000000 0.000000 0.000000 0.000000 0.479369 0.000000 0.000000 0.000000 0.000000 0.000000 0.000000
 0.000000 0.000000 0.207788 0.000000 0.170505 0.208597 0.000000 0.000000 0.000000 0.000000 0.181774 0.231336 0.000000 0.000000 0.000000 0.000000 0.000000 0.000000 0.000000 0.000000
the mean of prob-rank is 1.736842105263158
the number of false negetive edges is 0
the number of probability greater than 0 is 5.1/edge
