20
 0.000000 0.000000 0.000000 0.000000 0.000000 0.000000 0.000000 0.016384 0.000000 0.000000 0.000000 0.000000 0.000000 0.000000 0.000000 0.491747 0.000000 0.000000 0.491740 0.000129
 0.000000 0.000000 0.000000 0.000000 0.000000 0.000000 0.000000 0.000000 0.497420 0.000000 0.000000 0.000008 0.000000 0.497436 0.005135 0.000000 0.000000 0.000000 0.000000 0.000000
 0.000000 0.000000 0.000000 0.000000 0.000000 0.000000 0.000000 0.000000 0.477668 0.000000 0.000000 0.045291 0.000000 0.000000 0.000000 0.000000 0.000000 0.477041 0.000000 0.000000
 0.000000 0.000000 0.000000 0.000000 0.249792 0.000000 0.000001 0.230273 0.000000 0.000000 0.000000 0.277050 0.212679 0.000000 0.000000 0.000000 0.023902 0.006304 0.000000 0.000000
 0.000000 0.000000 0.000000 0.311941 0.000000 0.000000 0.000000 0.372815 0.000000 0.311930 0.000000 0.000000 0.001255 0.000000 0.002059 0.000000 0.000000 0.000000 0.000000 0.000000
 0.000000 0.000000 0.000000 0.000000 0.000000 0.000000 0.499989 0.000011 0.000000 0.000000 0.000000 0.000000 0.000000 0.000000 0.000000 0.500000 0.000000 0.000000 0.000000 0.000000
 0.000000 0.000000 0.000000 0.000002 0.000000 0.499993 0.000000 0.000000 0.000000 0.000000 0.000000 0.000000 0.000000 0.000000 0.000000 0.000000 0.500005 0.000000 0.000000 0.000000
 0.011952 0.000000 0.000000 0.276720 0.358754 0.000008 0.000000 0.000000 0.000000 0.352564 0.000000 0.000000 0.000000 0.000000 0.000000 0.000002 0.000000 0.000000 0.000000 0.000000
 0.000000 0.496010 0.496026 0.000000 0.000000 0.000000 0.000000 0.000000 0.000000 0.000000 0.000000 0.007964 0.000000 0.000000 0.000000 0.000000 0.000000 0.000000 0.000000 0.000000
 0.000000 0.000000 0.000000 0.000000 0.294468 0.000000 0.000000 0.345871 0.000000 0.000000 0.351941 0.000000 0.000000 0.003776 0.003945 0.000000 0.000000 0.000000 0.000000 0.000000
 0.000000 0.000000 0.000000 0.000000 0.000000 0.000000 0.000000 0.000000 0.000000 0.499999 0.000000 0.000000 0.000000 0.000000 0.000000 0.000000 0.000000 0.000000 0.000000 0.500001
 0.000000 0.000006 0.034412 0.336809 0.000000 0.000000 0.000000 0.000000 0.005827 0.000000 0.000000 0.000000 0.362744 0.000000 0.254408 0.000000 0.000000 0.005794 0.000000 0.000000
 0.000000 0.000000 0.000000 0.262829 0.001242 0.000000 0.000000 0.000000 0.000000 0.000000 0.000000 0.368744 0.000000 0.000000 0.367184 0.000000 0.000000 0.000000 0.000000 0.000000
 0.000000 0.497344 0.000000 0.000000 0.000000 0.000000 0.000000 0.000000 0.000000 0.005336 0.000000 0.000000 0.000000 0.000000 0.497320 0.000000 0.000000 0.000000 0.000000 0.000000
 0.000000 0.003791 0.000000 0.000000 0.002028 0.000000 0.000000 0.000000 0.000000 0.004116 0.000000 0.257407 0.365467 0.367191 0.000000 0.000000 0.000000 0.000000 0.000000 0.000000
 0.495568 0.000000 0.000000 0.000000 0.000000 0.495586 0.000000 0.000002 0.000000 0.000000 0.000000 0.000000 0.000000 0.000000 0.000000 0.000000 0.000000 0.000000 0.008844 0.000000
 0.000000 0.000000 0.000000 0.038511 0.000000 0.000000 0.481016 0.000000 0.000000 0.000000 0.000000 0.000000 0.000000 0.000000 0.000000 0.000000 0.000000 0.480473 0.000000 0.000000
 0.000000 0.000000 0.490843 0.010378 0.000000 0.000000 0.000000 0.000000 0.000000 0.000000 0.000000 0.007846 0.000000 0.000000 0.000000 0.000000 0.490933 0.000000 0.000000 0.000000
 0.495565 0.000000 0.000000 0.000000 0.000000 0.000000 0.000000 0.000000 0.000000 0.000000 0.000000 0.000000 0.000000 0.000000 0.000000 0.008844 0.000000 0.000000 0.000000 0.495590
 0.000131 0.000000 0.000000 0.000000 0.000000 0.000000 0.000000 0.000000 0.000000 0.000000 0.499933 0.000000 0.000000 0.000000 0.000000 0.000000 0.000000 0.000000 0.499935 0.000000
the mean of prob-rank is 1.5789473684210527
the number of false negetive edges is 0
the number of probability greater than 0 is 4.1/edge
