20
 0.000000 0.000000 0.000000 0.000000 0.000000 0.500000 0.000000 0.000000 0.000000 0.000000 0.000000 0.000000 0.000000 0.000000 0.500000 0.000000 0.000000 0.000000 0.000000 0.000000
 0.000000 0.000000 0.000000 0.500001 0.000000 0.499999 0.000000 0.000000 0.000000 0.000000 0.000000 0.000000 0.000000 0.000000 0.000000 0.000000 0.000000 0.000000 0.000000 0.000000
 0.000000 0.000000 0.000000 0.000000 0.000000 0.000000 0.000000 0.313982 0.254545 0.000000 0.059302 0.000000 0.131738 0.000000 0.000002 0.000000 0.000000 0.240431 0.000000 0.000000
 0.000000 0.500003 0.000000 0.000000 0.000000 0.000000 0.000000 0.000000 0.000000 0.499997 0.000000 0.000000 0.000000 0.000000 0.000000 0.000000 0.000000 0.000000 0.000000 0.000000
 0.000000 0.000000 0.000000 0.000000 0.000000 0.000000 0.000637 0.000000 0.000000 0.000000 0.000000 0.040783 0.000000 0.414031 0.000000 0.135573 0.408974 0.000000 0.000001 0.000000
 0.500001 0.499999 0.000000 0.000000 0.000000 0.000000 0.000000 0.000000 0.000000 0.000000 0.000000 0.000000 0.000000 0.000000 0.000000 0.000000 0.000000 0.000000 0.000000 0.000000
 0.000000 0.000000 0.000000 0.000000 0.000769 0.000000 0.000000 0.000000 0.000000 0.499616 0.000000 0.000000 0.000000 0.000000 0.000000 0.000000 0.000000 0.000000 0.499616 0.000000
 0.000000 0.000000 0.487077 0.000000 0.000000 0.000000 0.000000 0.000000 0.000136 0.000000 0.000330 0.000000 0.015150 0.000000 0.486746 0.000000 0.000000 0.010561 0.000000 0.000000
 0.000000 0.000000 0.223290 0.000000 0.000000 0.000000 0.000000 0.000077 0.000000 0.000000 0.267677 0.000000 0.224575 0.000001 0.000000 0.011711 0.000000 0.272669 0.000000 0.000000
 0.000000 0.000000 0.000000 0.499997 0.000000 0.000000 0.500003 0.000000 0.000000 0.000000 0.000000 0.000000 0.000000 0.000000 0.000000 0.000000 0.000000 0.000000 0.000000 0.000000
 0.000000 0.000000 0.086571 0.000000 0.000000 0.000000 0.000000 0.000311 0.445459 0.000000 0.000000 0.000000 0.000000 0.000000 0.009315 0.458342 0.000000 0.000002 0.000000 0.000000
 0.000000 0.000000 0.000000 0.000000 0.046994 0.000000 0.000000 0.000000 0.000000 0.000000 0.000000 0.000000 0.000000 0.000000 0.000000 0.000000 0.475868 0.000000 0.000000 0.477138
 0.000000 0.000000 0.121777 0.000000 0.000000 0.000000 0.000000 0.009028 0.236653 0.000000 0.000000 0.000000 0.000000 0.120269 0.000000 0.000000 0.222031 0.290242 0.000000 0.000000
 0.000000 0.000000 0.000000 0.000000 0.363615 0.000000 0.000000 0.000000 0.000001 0.000000 0.000000 0.000000 0.150689 0.000000 0.000000 0.363253 0.000159 0.122282 0.000000 0.000000
 0.495136 0.000000 0.000002 0.000000 0.000000 0.000000 0.000000 0.494799 0.000000 0.000000 0.010063 0.000000 0.000000 0.000000 0.000000 0.000000 0.000000 0.000000 0.000000 0.000000
 0.000000 0.000000 0.000000 0.000000 0.138219 0.000000 0.000000 0.000000 0.017949 0.000000 0.422140 0.000000 0.000000 0.421689 0.000000 0.000000 0.000000 0.000002 0.000000 0.000000
 0.000000 0.000000 0.000000 0.000000 0.359099 0.000000 0.000000 0.000000 0.000000 0.000000 0.000000 0.362610 0.278133 0.000159 0.000000 0.000000 0.000000 0.000000 0.000000 0.000000
 0.000000 0.000000 0.245930 0.000000 0.000000 0.000000 0.000000 0.006963 0.317946 0.000000 0.000001 0.000000 0.321164 0.107995 0.000000 0.000002 0.000000 0.000000 0.000000 0.000000
 0.000000 0.000000 0.000000 0.000000 0.000001 0.000000 0.500000 0.000000 0.000000 0.000000 0.000000 0.000000 0.000000 0.000000 0.000000 0.000000 0.000000 0.000000 0.000000 0.500000
 0.000000 0.000000 0.000000 0.000000 0.000000 0.000000 0.000000 0.000000 0.000000 0.000000 0.000000 0.500000 0.000000 0.000000 0.000000 0.000000 0.000000 0.000000 0.500000 0.000000
the mean of prob-rank is 1.631578947368421
the number of false negetive edges is 0
the number of probability greater than 0 is 4.1/edge
