20
 0.000000 0.000000 0.000000 0.000000 0.000000 0.000000 0.000000 0.000000 0.461212 0.000000 0.000000 0.000000 0.460986 0.000000 0.005796 0.000000 0.000000 0.072006 0.000000 0.000000
 0.000000 0.000000 0.000000 0.000002 0.000000 0.000000 0.000000 0.000000 0.000000 0.000000 0.000000 0.000000 0.000000 0.000000 0.000000 0.000000 0.000000 0.000000 0.499999 0.499999
 0.000000 0.000000 0.000000 0.000017 0.000000 0.000000 0.000000 0.000000 0.000000 0.000000 0.000000 0.000000 0.000000 0.488100 0.000000 0.000000 0.000000 0.023896 0.487987 0.000000
 0.000000 0.000002 0.000017 0.000000 0.000000 0.000000 0.000000 0.499990 0.000000 0.000000 0.000000 0.000000 0.000000 0.000000 0.000000 0.000000 0.000000 0.000000 0.000000 0.499991
 0.000000 0.000000 0.000000 0.000000 0.000000 0.000000 0.470586 0.000000 0.000000 0.015908 0.000000 0.000000 0.000000 0.000000 0.000000 0.468367 0.045139 0.000000 0.000000 0.000000
 0.000000 0.000000 0.000000 0.000000 0.000000 0.000000 0.000000 0.000000 0.000024 0.000000 0.000000 0.500110 0.499833 0.000000 0.000000 0.000000 0.000000 0.000032 0.000000 0.000000
 0.000000 0.000000 0.000000 0.000000 0.466938 0.000000 0.000000 0.067079 0.000000 0.000154 0.465829 0.000000 0.000000 0.000000 0.000000 0.000000 0.000000 0.000000 0.000000 0.000000
 0.000000 0.000000 0.000000 0.466729 0.000000 0.000000 0.067045 0.000000 0.000000 0.000000 0.000000 0.000000 0.000000 0.000000 0.000000 0.000000 0.466225 0.000000 0.000000 0.000001
 0.390448 0.000000 0.000000 0.000000 0.000000 0.000019 0.000000 0.000000 0.000000 0.390309 0.000000 0.000000 0.219224 0.000000 0.000000 0.000000 0.000000 0.000000 0.000000 0.000000
 0.000000 0.000000 0.000000 0.000000 0.009789 0.000000 0.000096 0.000000 0.289348 0.000000 0.064458 0.000000 0.000000 0.000000 0.224197 0.145970 0.000000 0.266142 0.000000 0.000000
 0.000000 0.000000 0.000000 0.000000 0.000000 0.000000 0.405634 0.000000 0.000000 0.090505 0.000000 0.000000 0.000000 0.000000 0.391864 0.000000 0.000000 0.111997 0.000000 0.000000
 0.000000 0.000000 0.000000 0.000000 0.000000 0.498491 0.000000 0.000000 0.000000 0.000000 0.000000 0.000000 0.000000 0.498460 0.000000 0.000000 0.000000 0.003048 0.000000 0.000000
 0.390291 0.000000 0.000000 0.000000 0.000000 0.390465 0.000000 0.000000 0.219243 0.000000 0.000000 0.000000 0.000000 0.000000 0.000000 0.000000 0.000000 0.000000 0.000000 0.000000
 0.000000 0.000000 0.499516 0.000000 0.000000 0.000000 0.000000 0.000000 0.000000 0.000000 0.000000 0.499543 0.000000 0.000000 0.000000 0.000000 0.000000 0.000000 0.000941 0.000000
 0.004566 0.000000 0.000000 0.000000 0.000000 0.000000 0.000000 0.000000 0.000000 0.281472 0.350381 0.000000 0.000000 0.000000 0.000000 0.000000 0.000000 0.363581 0.000000 0.000000
 0.000000 0.000000 0.000000 0.000000 0.398205 0.000000 0.000000 0.000000 0.000000 0.201677 0.000000 0.000000 0.000000 0.000000 0.000000 0.000000 0.400118 0.000000 0.000000 0.000000
 0.000000 0.000000 0.000000 0.000000 0.045786 0.000000 0.000000 0.476849 0.000000 0.000000 0.000000 0.000000 0.000000 0.000000 0.000000 0.477365 0.000000 0.000000 0.000000 0.000000
 0.064867 0.000000 0.020349 0.000000 0.000000 0.000027 0.000000 0.000000 0.000000 0.382025 0.114495 0.002542 0.000000 0.000000 0.415695 0.000000 0.000000 0.000000 0.000000 0.000000
 0.000000 0.499616 0.499443 0.000000 0.000000 0.000000 0.000000 0.000000 0.000000 0.000000 0.000000 0.000000 0.000000 0.000941 0.000000 0.000000 0.000000 0.000000 0.000000 0.000000
 0.000000 0.499999 0.000000 0.500000 0.000000 0.000000 0.000000 0.000001 0.000000 0.000000 0.000000 0.000000 0.000000 0.000000 0.000000 0.000000 0.000000 0.000000 0.000000 0.000000
the mean of prob-rank is 1.5789473684210527
the number of false negetive edges is 0
the number of probability greater than 0 is 3.8/edge
