20
 0.000000 0.000000 0.500000 0.000000 0.000000 0.000000 0.000000 0.000000 0.000000 0.000000 0.000000 0.000000 0.000000 0.000000 0.500000 0.000000 0.000000 0.000000 0.000000 0.000000
 0.000000 0.000000 0.000004 0.345995 0.000000 0.000000 0.000000 0.000000 0.000000 0.298545 0.000000 0.355456 0.000000 0.000000 0.000000 0.000000 0.000000 0.000000 0.000000 0.000000
 0.499541 0.000005 0.000000 0.000000 0.000000 0.000000 0.000000 0.000000 0.000000 0.498819 0.000000 0.001635 0.000000 0.000000 0.000000 0.000000 0.000000 0.000000 0.000000 0.000000
 0.000000 0.327323 0.000000 0.000000 0.000000 0.000000 0.000000 0.000000 0.000000 0.000000 0.000000 0.307104 0.000000 0.000000 0.000000 0.000000 0.025150 0.000000 0.340422 0.000000
 0.000000 0.000000 0.000000 0.000000 0.000000 0.000000 0.000000 0.000000 0.343223 0.000000 0.314504 0.000000 0.341604 0.000000 0.000000 0.000000 0.000669 0.000000 0.000000 0.000000
 0.000000 0.000000 0.000000 0.000000 0.000000 0.000000 0.000000 0.496897 0.000000 0.000000 0.006411 0.000000 0.000000 0.000000 0.000000 0.000000 0.496685 0.000000 0.000007 0.000000
 0.000000 0.000000 0.000000 0.000000 0.000000 0.000000 0.000000 0.000000 0.000000 0.000000 0.000000 0.000000 0.000000 0.500004 0.000000 0.000000 0.000000 0.000000 0.000000 0.499996
 0.000000 0.000000 0.000000 0.000000 0.000000 0.499997 0.000000 0.000000 0.000000 0.000000 0.000000 0.000000 0.000000 0.000000 0.000000 0.000000 0.000003 0.000000 0.500000 0.000000
 0.000000 0.000000 0.000000 0.000000 0.341656 0.000000 0.000000 0.000000 0.000000 0.000000 0.020046 0.000000 0.294573 0.000000 0.000000 0.000000 0.018771 0.324954 0.000000 0.000000
 0.000000 0.303843 0.365775 0.000000 0.000000 0.000000 0.000000 0.000000 0.000000 0.000000 0.000000 0.330382 0.000000 0.000000 0.000000 0.000000 0.000000 0.000000 0.000000 0.000000
 0.000000 0.000000 0.000000 0.000000 0.370801 0.005221 0.000000 0.000000 0.023742 0.000000 0.000000 0.000000 0.195577 0.000000 0.000000 0.000000 0.404658 0.000000 0.000000 0.000000
 0.000000 0.353378 0.001171 0.322725 0.000000 0.000000 0.000000 0.000000 0.000000 0.322725 0.000000 0.000000 0.000000 0.000000 0.000000 0.000000 0.000000 0.000000 0.000000 0.000000
 0.000000 0.000000 0.000000 0.000000 0.313585 0.000000 0.000000 0.000000 0.271652 0.000000 0.152277 0.000000 0.000000 0.000000 0.000000 0.000000 0.000000 0.259244 0.000000 0.003242
 0.000000 0.000000 0.000000 0.000000 0.000000 0.000000 0.500000 0.000000 0.000000 0.000000 0.000000 0.000000 0.000000 0.000000 0.000000 0.500000 0.000000 0.000000 0.000000 0.000000
 0.500000 0.000000 0.000000 0.000000 0.000000 0.000000 0.000000 0.000000 0.000000 0.000000 0.000000 0.000000 0.000000 0.000000 0.000000 0.500000 0.000000 0.000000 0.000000 0.000000
 0.000000 0.000000 0.000000 0.000000 0.000000 0.000000 0.000000 0.000000 0.000000 0.000000 0.000000 0.000000 0.000000 0.500000 0.500000 0.000000 0.000000 0.000000 0.000000 0.000000
 0.000000 0.000000 0.000000 0.034636 0.000914 0.468716 0.000000 0.000003 0.025763 0.000000 0.468913 0.000000 0.000000 0.000000 0.000000 0.000000 0.000000 0.000000 0.001054 0.000000
 0.000000 0.000000 0.000000 0.000000 0.000000 0.000000 0.000000 0.000000 0.342876 0.000000 0.000000 0.000000 0.296623 0.000000 0.000000 0.000000 0.000000 0.000000 0.000000 0.360501
 0.000000 0.000000 0.000000 0.499382 0.000000 0.000007 0.000000 0.499489 0.000000 0.000000 0.000000 0.000000 0.000000 0.000000 0.000000 0.000000 0.001123 0.000000 0.000000 0.000000
 0.000000 0.000000 0.000000 0.000000 0.000000 0.000000 0.497437 0.000000 0.000000 0.000000 0.000000 0.000000 0.005119 0.000000 0.000000 0.000000 0.000000 0.497444 0.000000 0.000000
the mean of prob-rank is 1.6842105263157894
the number of false negetive edges is 0
the number of probability greater than 0 is 3.6/edge
