20
 0.000000 0.000021 0.000000 0.000000 0.000000 0.000000 0.000000 0.000000 0.000000 0.000000 0.374610 0.000000 0.000000 0.380273 0.000000 0.000000 0.245096 0.000000 0.000000 0.000000
 0.000022 0.000000 0.000000 0.399469 0.000000 0.033090 0.000000 0.000000 0.000000 0.000000 0.160643 0.000000 0.000000 0.000000 0.000000 0.000000 0.406776 0.000000 0.000000 0.000000
 0.000000 0.000000 0.000000 0.000000 0.000000 0.325962 0.000000 0.000000 0.281021 0.000000 0.000000 0.325307 0.000000 0.000000 0.000189 0.000000 0.000000 0.000000 0.000000 0.067521
 0.000000 0.343309 0.000000 0.000000 0.000000 0.000000 0.000000 0.349589 0.307102 0.000000 0.000000 0.000000 0.000000 0.000000 0.000000 0.000000 0.000000 0.000000 0.000000 0.000000
 0.000000 0.000000 0.000000 0.000000 0.000000 0.000000 0.000000 0.000000 0.000000 0.259645 0.000000 0.000000 0.254546 0.000000 0.000000 0.252906 0.000000 0.000000 0.232902 0.000000
 0.000000 0.028259 0.346906 0.000000 0.000000 0.000000 0.000000 0.000000 0.002846 0.000000 0.000000 0.000016 0.000000 0.000000 0.280889 0.000000 0.341084 0.000000 0.000000 0.000001
 0.000000 0.000000 0.000000 0.000000 0.000000 0.000000 0.000000 0.500000 0.000000 0.000000 0.500000 0.000000 0.000000 0.000000 0.000000 0.000000 0.000000 0.000000 0.000000 0.000000
 0.000000 0.000000 0.000000 0.500000 0.000000 0.000000 0.500000 0.000000 0.000000 0.000000 0.000000 0.000000 0.000000 0.000000 0.000000 0.000000 0.000000 0.000000 0.000000 0.000000
 0.000000 0.000000 0.264006 0.269379 0.000000 0.002512 0.000000 0.000000 0.000000 0.000000 0.000000 0.160039 0.000000 0.000000 0.000000 0.000000 0.000000 0.000000 0.000000 0.304063
 0.000000 0.000000 0.000000 0.000000 0.327709 0.000000 0.000000 0.000000 0.000000 0.000000 0.000000 0.000000 0.000000 0.000000 0.000000 0.320016 0.000000 0.352275 0.000000 0.000000
 0.412027 0.165176 0.000000 0.000000 0.000000 0.000000 0.418254 0.000000 0.000000 0.000000 0.000000 0.000000 0.000000 0.000000 0.000000 0.000000 0.004543 0.000000 0.000000 0.000000
 0.000000 0.000000 0.396618 0.000000 0.000000 0.000019 0.000000 0.000000 0.207696 0.000000 0.000000 0.000000 0.000000 0.000000 0.000000 0.000000 0.000000 0.000000 0.000000 0.395667
 0.000000 0.000000 0.000000 0.000000 0.319022 0.000000 0.000000 0.000000 0.000000 0.000000 0.000000 0.000000 0.000000 0.000000 0.349796 0.000000 0.000000 0.000000 0.331182 0.000000
 0.500000 0.000000 0.000000 0.000000 0.000000 0.000000 0.000000 0.000000 0.000000 0.000000 0.000000 0.000000 0.000000 0.000000 0.000000 0.000000 0.000000 0.500000 0.000000 0.000000
 0.000000 0.000000 0.000227 0.000000 0.000000 0.316721 0.000000 0.000000 0.000000 0.000000 0.000000 0.000000 0.391686 0.000000 0.000000 0.000000 0.000000 0.000000 0.000025 0.291341
 0.000000 0.000000 0.000000 0.000000 0.321942 0.000000 0.000000 0.000000 0.000000 0.322761 0.000000 0.000000 0.000000 0.000000 0.000000 0.000000 0.000000 0.000000 0.355297 0.000000
 0.244393 0.379182 0.000000 0.000000 0.000000 0.372307 0.000000 0.000000 0.000000 0.000000 0.004119 0.000000 0.000000 0.000000 0.000000 0.000000 0.000000 0.000000 0.000000 0.000000
 0.000000 0.000000 0.000000 0.000000 0.000000 0.000000 0.000000 0.000000 0.000000 0.500000 0.000000 0.000000 0.000000 0.500000 0.000000 0.000000 0.000000 0.000000 0.000000 0.000000
 0.000000 0.000000 0.000000 0.000000 0.300024 0.000000 0.000000 0.000000 0.000000 0.000000 0.000000 0.000000 0.340405 0.000000 0.000023 0.359548 0.000000 0.000000 0.000000 0.000000
 0.000000 0.000000 0.070445 0.000000 0.000000 0.000000 0.000000 0.000000 0.337676 0.000000 0.000000 0.338582 0.000000 0.000000 0.253296 0.000000 0.000000 0.000000 0.000000 0.000000
the mean of prob-rank is 1.8421052631578947
the number of false negetive edges is 0
the number of probability greater than 0 is 3.7/edge
