20
 0.000000 0.000000 0.000000 0.000000 0.000000 0.000000 0.500000 0.000000 0.000000 0.000000 0.500000 0.000000 0.000000 0.000000 0.000000 0.000000 0.000000 0.000000 0.000000 0.000000
 0.000000 0.000000 0.000000 0.185429 0.183747 0.000000 0.000000 0.000000 0.000625 0.000000 0.184206 0.000000 0.000000 0.000000 0.209101 0.000000 0.000000 0.236891 0.000000 0.000000
 0.000000 0.000000 0.000000 0.000000 0.000000 0.499021 0.000000 0.499081 0.000000 0.000000 0.000000 0.000733 0.000000 0.000000 0.000000 0.001165 0.000000 0.000000 0.000000 0.000000
 0.000000 0.259667 0.000000 0.000000 0.000000 0.000000 0.000000 0.000000 0.358483 0.000000 0.000000 0.000000 0.000000 0.000000 0.024902 0.000000 0.000000 0.000000 0.356947 0.000000
 0.000000 0.265509 0.000000 0.000000 0.000000 0.000000 0.000000 0.000000 0.000000 0.000000 0.364399 0.000000 0.000000 0.000000 0.000000 0.000000 0.370092 0.000000 0.000000 0.000000
 0.000000 0.000000 0.498181 0.000000 0.000000 0.000000 0.000000 0.000213 0.000000 0.000000 0.000000 0.498245 0.000000 0.000000 0.000355 0.003007 0.000000 0.000000 0.000000 0.000000
 0.500002 0.000000 0.000000 0.000000 0.000000 0.000000 0.000000 0.499998 0.000000 0.000000 0.000000 0.000000 0.000000 0.000000 0.000000 0.000000 0.000000 0.000000 0.000000 0.000000
 0.000000 0.000000 0.499893 0.000000 0.000000 0.000213 0.499893 0.000000 0.000000 0.000000 0.000000 0.000000 0.000000 0.000000 0.000000 0.000000 0.000000 0.000000 0.000000 0.000000
 0.000000 0.001076 0.000000 0.440842 0.000000 0.000000 0.000000 0.000000 0.000000 0.000000 0.000000 0.000000 0.000000 0.441010 0.110596 0.000000 0.000000 0.000000 0.006477 0.000000
 0.000000 0.000000 0.000000 0.000000 0.000000 0.000000 0.000000 0.000000 0.000000 0.000000 0.000000 0.000000 0.332543 0.000000 0.065836 0.000000 0.000000 0.312307 0.000000 0.289314
 0.369848 0.265994 0.000000 0.000000 0.364157 0.000000 0.000000 0.000000 0.000000 0.000000 0.000000 0.000000 0.000000 0.000000 0.000000 0.000000 0.000000 0.000000 0.000000 0.000000
 0.000000 0.000000 0.000733 0.000000 0.000000 0.499687 0.000000 0.000000 0.000000 0.000000 0.000000 0.000000 0.000000 0.000000 0.000000 0.499580 0.000000 0.000000 0.000000 0.000000
 0.000000 0.000000 0.000000 0.000000 0.000000 0.000000 0.000000 0.000000 0.000000 0.407188 0.000000 0.000000 0.000000 0.000000 0.016325 0.000000 0.000000 0.385082 0.000000 0.191405
 0.000000 0.000000 0.000000 0.000000 0.000000 0.000000 0.000000 0.000000 0.498205 0.000000 0.000000 0.000000 0.000000 0.000000 0.498268 0.000000 0.000000 0.000000 0.003527 0.000000
 0.000000 0.256608 0.000000 0.021823 0.000000 0.000224 0.000000 0.000000 0.078813 0.062226 0.000000 0.000000 0.012601 0.314315 0.000000 0.000000 0.000000 0.253389 0.000000 0.000000
 0.000000 0.000000 0.001163 0.000000 0.000000 0.003005 0.000000 0.000000 0.000000 0.000000 0.000000 0.497863 0.000000 0.000000 0.000000 0.000000 0.000000 0.000000 0.000000 0.497970
 0.000000 0.000000 0.000000 0.000000 0.499999 0.000000 0.000000 0.000000 0.000000 0.000000 0.000000 0.000000 0.000000 0.000000 0.000000 0.000000 0.000000 0.000000 0.500001 0.000000
 0.000000 0.255790 0.000000 0.000000 0.000000 0.000000 0.000000 0.000000 0.000000 0.259722 0.000000 0.000000 0.261538 0.000000 0.222950 0.000000 0.000000 0.000000 0.000000 0.000000
 0.000000 0.000000 0.000000 0.493416 0.000000 0.000000 0.000000 0.000000 0.007280 0.000000 0.000000 0.000000 0.000000 0.003509 0.000000 0.000000 0.495795 0.000000 0.000000 0.000000
 0.000000 0.000000 0.000000 0.000000 0.000000 0.000000 0.000000 0.000000 0.000000 0.371781 0.000000 0.000000 0.200875 0.000000 0.000000 0.427344 0.000000 0.000000 0.000000 0.000000
the mean of prob-rank is 1.9473684210526316
the number of false negetive edges is 0
the number of probability greater than 0 is 3.8/edge
