20
 0.000000 0.000000 0.000000 0.000000 0.488306 0.000001 0.000000 0.000000 0.022345 0.000000 0.489018 0.000000 0.000000 0.000000 0.000000 0.000000 0.000000 0.000000 0.000330 0.000000
 0.000000 0.000000 0.000000 0.000000 0.000000 0.500000 0.000000 0.500000 0.000000 0.000000 0.000000 0.000000 0.000000 0.000000 0.000000 0.000000 0.000000 0.000000 0.000000 0.000000
 0.000000 0.000000 0.000000 0.000000 0.000000 0.000000 0.000000 0.499875 0.000000 0.000000 0.000000 0.499849 0.000000 0.000000 0.000000 0.000000 0.000275 0.000000 0.000000 0.000000
 0.000000 0.000000 0.000000 0.000000 0.000000 0.000000 0.000000 0.000000 0.000000 0.330084 0.000000 0.000000 0.000000 0.000000 0.000000 0.000000 0.000000 0.316935 0.352981 0.000000
 0.433670 0.000000 0.000000 0.000000 0.000000 0.000000 0.110298 0.000000 0.434533 0.000000 0.000000 0.000000 0.000000 0.000000 0.000000 0.000001 0.000000 0.000000 0.021498 0.000000
 0.000001 0.500019 0.000000 0.000000 0.000000 0.000000 0.000000 0.000000 0.000000 0.000000 0.499980 0.000000 0.000000 0.000000 0.000000 0.000000 0.000000 0.000000 0.000000 0.000000
 0.000000 0.000000 0.000000 0.000000 0.112723 0.000000 0.000000 0.000000 0.443262 0.000000 0.000000 0.000000 0.000000 0.000000 0.000000 0.000000 0.000000 0.000000 0.444015 0.000000
 0.000000 0.500000 0.500000 0.000000 0.000000 0.000000 0.000000 0.000000 0.000000 0.000000 0.000000 0.000000 0.000000 0.000000 0.000000 0.000000 0.000000 0.000000 0.000000 0.000000
 0.018639 0.000000 0.000000 0.000000 0.408123 0.000000 0.407367 0.000000 0.000000 0.000000 0.000000 0.000000 0.000000 0.000000 0.000000 0.163441 0.000000 0.000000 0.002429 0.000000
 0.000000 0.000000 0.000000 0.218336 0.000000 0.000000 0.000000 0.000000 0.000000 0.000000 0.000000 0.000000 0.158963 0.000000 0.000000 0.197541 0.000000 0.233818 0.191342 0.000000
 0.499868 0.000000 0.000000 0.000000 0.000000 0.500132 0.000000 0.000000 0.000000 0.000000 0.000000 0.000000 0.000000 0.000000 0.000000 0.000000 0.000000 0.000000 0.000000 0.000000
 0.000000 0.000000 0.499989 0.000000 0.000000 0.000000 0.000000 0.000000 0.000000 0.000000 0.000000 0.000000 0.000000 0.000000 0.000000 0.000000 0.500011 0.000000 0.000000 0.000000
 0.000000 0.000000 0.000000 0.000000 0.000000 0.000000 0.000000 0.000000 0.000000 0.257005 0.000000 0.000000 0.000000 0.000000 0.378187 0.364808 0.000000 0.000000 0.000000 0.000000
 0.000000 0.000000 0.000000 0.000000 0.000000 0.000000 0.000000 0.000000 0.000000 0.000000 0.000000 0.000000 0.000000 0.000000 0.500000 0.000000 0.000000 0.000000 0.000000 0.500000
 0.000000 0.000000 0.000000 0.000000 0.000000 0.000000 0.000000 0.000000 0.000000 0.000000 0.000000 0.000000 0.500000 0.500000 0.000000 0.000000 0.000000 0.000000 0.000000 0.000000
 0.000000 0.000000 0.000000 0.000000 0.000001 0.000000 0.000000 0.000000 0.124192 0.261910 0.000000 0.000000 0.299167 0.000000 0.000000 0.000000 0.000000 0.281851 0.032879 0.000000
 0.000000 0.000000 0.000275 0.000000 0.000000 0.000000 0.000000 0.000000 0.000000 0.000000 0.000000 0.499861 0.000000 0.000000 0.000000 0.000000 0.000000 0.000000 0.000000 0.499864
 0.000000 0.000000 0.000000 0.296645 0.000000 0.000000 0.000000 0.000000 0.000000 0.330859 0.000000 0.000000 0.000000 0.000000 0.000000 0.300809 0.000000 0.000000 0.071687 0.000000
 0.000211 0.000000 0.000000 0.312446 0.015486 0.000000 0.312957 0.000000 0.001863 0.256056 0.000000 0.000000 0.000000 0.000000 0.000000 0.033186 0.000000 0.067796 0.000000 0.000000
 0.000000 0.000000 0.000000 0.000000 0.000000 0.000000 0.000000 0.000000 0.000000 0.000000 0.000000 0.000000 0.000000 0.500001 0.000000 0.000000 0.499999 0.000000 0.000000 0.000000
the mean of prob-rank is 1.5263157894736843
the number of false negetive edges is 0
the number of probability greater than 0 is 3.4/edge
