20
 0.000000 0.003609 0.000000 0.000000 0.000000 0.000000 0.000000 0.000000 0.000039 0.498185 0.000000 0.000000 0.000000 0.498167 0.000000 0.000000 0.000000 0.000000 0.000000 0.000000
 0.003557 0.000000 0.490619 0.000000 0.000000 0.000000 0.000000 0.000000 0.000000 0.014505 0.000000 0.000000 0.000000 0.000130 0.000000 0.000000 0.000000 0.000000 0.000216 0.490974
 0.000000 0.493025 0.000000 0.000000 0.000000 0.000000 0.000000 0.000000 0.000000 0.000000 0.000000 0.493379 0.000000 0.013595 0.000000 0.000000 0.000000 0.000000 0.000000 0.000000
 0.000000 0.000000 0.000000 0.000000 0.000000 0.000000 0.000000 0.000000 0.499464 0.001065 0.000000 0.000000 0.499471 0.000000 0.000000 0.000000 0.000000 0.000000 0.000000 0.000000
 0.000000 0.000000 0.000000 0.000000 0.000000 0.000000 0.500000 0.000000 0.000000 0.000000 0.000000 0.000000 0.500000 0.000000 0.000000 0.000000 0.000000 0.000000 0.000000 0.000000
 0.000000 0.000000 0.000000 0.000000 0.000000 0.000000 0.000000 0.000000 0.016226 0.000000 0.000000 0.000000 0.000000 0.491634 0.000000 0.492139 0.000000 0.000000 0.000000 0.000000
 0.000000 0.000000 0.000000 0.000000 0.500000 0.000000 0.000000 0.000000 0.000000 0.000000 0.500000 0.000000 0.000000 0.000000 0.000000 0.000000 0.000000 0.000000 0.000000 0.000000
 0.000000 0.000000 0.000000 0.000000 0.000000 0.000000 0.000000 0.000000 0.000000 0.000000 0.000000 0.500005 0.000000 0.000000 0.000000 0.499995 0.000000 0.000000 0.000000 0.000000
 0.000038 0.000000 0.000000 0.492297 0.000000 0.016232 0.000000 0.000000 0.000000 0.491433 0.000000 0.000000 0.000000 0.000000 0.000000 0.000000 0.000000 0.000000 0.000000 0.000000
 0.491788 0.014529 0.000000 0.001048 0.000000 0.000000 0.000000 0.000000 0.490919 0.000000 0.000000 0.000000 0.000000 0.001433 0.000000 0.000000 0.000000 0.000000 0.000000 0.000282
 0.000000 0.000000 0.000000 0.000000 0.000000 0.000000 0.500000 0.000000 0.000000 0.000000 0.000000 0.000000 0.000000 0.000000 0.500000 0.000000 0.000000 0.000000 0.000000 0.000000
 0.000000 0.000000 0.499999 0.000000 0.000000 0.000000 0.000000 0.500001 0.000000 0.000000 0.000000 0.000000 0.000000 0.000000 0.000000 0.000000 0.000000 0.000000 0.000000 0.000000
 0.000000 0.000000 0.000000 0.500000 0.500000 0.000000 0.000000 0.000000 0.000000 0.000000 0.000000 0.000000 0.000000 0.000000 0.000000 0.000000 0.000000 0.000000 0.000000 0.000000
 0.492673 0.000130 0.013576 0.000000 0.000000 0.492185 0.000000 0.000000 0.000000 0.001436 0.000000 0.000000 0.000000 0.000000 0.000000 0.000000 0.000000 0.000000 0.000000 0.000000
 0.000000 0.000000 0.000000 0.000000 0.000000 0.000000 0.000000 0.000000 0.000000 0.000000 0.500000 0.000000 0.000000 0.000000 0.000000 0.000000 0.000000 0.500000 0.000000 0.000000
 0.000000 0.000000 0.000000 0.000000 0.000000 0.500005 0.000000 0.499995 0.000000 0.000000 0.000000 0.000000 0.000000 0.000000 0.000000 0.000000 0.000000 0.000000 0.000000 0.000000
 0.000000 0.000000 0.000000 0.000000 0.000000 0.000000 0.000000 0.000000 0.000000 0.000000 0.000000 0.000000 0.000000 0.000000 0.000000 0.000000 0.000000 0.499993 0.500007 0.000000
 0.000000 0.000000 0.000000 0.000000 0.000000 0.000000 0.000000 0.000000 0.000000 0.000000 0.000000 0.000000 0.000000 0.000000 0.500007 0.000000 0.499993 0.000000 0.000000 0.000000
 0.000000 0.000219 0.000000 0.000000 0.000000 0.000000 0.000000 0.000000 0.000000 0.000000 0.000000 0.000000 0.000000 0.000000 0.000000 0.000000 0.499892 0.000000 0.000000 0.499889
 0.000000 0.499858 0.000000 0.000000 0.000000 0.000000 0.000000 0.000000 0.000000 0.000287 0.000000 0.000000 0.000000 0.000000 0.000000 0.000000 0.000000 0.000000 0.499855 0.000000
the mean of prob-rank is 1.631578947368421
the number of false negetive edges is 0
the number of probability greater than 0 is 3.0/edge
