20
 0.000000 0.000000 0.000000 0.000000 0.000000 0.000000 0.000000 0.000000 0.486647 0.000000 0.000000 0.000000 0.000000 0.000000 0.000000 0.000000 0.000000 0.487011 0.026343 0.000000
 0.000000 0.000000 0.000000 0.000000 0.303857 0.336748 0.024153 0.000000 0.000000 0.334420 0.000000 0.000000 0.000000 0.000823 0.000000 0.000000 0.000000 0.000000 0.000000 0.000000
 0.000000 0.000000 0.000000 0.500000 0.000000 0.000000 0.000000 0.000000 0.000000 0.000000 0.500000 0.000000 0.000000 0.000000 0.000000 0.000000 0.000000 0.000000 0.000000 0.000000
 0.000000 0.000000 0.476881 0.000000 0.000000 0.000000 0.000000 0.000000 0.000000 0.000000 0.000000 0.000000 0.000000 0.000001 0.476821 0.029336 0.000000 0.000000 0.016960 0.000000
 0.000000 0.308834 0.000000 0.000000 0.000000 0.006140 0.340270 0.000000 0.000000 0.341582 0.000000 0.000000 0.000000 0.003174 0.000000 0.000000 0.000000 0.000000 0.000000 0.000000
 0.000000 0.451592 0.000000 0.000000 0.008102 0.000000 0.027108 0.000000 0.000000 0.060440 0.000000 0.000000 0.000000 0.000000 0.000000 0.000000 0.000000 0.000000 0.000000 0.452758
 0.000000 0.023399 0.000000 0.000000 0.324345 0.019584 0.000000 0.324022 0.000000 0.308649 0.000000 0.000000 0.000000 0.000001 0.000000 0.000000 0.000000 0.000000 0.000000 0.000001
 0.000000 0.000000 0.000000 0.000000 0.000000 0.000000 0.469250 0.000000 0.035041 0.000000 0.000000 0.008810 0.000000 0.012270 0.000000 0.000000 0.473436 0.000000 0.000000 0.001194
 0.481986 0.000000 0.000000 0.000000 0.000000 0.000000 0.000000 0.035681 0.000000 0.000000 0.000000 0.000000 0.000000 0.000000 0.000000 0.000000 0.000000 0.000000 0.000000 0.482333
 0.000000 0.323157 0.000000 0.000000 0.324757 0.043552 0.307854 0.000000 0.000000 0.000000 0.000000 0.000000 0.000000 0.000680 0.000000 0.000000 0.000000 0.000000 0.000000 0.000000
 0.000000 0.000000 0.500000 0.000000 0.000000 0.000000 0.000000 0.000000 0.000000 0.000000 0.000000 0.000000 0.500000 0.000000 0.000000 0.000000 0.000000 0.000000 0.000000 0.000000
 0.000000 0.000000 0.000000 0.000000 0.000000 0.000000 0.000000 0.006676 0.000000 0.000000 0.000000 0.000000 0.000000 0.349256 0.013247 0.000000 0.358938 0.000000 0.271884 0.000000
 0.000000 0.000000 0.000000 0.000000 0.000000 0.000000 0.000000 0.000000 0.000000 0.000000 0.446796 0.000000 0.000000 0.000000 0.000000 0.445046 0.000000 0.108159 0.000000 0.000000
 0.000000 0.000855 0.000000 0.000001 0.003245 0.000000 0.000001 0.009089 0.000000 0.000731 0.000000 0.341395 0.000000 0.000000 0.350887 0.000000 0.293797 0.000000 0.000000 0.000000
 0.000000 0.000000 0.000000 0.484281 0.000000 0.000000 0.000000 0.000000 0.000000 0.000000 0.000000 0.017873 0.000000 0.484342 0.000000 0.000000 0.000000 0.000000 0.013504 0.000000
 0.000000 0.000000 0.000000 0.026766 0.000000 0.000000 0.000000 0.000000 0.000000 0.000000 0.000000 0.000000 0.433402 0.000000 0.000000 0.000000 0.000000 0.105315 0.434516 0.000000
 0.000000 0.000000 0.000000 0.000000 0.000000 0.000000 0.000000 0.352335 0.000000 0.000000 0.000000 0.352496 0.000000 0.295168 0.000000 0.000000 0.000000 0.000000 0.000000 0.000000
 0.405297 0.000000 0.000000 0.000000 0.000000 0.000000 0.000000 0.000000 0.000000 0.000000 0.000000 0.000000 0.098112 0.000000 0.000000 0.098100 0.000000 0.000000 0.398491 0.000000
 0.018934 0.000000 0.000000 0.012449 0.000000 0.000000 0.000000 0.000000 0.000000 0.000000 0.000000 0.265125 0.000000 0.000000 0.009760 0.349568 0.000000 0.344165 0.000000 0.000000
 0.000000 0.000000 0.000000 0.000000 0.000000 0.499378 0.000001 0.001259 0.499363 0.000000 0.000000 0.000000 0.000000 0.000000 0.000000 0.000000 0.000000 0.000000 0.000000 0.000000
the mean of prob-rank is 1.5263157894736843
the number of false negetive edges is 0
the number of probability greater than 0 is 4.25/edge
