20
 0.000000 0.000000 0.000000 0.000000 0.471943 0.000000 0.000000 0.000000 0.000000 0.000000 0.000000 0.000000 0.000000 0.470448 0.000000 0.000000 0.000000 0.057609 0.000000 0.000000
 0.000000 0.000000 0.000000 0.000000 0.000000 0.499999 0.000000 0.000000 0.000000 0.000000 0.000000 0.000000 0.000000 0.000000 0.500001 0.000000 0.000000 0.000000 0.000000 0.000000
 0.000000 0.000000 0.000000 0.000000 0.000000 0.000000 0.000000 0.000000 0.113429 0.000000 0.382952 0.130083 0.000000 0.000000 0.373536 0.000000 0.000000 0.000000 0.000000 0.000000
 0.000000 0.000000 0.000000 0.000000 0.000000 0.000000 0.000000 0.500003 0.000000 0.000000 0.000000 0.000000 0.499997 0.000000 0.000000 0.000000 0.000000 0.000000 0.000000 0.000000
 0.500000 0.000000 0.000000 0.000000 0.000000 0.000000 0.500000 0.000000 0.000000 0.000000 0.000000 0.000000 0.000000 0.000000 0.000000 0.000000 0.000000 0.000000 0.000000 0.000000
 0.000000 0.499999 0.000000 0.000000 0.000000 0.000000 0.000000 0.000000 0.000000 0.000000 0.000000 0.000000 0.000000 0.000000 0.000000 0.000000 0.000000 0.000000 0.500001 0.000000
 0.000000 0.000000 0.000000 0.000000 0.500076 0.000000 0.000000 0.499924 0.000000 0.000000 0.000000 0.000000 0.000000 0.000000 0.000000 0.000000 0.000000 0.000000 0.000000 0.000000
 0.000000 0.000000 0.000000 0.500076 0.000000 0.000000 0.499924 0.000000 0.000000 0.000000 0.000000 0.000000 0.000000 0.000000 0.000000 0.000000 0.000000 0.000000 0.000000 0.000000
 0.000000 0.000000 0.115219 0.000000 0.000000 0.000000 0.000000 0.000000 0.000000 0.388632 0.381767 0.000000 0.000000 0.000000 0.018167 0.000000 0.000000 0.000337 0.000000 0.095878
 0.000000 0.000000 0.000000 0.000000 0.000000 0.000000 0.000000 0.000000 0.483973 0.000000 0.000000 0.000000 0.000000 0.000000 0.031602 0.000000 0.000000 0.000000 0.000000 0.484425
 0.000000 0.000000 0.416186 0.000000 0.000000 0.000000 0.000000 0.000000 0.408454 0.000000 0.000000 0.000000 0.000000 0.000000 0.175360 0.000000 0.000000 0.000000 0.000000 0.000000
 0.000000 0.000000 0.145310 0.000000 0.000000 0.000000 0.000000 0.000000 0.000000 0.000000 0.000000 0.000000 0.000000 0.427780 0.000000 0.000000 0.000000 0.426909 0.000000 0.000000
 0.000000 0.000000 0.000000 0.499997 0.000000 0.000000 0.000000 0.000000 0.000000 0.000000 0.000000 0.000000 0.000000 0.000000 0.000000 0.000000 0.500003 0.000000 0.000000 0.000000
 0.451522 0.000000 0.000000 0.000000 0.000000 0.000000 0.000000 0.000000 0.000000 0.000000 0.000000 0.452957 0.000000 0.000000 0.000000 0.000000 0.000000 0.095521 0.000000 0.000000
 0.000000 0.398613 0.388812 0.000000 0.000000 0.000000 0.000000 0.000000 0.018616 0.026004 0.167955 0.000000 0.000000 0.000000 0.000000 0.000000 0.000000 0.000000 0.000000 0.000000
 0.000000 0.000000 0.000000 0.000000 0.000000 0.000000 0.000000 0.000000 0.000000 0.000000 0.000000 0.000000 0.000000 0.000000 0.000000 0.000000 0.500000 0.000000 0.500000 0.000000
 0.000000 0.000000 0.000000 0.000000 0.000000 0.000000 0.000000 0.000000 0.000000 0.000000 0.000000 0.000000 0.500000 0.000000 0.000000 0.500000 0.000000 0.000000 0.000000 0.000000
 0.052396 0.000000 0.000000 0.000000 0.000000 0.000000 0.000000 0.000000 0.000372 0.000000 0.000000 0.428363 0.000000 0.090519 0.000000 0.000000 0.000000 0.000000 0.000000 0.428350
 0.000000 0.000000 0.000000 0.000000 0.000000 0.500000 0.000000 0.000000 0.000000 0.000000 0.000000 0.000000 0.000000 0.000000 0.000000 0.500000 0.000000 0.000000 0.000000 0.000000
 0.000000 0.000000 0.000000 0.000000 0.000000 0.000000 0.000000 0.000000 0.109818 0.445552 0.000000 0.000000 0.000000 0.000000 0.000000 0.000000 0.000000 0.444631 0.000000 0.000000
the mean of prob-rank is 1.5263157894736843
the number of false negetive edges is 0
the number of probability greater than 0 is 2.9/edge
