20
 0.000000 0.000000 0.000000 0.000000 0.000000 0.498071 0.498123 0.000000 0.000000 0.000000 0.000000 0.000000 0.000000 0.000000 0.003777 0.000000 0.000000 0.000029 0.000000 0.000000
 0.000000 0.000000 0.000000 0.000000 0.000000 0.000000 0.000000 0.000000 0.346653 0.000000 0.000000 0.328046 0.000000 0.000000 0.000000 0.000000 0.325301 0.000000 0.000000 0.000000
 0.000000 0.000000 0.000000 0.000000 0.500014 0.000000 0.000000 0.000000 0.000000 0.000000 0.000000 0.499986 0.000000 0.000000 0.000000 0.000000 0.000000 0.000000 0.000000 0.000000
 0.000000 0.000000 0.000000 0.000000 0.299576 0.000000 0.000000 0.272968 0.000000 0.135003 0.000000 0.000000 0.000000 0.292452 0.000000 0.000000 0.000000 0.000000 0.000000 0.000000
 0.000000 0.000000 0.500000 0.500000 0.000000 0.000000 0.000000 0.000000 0.000000 0.000000 0.000000 0.000000 0.000000 0.000000 0.000000 0.000000 0.000000 0.000000 0.000000 0.000000
 0.499973 0.000000 0.000000 0.000000 0.000000 0.000000 0.000000 0.000000 0.000000 0.000000 0.000000 0.000000 0.000000 0.000000 0.000000 0.500026 0.000000 0.000000 0.000001 0.000000
 0.395587 0.000000 0.000000 0.000000 0.000000 0.000000 0.000000 0.375255 0.000000 0.224917 0.000000 0.000000 0.000000 0.004241 0.000000 0.000000 0.000000 0.000000 0.000000 0.000000
 0.000000 0.000000 0.000000 0.250309 0.000000 0.000000 0.260589 0.000000 0.000000 0.267851 0.000000 0.000000 0.000000 0.221251 0.000000 0.000000 0.000000 0.000000 0.000000 0.000000
 0.000000 0.355030 0.000000 0.000000 0.000000 0.000000 0.000000 0.000000 0.000000 0.000000 0.000000 0.319935 0.000000 0.000000 0.000000 0.000000 0.325035 0.000000 0.000000 0.000000
 0.000000 0.000000 0.000000 0.150536 0.000000 0.000000 0.189926 0.325705 0.000000 0.000000 0.000000 0.000000 0.000000 0.333833 0.000000 0.000000 0.000000 0.000000 0.000000 0.000000
 0.000000 0.000000 0.000000 0.000000 0.000000 0.000000 0.000000 0.000000 0.000000 0.000000 0.000000 0.000000 0.500000 0.000000 0.000000 0.000000 0.000000 0.000000 0.000000 0.500000
 0.000000 0.332345 0.351176 0.000000 0.000000 0.000000 0.000000 0.000000 0.316479 0.000000 0.000000 0.000000 0.000000 0.000000 0.000000 0.000000 0.000000 0.000000 0.000000 0.000000
 0.000000 0.000000 0.000000 0.000000 0.000000 0.000000 0.000000 0.000000 0.000000 0.000000 0.500000 0.000000 0.000000 0.000000 0.000000 0.000000 0.500000 0.000000 0.000000 0.000000
 0.000000 0.000000 0.000000 0.349686 0.000000 0.000000 0.003840 0.288497 0.000000 0.357977 0.000000 0.000000 0.000000 0.000000 0.000000 0.000000 0.000000 0.000000 0.000000 0.000000
 0.003760 0.000000 0.000000 0.000000 0.000000 0.000000 0.000000 0.000000 0.000000 0.000000 0.000000 0.000000 0.000000 0.000000 0.000000 0.004615 0.000000 0.495887 0.495738 0.000000
 0.000000 0.000000 0.000000 0.000000 0.000000 0.497867 0.000000 0.000000 0.000000 0.000000 0.000000 0.000000 0.000000 0.000000 0.004633 0.000000 0.000000 0.497500 0.000000 0.000000
 0.000000 0.328813 0.000000 0.000000 0.000000 0.000000 0.000000 0.000000 0.320792 0.000000 0.000000 0.000000 0.350395 0.000000 0.000000 0.000000 0.000000 0.000000 0.000000 0.000000
 0.000029 0.000000 0.000000 0.000000 0.000000 0.000000 0.000000 0.000000 0.000000 0.000000 0.000000 0.000000 0.000000 0.000000 0.500169 0.499801 0.000000 0.000000 0.000001 0.000000
 0.000000 0.000000 0.000000 0.000000 0.000000 0.000001 0.000000 0.000000 0.000000 0.000000 0.000000 0.000000 0.000000 0.000000 0.499924 0.000000 0.000000 0.000001 0.000000 0.500074
 0.000000 0.000000 0.000000 0.000000 0.000000 0.000000 0.000000 0.000000 0.000000 0.000000 0.500000 0.000000 0.000000 0.000000 0.000000 0.000000 0.000000 0.000000 0.500000 0.000000
the mean of prob-rank is 1.5263157894736843
the number of false negetive edges is 0
the number of probability greater than 0 is 3.1/edge
