20
 0.000000 0.000000 0.358525 0.000000 0.000000 0.000000 0.000000 0.000000 0.292569 0.000000 0.000000 0.000000 0.000000 0.000000 0.000000 0.000000 0.000000 0.348905 0.000000 0.000000
 0.000000 0.000000 0.000000 0.000000 0.000000 0.500000 0.000000 0.000000 0.000000 0.500000 0.000000 0.000000 0.000000 0.000000 0.000000 0.000000 0.000000 0.000000 0.000000 0.000000
 0.365088 0.000000 0.000000 0.000000 0.000000 0.000004 0.000000 0.000000 0.356684 0.000000 0.000000 0.000000 0.000000 0.000000 0.000000 0.000000 0.000000 0.278223 0.000000 0.000000
 0.000000 0.000000 0.000000 0.000000 0.000000 0.000000 0.000000 0.461261 0.000000 0.000000 0.000000 0.079493 0.000000 0.000000 0.000000 0.000000 0.000000 0.000000 0.000000 0.459246
 0.000000 0.000000 0.000000 0.000000 0.000000 0.000000 0.497941 0.000000 0.000000 0.000000 0.000000 0.000000 0.000000 0.000000 0.497913 0.000000 0.004146 0.000000 0.000000 0.000000
 0.000000 0.499635 0.000006 0.000000 0.000000 0.000000 0.000000 0.000000 0.000000 0.000725 0.000000 0.000000 0.000000 0.000000 0.000000 0.000000 0.000000 0.499634 0.000000 0.000000
 0.000000 0.000000 0.000000 0.000000 0.500003 0.000000 0.000000 0.000000 0.000000 0.000000 0.000000 0.000000 0.000000 0.499997 0.000000 0.000000 0.000000 0.000000 0.000000 0.000000
 0.000000 0.000000 0.000000 0.499978 0.000000 0.000000 0.000000 0.000000 0.000000 0.000000 0.000000 0.000041 0.000000 0.499980 0.000000 0.000000 0.000000 0.000000 0.000000 0.000000
 0.291579 0.000000 0.349087 0.000000 0.000000 0.000000 0.000000 0.000000 0.000000 0.000000 0.356760 0.000000 0.000000 0.000000 0.002574 0.000000 0.000000 0.000000 0.000000 0.000000
 0.000000 0.454496 0.000000 0.000000 0.000000 0.000659 0.000000 0.000000 0.000000 0.000000 0.000000 0.000000 0.453409 0.000000 0.000000 0.091421 0.000000 0.000008 0.000000 0.000007
 0.000000 0.000000 0.000000 0.000000 0.000000 0.000000 0.000000 0.000000 0.410958 0.000000 0.000000 0.000001 0.123456 0.000000 0.000000 0.000000 0.000000 0.000000 0.411501 0.054085
 0.000000 0.000000 0.000000 0.068333 0.000000 0.000000 0.000000 0.000033 0.000000 0.000000 0.000001 0.000000 0.000000 0.000000 0.000000 0.000000 0.393555 0.000000 0.395139 0.142939
 0.000000 0.000000 0.000000 0.000000 0.000000 0.000000 0.000000 0.000000 0.000000 0.417417 0.125503 0.000000 0.000000 0.000000 0.000000 0.414167 0.000000 0.000000 0.000000 0.042913
 0.000000 0.000000 0.000000 0.000000 0.000000 0.000000 0.499997 0.500003 0.000000 0.000000 0.000000 0.000000 0.000000 0.000000 0.000000 0.000000 0.000000 0.000000 0.000000 0.000000
 0.000000 0.000000 0.000000 0.000000 0.498192 0.000000 0.000000 0.000000 0.003589 0.000000 0.000000 0.000000 0.000000 0.000000 0.000000 0.000000 0.498219 0.000000 0.000000 0.000000
 0.000000 0.000000 0.000000 0.000000 0.000000 0.000000 0.000000 0.000000 0.000000 0.091807 0.000000 0.000000 0.451778 0.000000 0.000000 0.000000 0.000000 0.000000 0.000000 0.456415
 0.000000 0.000000 0.000000 0.000000 0.003549 0.000000 0.000000 0.000000 0.000000 0.000000 0.000000 0.423040 0.000000 0.000000 0.426214 0.000000 0.000000 0.000000 0.147197 0.000000
 0.355787 0.000000 0.278611 0.000000 0.000000 0.365596 0.000000 0.000000 0.000000 0.000006 0.000000 0.000000 0.000000 0.000000 0.000000 0.000000 0.000000 0.000000 0.000000 0.000000
 0.000000 0.000000 0.000000 0.000000 0.000000 0.000000 0.000000 0.000000 0.000000 0.000000 0.388274 0.387023 0.000000 0.000000 0.000000 0.000000 0.134125 0.000000 0.000000 0.090578
 0.000000 0.000000 0.000000 0.352643 0.000000 0.000000 0.000000 0.000000 0.000000 0.000005 0.046542 0.127684 0.036325 0.000000 0.000000 0.354191 0.000000 0.000000 0.082608 0.000000
the mean of prob-rank is 1.5263157894736843
the number of false negetive edges is 0
the number of probability greater than 0 is 3.8/edge
