20
 0.000000 0.000000 0.306682 0.000000 0.342398 0.350829 0.000000 0.000000 0.000000 0.000023 0.000000 0.000000 0.000000 0.000000 0.000000 0.000068 0.000000 0.000000 0.000000 0.000000
 0.000000 0.000000 0.000000 0.000000 0.264966 0.000000 0.000000 0.000000 0.377076 0.000000 0.000000 0.000000 0.357958 0.000000 0.000000 0.000000 0.000000 0.000000 0.000000 0.000000
 0.246351 0.000000 0.000000 0.000000 0.000000 0.003664 0.000000 0.000000 0.000000 0.000000 0.000000 0.000000 0.000000 0.000000 0.281824 0.000000 0.000000 0.232471 0.000000 0.235690
 0.000000 0.000000 0.000000 0.000000 0.000000 0.000000 0.000000 0.000000 0.000000 0.000000 0.000000 0.500005 0.000000 0.000000 0.000000 0.000000 0.000000 0.000000 0.000000 0.499995
 0.349698 0.251787 0.000000 0.000000 0.000000 0.029867 0.000000 0.000000 0.000000 0.000001 0.000000 0.000000 0.010999 0.000000 0.000000 0.357647 0.000000 0.000000 0.000000 0.000000
 0.473253 0.000000 0.006154 0.000000 0.039449 0.000000 0.000000 0.000000 0.000000 0.472248 0.000000 0.000000 0.000000 0.000000 0.000000 0.006564 0.000000 0.002333 0.000000 0.000000
 0.000000 0.000000 0.000000 0.000000 0.000000 0.000000 0.000000 0.000000 0.499998 0.000000 0.000000 0.500002 0.000000 0.000000 0.000000 0.000000 0.000000 0.000000 0.000000 0.000000
 0.000000 0.000000 0.000000 0.000000 0.000000 0.000000 0.000000 0.000000 0.000000 0.308566 0.000000 0.000000 0.000000 0.342005 0.000000 0.000000 0.000000 0.349429 0.000000 0.000000
 0.000000 0.500000 0.000000 0.000000 0.000000 0.000000 0.500000 0.000000 0.000000 0.000000 0.000000 0.000000 0.000000 0.000000 0.000000 0.000000 0.000000 0.000000 0.000000 0.000000
 0.000017 0.000000 0.000000 0.000000 0.000001 0.254601 0.000000 0.225311 0.000000 0.000000 0.000000 0.000000 0.000000 0.117877 0.000000 0.169947 0.000000 0.232246 0.000000 0.000000
 0.000000 0.000000 0.000000 0.000000 0.000000 0.000000 0.000000 0.000000 0.000000 0.000000 0.000000 0.000000 0.000000 0.477953 0.000000 0.000000 0.477693 0.000000 0.044354 0.000000
 0.000000 0.000000 0.000000 0.499999 0.000000 0.000000 0.500001 0.000000 0.000000 0.000000 0.000000 0.000000 0.000000 0.000000 0.000000 0.000000 0.000000 0.000000 0.000000 0.000000
 0.000000 0.285034 0.000000 0.000000 0.009217 0.000000 0.000000 0.000000 0.000000 0.000000 0.000000 0.000000 0.000000 0.000000 0.000000 0.240982 0.164807 0.000000 0.299960 0.000000
 0.000000 0.000000 0.000000 0.000000 0.000000 0.000000 0.000000 0.255598 0.000000 0.120649 0.261151 0.000000 0.000000 0.000000 0.000000 0.216662 0.000001 0.000000 0.145940 0.000000
 0.000000 0.000000 0.361450 0.000000 0.000000 0.000000 0.000000 0.000000 0.000000 0.000000 0.000000 0.000000 0.000000 0.000000 0.000000 0.000000 0.000000 0.289189 0.000000 0.349361
 0.000048 0.000000 0.000000 0.000000 0.246844 0.003430 0.000000 0.000000 0.000000 0.164724 0.000000 0.000000 0.198487 0.205180 0.000000 0.000000 0.000000 0.000000 0.181287 0.000000
 0.000000 0.000000 0.000000 0.000000 0.000000 0.000000 0.000000 0.000000 0.000000 0.000000 0.392265 0.000000 0.215425 0.000001 0.000000 0.000000 0.000000 0.000000 0.392310 0.000000
 0.000000 0.000000 0.233010 0.000000 0.000000 0.001393 0.000000 0.282473 0.000000 0.257119 0.000000 0.000000 0.000000 0.000000 0.226006 0.000000 0.000000 0.000000 0.000000 0.000000
 0.000000 0.000000 0.000000 0.000000 0.000000 0.000000 0.000000 0.000000 0.000000 0.000000 0.027429 0.000000 0.295280 0.165177 0.000000 0.216666 0.295448 0.000000 0.000000 0.000000
 0.000000 0.000000 0.298377 0.356773 0.000000 0.000000 0.000000 0.000000 0.000000 0.000000 0.000000 0.000000 0.000000 0.000000 0.344850 0.000000 0.000000 0.000000 0.000000 0.000000
the mean of prob-rank is 1.736842105263158
the number of false negetive edges is 0
the number of probability greater than 0 is 4.05/edge
