20
 0.000000 0.000000 0.000000 0.000000 0.000000 0.000000 0.000000 0.000000 0.498624 0.002723 0.000000 0.000000 0.000000 0.000000 0.000000 0.000000 0.498653 0.000000 0.000000 0.000000
 0.000000 0.000000 0.000000 0.000000 0.000000 0.000000 0.000000 0.000000 0.000000 0.000000 0.000000 0.000000 0.000000 0.000000 0.000000 0.000000 0.000000 0.500000 0.000000 0.500000
 0.000000 0.000000 0.000000 0.000000 0.000000 0.000000 0.362054 0.000000 0.000000 0.000000 0.080858 0.000000 0.000000 0.367763 0.000000 0.000000 0.000000 0.000000 0.189325 0.000000
 0.000000 0.000000 0.000000 0.000000 0.000000 0.023042 0.000102 0.426729 0.000000 0.000000 0.428684 0.000000 0.000000 0.000000 0.000000 0.064523 0.000000 0.000000 0.056919 0.000000
 0.000000 0.000000 0.000000 0.000000 0.000000 0.000000 0.000000 0.000000 0.059355 0.000000 0.000004 0.470501 0.000000 0.000000 0.000001 0.470140 0.000000 0.000000 0.000000 0.000000
 0.000000 0.000000 0.000000 0.026173 0.000000 0.000000 0.000000 0.000000 0.000000 0.000000 0.000000 0.000000 0.486987 0.000000 0.000000 0.486840 0.000000 0.000000 0.000000 0.000000
 0.000000 0.000000 0.453598 0.000109 0.000000 0.000000 0.000000 0.051416 0.000000 0.000000 0.000270 0.000000 0.000000 0.033828 0.000000 0.000000 0.000000 0.000000 0.460778 0.000000
 0.000000 0.000000 0.000000 0.472410 0.000000 0.000000 0.052962 0.000000 0.000000 0.000000 0.000000 0.000000 0.474628 0.000000 0.000000 0.000000 0.000000 0.000000 0.000000 0.000000
 0.432987 0.000000 0.000000 0.000000 0.054622 0.000000 0.000000 0.000000 0.000000 0.000000 0.080139 0.000000 0.000000 0.000000 0.432251 0.000000 0.000000 0.000000 0.000000 0.000000
 0.002723 0.000000 0.000000 0.000000 0.000000 0.000000 0.000000 0.000000 0.000000 0.000000 0.000000 0.000000 0.000000 0.000000 0.000000 0.000000 0.498619 0.498659 0.000000 0.000000
 0.000000 0.000000 0.086149 0.391811 0.000003 0.000000 0.000230 0.000000 0.072522 0.000000 0.000000 0.000000 0.000000 0.000000 0.000000 0.069357 0.000000 0.000000 0.379927 0.000000
 0.000000 0.000000 0.000000 0.000000 0.500026 0.000000 0.000000 0.000000 0.000000 0.000000 0.000000 0.000000 0.000000 0.000000 0.499974 0.000000 0.000000 0.000000 0.000000 0.000000
 0.000000 0.000000 0.000000 0.000000 0.000000 0.500000 0.000000 0.500000 0.000000 0.000000 0.000000 0.000000 0.000000 0.000000 0.000000 0.000000 0.000000 0.000000 0.000000 0.000000
 0.000000 0.000000 0.482280 0.000000 0.000000 0.000000 0.035409 0.000000 0.000000 0.000000 0.000000 0.000000 0.000000 0.000000 0.000000 0.000000 0.000000 0.000000 0.000000 0.482311
 0.000000 0.000000 0.000000 0.000000 0.000001 0.000000 0.000000 0.000000 0.496930 0.000000 0.000000 0.497726 0.000000 0.000000 0.000000 0.000000 0.005343 0.000000 0.000000 0.000000
 0.000000 0.000000 0.000000 0.064692 0.429501 0.429724 0.000000 0.000000 0.000000 0.000000 0.076083 0.000000 0.000000 0.000000 0.000000 0.000000 0.000000 0.000000 0.000000 0.000000
 0.497353 0.000000 0.000000 0.000000 0.000000 0.000000 0.000000 0.000000 0.000000 0.497308 0.000000 0.000000 0.000000 0.000000 0.005338 0.000000 0.000000 0.000000 0.000000 0.000000
 0.000000 0.500002 0.000000 0.000000 0.000000 0.000000 0.000000 0.000000 0.000000 0.499998 0.000000 0.000000 0.000000 0.000000 0.000000 0.000000 0.000000 0.000000 0.000000 0.000000
 0.000000 0.000000 0.196695 0.050729 0.000000 0.000000 0.382103 0.000000 0.000000 0.000000 0.370473 0.000000 0.000000 0.000000 0.000000 0.000000 0.000000 0.000000 0.000000 0.000000
 0.000000 0.500000 0.000000 0.000000 0.000000 0.000000 0.000000 0.000000 0.000000 0.000000 0.000000 0.000000 0.000000 0.500000 0.000000 0.000000 0.000000 0.000000 0.000000 0.000000
the mean of prob-rank is 1.4736842105263157
the number of false negetive edges is 0
the number of probability greater than 0 is 3.5/edge
