20
 0.000000 0.000000 0.000000 0.500000 0.000000 0.000000 0.000000 0.000000 0.000000 0.000000 0.000000 0.000000 0.000000 0.500000 0.000000 0.000000 0.000000 0.000000 0.000000 0.000000
 0.000000 0.000000 0.000001 0.000000 0.000000 0.325253 0.000000 0.245935 0.000000 0.303912 0.000000 0.000000 0.000000 0.000000 0.002414 0.021281 0.083136 0.000000 0.000000 0.018068
 0.000000 0.000001 0.000000 0.000000 0.000000 0.000000 0.000000 0.000000 0.000000 0.000000 0.000000 0.000246 0.499944 0.000000 0.000000 0.000000 0.499809 0.000000 0.000000 0.000000
 0.500001 0.000000 0.000000 0.000000 0.000000 0.000000 0.000000 0.000000 0.000000 0.000000 0.499999 0.000000 0.000000 0.000000 0.000000 0.000000 0.000000 0.000000 0.000000 0.000000
 0.000000 0.000000 0.000000 0.000000 0.000000 0.000000 0.239899 0.000000 0.000000 0.000000 0.311396 0.000000 0.000000 0.000000 0.000000 0.000000 0.000000 0.320005 0.000000 0.128700
 0.000000 0.499128 0.000000 0.000000 0.000000 0.000000 0.000010 0.001132 0.000000 0.000000 0.000000 0.000000 0.000000 0.000000 0.499729 0.000000 0.000000 0.000000 0.000000 0.000000
 0.000000 0.000000 0.000000 0.000000 0.226598 0.000006 0.000000 0.000000 0.000000 0.000000 0.189108 0.000000 0.000000 0.000000 0.293212 0.000000 0.000000 0.291077 0.000000 0.000000
 0.000000 0.229017 0.000000 0.000000 0.000000 0.000687 0.000000 0.000000 0.165709 0.000000 0.000000 0.000000 0.000000 0.000000 0.036845 0.264499 0.000000 0.000000 0.303243 0.000000
 0.000000 0.000000 0.000000 0.000000 0.000000 0.000000 0.000000 0.180936 0.000000 0.000000 0.000000 0.000000 0.000000 0.331108 0.174900 0.000000 0.000000 0.000000 0.313056 0.000000
 0.000000 0.258933 0.000000 0.000000 0.000000 0.000000 0.000000 0.000000 0.000000 0.000000 0.000000 0.222177 0.000000 0.000000 0.000000 0.000000 0.248642 0.000000 0.000000 0.270248
 0.000000 0.000000 0.000000 0.304000 0.295823 0.000000 0.190195 0.000000 0.000000 0.000000 0.000000 0.000000 0.000000 0.000000 0.000000 0.000000 0.000000 0.209981 0.000000 0.000000
 0.000000 0.000000 0.000178 0.000000 0.000000 0.000000 0.000000 0.000000 0.000000 0.289490 0.000000 0.000000 0.001200 0.000000 0.000000 0.002055 0.345568 0.000000 0.000000 0.361509
 0.000000 0.000000 0.499171 0.000000 0.000000 0.000000 0.000000 0.000000 0.000000 0.000000 0.000000 0.001657 0.000000 0.000000 0.000000 0.499172 0.000000 0.000000 0.000000 0.000000
 0.500000 0.000000 0.000000 0.000000 0.000000 0.000000 0.000000 0.000000 0.500000 0.000000 0.000000 0.000000 0.000000 0.000000 0.000000 0.000000 0.000000 0.000000 0.000000 0.000000
 0.000000 0.002821 0.000000 0.000000 0.000000 0.380633 0.369236 0.046248 0.201061 0.000000 0.000000 0.000000 0.000000 0.000000 0.000000 0.000000 0.000000 0.000002 0.000000 0.000000
 0.000000 0.023863 0.000000 0.000000 0.000000 0.000000 0.000000 0.318501 0.000000 0.000000 0.000000 0.002076 0.365156 0.000000 0.000000 0.000000 0.000000 0.000000 0.290404 0.000000
 0.000000 0.082166 0.321756 0.000000 0.000000 0.000000 0.000000 0.000000 0.000000 0.288426 0.000000 0.307652 0.000000 0.000000 0.000000 0.000000 0.000000 0.000000 0.000000 0.000000
 0.000000 0.000000 0.000000 0.000000 0.371283 0.000000 0.357543 0.000000 0.000000 0.000000 0.256454 0.000000 0.000000 0.000000 0.000002 0.000000 0.000000 0.000000 0.000000 0.014719
 0.000000 0.000000 0.000000 0.000000 0.000000 0.000000 0.000000 0.364861 0.344969 0.000000 0.000000 0.000000 0.000000 0.000000 0.000000 0.290170 0.000000 0.000000 0.000000 0.000000
 0.000000 0.022451 0.000000 0.000000 0.162738 0.000000 0.000000 0.000000 0.000000 0.394133 0.000000 0.404637 0.000000 0.000000 0.000000 0.000000 0.000000 0.016041 0.000000 0.000000
the mean of prob-rank is 1.5789473684210527
the number of false negetive edges is 0
the number of probability greater than 0 is 4.25/edge
