20
 0.000000 0.014315 0.492843 0.000000 0.000000 0.000000 0.000000 0.000000 0.000000 0.000000 0.000000 0.000000 0.492842 0.000000 0.000000 0.000000 0.000000 0.000000 0.000000 0.000000
 0.012448 0.000000 0.023303 0.000000 0.105837 0.000000 0.000000 0.000000 0.000015 0.001301 0.000000 0.000000 0.001720 0.000000 0.000000 0.427632 0.000000 0.000000 0.000000 0.427744
 0.322262 0.017524 0.000000 0.000000 0.273248 0.000000 0.000000 0.001387 0.000000 0.000000 0.000000 0.000000 0.000000 0.013294 0.000000 0.000000 0.089080 0.000000 0.283206 0.000000
 0.000000 0.000000 0.000000 0.000000 0.000000 0.499973 0.000000 0.000000 0.000000 0.000000 0.499973 0.000000 0.000000 0.000000 0.000000 0.000000 0.000000 0.000000 0.000054 0.000000
 0.000000 0.081449 0.279637 0.000000 0.000000 0.000000 0.000000 0.000000 0.000216 0.000000 0.000000 0.000025 0.000000 0.322691 0.000000 0.315981 0.000000 0.000000 0.000000 0.000000
 0.000000 0.000000 0.000000 0.484857 0.000000 0.000000 0.000000 0.000000 0.000000 0.000000 0.000000 0.032574 0.000000 0.000000 0.000000 0.000000 0.000000 0.481855 0.000715 0.000000
 0.000000 0.000000 0.000000 0.000000 0.000000 0.000000 0.000000 0.000000 0.000000 0.000000 0.500000 0.000000 0.000000 0.000000 0.500000 0.000000 0.000000 0.000000 0.000000 0.000000
 0.000000 0.000000 0.002147 0.000000 0.000000 0.000000 0.000000 0.000000 0.000000 0.000000 0.000000 0.000000 0.000000 0.000031 0.000000 0.000000 0.498730 0.000000 0.499091 0.000000
 0.000000 0.000015 0.000000 0.000000 0.000285 0.000000 0.000000 0.000000 0.000000 0.092133 0.000000 0.000000 0.000000 0.000000 0.434493 0.400551 0.000000 0.000000 0.000000 0.072523
 0.000000 0.001373 0.000000 0.000000 0.000000 0.000000 0.000000 0.000000 0.095907 0.000000 0.000000 0.000000 0.451947 0.000000 0.000000 0.000000 0.000000 0.000000 0.000000 0.450773
 0.000000 0.000000 0.000000 0.500000 0.000000 0.000000 0.500000 0.000000 0.000000 0.000000 0.000000 0.000000 0.000000 0.000000 0.000000 0.000000 0.000000 0.000000 0.000000 0.000000
 0.000000 0.000000 0.000000 0.000000 0.000029 0.025291 0.000000 0.000000 0.000000 0.000000 0.000000 0.000000 0.000000 0.359556 0.000000 0.000000 0.000000 0.376449 0.238676 0.000000
 0.499186 0.002004 0.000000 0.000000 0.000000 0.000000 0.000000 0.000000 0.000000 0.498809 0.000000 0.000000 0.000000 0.000000 0.000000 0.000000 0.000000 0.000000 0.000000 0.000002
 0.000000 0.000000 0.013094 0.000000 0.310559 0.000000 0.000000 0.000020 0.000000 0.000000 0.000000 0.303156 0.000000 0.000000 0.000000 0.000000 0.315484 0.020654 0.037033 0.000000
 0.000000 0.000000 0.000000 0.000000 0.000000 0.000000 0.500000 0.000000 0.500000 0.000000 0.000000 0.000000 0.000000 0.000000 0.000000 0.000000 0.000000 0.000000 0.000000 0.000000
 0.000000 0.346725 0.000000 0.000000 0.332911 0.000000 0.000000 0.000000 0.320325 0.000000 0.000000 0.000000 0.000000 0.000000 0.000000 0.000000 0.000000 0.000000 0.000000 0.000040
 0.000000 0.000000 0.115547 0.000000 0.000000 0.000000 0.000000 0.417684 0.000000 0.000000 0.000000 0.000000 0.000000 0.415490 0.000000 0.000000 0.000000 0.000000 0.051280 0.000000
 0.000000 0.000000 0.000000 0.000000 0.000000 0.475644 0.000000 0.000000 0.000000 0.000000 0.000000 0.478607 0.000000 0.031145 0.000000 0.000000 0.000000 0.000000 0.014605 0.000000
 0.000000 0.000000 0.315639 0.000039 0.000000 0.000529 0.000000 0.359146 0.000000 0.000000 0.000000 0.227719 0.000000 0.041907 0.000000 0.000000 0.044061 0.010960 0.000000 0.000000
 0.000000 0.461709 0.000000 0.000000 0.000000 0.000000 0.000000 0.000000 0.077211 0.461025 0.000000 0.000000 0.000001 0.000000 0.000000 0.000053 0.000000 0.000000 0.000000 0.000000
the mean of prob-rank is 2.1052631578947367
the number of false negetive edges is 0
the number of probability greater than 0 is 4.6/edge
