20
 0.000000 0.000000 0.292431 0.000000 0.000000 0.305454 0.000000 0.221883 0.000000 0.000000 0.000000 0.000000 0.000000 0.000006 0.000000 0.000000 0.000000 0.000000 0.000000 0.180225
 0.000000 0.000000 0.000000 0.000000 0.295868 0.000000 0.000000 0.320650 0.000000 0.000000 0.000000 0.000000 0.000000 0.000000 0.000000 0.000000 0.287607 0.000000 0.095874 0.000000
 0.254065 0.000000 0.000000 0.241045 0.000001 0.004599 0.000000 0.237496 0.000000 0.258524 0.000000 0.000000 0.000000 0.004107 0.000161 0.000000 0.000000 0.000000 0.000000 0.000001
 0.000001 0.000000 0.306306 0.000000 0.000000 0.000000 0.000000 0.000000 0.000000 0.074269 0.000000 0.000000 0.000000 0.000000 0.277686 0.002875 0.000000 0.338864 0.000000 0.000000
 0.000000 0.247672 0.000001 0.000000 0.000000 0.000000 0.000000 0.000102 0.000627 0.240200 0.000000 0.000000 0.000000 0.000000 0.090552 0.156041 0.000000 0.000000 0.264805 0.000000
 0.321473 0.000000 0.005571 0.000000 0.000000 0.000000 0.000000 0.036334 0.000000 0.000000 0.000000 0.000000 0.000000 0.321992 0.000000 0.000000 0.000000 0.000000 0.000000 0.314629
 0.000000 0.000000 0.000000 0.000000 0.000000 0.000000 0.000000 0.000000 0.000000 0.000000 0.000000 0.495460 0.000000 0.495465 0.000000 0.000000 0.000000 0.000000 0.000000 0.009075
 0.151244 0.207806 0.186333 0.000000 0.000079 0.023533 0.000000 0.000000 0.000000 0.121410 0.000000 0.000000 0.000000 0.000000 0.000000 0.000000 0.188577 0.000000 0.000000 0.121018
 0.000000 0.000000 0.000000 0.000000 0.001158 0.000000 0.000000 0.000000 0.000000 0.000000 0.499495 0.000000 0.000000 0.000000 0.000000 0.499347 0.000000 0.000000 0.000000 0.000000
 0.000000 0.000000 0.268591 0.060721 0.246251 0.000000 0.000000 0.160773 0.000000 0.000000 0.000000 0.000000 0.000000 0.000000 0.263664 0.000000 0.000000 0.000000 0.000000 0.000000
 0.000000 0.000000 0.000000 0.000000 0.000001 0.000000 0.000000 0.000000 0.500001 0.000000 0.000000 0.000000 0.000000 0.000000 0.000000 0.000000 0.000000 0.000000 0.499998 0.000000
 0.000000 0.000000 0.000000 0.000000 0.000000 0.000000 0.499931 0.000000 0.000000 0.000000 0.000000 0.000000 0.499936 0.000133 0.000000 0.000000 0.000000 0.000000 0.000000 0.000000
 0.000000 0.000000 0.000000 0.000000 0.000000 0.000000 0.000000 0.000000 0.000000 0.000000 0.000000 0.500001 0.000000 0.000000 0.000000 0.000000 0.000000 0.499999 0.000000 0.000000
 0.000010 0.000000 0.007646 0.000000 0.000000 0.494806 0.496404 0.000000 0.000000 0.000000 0.000000 0.000132 0.000000 0.000000 0.000000 0.000000 0.000000 0.000000 0.000000 0.001001
 0.000000 0.000000 0.000199 0.269562 0.110224 0.000000 0.000000 0.000000 0.000000 0.313056 0.000000 0.000000 0.000000 0.000000 0.000000 0.306959 0.000000 0.000000 0.000000 0.000000
 0.000000 0.000000 0.000000 0.003368 0.229246 0.000000 0.000000 0.000000 0.396905 0.000000 0.000000 0.000000 0.000000 0.000000 0.370481 0.000000 0.000000 0.000000 0.000000 0.000000
 0.000000 0.319062 0.000000 0.000000 0.000000 0.000000 0.000000 0.322802 0.000000 0.000000 0.000000 0.000000 0.000000 0.000000 0.000000 0.000000 0.000000 0.000000 0.000000 0.358136
 0.000000 0.000000 0.000000 0.500000 0.000000 0.000000 0.000000 0.000000 0.000000 0.000000 0.000000 0.000000 0.500000 0.000000 0.000000 0.000000 0.000000 0.000000 0.000000 0.000000
 0.000000 0.130435 0.000000 0.000000 0.430367 0.000000 0.000000 0.000000 0.000000 0.000000 0.439199 0.000000 0.000000 0.000000 0.000000 0.000000 0.000000 0.000000 0.000000 0.000000
 0.185819 0.000000 0.000001 0.000000 0.000000 0.308231 0.005796 0.183051 0.000000 0.000000 0.000000 0.000000 0.000000 0.000638 0.000000 0.000000 0.316462 0.000000 0.000000 0.000000
the mean of prob-rank is 1.4736842105263157
the number of false negetive edges is 0
the number of probability greater than 0 is 4.5/edge
