20
 0.000000 0.000000 0.259248 0.272950 0.210992 0.000000 0.000000 0.000000 0.000000 0.000000 0.000000 0.000000 0.256810 0.000000 0.000000 0.000000 0.000000 0.000000 0.000000 0.000000
 0.000000 0.000000 0.000000 0.000000 0.132356 0.000000 0.025442 0.000000 0.000000 0.386551 0.000000 0.000000 0.000000 0.000000 0.000000 0.379952 0.000000 0.000000 0.075699 0.000000
 0.336755 0.000000 0.000000 0.305107 0.000002 0.000000 0.000000 0.000000 0.000000 0.000000 0.000000 0.000000 0.000000 0.000000 0.000000 0.000000 0.000000 0.000000 0.358137 0.000000
 0.348558 0.000000 0.299947 0.000000 0.000000 0.000000 0.000000 0.000000 0.000000 0.000000 0.000000 0.000000 0.351494 0.000000 0.000000 0.000000 0.000000 0.000000 0.000000 0.000000
 0.249170 0.111485 0.000002 0.000000 0.000000 0.000000 0.000000 0.000000 0.000000 0.000000 0.000000 0.000000 0.000000 0.000000 0.000000 0.318694 0.000000 0.000000 0.320649 0.000000
 0.000000 0.000000 0.000000 0.000000 0.000000 0.000000 0.000000 0.000000 0.000000 0.000000 0.500000 0.000000 0.000000 0.500000 0.000000 0.000000 0.000000 0.000000 0.000000 0.000000
 0.000000 0.031199 0.000000 0.000000 0.000000 0.000000 0.000000 0.000000 0.000000 0.473120 0.000000 0.000000 0.000000 0.000000 0.000000 0.021698 0.000000 0.000000 0.000000 0.473983
 0.000000 0.000000 0.000000 0.000000 0.000000 0.000000 0.000000 0.000000 0.500008 0.000000 0.499992 0.000000 0.000000 0.000000 0.000000 0.000000 0.000000 0.000000 0.000000 0.000000
 0.000000 0.000000 0.000000 0.000000 0.000000 0.000000 0.000000 0.499405 0.000000 0.000000 0.000000 0.000000 0.000000 0.000000 0.000000 0.000000 0.000000 0.499405 0.000000 0.001191
 0.000000 0.411946 0.000000 0.000000 0.000000 0.000000 0.411168 0.000000 0.000000 0.000000 0.000000 0.000000 0.000000 0.000000 0.000000 0.000000 0.000000 0.000000 0.000000 0.176886
 0.000000 0.000000 0.000000 0.000000 0.000000 0.500003 0.000000 0.499987 0.000000 0.000000 0.000000 0.000000 0.000000 0.000000 0.000000 0.000010 0.000000 0.000000 0.000000 0.000000
 0.000000 0.000000 0.000000 0.000000 0.000000 0.000000 0.000000 0.000000 0.000000 0.000000 0.000000 0.000000 0.000000 0.000000 0.461447 0.078816 0.459737 0.000000 0.000000 0.000000
 0.315923 0.000000 0.000000 0.338608 0.000000 0.000000 0.000000 0.000000 0.000000 0.000000 0.000000 0.000000 0.000000 0.000000 0.000000 0.006438 0.339032 0.000000 0.000000 0.000000
 0.000000 0.000000 0.000000 0.000000 0.000000 0.499920 0.000000 0.000000 0.000000 0.000000 0.000000 0.000000 0.000000 0.000000 0.499916 0.000165 0.000000 0.000000 0.000000 0.000000
 0.000000 0.000000 0.000000 0.000000 0.000000 0.000000 0.000000 0.000000 0.000000 0.000000 0.000000 0.499603 0.000000 0.499599 0.000000 0.000798 0.000000 0.000000 0.000000 0.000000
 0.000000 0.413803 0.000000 0.000000 0.412065 0.000000 0.019271 0.000000 0.000000 0.000000 0.000008 0.071906 0.007990 0.000139 0.000673 0.000000 0.073844 0.000302 0.000000 0.000000
 0.000000 0.000000 0.000000 0.000000 0.000000 0.000000 0.000000 0.000000 0.000000 0.000000 0.000000 0.458849 0.460366 0.000000 0.000000 0.080785 0.000000 0.000000 0.000000 0.000000
 0.000000 0.000000 0.000000 0.000000 0.000000 0.000000 0.000000 0.000000 0.499822 0.000000 0.000000 0.000000 0.000000 0.000000 0.000000 0.000358 0.000000 0.000000 0.000000 0.499820
 0.000000 0.089805 0.458582 0.000000 0.451613 0.000000 0.000000 0.000000 0.000000 0.000000 0.000000 0.000000 0.000000 0.000000 0.000000 0.000000 0.000000 0.000000 0.000000 0.000000
 0.000000 0.000000 0.000000 0.000000 0.000000 0.000000 0.411206 0.000000 0.000980 0.176581 0.000000 0.000000 0.000000 0.000000 0.000000 0.000000 0.000000 0.411232 0.000000 0.000000
the mean of prob-rank is 1.5263157894736843
the number of false negetive edges is 0
the number of probability greater than 0 is 3.7/edge
