20
 0.000000 0.000000 0.000000 0.000000 0.322901 0.000000 0.000000 0.000000 0.000000 0.000000 0.000000 0.000000 0.000000 0.000000 0.000000 0.000000 0.000000 0.357373 0.319726 0.000000
 0.000000 0.000000 0.000000 0.000000 0.000000 0.000000 0.000000 0.000000 0.000000 0.000000 0.500000 0.000000 0.500000 0.000000 0.000000 0.000000 0.000000 0.000000 0.000000 0.000000
 0.000000 0.000000 0.000000 0.406712 0.000000 0.000000 0.000000 0.000000 0.000000 0.000000 0.000000 0.000000 0.000000 0.000000 0.074356 0.112595 0.000000 0.000000 0.000000 0.406337
 0.000000 0.000000 0.499990 0.000000 0.000000 0.000000 0.000000 0.000000 0.000000 0.000000 0.000000 0.000000 0.000000 0.000000 0.000000 0.000000 0.000000 0.499990 0.000000 0.000020
 0.315647 0.000000 0.000000 0.000000 0.000000 0.000000 0.000000 0.000000 0.000000 0.000000 0.000000 0.000000 0.000000 0.340776 0.000000 0.000000 0.343577 0.000000 0.000000 0.000000
 0.000000 0.000000 0.000000 0.000000 0.000000 0.000000 0.029150 0.000000 0.000000 0.000000 0.000000 0.017510 0.000000 0.472649 0.000000 0.000000 0.000000 0.000000 0.480691 0.000000
 0.000000 0.000000 0.000000 0.000000 0.000000 0.029404 0.000000 0.000000 0.484883 0.000000 0.000000 0.484553 0.000000 0.001158 0.000000 0.000000 0.000000 0.000000 0.000002 0.000000
 0.000000 0.000000 0.000000 0.000000 0.000000 0.000000 0.000000 0.000000 0.000000 0.448389 0.000000 0.000000 0.000000 0.000000 0.445461 0.000000 0.000000 0.000000 0.000000 0.106150
 0.000000 0.000000 0.000000 0.000000 0.000000 0.000000 0.499994 0.000000 0.000000 0.000000 0.000000 0.000002 0.000000 0.000018 0.000000 0.000000 0.499985 0.000000 0.000000 0.000000
 0.000000 0.000000 0.000000 0.000000 0.000000 0.000000 0.000000 0.499970 0.000000 0.000000 0.500030 0.000000 0.000000 0.000000 0.000000 0.000000 0.000000 0.000000 0.000000 0.000000
 0.000000 0.500000 0.000000 0.000000 0.000000 0.000000 0.000000 0.000000 0.000000 0.500000 0.000000 0.000000 0.000000 0.000000 0.000000 0.000000 0.000000 0.000000 0.000000 0.000000
 0.000000 0.000000 0.000000 0.000000 0.000000 0.017893 0.490880 0.000000 0.000002 0.000000 0.000000 0.000000 0.491217 0.000000 0.000000 0.000000 0.000007 0.000000 0.000000 0.000000
 0.000000 0.500000 0.000000 0.000000 0.000000 0.000000 0.000000 0.000000 0.000000 0.000000 0.000000 0.500000 0.000000 0.000000 0.000000 0.000000 0.000000 0.000000 0.000000 0.000000
 0.000000 0.000000 0.000000 0.000000 0.300750 0.303151 0.000736 0.000000 0.000011 0.000000 0.000000 0.000000 0.000000 0.000000 0.000000 0.000000 0.219830 0.000000 0.175521 0.000000
 0.000000 0.000000 0.083194 0.000000 0.000000 0.000000 0.000000 0.452029 0.000000 0.000000 0.000000 0.000000 0.000000 0.000000 0.000000 0.455036 0.000000 0.000000 0.000001 0.009740
 0.000000 0.000000 0.121711 0.000000 0.000000 0.000000 0.000000 0.000000 0.000000 0.000000 0.000000 0.000000 0.000000 0.000000 0.439622 0.000000 0.000000 0.000000 0.000000 0.438667
 0.000000 0.000000 0.000000 0.000000 0.364729 0.000000 0.000000 0.000000 0.370844 0.000000 0.000000 0.000005 0.000000 0.264422 0.000000 0.000000 0.000000 0.000000 0.000000 0.000000
 0.500000 0.000000 0.000000 0.500000 0.000000 0.000000 0.000000 0.000000 0.000000 0.000000 0.000000 0.000000 0.000000 0.000000 0.000000 0.000000 0.000000 0.000000 0.000000 0.000000
 0.363099 0.000000 0.000000 0.000000 0.000000 0.405849 0.000002 0.000000 0.000000 0.000000 0.000000 0.000000 0.000000 0.231050 0.000000 0.000000 0.000000 0.000000 0.000000 0.000000
 0.000000 0.000000 0.443046 0.000018 0.000000 0.000000 0.000000 0.104969 0.000000 0.000000 0.000000 0.000000 0.000000 0.000000 0.009492 0.442475 0.000000 0.000000 0.000000 0.000000
the mean of prob-rank is 1.631578947368421
the number of false negetive edges is 0
the number of probability greater than 0 is 3.5/edge
