20
 0.000000 0.000000 0.000000 0.000000 0.000000 0.000000 0.000000 0.000000 0.477394 0.000000 0.000000 0.025628 0.000017 0.000033 0.000000 0.000000 0.000000 0.477396 0.019532 0.000000
 0.000000 0.000000 0.498159 0.000000 0.003680 0.000000 0.000000 0.000000 0.000000 0.000000 0.000000 0.000000 0.000000 0.000000 0.000000 0.498157 0.000000 0.000000 0.000000 0.000004
 0.000000 0.472496 0.000000 0.000000 0.000000 0.055059 0.000000 0.472444 0.000000 0.000000 0.000000 0.000000 0.000000 0.000000 0.000000 0.000000 0.000000 0.000000 0.000000 0.000000
 0.000000 0.000000 0.000000 0.000000 0.000000 0.000000 0.327708 0.000000 0.000000 0.000000 0.250929 0.000000 0.000000 0.000000 0.335986 0.085377 0.000000 0.000000 0.000000 0.000000
 0.000000 0.003371 0.000000 0.000000 0.000000 0.000000 0.456316 0.000000 0.000000 0.000000 0.000000 0.000000 0.000000 0.000000 0.000016 0.456325 0.000000 0.000000 0.000000 0.083972
 0.000000 0.000000 0.055070 0.000000 0.000000 0.000000 0.000000 0.472576 0.000000 0.472354 0.000000 0.000000 0.000000 0.000000 0.000000 0.000000 0.000000 0.000000 0.000000 0.000000
 0.000000 0.000000 0.000000 0.322278 0.330378 0.000000 0.000000 0.000000 0.000000 0.000000 0.076840 0.000000 0.000000 0.000000 0.270369 0.000135 0.000000 0.000000 0.000000 0.000000
 0.000000 0.000000 0.497504 0.000000 0.000000 0.497544 0.000000 0.000000 0.000000 0.002335 0.000000 0.000000 0.000000 0.002535 0.000000 0.000000 0.000000 0.000000 0.000081 0.000000
 0.486594 0.000000 0.000000 0.000000 0.000000 0.000000 0.000000 0.000000 0.000000 0.000000 0.000000 0.000000 0.000000 0.000000 0.000000 0.000000 0.000000 0.026728 0.486678 0.000000
 0.000000 0.000000 0.000000 0.000000 0.000000 0.492031 0.000000 0.002311 0.000000 0.000000 0.000000 0.000000 0.492272 0.013387 0.000000 0.000000 0.000000 0.000000 0.000000 0.000000
 0.000000 0.000000 0.000000 0.252570 0.000000 0.000000 0.078646 0.000000 0.000000 0.000000 0.000000 0.000000 0.000000 0.000000 0.331723 0.000000 0.000000 0.000000 0.000000 0.337061
 0.026135 0.000000 0.000000 0.000000 0.000000 0.000000 0.000000 0.000000 0.000000 0.000000 0.000000 0.000000 0.486933 0.486931 0.000000 0.000000 0.000000 0.000000 0.000000 0.000000
 0.000018 0.000000 0.000000 0.000000 0.000000 0.000000 0.000000 0.000000 0.000000 0.499959 0.000000 0.499964 0.000000 0.000059 0.000000 0.000000 0.000000 0.000000 0.000000 0.000000
 0.000034 0.000000 0.000000 0.000000 0.000000 0.000000 0.000000 0.002507 0.000000 0.013380 0.000000 0.492024 0.000059 0.000000 0.000000 0.000000 0.000000 0.000000 0.491997 0.000000
 0.000000 0.000000 0.000000 0.354555 0.000012 0.000000 0.290118 0.000000 0.000000 0.000000 0.347784 0.000000 0.000000 0.000000 0.000000 0.007531 0.000000 0.000000 0.000000 0.000000
 0.000000 0.439435 0.000000 0.111664 0.439388 0.000000 0.000179 0.000000 0.000000 0.000000 0.000000 0.000000 0.000000 0.000000 0.009334 0.000000 0.000000 0.000000 0.000000 0.000000
 0.000000 0.000000 0.000000 0.000000 0.000000 0.000000 0.000000 0.000000 0.000000 0.000000 0.000000 0.000000 0.000000 0.000000 0.000000 0.000000 0.000000 0.500000 0.000000 0.500000
 0.486595 0.000000 0.000000 0.000000 0.000000 0.000000 0.000000 0.000000 0.026728 0.000000 0.000000 0.000000 0.000000 0.000000 0.000000 0.000000 0.486677 0.000000 0.000000 0.000000
 0.020043 0.000000 0.000000 0.000000 0.000000 0.000000 0.000000 0.000080 0.489953 0.000000 0.000000 0.000000 0.000000 0.489924 0.000000 0.000000 0.000000 0.000000 0.000000 0.000000
 0.000000 0.000004 0.000000 0.000000 0.084376 0.000000 0.000000 0.000000 0.000000 0.000000 0.457049 0.000000 0.000000 0.000000 0.000000 0.000000 0.458572 0.000000 0.000000 0.000000
the mean of prob-rank is 1.631578947368421
the number of false negetive edges is 0
the number of probability greater than 0 is 4.1/edge
