20
 0.000000 0.000000 0.000000 0.486513 0.026886 0.000000 0.000000 0.000007 0.000000 0.000000 0.000000 0.000000 0.486594 0.000000 0.000000 0.000000 0.000000 0.000000 0.000000 0.000000
 0.000000 0.000000 0.000000 0.000000 0.000000 0.000000 0.500001 0.000000 0.000000 0.000000 0.000000 0.499999 0.000000 0.000000 0.000000 0.000000 0.000000 0.000000 0.000000 0.000000
 0.000000 0.000000 0.000000 0.000000 0.000000 0.000000 0.000000 0.000000 0.000000 0.000000 0.000000 0.000000 0.000000 0.000000 0.500002 0.000000 0.000000 0.000000 0.000000 0.499998
 0.470726 0.000000 0.000000 0.000000 0.009476 0.000000 0.000000 0.000000 0.000000 0.000969 0.000000 0.000000 0.048161 0.000000 0.000000 0.470668 0.000000 0.000000 0.000000 0.000000
 0.026629 0.000000 0.000000 0.009701 0.000000 0.000000 0.000000 0.481945 0.000000 0.000000 0.000001 0.000000 0.481725 0.000000 0.000000 0.000000 0.000000 0.000000 0.000000 0.000000
 0.000000 0.000000 0.000000 0.000000 0.000000 0.000000 0.000000 0.000000 0.000000 0.001493 0.000000 0.000000 0.000000 0.000000 0.000000 0.000000 0.000000 0.499230 0.499276 0.000000
 0.000000 0.500000 0.000000 0.000000 0.000000 0.000000 0.000000 0.000000 0.000000 0.000000 0.000000 0.000000 0.000000 0.000000 0.500000 0.000000 0.000000 0.000000 0.000000 0.000000
 0.000007 0.000000 0.000000 0.000000 0.491360 0.000000 0.000000 0.000000 0.000000 0.000000 0.491278 0.000000 0.017355 0.000000 0.000000 0.000000 0.000000 0.000000 0.000000 0.000000
 0.000000 0.000000 0.000000 0.000000 0.000000 0.000000 0.000000 0.000000 0.000000 0.000000 0.499871 0.000000 0.000000 0.499870 0.000000 0.000000 0.000000 0.000000 0.000000 0.000260
 0.000000 0.000000 0.000000 0.001026 0.000000 0.001492 0.000000 0.000000 0.000000 0.000000 0.000000 0.000000 0.000000 0.000000 0.000000 0.498784 0.000000 0.000000 0.498698 0.000000
 0.000000 0.000000 0.000000 0.000000 0.000001 0.000000 0.000000 0.499956 0.500041 0.000000 0.000000 0.000000 0.000000 0.000002 0.000000 0.000000 0.000000 0.000000 0.000000 0.000000
 0.000000 0.499999 0.000000 0.000000 0.000000 0.000000 0.000000 0.000000 0.000000 0.000000 0.000000 0.000000 0.000000 0.000000 0.000000 0.000000 0.500001 0.000000 0.000000 0.000000
 0.467581 0.000000 0.000000 0.047831 0.467366 0.000000 0.000000 0.016515 0.000000 0.000000 0.000000 0.000000 0.000000 0.000000 0.000000 0.000000 0.000000 0.000000 0.000707 0.000000
 0.000000 0.000000 0.000000 0.000000 0.000000 0.000000 0.000000 0.000000 0.499999 0.000000 0.000002 0.000000 0.000000 0.000000 0.000000 0.000000 0.000000 0.000000 0.000000 0.499999
 0.000000 0.000000 0.500000 0.000000 0.000000 0.000000 0.500000 0.000000 0.000000 0.000000 0.000000 0.000000 0.000000 0.000000 0.000000 0.000000 0.000000 0.000000 0.000000 0.000000
 0.000000 0.000000 0.000000 0.499927 0.000000 0.000000 0.000000 0.000000 0.000000 0.500072 0.000000 0.000000 0.000000 0.000000 0.000000 0.000000 0.000000 0.000000 0.000000 0.000000
 0.000000 0.000000 0.000000 0.000000 0.000000 0.000000 0.000000 0.000000 0.000000 0.000000 0.000000 0.500000 0.000000 0.000000 0.000000 0.000000 0.000000 0.500000 0.000000 0.000000
 0.000000 0.000000 0.000000 0.000000 0.000000 0.498937 0.000000 0.000000 0.000000 0.000000 0.000000 0.000000 0.000000 0.000000 0.000000 0.000000 0.498983 0.000000 0.002080 0.000000
 0.000000 0.000000 0.000000 0.000000 0.000000 0.498627 0.000000 0.000000 0.000000 0.498541 0.000000 0.000000 0.000754 0.000000 0.000000 0.000000 0.000000 0.002078 0.000000 0.000000
 0.000000 0.000000 0.499868 0.000000 0.000000 0.000000 0.000000 0.000000 0.000260 0.000000 0.000000 0.000000 0.000000 0.499872 0.000000 0.000000 0.000000 0.000000 0.000000 0.000000
the mean of prob-rank is 1.5789473684210527
the number of false negetive edges is 0
the number of probability greater than 0 is 3.1/edge
