20
 0.000000 0.000000 0.337082 0.045126 0.000003 0.000000 0.000015 0.000000 0.000929 0.001343 0.000000 0.000000 0.000000 0.000000 0.000004 0.007753 0.000000 0.298189 0.309557 0.000000
 0.000000 0.000000 0.000000 0.000000 0.000000 0.384505 0.000000 0.000000 0.356950 0.000000 0.004408 0.000000 0.000000 0.000000 0.000000 0.254137 0.000000 0.000000 0.000000 0.000000
 0.282681 0.000000 0.000000 0.000029 0.000023 0.000000 0.000000 0.000000 0.273533 0.000002 0.000000 0.000000 0.000000 0.000000 0.000015 0.033950 0.000000 0.171006 0.238761 0.000000
 0.062232 0.000000 0.000048 0.000000 0.000000 0.000000 0.464853 0.000000 0.000000 0.000060 0.000000 0.000000 0.000000 0.000000 0.000000 0.000000 0.000000 0.453943 0.018864 0.000000
 0.000004 0.000000 0.000040 0.000000 0.000000 0.000000 0.000001 0.000000 0.000000 0.499953 0.000000 0.499956 0.000000 0.000000 0.000000 0.000000 0.000000 0.000000 0.000045 0.000000
 0.000000 0.462670 0.000000 0.000000 0.000000 0.000000 0.000000 0.000000 0.000000 0.000000 0.064136 0.000000 0.000000 0.000000 0.000000 0.005865 0.000000 0.000000 0.000000 0.467329
 0.000016 0.000000 0.000000 0.344472 0.000001 0.000000 0.000000 0.000000 0.000000 0.170142 0.342151 0.000000 0.000000 0.000000 0.000000 0.000000 0.000000 0.143216 0.000003 0.000000
 0.000000 0.000000 0.000000 0.000000 0.000000 0.000000 0.000000 0.000000 0.000000 0.000000 0.000000 0.000000 0.000000 0.499999 0.000000 0.000000 0.000000 0.000000 0.000000 0.500001
 0.000984 0.328058 0.345435 0.000000 0.000000 0.000000 0.000000 0.000000 0.000000 0.000000 0.000000 0.000000 0.000000 0.000000 0.000000 0.325523 0.000000 0.000000 0.000000 0.000000
 0.001565 0.000000 0.000003 0.000050 0.392771 0.000000 0.193996 0.000000 0.000000 0.000000 0.000000 0.000254 0.000000 0.000000 0.000000 0.000000 0.000000 0.023464 0.387898 0.000000
 0.000000 0.005299 0.000000 0.000000 0.000000 0.064067 0.463741 0.000000 0.000000 0.000000 0.000000 0.000000 0.000000 0.000000 0.000000 0.466893 0.000000 0.000000 0.000000 0.000000
 0.000000 0.000000 0.000000 0.000000 0.498857 0.000000 0.000000 0.000000 0.000000 0.000322 0.000000 0.000000 0.498852 0.000000 0.001968 0.000000 0.000000 0.000000 0.000000 0.000000
 0.000000 0.000000 0.000000 0.000000 0.000000 0.000000 0.000000 0.000000 0.000000 0.000000 0.000000 0.499999 0.000000 0.000000 0.500001 0.000000 0.000000 0.000000 0.000000 0.000000
 0.000000 0.000000 0.000000 0.000000 0.000000 0.000000 0.000000 0.499999 0.000000 0.000000 0.000000 0.000000 0.000000 0.000000 0.000000 0.000000 0.500001 0.000000 0.000000 0.000000
 0.000006 0.000000 0.000026 0.000000 0.000000 0.000000 0.000000 0.000000 0.000000 0.000000 0.000000 0.001969 0.499003 0.000000 0.000000 0.000000 0.498996 0.000000 0.000000 0.000000
 0.008450 0.240383 0.044125 0.000000 0.000000 0.004611 0.000001 0.000000 0.335023 0.000000 0.367407 0.000000 0.000000 0.000000 0.000000 0.000000 0.000000 0.000000 0.000000 0.000000
 0.000000 0.000000 0.000000 0.000000 0.000000 0.000000 0.000000 0.000000 0.000000 0.000000 0.000000 0.000000 0.000000 0.500005 0.499995 0.000000 0.000000 0.000000 0.000000 0.000000
 0.247767 0.000000 0.169435 0.273507 0.000000 0.000000 0.116445 0.000000 0.000000 0.016732 0.000000 0.000000 0.000000 0.000000 0.000000 0.000000 0.000000 0.000000 0.176115 0.000000
 0.268519 0.000000 0.246965 0.011865 0.000026 0.000000 0.000002 0.000000 0.000000 0.288766 0.000000 0.000000 0.000000 0.000000 0.000000 0.000000 0.000000 0.183856 0.000000 0.000000
 0.000000 0.000000 0.000000 0.000000 0.000000 0.499966 0.000000 0.500034 0.000000 0.000000 0.000000 0.000000 0.000000 0.000000 0.000000 0.000000 0.000000 0.000000 0.000000 0.000000
the mean of prob-rank is 1.631578947368421
the number of false negetive edges is 0
the number of probability greater than 0 is 4.95/edge
