20
 0.000000 0.000000 0.000000 0.000000 0.000000 0.004032 0.289666 0.000000 0.000000 0.241737 0.292917 0.164476 0.000000 0.000000 0.000000 0.007171 0.000000 0.000000 0.000000 0.000000
 0.000000 0.000000 0.000000 0.000000 0.368281 0.000000 0.242213 0.024442 0.000000 0.000310 0.000000 0.000000 0.000000 0.000000 0.000000 0.000000 0.364754 0.000000 0.000000 0.000000
 0.000000 0.000000 0.000000 0.000000 0.000000 0.000000 0.000000 0.000000 0.000000 0.000000 0.000000 0.000000 0.000000 0.500002 0.499998 0.000000 0.000000 0.000000 0.000000 0.000000
 0.000000 0.000000 0.000000 0.000000 0.000000 0.002492 0.000000 0.000000 0.000008 0.000000 0.000000 0.000000 0.425256 0.000000 0.000000 0.000000 0.000000 0.424338 0.147906 0.000000
 0.000000 0.493218 0.000000 0.000000 0.000000 0.000000 0.009009 0.492954 0.000000 0.000000 0.000000 0.000000 0.000000 0.000000 0.000000 0.004762 0.000000 0.000000 0.000000 0.000057
 0.005312 0.000000 0.000000 0.002314 0.000000 0.000000 0.000000 0.000000 0.059442 0.000000 0.068488 0.392207 0.077091 0.000000 0.000000 0.000314 0.000000 0.000000 0.000000 0.394832
 0.259187 0.176333 0.000000 0.000000 0.004897 0.000000 0.000000 0.000000 0.000000 0.268111 0.156474 0.000000 0.000000 0.000000 0.000000 0.124799 0.010198 0.000000 0.000000 0.000000
 0.000000 0.032127 0.000000 0.000000 0.483806 0.000000 0.000000 0.000000 0.000000 0.000000 0.000000 0.000000 0.000000 0.000000 0.484067 0.000000 0.000000 0.000000 0.000000 0.000000
 0.000000 0.000000 0.000000 0.000008 0.000000 0.069223 0.000000 0.000000 0.000000 0.000000 0.000000 0.459256 0.011752 0.000000 0.000000 0.000000 0.000000 0.000000 0.459761 0.000000
 0.289535 0.000302 0.000000 0.000000 0.000000 0.000000 0.358885 0.000000 0.000000 0.000000 0.000000 0.000000 0.000000 0.000000 0.000000 0.000000 0.351278 0.000000 0.000000 0.000000
 0.352241 0.000000 0.000000 0.000000 0.000000 0.062503 0.210291 0.000000 0.000000 0.000000 0.000000 0.005232 0.000000 0.000000 0.000000 0.357266 0.000000 0.000000 0.000000 0.012468
 0.211608 0.000000 0.000000 0.000000 0.000000 0.382942 0.000000 0.000000 0.385048 0.000000 0.005597 0.000000 0.000000 0.000000 0.000000 0.000000 0.000000 0.000000 0.014805 0.000000
 0.000000 0.000000 0.000000 0.450749 0.000000 0.088008 0.000000 0.000000 0.011520 0.000000 0.000000 0.000000 0.000000 0.000000 0.000000 0.000000 0.000000 0.000000 0.449723 0.000000
 0.000000 0.000000 0.366420 0.000000 0.000000 0.000000 0.000000 0.000000 0.000000 0.000000 0.000000 0.000000 0.000000 0.000000 0.000000 0.000000 0.293056 0.340524 0.000000 0.000000
 0.000000 0.000000 0.499987 0.000000 0.000000 0.000000 0.000000 0.500000 0.000000 0.000000 0.000000 0.000000 0.000000 0.000000 0.000000 0.000000 0.000014 0.000000 0.000000 0.000000
 0.009607 0.000000 0.000000 0.000000 0.003876 0.000320 0.186852 0.000000 0.000000 0.000000 0.398017 0.000000 0.000000 0.000000 0.000000 0.000000 0.000000 0.000000 0.000000 0.401327
 0.000000 0.321050 0.000000 0.000000 0.000000 0.000000 0.012329 0.000000 0.000000 0.317283 0.000000 0.000000 0.000000 0.259249 0.000009 0.000000 0.000000 0.090080 0.000000 0.000000
 0.000000 0.000000 0.000000 0.452527 0.000000 0.000000 0.000000 0.000000 0.000000 0.000000 0.000000 0.000000 0.000000 0.421448 0.000000 0.000000 0.126025 0.000000 0.000000 0.000000
 0.000000 0.000000 0.000000 0.145901 0.000000 0.000000 0.000000 0.000000 0.419453 0.000000 0.000000 0.016110 0.418536 0.000000 0.000000 0.000000 0.000000 0.000000 0.000000 0.000000
 0.000000 0.000000 0.000000 0.000000 0.000057 0.491528 0.000000 0.000000 0.000000 0.000000 0.017007 0.000000 0.000000 0.000000 0.000000 0.491408 0.000000 0.000000 0.000000 0.000000
the mean of prob-rank is 1.5263157894736843
the number of false negetive edges is 0
the number of probability greater than 0 is 4.7/edge
