20
 0.000000 0.000000 0.356197 0.000000 0.000000 0.000000 0.376650 0.000000 0.000000 0.000000 0.000000 0.000000 0.238576 0.000000 0.000000 0.003186 0.000000 0.025140 0.000000 0.000253
 0.000000 0.000000 0.000000 0.498910 0.002159 0.000000 0.000000 0.000000 0.000000 0.000000 0.000000 0.000000 0.000000 0.000000 0.000000 0.000000 0.498931 0.000000 0.000000 0.000000
 0.355117 0.000000 0.000000 0.000000 0.000000 0.000000 0.225778 0.000000 0.000000 0.000000 0.000000 0.000000 0.042422 0.000000 0.000000 0.000000 0.000000 0.000000 0.000000 0.376683
 0.000000 0.499915 0.000000 0.000000 0.000000 0.000000 0.000000 0.499936 0.000000 0.000000 0.000000 0.000000 0.000000 0.000000 0.000000 0.000000 0.000149 0.000000 0.000000 0.000000
 0.000000 0.001677 0.000000 0.000000 0.000000 0.000000 0.000000 0.000000 0.379952 0.000000 0.000000 0.000000 0.000000 0.207877 0.387529 0.000000 0.022965 0.000000 0.000000 0.000000
 0.000000 0.000000 0.000000 0.000000 0.000000 0.000000 0.000000 0.000000 0.000000 0.000000 0.322377 0.000000 0.000000 0.000000 0.000000 0.000000 0.000000 0.000000 0.349150 0.328473
 0.390387 0.000000 0.234724 0.000000 0.000000 0.000000 0.000000 0.000000 0.000000 0.000013 0.000000 0.000000 0.368264 0.000000 0.000000 0.001599 0.000000 0.004996 0.000000 0.000016
 0.000000 0.000000 0.000000 0.500012 0.000000 0.000000 0.000000 0.000000 0.000000 0.000000 0.499988 0.000000 0.000000 0.000000 0.000000 0.000000 0.000000 0.000000 0.000000 0.000000
 0.000000 0.000000 0.000000 0.000000 0.363699 0.000000 0.000000 0.000000 0.000000 0.024178 0.000000 0.000000 0.000000 0.000000 0.202462 0.002733 0.370556 0.036371 0.000000 0.000000
 0.000000 0.000000 0.000000 0.000000 0.000000 0.000000 0.000016 0.000000 0.031571 0.000000 0.000000 0.484528 0.000000 0.000000 0.000000 0.483885 0.000000 0.000000 0.000000 0.000000
 0.000000 0.000000 0.000000 0.000000 0.000000 0.333124 0.000000 0.360772 0.000000 0.000000 0.000000 0.000000 0.000000 0.000000 0.000000 0.000000 0.000000 0.000000 0.306104 0.000000
 0.000000 0.000000 0.000000 0.000000 0.000000 0.000000 0.000000 0.000000 0.000000 0.494374 0.000000 0.000000 0.000000 0.494353 0.011272 0.000000 0.000000 0.000000 0.000000 0.000000
 0.231363 0.000000 0.041264 0.000000 0.000000 0.000000 0.344564 0.000000 0.000000 0.000000 0.000000 0.000000 0.000000 0.000000 0.000000 0.016755 0.000000 0.366054 0.000000 0.000000
 0.000000 0.000000 0.000000 0.000000 0.213198 0.000000 0.000000 0.000000 0.000000 0.000000 0.000000 0.397566 0.000000 0.000000 0.389236 0.000000 0.000000 0.000000 0.000000 0.000000
 0.000000 0.000000 0.000000 0.000000 0.392475 0.000000 0.000000 0.000000 0.214209 0.000000 0.000000 0.008952 0.000000 0.384364 0.000000 0.000000 0.000000 0.000000 0.000000 0.000000
 0.004085 0.000000 0.000000 0.000000 0.000000 0.000000 0.001978 0.000000 0.003568 0.483787 0.000000 0.000000 0.022152 0.000000 0.000000 0.000000 0.000000 0.484430 0.000000 0.000000
 0.000000 0.485876 0.000000 0.000145 0.028783 0.000000 0.000000 0.000000 0.485195 0.000000 0.000000 0.000000 0.000000 0.000000 0.000000 0.000000 0.000000 0.000000 0.000000 0.000000
 0.030573 0.000000 0.000000 0.000000 0.000000 0.000000 0.005862 0.000000 0.045037 0.000000 0.000000 0.000000 0.459044 0.000000 0.000000 0.459484 0.000000 0.000000 0.000000 0.000000
 0.000000 0.000000 0.000000 0.000000 0.000000 0.359099 0.000000 0.000000 0.000000 0.000000 0.304669 0.000000 0.000000 0.000000 0.000000 0.000000 0.000000 0.000000 0.000000 0.336232
 0.000232 0.000000 0.347486 0.000000 0.000000 0.326908 0.000014 0.000000 0.000000 0.000000 0.000000 0.000000 0.000000 0.000000 0.000000 0.000000 0.000000 0.000000 0.325359 0.000000
the mean of prob-rank is 1.5263157894736843
the number of false negetive edges is 0
the number of probability greater than 0 is 4.2/edge
