20
 0.000000 0.000000 0.000000 0.000000 0.000000 0.000000 0.000000 0.000000 0.497359 0.000000 0.000000 0.000000 0.000000 0.000000 0.000000 0.000000 0.001050 0.501592 0.000000 0.000000
 0.000000 0.000000 0.000000 0.000000 0.288818 0.000000 0.224734 0.000000 0.000000 0.000000 0.000000 0.000000 0.000000 0.000000 0.000000 0.258442 0.000000 0.000000 0.228006 0.000000
 0.000000 0.000000 0.000000 0.000000 0.000000 0.000000 0.000000 0.000000 0.000000 0.000000 0.000000 0.000000 0.000000 0.000000 0.500001 0.000000 0.499999 0.000000 0.000000 0.000000
 0.000000 0.000000 0.000000 0.000000 0.133287 0.000000 0.000000 0.000000 0.000000 0.000000 0.000000 0.000000 0.431623 0.000000 0.000000 0.435089 0.000000 0.000000 0.000000 0.000000
 0.000000 0.315152 0.000000 0.096630 0.000000 0.000000 0.283071 0.000000 0.000000 0.000000 0.000000 0.000000 0.000000 0.000000 0.000000 0.305147 0.000000 0.000000 0.000000 0.000000
 0.000000 0.000000 0.000000 0.000000 0.000000 0.000000 0.000000 0.000000 0.000000 0.000000 0.499986 0.000000 0.000000 0.000026 0.000000 0.000000 0.000000 0.000000 0.000000 0.499988
 0.000000 0.223003 0.000000 0.000000 0.257421 0.000000 0.000000 0.000000 0.000000 0.000000 0.000000 0.000000 0.000000 0.000000 0.232742 0.000000 0.000000 0.000000 0.286834 0.000000
 0.000000 0.000000 0.000000 0.000000 0.000000 0.000000 0.000000 0.000000 0.000523 0.000000 0.000000 0.499737 0.000000 0.499741 0.000000 0.000000 0.000000 0.000000 0.000000 0.000000
 0.484582 0.000000 0.000000 0.000000 0.000000 0.000000 0.000000 0.000511 0.000000 0.488704 0.000000 0.025645 0.000000 0.000000 0.000000 0.000000 0.000000 0.000559 0.000000 0.000000
 0.000000 0.000000 0.000000 0.000000 0.000000 0.000000 0.000000 0.000000 0.499295 0.000000 0.001409 0.499296 0.000000 0.000000 0.000000 0.000000 0.000000 0.000000 0.000000 0.000000
 0.000000 0.000000 0.000000 0.000000 0.000000 0.499311 0.000000 0.000000 0.000000 0.001409 0.000000 0.000000 0.000000 0.499280 0.000000 0.000000 0.000000 0.000000 0.000000 0.000000
 0.000000 0.000000 0.000000 0.000000 0.000000 0.000000 0.000000 0.487216 0.025567 0.487217 0.000000 0.000000 0.000000 0.000000 0.000000 0.000000 0.000000 0.000000 0.000000 0.000000
 0.000000 0.000000 0.000000 0.430284 0.000000 0.000000 0.000000 0.000000 0.000000 0.000000 0.000000 0.000000 0.000000 0.000000 0.000000 0.135978 0.000000 0.000000 0.000000 0.433739
 0.000000 0.000000 0.000000 0.000000 0.000000 0.000026 0.000000 0.500004 0.000000 0.000000 0.499970 0.000000 0.000000 0.000000 0.000000 0.000000 0.000000 0.000000 0.000000 0.000000
 0.000000 0.000000 0.364401 0.000000 0.000000 0.000000 0.295668 0.000000 0.000000 0.000000 0.000000 0.000000 0.000000 0.000000 0.000000 0.000000 0.000000 0.000000 0.339931 0.000000
 0.000000 0.281592 0.000000 0.314966 0.304699 0.000000 0.000000 0.000000 0.000000 0.000000 0.000000 0.000000 0.098742 0.000000 0.000000 0.000000 0.000000 0.000000 0.000000 0.000000
 0.001045 0.000000 0.499476 0.000000 0.000000 0.000000 0.000000 0.000000 0.000000 0.000000 0.000000 0.000000 0.000000 0.000000 0.000000 0.000000 0.000000 0.499479 0.000000 0.000000
 0.499714 0.000000 0.000000 0.000000 0.000000 0.000000 0.000000 0.000000 0.000571 0.000000 0.000000 0.000000 0.000000 0.000000 0.000000 0.000000 0.499714 0.000000 0.000000 0.000000
 0.000000 0.289817 0.000000 0.000000 0.000000 0.000000 0.367421 0.000000 0.000000 0.000000 0.000000 0.000000 0.000000 0.000000 0.342763 0.000000 0.000000 0.000000 0.000000 0.000000
 0.000000 0.000000 0.000000 0.000000 0.000000 0.500000 0.000000 0.000000 0.000000 0.000000 0.000000 0.000000 0.500000 0.000000 0.000000 0.000000 0.000000 0.000000 0.000000 0.000000
the mean of prob-rank is 1.5263157894736843
the number of false negetive edges is 0
the number of probability greater than 0 is 3.2/edge
