20
 0.000000 0.000011 0.000000 0.047393 0.000000 0.000000 0.000000 0.000000 0.022617 0.465026 0.000000 0.000000 0.000000 0.000000 0.464953 0.000000 0.000000 0.000000 0.000000 0.000000
 0.000006 0.000000 0.257045 0.000000 0.000000 0.000000 0.000000 0.000000 0.273662 0.000000 0.000000 0.000000 0.000000 0.000000 0.000000 0.000000 0.000000 0.228965 0.000000 0.240322
 0.000000 0.298486 0.000000 0.000000 0.102449 0.000000 0.000000 0.000000 0.326599 0.000000 0.000000 0.000000 0.000000 0.000000 0.021064 0.000000 0.000000 0.000000 0.000000 0.251402
 0.048508 0.000000 0.000000 0.000000 0.000000 0.000000 0.000000 0.000000 0.000000 0.000000 0.000000 0.000000 0.000000 0.475965 0.475527 0.000000 0.000000 0.000000 0.000000 0.000000
 0.000000 0.000000 0.109650 0.000000 0.000000 0.000000 0.000000 0.000000 0.082017 0.000000 0.000000 0.000000 0.000000 0.343781 0.064824 0.000000 0.000000 0.062863 0.000000 0.336864
 0.000000 0.000000 0.000000 0.000000 0.000000 0.000000 0.000000 0.000000 0.000000 0.000000 0.000000 0.000000 0.000000 0.000000 0.000000 0.000000 0.500000 0.000000 0.500000 0.000000
 0.000000 0.000000 0.000000 0.000000 0.000000 0.000000 0.000000 0.500002 0.000000 0.000000 0.000000 0.000000 0.000000 0.000000 0.000000 0.499998 0.000000 0.000000 0.000000 0.000000
 0.000000 0.000000 0.000000 0.000000 0.000000 0.000000 0.498652 0.000000 0.000000 0.000000 0.000000 0.498655 0.000000 0.000000 0.000000 0.002693 0.000000 0.000000 0.000000 0.000000
 0.018704 0.373972 0.384347 0.000000 0.090181 0.000000 0.000000 0.000000 0.000000 0.000000 0.000000 0.000000 0.000000 0.063909 0.046195 0.000000 0.000000 0.000000 0.000000 0.022693
 0.500000 0.000000 0.000000 0.000000 0.000000 0.000000 0.000000 0.000000 0.000000 0.000000 0.500000 0.000000 0.000000 0.000000 0.000000 0.000000 0.000000 0.000000 0.000000 0.000000
 0.000000 0.000000 0.000000 0.000000 0.000000 0.000000 0.000000 0.000000 0.000000 0.500002 0.000000 0.000000 0.000000 0.000000 0.000000 0.499998 0.000000 0.000000 0.000000 0.000000
 0.000000 0.000000 0.000000 0.000000 0.000000 0.000000 0.000000 0.500832 0.000000 0.000000 0.000000 0.000000 0.499168 0.000000 0.000000 0.000000 0.000000 0.000000 0.000000 0.000000
 0.000000 0.000000 0.000000 0.000000 0.000000 0.000000 0.000000 0.000000 0.000000 0.000000 0.000000 0.499168 0.000000 0.000000 0.000000 0.000000 0.000000 0.000000 0.500832 0.000000
 0.000000 0.000000 0.000000 0.410559 0.403542 0.000000 0.000000 0.000000 0.068227 0.000000 0.000000 0.000000 0.000000 0.000000 0.080931 0.000000 0.000000 0.036741 0.000000 0.000000
 0.389375 0.000000 0.025102 0.389080 0.072178 0.000000 0.000000 0.000000 0.046780 0.000000 0.000000 0.000000 0.000000 0.076767 0.000000 0.000000 0.000000 0.000000 0.000000 0.000718
 0.000000 0.000000 0.000000 0.000000 0.000000 0.000000 0.498652 0.002693 0.000000 0.000000 0.498656 0.000000 0.000000 0.000000 0.000000 0.000000 0.000000 0.000000 0.000000 0.000000
 0.000000 0.000000 0.000000 0.000000 0.000000 0.500000 0.000000 0.000000 0.000000 0.000000 0.000000 0.000000 0.000000 0.000000 0.000000 0.000000 0.000000 0.500000 0.000000 0.000000
 0.000000 0.268518 0.000000 0.000000 0.059318 0.000000 0.000000 0.000000 0.000000 0.000000 0.000000 0.000000 0.000000 0.029535 0.000000 0.000000 0.330034 0.000000 0.000000 0.312596
 0.000000 0.000000 0.000000 0.000000 0.000000 0.500000 0.000000 0.000000 0.000000 0.000000 0.000000 0.000000 0.500000 0.000000 0.000000 0.000000 0.000000 0.000000 0.000000 0.000000
 0.000000 0.237580 0.214028 0.000000 0.267952 0.000000 0.000000 0.000000 0.016417 0.000000 0.000000 0.000000 0.000000 0.000000 0.000513 0.000000 0.000000 0.263510 0.000000 0.000000
the mean of prob-rank is 1.894736842105263
the number of false negetive edges is 0
the number of probability greater than 0 is 3.8/edge
