20
 0.000000 0.000000 0.000000 0.000000 0.338212 0.299504 0.000000 0.000000 0.000000 0.362285 0.000000 0.000000 0.000000 0.000000 0.000000 0.000000 0.000000 0.000000 0.000000 0.000000
 0.000000 0.000000 0.491642 0.000000 0.000000 0.000000 0.000000 0.491863 0.000000 0.000000 0.000000 0.000000 0.000000 0.000000 0.000000 0.000000 0.000000 0.016495 0.000000 0.000000
 0.000000 0.487613 0.000000 0.000000 0.000000 0.000000 0.000000 0.000000 0.000000 0.000000 0.000000 0.000000 0.000000 0.000000 0.024556 0.000000 0.000000 0.487831 0.000000 0.000000
 0.000000 0.000000 0.000000 0.000000 0.497883 0.000000 0.000000 0.000000 0.000000 0.000000 0.497736 0.000000 0.000384 0.000000 0.000000 0.003997 0.000000 0.000000 0.000000 0.000000
 0.338495 0.000000 0.000000 0.362547 0.000000 0.000762 0.000000 0.000000 0.000000 0.295725 0.002472 0.000000 0.000000 0.000000 0.000000 0.000000 0.000000 0.000000 0.000000 0.000000
 0.297932 0.000000 0.000000 0.000000 0.000758 0.000000 0.000000 0.000000 0.000000 0.340928 0.000000 0.000000 0.000000 0.000000 0.000000 0.000000 0.000000 0.000000 0.360383 0.000000
 0.000000 0.000000 0.000000 0.000000 0.000000 0.000000 0.000000 0.000000 0.000000 0.000000 0.000000 0.500000 0.000000 0.000000 0.000000 0.000000 0.500000 0.000000 0.000000 0.000000
 0.000000 0.499999 0.000000 0.000000 0.000000 0.000000 0.000000 0.000000 0.000000 0.000000 0.000000 0.000000 0.000000 0.000000 0.000000 0.499992 0.000000 0.000000 0.000000 0.000009
 0.000000 0.000000 0.000000 0.000000 0.000000 0.000000 0.000000 0.000000 0.000000 0.000000 0.000000 0.500000 0.000000 0.000000 0.500000 0.000000 0.000000 0.000000 0.000000 0.000000
 0.362108 0.000000 0.000000 0.000000 0.295333 0.342559 0.000000 0.000000 0.000000 0.000000 0.000000 0.000000 0.000000 0.000000 0.000000 0.000000 0.000000 0.000000 0.000000 0.000000
 0.000000 0.000000 0.000000 0.498200 0.003397 0.000000 0.000000 0.000000 0.000000 0.000000 0.000000 0.000000 0.498402 0.000000 0.000000 0.000000 0.000000 0.000000 0.000000 0.000000
 0.000000 0.000000 0.000000 0.000000 0.000000 0.000000 0.500000 0.000000 0.500000 0.000000 0.000000 0.000000 0.000000 0.000000 0.000000 0.000000 0.000000 0.000000 0.000000 0.000000
 0.000000 0.000000 0.000000 0.000385 0.000000 0.000000 0.000000 0.000000 0.000000 0.000000 0.499820 0.000000 0.000000 0.000000 0.000000 0.000000 0.000000 0.000000 0.000000 0.499795
 0.000000 0.000000 0.000000 0.000000 0.000000 0.000000 0.000000 0.000000 0.000000 0.000000 0.000000 0.000000 0.000000 0.000000 0.000000 0.000000 0.500003 0.000000 0.499997 0.000000
 0.000000 0.000000 0.024556 0.000000 0.000000 0.000000 0.000000 0.000000 0.487814 0.000000 0.000000 0.000000 0.000000 0.000000 0.000000 0.000000 0.000000 0.487630 0.000000 0.000000
 0.000000 0.000000 0.000000 0.003998 0.000000 0.000000 0.000000 0.497999 0.000000 0.000000 0.000000 0.000000 0.000000 0.000000 0.000000 0.000000 0.000000 0.000000 0.000000 0.498004
 0.000000 0.000000 0.000000 0.000000 0.000000 0.000000 0.500000 0.000000 0.000000 0.000000 0.000000 0.000000 0.000000 0.500000 0.000000 0.000000 0.000000 0.000000 0.000000 0.000000
 0.000000 0.016495 0.491845 0.000000 0.000000 0.000000 0.000000 0.000000 0.000000 0.000000 0.000000 0.000000 0.000000 0.000000 0.491660 0.000000 0.000000 0.000000 0.000000 0.000000
 0.000000 0.000000 0.000000 0.000000 0.000000 0.500002 0.000000 0.000000 0.000000 0.000001 0.000000 0.000000 0.000000 0.499997 0.000000 0.000000 0.000000 0.000000 0.000000 0.000000
 0.000000 0.000000 0.000000 0.000000 0.000000 0.000000 0.000000 0.000009 0.000000 0.000000 0.000000 0.000000 0.499984 0.000000 0.000000 0.500007 0.000000 0.000000 0.000000 0.000000
the mean of prob-rank is 1.5263157894736843
the number of false negetive edges is 0
the number of probability greater than 0 is 2.9/edge
