20
 0.000000 0.000000 0.000000 0.000000 0.000000 0.000000 0.000000 0.000000 0.000000 0.499994 0.000000 0.000000 0.000000 0.000000 0.000000 0.000000 0.000000 0.000516 0.499490 0.000000
 0.000000 0.000000 0.000282 0.000000 0.000000 0.495414 0.000000 0.000000 0.000000 0.000000 0.504302 0.000000 0.000000 0.000000 0.000002 0.000000 0.000000 0.000000 0.000000 0.000000
 0.000000 0.000280 0.000000 0.000000 0.000000 0.000000 0.000000 0.000000 0.000000 0.000000 0.000000 0.000000 0.000000 0.000000 0.499859 0.000000 0.000000 0.000000 0.000000 0.499861
 0.000000 0.000000 0.000000 0.000000 0.000000 0.000000 0.000000 0.000000 0.000000 0.000000 0.000000 0.000000 0.500000 0.000000 0.000000 0.500000 0.000000 0.000000 0.000000 0.000000
 0.000000 0.000000 0.000000 0.000000 0.000000 0.000001 0.454671 0.000000 0.000000 0.000000 0.000000 0.454942 0.000000 0.000000 0.004052 0.000000 0.085601 0.000000 0.000000 0.000733
 0.000000 0.482626 0.000000 0.000000 0.000002 0.000000 0.026113 0.000000 0.000000 0.000000 0.000000 0.000000 0.000000 0.000000 0.491259 0.000000 0.000000 0.000000 0.000000 0.000000
 0.000000 0.000000 0.000000 0.000000 0.486435 0.025872 0.000000 0.000000 0.000000 0.000000 0.000000 0.000000 0.000000 0.000000 0.000946 0.000000 0.000000 0.486747 0.000000 0.000000
 0.000000 0.000000 0.000000 0.000000 0.000000 0.000000 0.000000 0.000000 0.000000 0.000002 0.000000 0.061600 0.000000 0.469413 0.000000 0.000000 0.468792 0.000192 0.000000 0.000000
 0.000000 0.000000 0.000000 0.000000 0.000000 0.000000 0.000000 0.000000 0.000000 0.000000 0.000000 0.000000 0.000000 0.499880 0.000000 0.500077 0.000042 0.000000 0.000000 0.000000
 0.498130 0.000000 0.000000 0.000000 0.000000 0.000000 0.000000 0.000003 0.000000 0.000000 0.000000 0.000000 0.000000 0.000000 0.000000 0.000000 0.000000 0.498054 0.003813 0.000000
 0.000000 0.500160 0.000000 0.000000 0.000000 0.000000 0.000000 0.000000 0.000000 0.000000 0.000000 0.000000 0.000000 0.000000 0.000000 0.000000 0.000000 0.000000 0.499840 0.000000
 0.000000 0.000000 0.000000 0.000000 0.469198 0.000000 0.000000 0.061576 0.000000 0.000000 0.000000 0.000000 0.000000 0.000000 0.000000 0.000000 0.469226 0.000000 0.000000 0.000000
 0.000000 0.000000 0.000000 0.500000 0.000000 0.000000 0.000000 0.000000 0.000000 0.000000 0.000000 0.000000 0.000000 0.000000 0.000000 0.000000 0.000000 0.000000 0.000000 0.500000
 0.000000 0.000000 0.000000 0.000000 0.000000 0.000000 0.000000 0.499987 0.499790 0.000000 0.000000 0.000000 0.000000 0.000000 0.000000 0.000000 0.000223 0.000000 0.000000 0.000000
 0.000000 0.000002 0.497313 0.000000 0.004429 0.497290 0.000966 0.000000 0.000000 0.000000 0.000000 0.000000 0.000000 0.000000 0.000000 0.000000 0.000000 0.000000 0.000000 0.000000
 0.000000 0.000000 0.000000 0.500000 0.000000 0.000000 0.000000 0.000000 0.500000 0.000000 0.000000 0.000000 0.000000 0.000000 0.000000 0.000000 0.000000 0.000000 0.000000 0.000000
 0.000000 0.000000 0.000000 0.000000 0.086015 0.000000 0.000000 0.456569 0.000039 0.000000 0.000000 0.457173 0.000000 0.000203 0.000000 0.000000 0.000000 0.000000 0.000000 0.000000
 0.000515 0.000000 0.000000 0.000000 0.000000 0.000000 0.499591 0.000205 0.000000 0.499521 0.000000 0.000000 0.000000 0.000000 0.000000 0.000000 0.000000 0.000000 0.000168 0.000000
 0.497918 0.000000 0.000000 0.000000 0.000000 0.000000 0.000000 0.000000 0.000000 0.003815 0.498099 0.000000 0.000000 0.000000 0.000000 0.000000 0.000000 0.000167 0.000000 0.000000
 0.000000 0.000000 0.499596 0.000000 0.000804 0.000000 0.000000 0.000000 0.000000 0.000000 0.000000 0.000000 0.499600 0.000000 0.000000 0.000000 0.000000 0.000000 0.000000 0.000000
the mean of prob-rank is 1.5263157894736843
the number of false negetive edges is 0
the number of probability greater than 0 is 3.6/edge
