20
 0.000000 0.000000 0.000000 0.000000 0.000000 0.000000 0.500000 0.000000 0.000000 0.000000 0.000000 0.000000 0.000000 0.000000 0.000000 0.000000 0.500000 0.000000 0.000000 0.000000
 0.000000 0.000000 0.498617 0.000000 0.498619 0.000000 0.000000 0.000000 0.000006 0.002758 0.000000 0.000000 0.000000 0.000000 0.000000 0.000000 0.000000 0.000000 0.000000 0.000000
 0.000000 0.476793 0.000000 0.000000 0.000000 0.046406 0.000000 0.000000 0.000000 0.476801 0.000000 0.000000 0.000000 0.000000 0.000000 0.000000 0.000000 0.000000 0.000000 0.000000
 0.000000 0.000000 0.000000 0.000000 0.000000 0.000000 0.499982 0.000000 0.000000 0.000000 0.000000 0.000000 0.000000 0.000000 0.500014 0.000000 0.000000 0.000000 0.000000 0.000004
 0.000000 0.499997 0.000000 0.000000 0.000000 0.000000 0.000000 0.000000 0.000000 0.000000 0.000000 0.000000 0.000000 0.000000 0.000000 0.500003 0.000000 0.000000 0.000000 0.000000
 0.000000 0.000000 0.040182 0.000000 0.000000 0.000000 0.000000 0.000000 0.000000 0.412831 0.137149 0.004641 0.000000 0.405197 0.000000 0.000000 0.000000 0.000000 0.000000 0.000000
 0.493281 0.000000 0.000000 0.493249 0.000000 0.000000 0.000000 0.000006 0.000000 0.000000 0.000000 0.013464 0.000000 0.000000 0.000000 0.000000 0.000000 0.000000 0.000000 0.000000
 0.000000 0.000000 0.000000 0.000000 0.000000 0.000000 0.000004 0.000000 0.000136 0.000000 0.000027 0.353447 0.277215 0.033679 0.000000 0.000000 0.000000 0.000000 0.335492 0.000000
 0.000000 0.000006 0.000000 0.000000 0.000000 0.000000 0.000000 0.000192 0.000000 0.001590 0.000000 0.000000 0.000000 0.000936 0.000000 0.000000 0.000000 0.498752 0.498524 0.000000
 0.000000 0.002754 0.497843 0.000000 0.000000 0.497815 0.000000 0.000000 0.001588 0.000000 0.000000 0.000000 0.000000 0.000000 0.000000 0.000000 0.000000 0.000000 0.000000 0.000000
 0.000000 0.000000 0.000000 0.000000 0.000000 0.110025 0.000000 0.000026 0.000000 0.000000 0.000000 0.230732 0.326223 0.324628 0.000000 0.000000 0.000000 0.000000 0.008368 0.000000
 0.000000 0.000000 0.000000 0.000000 0.000000 0.004150 0.010077 0.369164 0.000000 0.000000 0.257189 0.000000 0.359421 0.000000 0.000000 0.000000 0.000000 0.000000 0.000000 0.000000
 0.000000 0.000000 0.000000 0.000000 0.000000 0.000000 0.000000 0.266941 0.000000 0.000000 0.335244 0.331365 0.000000 0.060619 0.000000 0.000000 0.000000 0.000000 0.005831 0.000000
 0.000000 0.000000 0.000000 0.000000 0.000000 0.315871 0.000000 0.030666 0.000604 0.000000 0.315452 0.000000 0.057320 0.000000 0.000000 0.000000 0.000000 0.000000 0.280087 0.000000
 0.000000 0.000000 0.000000 0.500000 0.000000 0.000000 0.000000 0.000000 0.000000 0.000000 0.000000 0.000000 0.000000 0.000000 0.000000 0.500000 0.000000 0.000000 0.000000 0.000000
 0.000000 0.000000 0.000000 0.000000 0.500000 0.000000 0.000000 0.000000 0.000000 0.000000 0.000000 0.000000 0.000000 0.000000 0.500000 0.000000 0.000000 0.000000 0.000000 0.000000
 0.500000 0.000000 0.000000 0.000000 0.000000 0.000000 0.000000 0.000000 0.000000 0.000000 0.000000 0.000000 0.000000 0.000000 0.000000 0.000000 0.000000 0.000000 0.000000 0.500000
 0.000000 0.000000 0.000000 0.000000 0.000000 0.000000 0.000000 0.000000 0.500000 0.000000 0.000000 0.000000 0.000000 0.000000 0.000000 0.000000 0.000000 0.000000 0.000000 0.500000
 0.000000 0.000000 0.000000 0.000000 0.000000 0.000000 0.000000 0.331716 0.349323 0.000000 0.008829 0.000000 0.005988 0.304144 0.000000 0.000000 0.000000 0.000000 0.000000 0.000000
 0.000000 0.000000 0.000000 0.000004 0.000000 0.000000 0.000000 0.000000 0.000000 0.000000 0.000000 0.000000 0.000000 0.000000 0.000000 0.000000 0.499998 0.499998 0.000000 0.000000
the mean of prob-rank is 1.5263157894736843
the number of false negetive edges is 0
the number of probability greater than 0 is 3.9/edge
