20
 0.000000 0.000000 0.000000 0.000000 0.000000 0.000000 0.000000 0.000000 0.500000 0.000000 0.000000 0.000000 0.000000 0.000000 0.000000 0.500000 0.000000 0.000000 0.000000 0.000000
 0.000000 0.000000 0.000000 0.000000 0.057143 0.000597 0.000000 0.232051 0.000000 0.009592 0.000000 0.000000 0.000000 0.339296 0.000000 0.000000 0.000000 0.361319 0.000001 0.000000
 0.000000 0.000000 0.000000 0.292958 0.000000 0.000000 0.000000 0.000000 0.000000 0.349431 0.000000 0.000000 0.000000 0.357611 0.000000 0.000000 0.000000 0.000000 0.000000 0.000000
 0.000000 0.000000 0.294213 0.000000 0.000000 0.000000 0.359141 0.000000 0.000000 0.008003 0.000000 0.000000 0.000000 0.338643 0.000000 0.000000 0.000000 0.000000 0.000000 0.000000
 0.000000 0.048965 0.000000 0.000000 0.000000 0.305721 0.000000 0.309606 0.000001 0.002260 0.000000 0.000000 0.000000 0.000000 0.000000 0.000000 0.000000 0.123533 0.209915 0.000000
 0.000000 0.000577 0.000000 0.000000 0.344505 0.000000 0.000000 0.000000 0.000000 0.348879 0.000000 0.000000 0.000000 0.000000 0.000000 0.000000 0.000000 0.306040 0.000000 0.000000
 0.000000 0.000000 0.000000 0.499999 0.000000 0.000000 0.000000 0.000000 0.000000 0.000000 0.000000 0.000000 0.000000 0.000000 0.000000 0.000000 0.000000 0.000000 0.000000 0.500001
 0.000000 0.239893 0.000000 0.000000 0.373529 0.000000 0.000000 0.000000 0.000000 0.000000 0.000000 0.000000 0.000000 0.000000 0.000000 0.000000 0.000000 0.014784 0.371794 0.000000
 0.499997 0.000000 0.000000 0.000000 0.000001 0.000000 0.000000 0.000000 0.000000 0.000004 0.000000 0.000000 0.000000 0.000000 0.499997 0.000000 0.000000 0.000000 0.000000 0.000000
 0.000000 0.009106 0.335160 0.007644 0.002503 0.343000 0.000000 0.000000 0.000003 0.000000 0.000000 0.000000 0.000000 0.014454 0.000000 0.000000 0.000000 0.288130 0.000000 0.000000
 0.000000 0.000000 0.000000 0.000000 0.000000 0.000000 0.000000 0.000000 0.000000 0.000000 0.000000 0.000000 0.469678 0.000000 0.470104 0.000000 0.060218 0.000000 0.000000 0.000000
 0.000000 0.000000 0.000000 0.000000 0.000000 0.000000 0.000000 0.000000 0.000000 0.000000 0.000000 0.000000 0.197734 0.000000 0.000000 0.000000 0.401075 0.000000 0.401191 0.000000
 0.000000 0.000000 0.000000 0.000000 0.000000 0.000000 0.000000 0.000000 0.000000 0.000000 0.400936 0.197768 0.000000 0.000000 0.000000 0.000000 0.401296 0.000000 0.000001 0.000000
 0.000000 0.321140 0.341985 0.322465 0.000000 0.000000 0.000000 0.000000 0.000000 0.014411 0.000000 0.000000 0.000000 0.000000 0.000000 0.000000 0.000000 0.000000 0.000000 0.000000
 0.000000 0.000000 0.000000 0.000000 0.000000 0.000000 0.000000 0.000000 0.500000 0.000000 0.500000 0.000000 0.000000 0.000000 0.000000 0.000000 0.000000 0.000000 0.000000 0.000000
 0.500000 0.000000 0.000000 0.000000 0.000000 0.000000 0.000000 0.000000 0.000000 0.000000 0.000000 0.000000 0.000000 0.000000 0.000000 0.000000 0.000000 0.000000 0.000000 0.500000
 0.000000 0.000000 0.000000 0.000000 0.000000 0.000000 0.000000 0.000000 0.000000 0.000000 0.060204 0.469808 0.469988 0.000000 0.000000 0.000000 0.000000 0.000000 0.000000 0.000000
 0.000000 0.316878 0.000000 0.000000 0.126434 0.277964 0.000000 0.012541 0.000000 0.266183 0.000000 0.000000 0.000000 0.000000 0.000000 0.000000 0.000000 0.000000 0.000000 0.000000
 0.000000 0.000001 0.000000 0.000000 0.253625 0.000000 0.000000 0.372337 0.000000 0.000000 0.000000 0.374037 0.000001 0.000000 0.000000 0.000000 0.000000 0.000000 0.000000 0.000000
 0.000000 0.000000 0.000000 0.000000 0.000000 0.000000 0.500000 0.000000 0.000000 0.000000 0.000000 0.000000 0.000000 0.000000 0.000000 0.500000 0.000000 0.000000 0.000000 0.000000
the mean of prob-rank is 1.6842105263157894
the number of false negetive edges is 0
the number of probability greater than 0 is 3.7/edge
