20
 0.000000 0.499291 0.000000 0.000000 0.000000 0.000000 0.499289 0.000073 0.000000 0.000000 0.001347 0.000000 0.000000 0.000000 0.000000 0.000000 0.000000 0.000000 0.000000 0.000000
 0.499724 0.000000 0.000000 0.000000 0.000000 0.000000 0.000000 0.499643 0.000000 0.000000 0.000000 0.000633 0.000000 0.000000 0.000000 0.000000 0.000000 0.000000 0.000000 0.000000
 0.000000 0.000000 0.000000 0.000000 0.000000 0.330686 0.000000 0.000002 0.229273 0.000000 0.000000 0.315124 0.000000 0.000000 0.017254 0.000000 0.029670 0.000000 0.077992 0.000000
 0.000000 0.000000 0.000000 0.000000 0.454070 0.000000 0.000000 0.000000 0.000000 0.000002 0.000000 0.000000 0.000000 0.000000 0.034302 0.000000 0.448994 0.000000 0.000000 0.062632
 0.000000 0.000000 0.000000 0.499902 0.000000 0.000000 0.000000 0.000000 0.000000 0.500096 0.000000 0.000000 0.000000 0.000000 0.000002 0.000000 0.000000 0.000000 0.000000 0.000000
 0.000000 0.000000 0.439172 0.000000 0.000000 0.000000 0.000000 0.000000 0.000003 0.000000 0.000000 0.000000 0.000000 0.000000 0.438599 0.000000 0.035945 0.000000 0.086282 0.000000
 0.462115 0.000000 0.000000 0.000000 0.000000 0.000000 0.000000 0.012439 0.000097 0.000000 0.462112 0.063237 0.000000 0.000000 0.000000 0.000000 0.000000 0.000000 0.000000 0.000000
 0.000070 0.475226 0.000002 0.000000 0.000000 0.000000 0.012794 0.000000 0.036623 0.000000 0.000000 0.475286 0.000000 0.000000 0.000000 0.000000 0.000000 0.000000 0.000000 0.000000
 0.000000 0.000000 0.198641 0.000000 0.000000 0.000002 0.000060 0.022076 0.000000 0.000000 0.000000 0.274671 0.244515 0.000000 0.000000 0.260016 0.000019 0.000000 0.000000 0.000000
 0.000000 0.000000 0.000000 0.000002 0.498656 0.000000 0.000000 0.000000 0.000000 0.000000 0.000000 0.000000 0.000000 0.498628 0.000008 0.000000 0.000000 0.000000 0.002706 0.000000
 0.001347 0.000000 0.000000 0.000000 0.000000 0.000000 0.499323 0.000000 0.000000 0.000000 0.000000 0.000000 0.499327 0.000000 0.000000 0.000000 0.000000 0.000002 0.000000 0.000000
 0.000000 0.000416 0.312469 0.000000 0.000000 0.000000 0.044871 0.327888 0.314355 0.000000 0.000000 0.000000 0.000000 0.000002 0.000000 0.000000 0.000000 0.000000 0.000000 0.000000
 0.000000 0.000000 0.000000 0.000000 0.000000 0.000000 0.000000 0.000000 0.299324 0.000000 0.350725 0.000000 0.000000 0.000000 0.000000 0.346987 0.000000 0.002964 0.000000 0.000000
 0.000000 0.000000 0.000000 0.000000 0.000000 0.000000 0.000000 0.000000 0.000000 0.499984 0.000000 0.000003 0.000000 0.000000 0.000000 0.000000 0.000000 0.000000 0.500012 0.000000
 0.000000 0.000000 0.020934 0.030297 0.000002 0.400681 0.000000 0.000000 0.000000 0.000006 0.000000 0.000000 0.000000 0.000000 0.000000 0.000000 0.147471 0.000000 0.400609 0.000000
 0.000000 0.000000 0.000000 0.000000 0.000000 0.000000 0.000000 0.000000 0.286403 0.000000 0.000000 0.000000 0.312216 0.000000 0.000000 0.000000 0.025339 0.315492 0.000000 0.060550
 0.000000 0.000000 0.034518 0.380266 0.000000 0.031488 0.000000 0.000000 0.000025 0.000000 0.000000 0.000000 0.000000 0.000000 0.141410 0.030890 0.000000 0.000000 0.000000 0.381403
 0.000000 0.000000 0.000000 0.000000 0.000000 0.000000 0.000000 0.000000 0.000000 0.000000 0.000002 0.000000 0.004208 0.000000 0.000000 0.497825 0.000000 0.000000 0.000000 0.497965
 0.000000 0.000000 0.096808 0.000000 0.000000 0.080642 0.000000 0.000000 0.000000 0.002227 0.000000 0.000000 0.000000 0.410465 0.409857 0.000000 0.000000 0.000000 0.000000 0.000000
 0.000000 0.000000 0.000000 0.059403 0.000000 0.000000 0.000000 0.000000 0.000000 0.000000 0.000000 0.000000 0.000000 0.000000 0.000000 0.082662 0.427113 0.430822 0.000000 0.000000
the mean of prob-rank is 1.736842105263158
the number of false negetive edges is 0
the number of probability greater than 0 is 5.0/edge
