20
 0.000000 0.500000 0.000000 0.000000 0.500000 0.000000 0.000000 0.000000 0.000000 0.000000 0.000000 0.000000 0.000000 0.000000 0.000000 0.000000 0.000000 0.000000 0.000000 0.000000
 0.390410 0.000000 0.389113 0.000000 0.000000 0.000000 0.000000 0.000000 0.000000 0.220477 0.000000 0.000000 0.000000 0.000000 0.000000 0.000000 0.000000 0.000000 0.000000 0.000000
 0.000000 0.414487 0.000000 0.000000 0.000000 0.000000 0.000000 0.000000 0.000000 0.415869 0.000000 0.000000 0.000000 0.000000 0.000000 0.169644 0.000000 0.000000 0.000000 0.000000
 0.000000 0.000000 0.000000 0.000000 0.000000 0.000000 0.000000 0.498245 0.000000 0.000000 0.003514 0.000000 0.000000 0.498240 0.000000 0.000000 0.000000 0.000000 0.000000 0.000000
 0.500000 0.000000 0.000000 0.000000 0.000000 0.000000 0.000000 0.000000 0.000000 0.000000 0.000000 0.000000 0.500000 0.000000 0.000000 0.000000 0.000000 0.000000 0.000000 0.000000
 0.000000 0.000000 0.000000 0.000000 0.000000 0.000000 0.000000 0.000000 0.370741 0.000000 0.000000 0.000000 0.000000 0.000000 0.000000 0.000000 0.376908 0.252351 0.000000 0.000000
 0.000000 0.000000 0.000000 0.000000 0.000000 0.000000 0.000000 0.000000 0.000000 0.000000 0.000000 0.500000 0.000000 0.000000 0.000000 0.000000 0.000000 0.000000 0.000000 0.500000
 0.000000 0.000000 0.000000 0.497278 0.000000 0.000000 0.000000 0.000000 0.000000 0.000000 0.497273 0.000000 0.005449 0.000000 0.000000 0.000000 0.000000 0.000000 0.000000 0.000000
 0.000000 0.000000 0.000000 0.000000 0.000000 0.406403 0.000000 0.000000 0.000000 0.000000 0.000000 0.000000 0.000000 0.000000 0.000000 0.413184 0.180413 0.000000 0.000000 0.000000
 0.000000 0.220470 0.390398 0.000000 0.000000 0.000000 0.000000 0.000000 0.000000 0.000000 0.000000 0.000000 0.000000 0.000000 0.000000 0.389132 0.000000 0.000000 0.000000 0.000000
 0.000000 0.000000 0.000000 0.003120 0.000000 0.000000 0.000000 0.442317 0.000000 0.000000 0.000000 0.000000 0.113933 0.000000 0.440630 0.000000 0.000000 0.000000 0.000000 0.000000
 0.000000 0.000000 0.000000 0.000000 0.000000 0.000000 0.500000 0.000000 0.000000 0.000000 0.000000 0.000000 0.000000 0.000000 0.000000 0.000000 0.000000 0.000000 0.500000 0.000000
 0.000000 0.000000 0.000000 0.000000 0.441203 0.000000 0.000000 0.004834 0.000000 0.000000 0.113645 0.000000 0.000000 0.440318 0.000000 0.000000 0.000000 0.000000 0.000000 0.000000
 0.000000 0.000000 0.000000 0.479422 0.000000 0.000000 0.000000 0.000000 0.000000 0.000000 0.000000 0.000000 0.478465 0.000000 0.042114 0.000000 0.000000 0.000000 0.000000 0.000000
 0.000000 0.000000 0.000000 0.000000 0.000000 0.000000 0.000000 0.000000 0.000000 0.000000 0.477998 0.000000 0.000000 0.042149 0.000000 0.000000 0.000018 0.000000 0.479834 0.000000
 0.000000 0.000000 0.169638 0.000000 0.000000 0.000000 0.000000 0.000000 0.415855 0.414507 0.000000 0.000000 0.000000 0.000000 0.000000 0.000000 0.000000 0.000000 0.000000 0.000000
 0.000000 0.000000 0.000000 0.000000 0.000000 0.413445 0.000000 0.000000 0.180536 0.000000 0.000000 0.000000 0.000000 0.000000 0.000016 0.000000 0.000000 0.406003 0.000000 0.000001
 0.000000 0.000000 0.000000 0.000000 0.000000 0.252503 0.000000 0.000000 0.000000 0.000000 0.000000 0.000000 0.000000 0.000000 0.000000 0.000000 0.370346 0.000000 0.000000 0.377151
 0.000000 0.000000 0.000000 0.000000 0.000000 0.000000 0.000000 0.000000 0.000000 0.000000 0.000000 0.500000 0.000000 0.000000 0.500000 0.000000 0.000000 0.000000 0.000000 0.000000
 0.000000 0.000000 0.000000 0.000000 0.000000 0.000000 0.500001 0.000000 0.000000 0.000000 0.000000 0.000000 0.000000 0.000000 0.000000 0.000000 0.000001 0.499998 0.000000 0.000000
the mean of prob-rank is 1.736842105263158
the number of false negetive edges is 0
the number of probability greater than 0 is 2.9/edge
