20
 0.000000 0.162400 0.000001 0.000000 0.000000 0.000000 0.005011 0.000000 0.000000 0.000000 0.416609 0.415980 0.000000 0.000000 0.000000 0.000000 0.000000 0.000000 0.000000 0.000000
 0.140653 0.000000 0.004565 0.359844 0.000000 0.000000 0.000044 0.000168 0.000000 0.000000 0.000450 0.000002 0.000000 0.135264 0.000140 0.000000 0.358869 0.000000 0.000000 0.000000
 0.000001 0.005329 0.000000 0.000000 0.000000 0.000000 0.421194 0.000000 0.000000 0.000000 0.146428 0.006344 0.000000 0.420704 0.000000 0.000000 0.000000 0.000000 0.000000 0.000000
 0.000000 0.337519 0.000000 0.000000 0.000000 0.000000 0.000000 0.000116 0.000000 0.000000 0.000000 0.000000 0.227607 0.000000 0.276470 0.000000 0.158287 0.000000 0.000000 0.000000
 0.000000 0.000000 0.000000 0.000000 0.000000 0.500005 0.000000 0.000000 0.000000 0.000000 0.000000 0.000000 0.499995 0.000000 0.000000 0.000000 0.000000 0.000000 0.000000 0.000000
 0.000000 0.000000 0.000000 0.000000 0.500000 0.000000 0.000000 0.000000 0.000000 0.500000 0.000000 0.000000 0.000000 0.000000 0.000000 0.000000 0.000000 0.000000 0.000000 0.000000
 0.005810 0.000059 0.483050 0.000000 0.000000 0.000000 0.000000 0.000000 0.000000 0.000000 0.482924 0.027363 0.000000 0.000795 0.000000 0.000000 0.000000 0.000000 0.000000 0.000000
 0.000000 0.000166 0.000000 0.000122 0.000000 0.000000 0.000000 0.000000 0.355271 0.000000 0.000000 0.008420 0.000000 0.000000 0.269258 0.000000 0.355106 0.011658 0.000000 0.000000
 0.000000 0.000000 0.000000 0.000000 0.000000 0.000000 0.000000 0.402192 0.000000 0.000000 0.000000 0.000000 0.063723 0.000000 0.131227 0.000000 0.000000 0.402858 0.000000 0.000000
 0.000000 0.000000 0.000000 0.000000 0.000000 0.500000 0.000000 0.000000 0.000000 0.000000 0.000000 0.000000 0.000000 0.000000 0.000000 0.500000 0.000000 0.000000 0.000000 0.000000
 0.425778 0.000531 0.148022 0.000000 0.000000 0.000000 0.425669 0.000000 0.000000 0.000000 0.000000 0.000000 0.000000 0.000000 0.000000 0.000000 0.000000 0.000000 0.000000 0.000000
 0.476866 0.000003 0.007193 0.000000 0.000000 0.000000 0.027054 0.011296 0.000000 0.000000 0.000000 0.000000 0.000000 0.000000 0.000000 0.000000 0.000000 0.477588 0.000000 0.000000
 0.000000 0.000000 0.000000 0.239818 0.356588 0.000000 0.000000 0.000000 0.056385 0.000000 0.000000 0.000000 0.000000 0.000000 0.347208 0.000000 0.000000 0.000000 0.000000 0.000000
 0.000000 0.157819 0.420500 0.000000 0.000000 0.000000 0.000692 0.000000 0.000000 0.000000 0.000000 0.000000 0.000000 0.000000 0.000000 0.000000 0.000000 0.000000 0.420989 0.000000
 0.000000 0.000120 0.000000 0.253631 0.000000 0.000000 0.000000 0.234838 0.101099 0.000000 0.000000 0.000000 0.302307 0.000000 0.000000 0.000000 0.108004 0.000000 0.000000 0.000000
 0.000000 0.000000 0.000000 0.000000 0.000000 0.000000 0.000000 0.000000 0.000000 0.500004 0.000000 0.000000 0.000000 0.000000 0.000000 0.000000 0.000000 0.000000 0.000000 0.499996
 0.000000 0.354239 0.000000 0.166579 0.000000 0.000000 0.000000 0.355286 0.000000 0.000000 0.000000 0.000000 0.000000 0.000000 0.123896 0.000000 0.000000 0.000000 0.000000 0.000000
 0.000000 0.000000 0.000000 0.000000 0.000000 0.000000 0.000000 0.016113 0.491855 0.000000 0.000000 0.492032 0.000000 0.000000 0.000000 0.000000 0.000000 0.000000 0.000000 0.000000
 0.000000 0.000000 0.000000 0.000000 0.000000 0.000000 0.000000 0.000000 0.000000 0.000000 0.000000 0.000000 0.000000 0.500000 0.000000 0.000000 0.000000 0.000000 0.000000 0.500000
 0.000000 0.000000 0.000000 0.000000 0.000000 0.000000 0.000000 0.000000 0.000000 0.000000 0.000000 0.000000 0.000000 0.000000 0.000000 0.499996 0.000000 0.000000 0.500004 0.000000
the mean of prob-rank is 1.5789473684210527
the number of false negetive edges is 0
the number of probability greater than 0 is 4.2/edge
