20
 0.000000 0.497934 0.000000 0.000000 0.000000 0.000000 0.000000 0.000000 0.000000 0.000000 0.000000 0.000000 0.004145 0.000000 0.000000 0.000000 0.497922 0.000000 0.000000 0.000000
 0.500000 0.000000 0.000000 0.000000 0.000000 0.000000 0.000000 0.000000 0.500000 0.000000 0.000000 0.000000 0.000000 0.000000 0.000000 0.000000 0.000000 0.000000 0.000000 0.000000
 0.000000 0.000000 0.000000 0.000000 0.017093 0.000000 0.040928 0.000000 0.000000 0.391818 0.000000 0.000000 0.000000 0.394492 0.000000 0.154864 0.000000 0.000804 0.000000 0.000000
 0.000000 0.000000 0.000000 0.000000 0.000000 0.000000 0.000000 0.000000 0.500000 0.000000 0.500000 0.000000 0.000000 0.000000 0.000000 0.000000 0.000000 0.000000 0.000000 0.000000
 0.000000 0.000000 0.015133 0.000000 0.000000 0.000000 0.319360 0.000000 0.000000 0.000000 0.000000 0.017328 0.000000 0.346062 0.000000 0.000000 0.000000 0.000047 0.000000 0.302071
 0.000000 0.000000 0.000000 0.000000 0.000000 0.000000 0.000000 0.435409 0.000000 0.000000 0.000000 0.129526 0.435065 0.000000 0.000000 0.000000 0.000000 0.000000 0.000000 0.000000
 0.000000 0.000000 0.028308 0.000000 0.249502 0.000000 0.000000 0.000000 0.000000 0.000000 0.000000 0.000000 0.000000 0.028327 0.272182 0.000000 0.000000 0.249117 0.000000 0.172563
 0.000000 0.000000 0.000000 0.000000 0.000000 0.463245 0.000000 0.000000 0.000000 0.000000 0.000000 0.460613 0.075845 0.000296 0.000000 0.000000 0.000002 0.000000 0.000000 0.000000
 0.000000 0.500000 0.000000 0.500000 0.000000 0.000000 0.000000 0.000000 0.000000 0.000000 0.000000 0.000000 0.000000 0.000000 0.000000 0.000000 0.000000 0.000000 0.000000 0.000000
 0.000000 0.000000 0.374905 0.000000 0.000000 0.000000 0.000000 0.000000 0.000000 0.000000 0.000000 0.000000 0.000000 0.000718 0.000000 0.375837 0.000000 0.248540 0.000000 0.000000
 0.000000 0.000000 0.000000 0.500001 0.000000 0.000000 0.000000 0.000000 0.000000 0.000000 0.000000 0.000000 0.000000 0.000000 0.000000 0.499999 0.000000 0.000000 0.000000 0.000000
 0.000000 0.000000 0.000000 0.000000 0.021190 0.127052 0.000000 0.424666 0.000000 0.000000 0.000000 0.000000 0.000000 0.000000 0.000000 0.000000 0.000000 0.000000 0.000000 0.427092
 0.003833 0.000000 0.000000 0.000000 0.000000 0.460198 0.000000 0.075406 0.000000 0.000000 0.000000 0.000000 0.000000 0.000000 0.000000 0.000000 0.460563 0.000000 0.000000 0.000000
 0.000000 0.000000 0.431354 0.000000 0.427420 0.000000 0.044783 0.000275 0.000000 0.000820 0.000000 0.000000 0.000000 0.000000 0.000000 0.000010 0.000000 0.095338 0.000000 0.000000
 0.000000 0.000000 0.000000 0.000000 0.000000 0.000000 0.335291 0.000000 0.000000 0.000000 0.000000 0.000000 0.000000 0.000000 0.000000 0.000000 0.000000 0.321217 0.335463 0.008029
 0.000000 0.000000 0.164372 0.000000 0.000000 0.000000 0.000000 0.000000 0.000000 0.416907 0.418711 0.000000 0.000000 0.000010 0.000000 0.000000 0.000000 0.000000 0.000000 0.000000
 0.499993 0.000000 0.000000 0.000000 0.000000 0.000000 0.000000 0.000002 0.000000 0.000000 0.000000 0.000000 0.500005 0.000000 0.000000 0.000000 0.000000 0.000000 0.000000 0.000000
 0.000000 0.000000 0.000544 0.000000 0.000036 0.000000 0.243449 0.000000 0.000000 0.175570 0.000000 0.000000 0.000000 0.058934 0.254825 0.000000 0.000000 0.000000 0.266642 0.000000
 0.000000 0.000000 0.000000 0.000000 0.000000 0.000000 0.000000 0.000000 0.000000 0.000000 0.000000 0.000000 0.000000 0.000000 0.485378 0.000000 0.000000 0.486320 0.000000 0.028302
 0.000000 0.000000 0.000000 0.000000 0.335312 0.000000 0.245186 0.000000 0.000000 0.000000 0.000000 0.387680 0.000000 0.000000 0.009261 0.000000 0.000000 0.000000 0.022561 0.000000
the mean of prob-rank is 1.5789473684210527
the number of false negetive edges is 0
the number of probability greater than 0 is 4.1/edge
