20
 0.000000 0.000000 0.000000 0.038459 0.000000 0.480596 0.000000 0.000000 0.000000 0.000000 0.000000 0.000000 0.000000 0.000000 0.000000 0.000000 0.000000 0.000000 0.480945 0.000000
 0.000000 0.000000 0.000000 0.000000 0.005207 0.000000 0.000000 0.000004 0.000003 0.000000 0.000000 0.000000 0.497411 0.000000 0.000000 0.497375 0.000000 0.000000 0.000000 0.000000
 0.000000 0.000000 0.000000 0.000000 0.000000 0.000000 0.000000 0.000000 0.460998 0.000000 0.000001 0.000000 0.000000 0.000000 0.078982 0.000000 0.000000 0.460019 0.000000 0.000000
 0.038446 0.000000 0.000000 0.000000 0.000000 0.000162 0.000000 0.000000 0.000000 0.480787 0.000000 0.000000 0.000000 0.000011 0.000000 0.000000 0.000000 0.000000 0.480594 0.000000
 0.000000 0.005205 0.000000 0.000000 0.000000 0.000000 0.000000 0.000000 0.000754 0.000000 0.000000 0.000000 0.000216 0.000000 0.000000 0.496597 0.000000 0.000000 0.000000 0.497229
 0.483094 0.000000 0.000000 0.000163 0.000000 0.000000 0.000001 0.000000 0.000000 0.000000 0.000000 0.483448 0.000000 0.000000 0.000000 0.000000 0.000000 0.000000 0.033293 0.000000
 0.000000 0.000000 0.000000 0.000000 0.000000 0.000002 0.000000 0.499986 0.000000 0.000000 0.000000 0.500013 0.000000 0.000000 0.000000 0.000000 0.000000 0.000000 0.000000 0.000000
 0.000000 0.000004 0.000000 0.000000 0.000000 0.000000 0.499984 0.000000 0.000000 0.000000 0.000000 0.000000 0.500011 0.000000 0.000000 0.000000 0.000000 0.000000 0.000000 0.000000
 0.000000 0.000003 0.489369 0.000000 0.000742 0.000000 0.000000 0.000000 0.000000 0.000000 0.000000 0.000000 0.000000 0.000000 0.000000 0.020719 0.000000 0.000000 0.000000 0.489167
 0.000000 0.000000 0.000000 0.499997 0.000000 0.000000 0.000000 0.000000 0.000000 0.000000 0.000000 0.000000 0.000000 0.500002 0.000000 0.000000 0.000000 0.000000 0.000000 0.000000
 0.000000 0.000000 0.000001 0.000000 0.000000 0.000000 0.000000 0.000000 0.000000 0.000000 0.000000 0.000000 0.000000 0.499862 0.000000 0.000000 0.500050 0.000000 0.000000 0.000088
 0.000000 0.000000 0.000000 0.000000 0.000000 0.499999 0.500001 0.000000 0.000000 0.000000 0.000000 0.000000 0.000000 0.000000 0.000000 0.000000 0.000000 0.000000 0.000000 0.000000
 0.000000 0.499892 0.000000 0.000000 0.000217 0.000000 0.000000 0.499892 0.000000 0.000000 0.000000 0.000000 0.000000 0.000000 0.000000 0.000000 0.000000 0.000000 0.000000 0.000000
 0.000000 0.000000 0.000000 0.000011 0.000000 0.000000 0.000000 0.000000 0.000000 0.500083 0.499895 0.000000 0.000000 0.000000 0.000000 0.000000 0.000000 0.000011 0.000000 0.000000
 0.000000 0.000000 0.079167 0.000000 0.000000 0.000000 0.000000 0.000000 0.000000 0.000000 0.000000 0.000000 0.000000 0.000000 0.000000 0.000000 0.458760 0.462073 0.000000 0.000000
 0.000000 0.471947 0.000000 0.000000 0.471381 0.000000 0.000000 0.000000 0.019983 0.000000 0.000000 0.000000 0.000000 0.000000 0.000000 0.000000 0.000000 0.000000 0.000000 0.036689
 0.000000 0.000000 0.000000 0.000000 0.000000 0.000000 0.000000 0.000000 0.000000 0.000000 0.424457 0.000000 0.000000 0.000000 0.421408 0.000000 0.000000 0.154135 0.000000 0.000000
 0.000000 0.000000 0.422646 0.000000 0.000000 0.000000 0.000000 0.000000 0.000000 0.000000 0.000000 0.000000 0.000000 0.000009 0.423541 0.000000 0.153804 0.000000 0.000000 0.000000
 0.483451 0.000000 0.000000 0.483256 0.000000 0.033293 0.000000 0.000000 0.000000 0.000000 0.000000 0.000000 0.000000 0.000000 0.000000 0.000000 0.000000 0.000000 0.000000 0.000000
 0.000000 0.000000 0.000000 0.000000 0.481349 0.000000 0.000000 0.000000 0.481150 0.000000 0.000084 0.000000 0.000000 0.000000 0.000000 0.037417 0.000000 0.000000 0.000000 0.000000
the mean of prob-rank is 1.4210526315789473
the number of false negetive edges is 0
the number of probability greater than 0 is 3.7/edge
