20
 0.000000 0.000000 0.493061 0.000000 0.000000 0.000000 0.000000 0.000000 0.000000 0.000000 0.013897 0.000000 0.000000 0.000000 0.000000 0.000000 0.000000 0.000000 0.493042 0.000000
 0.000000 0.000000 0.000000 0.000000 0.000000 0.000000 0.499871 0.000000 0.000000 0.000000 0.500129 0.000000 0.000000 0.000000 0.000000 0.000000 0.000000 0.000000 0.000000 0.000000
 0.488769 0.000000 0.000000 0.000000 0.000000 0.000000 0.000000 0.000000 0.000000 0.488781 0.000000 0.000000 0.000000 0.000000 0.000000 0.000000 0.000000 0.000000 0.022450 0.000000
 0.000000 0.000000 0.000000 0.000000 0.000000 0.000000 0.000000 0.000000 0.310207 0.000000 0.000000 0.000000 0.000000 0.333087 0.000000 0.014202 0.189506 0.152997 0.000000 0.000000
 0.000000 0.000000 0.000000 0.000000 0.000000 0.481703 0.001082 0.000000 0.000000 0.000000 0.000000 0.000000 0.000000 0.000000 0.481259 0.000000 0.000000 0.000000 0.000000 0.035955
 0.000000 0.000000 0.000000 0.000000 0.433191 0.000000 0.104829 0.000000 0.000000 0.000000 0.000000 0.000000 0.000000 0.000000 0.044850 0.000000 0.417131 0.000000 0.000000 0.000000
 0.000000 0.448276 0.000000 0.000000 0.001007 0.108532 0.000000 0.000000 0.000000 0.000000 0.000000 0.000000 0.000000 0.000000 0.000000 0.000436 0.441748 0.000000 0.000000 0.000000
 0.000000 0.000000 0.000000 0.000000 0.000000 0.000000 0.000000 0.000000 0.000000 0.484741 0.000000 0.030740 0.000000 0.000000 0.000000 0.484518 0.000000 0.000000 0.000000 0.000000
 0.000000 0.000000 0.000000 0.358729 0.000000 0.000000 0.000000 0.000000 0.000000 0.000000 0.000000 0.385188 0.000000 0.162991 0.000000 0.093092 0.000000 0.000000 0.000000 0.000000
 0.000000 0.000000 0.499986 0.000000 0.000000 0.000000 0.000000 0.500003 0.000000 0.000000 0.000000 0.000011 0.000000 0.000000 0.000000 0.000000 0.000000 0.000000 0.000000 0.000000
 0.013896 0.493065 0.000000 0.000000 0.000000 0.000000 0.000000 0.000000 0.000000 0.000000 0.000000 0.000000 0.000000 0.000000 0.000000 0.000000 0.000000 0.000000 0.493039 0.000000
 0.000000 0.000000 0.000000 0.000000 0.000000 0.000000 0.000000 0.030749 0.484889 0.000011 0.000000 0.000000 0.000000 0.000000 0.000000 0.484351 0.000000 0.000000 0.000000 0.000000
 0.000000 0.000000 0.000000 0.000000 0.000000 0.000000 0.000000 0.000000 0.000000 0.000000 0.000000 0.000000 0.000000 0.000000 0.000000 0.000000 0.000000 0.500000 0.000000 0.500000
 0.000000 0.000000 0.000000 0.412829 0.000000 0.000000 0.000000 0.000000 0.174688 0.000000 0.000000 0.000000 0.000000 0.000000 0.000000 0.000000 0.000000 0.412483 0.000000 0.000000
 0.000000 0.000000 0.000000 0.000000 0.437880 0.045377 0.000000 0.000000 0.000000 0.000000 0.000000 0.000000 0.000000 0.000000 0.000000 0.000000 0.078475 0.000000 0.000000 0.438269
 0.000000 0.000000 0.000000 0.018635 0.000000 0.000000 0.000425 0.436843 0.105625 0.000000 0.000000 0.436561 0.000000 0.000000 0.000000 0.000000 0.001910 0.000000 0.000000 0.000000
 0.000000 0.000000 0.000000 0.210704 0.000000 0.356604 0.364765 0.000000 0.000000 0.000000 0.000000 0.000000 0.000000 0.000000 0.066308 0.001619 0.000000 0.000000 0.000000 0.000000
 0.000000 0.000000 0.000000 0.186834 0.000000 0.000000 0.000000 0.000000 0.000000 0.000000 0.000000 0.000000 0.406753 0.406413 0.000000 0.000000 0.000000 0.000000 0.000000 0.000000
 0.488763 0.000000 0.022451 0.000000 0.000000 0.000000 0.000000 0.000000 0.000000 0.000000 0.488786 0.000000 0.000000 0.000000 0.000000 0.000000 0.000000 0.000000 0.000000 0.000000
 0.000000 0.000000 0.000000 0.000000 0.035978 0.000000 0.000000 0.000000 0.000000 0.000000 0.000000 0.000000 0.482027 0.000000 0.481995 0.000000 0.000000 0.000000 0.000000 0.000000
the mean of prob-rank is 1.4736842105263157
the number of false negetive edges is 0
the number of probability greater than 0 is 3.6/edge
