20
 0.000000 0.000000 0.500001 0.000000 0.000000 0.499999 0.000000 0.000000 0.000000 0.000000 0.000000 0.000000 0.000000 0.000000 0.000000 0.000000 0.000000 0.000000 0.000000 0.000000
 0.000000 0.000000 0.000000 0.000000 0.060477 0.000000 0.000000 0.400737 0.000001 0.000000 0.000000 0.136638 0.000000 0.000000 0.000000 0.000000 0.402148 0.000000 0.000000 0.000000
 0.498579 0.000000 0.000000 0.000000 0.000000 0.000000 0.000049 0.000000 0.000000 0.000000 0.000000 0.000000 0.000000 0.000000 0.000000 0.002802 0.000000 0.498570 0.000000 0.000000
 0.000000 0.000000 0.000000 0.000000 0.000000 0.000000 0.000000 0.000000 0.000000 0.000000 0.000000 0.000000 0.499893 0.000000 0.500107 0.000000 0.000000 0.000000 0.000000 0.000000
 0.000000 0.042296 0.000000 0.000000 0.000000 0.000000 0.005966 0.272569 0.280918 0.000000 0.000000 0.000000 0.243475 0.000000 0.000000 0.001120 0.153656 0.000000 0.000000 0.000000
 0.482780 0.000000 0.000000 0.000000 0.000000 0.000000 0.002154 0.000000 0.000000 0.000000 0.000000 0.000000 0.000000 0.000000 0.000000 0.032287 0.000000 0.000000 0.000000 0.482779
 0.000000 0.000000 0.000035 0.000000 0.007545 0.001587 0.000000 0.000000 0.286379 0.000141 0.000000 0.000000 0.348581 0.000000 0.000000 0.355695 0.000000 0.000000 0.000000 0.000037
 0.000000 0.263568 0.000000 0.000000 0.256331 0.000000 0.000000 0.000000 0.185534 0.000000 0.000000 0.161861 0.000000 0.000000 0.000000 0.000000 0.132706 0.000000 0.000000 0.000000
 0.000000 0.000001 0.000000 0.000000 0.292466 0.000000 0.235751 0.205397 0.000000 0.002040 0.000000 0.000000 0.000513 0.000000 0.000000 0.263834 0.000000 0.000000 0.000000 0.000000
 0.000000 0.000000 0.000000 0.000000 0.000000 0.000000 0.000196 0.000000 0.003445 0.000000 0.000000 0.000000 0.000000 0.494514 0.000000 0.007296 0.000000 0.000000 0.000000 0.494548
 0.000000 0.000000 0.000000 0.000000 0.000000 0.000000 0.000000 0.000000 0.000000 0.000000 0.000000 0.500000 0.000000 0.500000 0.000000 0.000000 0.000000 0.000000 0.000000 0.000000
 0.000000 0.116532 0.000000 0.000000 0.000000 0.000000 0.000000 0.209886 0.000000 0.000000 0.342973 0.000000 0.000000 0.000000 0.000000 0.000000 0.330608 0.000000 0.000000 0.000000
 0.000000 0.000000 0.000000 0.281769 0.244029 0.000000 0.276253 0.000000 0.000493 0.000000 0.000000 0.000000 0.000000 0.000000 0.000000 0.197455 0.000000 0.000000 0.000000 0.000000
 0.000000 0.000000 0.000000 0.000000 0.000000 0.000000 0.000000 0.000000 0.000000 0.499983 0.500017 0.000000 0.000000 0.000000 0.000000 0.000000 0.000000 0.000000 0.000000 0.000000
 0.000000 0.000000 0.000000 0.499998 0.000000 0.000000 0.000000 0.000000 0.000000 0.000000 0.000000 0.000000 0.000000 0.000000 0.000000 0.000000 0.000000 0.000000 0.500002 0.000000
 0.000000 0.000000 0.002085 0.000000 0.001477 0.024808 0.370953 0.000000 0.334240 0.005472 0.000000 0.000000 0.259840 0.000000 0.000000 0.000000 0.000000 0.000000 0.000000 0.001125
 0.000000 0.332004 0.000000 0.000000 0.181384 0.000000 0.000000 0.166577 0.000000 0.000000 0.000000 0.320035 0.000000 0.000000 0.000000 0.000000 0.000000 0.000000 0.000000 0.000000
 0.000000 0.000000 0.499996 0.000000 0.000000 0.000000 0.000000 0.000000 0.000000 0.000000 0.000000 0.000000 0.000000 0.000000 0.000000 0.000000 0.000000 0.000000 0.500004 0.000000
 0.000000 0.000000 0.000000 0.000000 0.000000 0.000000 0.000000 0.000000 0.000000 0.000000 0.000000 0.000000 0.000000 0.000000 0.500000 0.000000 0.000000 0.500000 0.000000 0.000000
 0.000000 0.000000 0.000000 0.000000 0.000000 0.499216 0.000051 0.000000 0.000000 0.499219 0.000000 0.000000 0.000000 0.000000 0.000000 0.001513 0.000000 0.000000 0.000000 0.000000
the mean of prob-rank is 1.5263157894736843
the number of false negetive edges is 0
the number of probability greater than 0 is 4.1/edge
