20
 0.000000 0.000000 0.500000 0.000000 0.000000 0.000000 0.000000 0.000000 0.000000 0.000000 0.000000 0.000000 0.000000 0.500000 0.000000 0.000000 0.000000 0.000000 0.000000 0.000000
 0.000000 0.000000 0.000000 0.000000 0.000000 0.000000 0.000001 0.000000 0.000000 0.183511 0.207348 0.193912 0.020449 0.000000 0.000000 0.225379 0.000410 0.002778 0.000000 0.166212
 0.500000 0.000000 0.000000 0.000000 0.000000 0.000000 0.000000 0.000000 0.000000 0.000000 0.000000 0.000000 0.000000 0.000000 0.000000 0.000000 0.000000 0.000000 0.500000 0.000000
 0.000000 0.000000 0.000000 0.000000 0.000000 0.000000 0.000000 0.500000 0.000000 0.000000 0.000000 0.000000 0.000000 0.000000 0.500000 0.000000 0.000000 0.000000 0.000000 0.000000
 0.000000 0.000000 0.000000 0.000000 0.000000 0.000013 0.498852 0.000000 0.498851 0.000000 0.002285 0.000000 0.000000 0.000000 0.000000 0.000000 0.000000 0.000000 0.000000 0.000000
 0.000000 0.000000 0.000000 0.000000 0.000010 0.000000 0.369685 0.000000 0.000000 0.000000 0.000000 0.000000 0.000000 0.000000 0.000000 0.000000 0.000000 0.252931 0.000000 0.377375
 0.000000 0.000001 0.000000 0.000000 0.347135 0.337818 0.000000 0.000000 0.000363 0.000000 0.000000 0.000000 0.000000 0.000000 0.000000 0.000000 0.000000 0.000000 0.000000 0.314683
 0.000000 0.000000 0.000000 0.500000 0.000000 0.000000 0.000000 0.000000 0.000000 0.000000 0.000000 0.000000 0.000000 0.000000 0.000000 0.000000 0.500000 0.000000 0.000000 0.000000
 0.000000 0.000000 0.000000 0.000000 0.499744 0.000000 0.000523 0.000000 0.000000 0.000000 0.499733 0.000000 0.000000 0.000000 0.000000 0.000000 0.000000 0.000000 0.000000 0.000000
 0.000000 0.188962 0.000000 0.000000 0.000000 0.000000 0.000000 0.000000 0.000000 0.000000 0.123092 0.221562 0.206646 0.000000 0.000000 0.233062 0.012438 0.014237 0.000000 0.000000
 0.000000 0.254580 0.000000 0.000000 0.001273 0.000000 0.000000 0.000000 0.277975 0.146772 0.000000 0.246475 0.071074 0.000000 0.000000 0.001851 0.000000 0.000000 0.000000 0.000000
 0.000000 0.223784 0.000000 0.000000 0.000000 0.000000 0.000000 0.000000 0.000000 0.248317 0.231671 0.000000 0.253621 0.000000 0.000000 0.042595 0.000013 0.000000 0.000000 0.000000
 0.000000 0.026129 0.000000 0.000000 0.000000 0.000000 0.000000 0.000000 0.000000 0.256429 0.073966 0.280811 0.000000 0.000000 0.000000 0.073385 0.289280 0.000000 0.000000 0.000000
 0.500000 0.000000 0.000000 0.000000 0.000000 0.000000 0.000000 0.000000 0.000000 0.000000 0.000000 0.000000 0.000000 0.000000 0.000000 0.000000 0.000000 0.500000 0.000000 0.000000
 0.000000 0.000000 0.000000 0.500001 0.000000 0.000000 0.000000 0.000000 0.000000 0.000000 0.000000 0.000000 0.000000 0.000000 0.000000 0.000000 0.000000 0.000000 0.499999 0.000000
 0.000000 0.327328 0.000000 0.000000 0.000000 0.000000 0.000000 0.000000 0.000000 0.328723 0.002189 0.053605 0.083412 0.000000 0.000000 0.000000 0.036309 0.168357 0.000000 0.000076
 0.000000 0.000837 0.000000 0.000000 0.000000 0.000000 0.000000 0.461770 0.000000 0.024637 0.000000 0.000022 0.461744 0.000000 0.000000 0.050990 0.000000 0.000000 0.000000 0.000000
 0.000000 0.004050 0.000000 0.000000 0.000000 0.219812 0.000000 0.000000 0.000000 0.020162 0.000000 0.000000 0.000000 0.330140 0.000000 0.169031 0.000000 0.000000 0.000000 0.256805
 0.000000 0.000000 0.500001 0.000000 0.000000 0.000000 0.000000 0.000000 0.000000 0.000000 0.000000 0.000000 0.000000 0.000000 0.499999 0.000000 0.000000 0.000000 0.000000 0.000000
 0.000000 0.215151 0.000000 0.000000 0.000000 0.291138 0.265673 0.000000 0.000000 0.000000 0.000000 0.000000 0.000000 0.000000 0.000000 0.000068 0.000000 0.227970 0.000000 0.000000
the mean of prob-rank is 2.0
the number of false negetive edges is 0
the number of probability greater than 0 is 4.4/edge
