20
 0.000000 0.000000 0.161677 0.416396 0.000000 0.000000 0.421927 0.000000 0.000000 0.000000 0.000000 0.000000 0.000000 0.000000 0.000000 0.000000 0.000000 0.000000 0.000000 0.000000
 0.000000 0.000000 0.000000 0.083412 0.000000 0.000000 0.000000 0.000000 0.000000 0.057713 0.000000 0.000000 0.000000 0.000000 0.000000 0.428043 0.000000 0.428853 0.001979 0.000000
 0.163854 0.000000 0.000000 0.407377 0.000000 0.000000 0.000000 0.000000 0.000512 0.000000 0.000000 0.000000 0.428257 0.000000 0.000000 0.000000 0.000000 0.000000 0.000000 0.000000
 0.233840 0.046195 0.225736 0.000000 0.000000 0.000000 0.000014 0.000000 0.000000 0.000000 0.000000 0.000000 0.000597 0.000000 0.000000 0.154823 0.166683 0.000848 0.171263 0.000000
 0.000000 0.000000 0.000000 0.000000 0.000000 0.000000 0.005038 0.475111 0.475096 0.000000 0.000000 0.000000 0.000000 0.000000 0.000000 0.000000 0.044754 0.000000 0.000000 0.000000
 0.000000 0.000000 0.000000 0.000000 0.000000 0.000000 0.500002 0.000000 0.000000 0.000000 0.000000 0.499998 0.000000 0.000000 0.000000 0.000000 0.000000 0.000000 0.000000 0.000000
 0.492959 0.000000 0.000000 0.000028 0.005240 0.494131 0.000000 0.000000 0.007634 0.000000 0.000000 0.000000 0.000000 0.000000 0.000000 0.000007 0.000000 0.000000 0.000000 0.000000
 0.000000 0.000000 0.000000 0.000000 0.450953 0.000000 0.000000 0.000000 0.000000 0.000000 0.000124 0.000000 0.000000 0.000000 0.450919 0.000000 0.097997 0.000000 0.000000 0.000006
 0.000000 0.000000 0.000593 0.000000 0.495985 0.000000 0.007663 0.000000 0.000000 0.000000 0.000000 0.000000 0.495758 0.000000 0.000000 0.000000 0.000000 0.000000 0.000000 0.000000
 0.000000 0.063080 0.000000 0.000000 0.000000 0.000000 0.000000 0.000000 0.000000 0.000000 0.000000 0.000000 0.000000 0.468735 0.000000 0.468185 0.000000 0.000000 0.000000 0.000000
 0.000000 0.000000 0.000000 0.000000 0.000000 0.000000 0.000000 0.000122 0.000000 0.000000 0.000000 0.000000 0.000125 0.000000 0.443558 0.000000 0.112935 0.000000 0.000000 0.443261
 0.000000 0.000000 0.000000 0.000000 0.000000 0.499998 0.000000 0.000000 0.000000 0.000000 0.000000 0.000000 0.000000 0.500002 0.000000 0.000000 0.000000 0.000000 0.000000 0.000000
 0.000000 0.000000 0.495721 0.001248 0.000000 0.000000 0.000000 0.000000 0.495903 0.000000 0.000140 0.000000 0.000000 0.000000 0.000004 0.000000 0.005373 0.000000 0.000000 0.001611
 0.000000 0.000000 0.000000 0.000000 0.000000 0.000000 0.000000 0.000000 0.000000 0.500000 0.000000 0.500000 0.000000 0.000000 0.000000 0.000000 0.000000 0.000000 0.000000 0.000000
 0.000000 0.000000 0.000000 0.000000 0.000000 0.000000 0.000000 0.499933 0.000000 0.000000 0.499968 0.000000 0.000004 0.000000 0.000000 0.000000 0.000031 0.000000 0.000000 0.000063
 0.000000 0.375982 0.000000 0.245553 0.000000 0.000000 0.000006 0.000000 0.000000 0.376252 0.000000 0.000000 0.000000 0.000000 0.000000 0.000000 0.000000 0.002208 0.000000 0.000000
 0.000000 0.000000 0.000000 0.214491 0.028790 0.000000 0.000000 0.066417 0.000000 0.000000 0.077817 0.000000 0.003310 0.000000 0.000019 0.000000 0.000000 0.000000 0.303526 0.305631
 0.000000 0.497784 0.000000 0.001778 0.000000 0.000000 0.000000 0.000000 0.000000 0.000000 0.000000 0.000000 0.000000 0.000000 0.000000 0.002918 0.000000 0.000000 0.497519 0.000000
 0.000000 0.001698 0.000000 0.265271 0.000000 0.000000 0.000000 0.000000 0.000000 0.000000 0.000000 0.000000 0.000000 0.000000 0.000000 0.000000 0.365347 0.367684 0.000000 0.000000
 0.000000 0.000000 0.000000 0.000000 0.000000 0.000000 0.000000 0.000006 0.000000 0.000000 0.498987 0.000000 0.001622 0.000000 0.000063 0.000000 0.499323 0.000000 0.000000 0.000000
the mean of prob-rank is 1.4210526315789473
the number of false negetive edges is 0
the number of probability greater than 0 is 4.6/edge
