20
 0.000000 0.000000 0.000000 0.000000 0.000000 0.000000 0.000000 0.000000 0.000000 0.000000 0.000000 0.500000 0.000000 0.000000 0.000000 0.000000 0.500000 0.000000 0.000000 0.000000
 0.000000 0.000000 0.016534 0.179075 0.000000 0.000000 0.000000 0.401884 0.000000 0.000000 0.000000 0.000000 0.402506 0.000000 0.000000 0.000000 0.000000 0.000000 0.000000 0.000000
 0.000000 0.020126 0.000000 0.000000 0.000000 0.000000 0.000000 0.489932 0.000000 0.000000 0.000000 0.000000 0.000000 0.000000 0.000000 0.000000 0.000000 0.000000 0.000000 0.489942
 0.000000 0.182835 0.000000 0.000000 0.000000 0.000000 0.000000 0.000000 0.000000 0.000000 0.000000 0.000000 0.406207 0.000000 0.000000 0.000000 0.000000 0.410958 0.000000 0.000000
 0.000000 0.000000 0.000000 0.000000 0.000000 0.000000 0.499086 0.000000 0.000000 0.000000 0.002490 0.000000 0.000000 0.000000 0.000000 0.000000 0.000000 0.000000 0.498424 0.000000
 0.000000 0.000000 0.000000 0.000000 0.000000 0.000000 0.499999 0.000000 0.000000 0.000000 0.000000 0.000000 0.000000 0.500000 0.000000 0.000001 0.000000 0.000000 0.000000 0.000000
 0.000000 0.000000 0.000000 0.000000 0.456167 0.456167 0.000000 0.000000 0.000000 0.000000 0.000000 0.000000 0.000000 0.087666 0.000000 0.000000 0.000000 0.000000 0.000000 0.000000
 0.000000 0.421535 0.422179 0.000000 0.000000 0.000000 0.000000 0.000000 0.004217 0.000000 0.000000 0.000000 0.152068 0.000000 0.000000 0.000000 0.000000 0.000000 0.000000 0.000000
 0.000000 0.000000 0.000000 0.000000 0.000000 0.000000 0.000000 0.004970 0.000000 0.497523 0.000000 0.000000 0.000000 0.000000 0.000000 0.000000 0.000000 0.000000 0.000000 0.497507
 0.000000 0.000000 0.000000 0.000000 0.000000 0.000000 0.000000 0.000000 0.498469 0.000000 0.498457 0.000000 0.000017 0.000000 0.003057 0.000000 0.000000 0.000000 0.000000 0.000000
 0.000000 0.000000 0.000000 0.000000 0.002488 0.000000 0.000000 0.000000 0.000000 0.498711 0.000000 0.000000 0.000000 0.000000 0.498706 0.000077 0.000000 0.000000 0.000018 0.000000
 0.500001 0.000000 0.000000 0.000000 0.000000 0.000000 0.000000 0.000000 0.000000 0.000000 0.000000 0.000000 0.000000 0.000000 0.000000 0.000000 0.000000 0.499999 0.000000 0.000000
 0.000000 0.425774 0.000000 0.420851 0.000000 0.000000 0.000000 0.153360 0.000000 0.000015 0.000000 0.000000 0.000000 0.000000 0.000000 0.000000 0.000000 0.000000 0.000000 0.000000
 0.000000 0.000000 0.000000 0.000000 0.000000 0.456167 0.087666 0.000000 0.000000 0.000000 0.000000 0.000000 0.000000 0.000000 0.000000 0.456167 0.000000 0.000000 0.000000 0.000000
 0.000000 0.000000 0.000000 0.000000 0.000000 0.000000 0.000000 0.000000 0.000000 0.003050 0.497254 0.000000 0.000000 0.000000 0.000000 0.497234 0.000000 0.000000 0.000000 0.002462
 0.000000 0.000000 0.000000 0.000000 0.000000 0.000001 0.000000 0.000000 0.000000 0.000000 0.000077 0.000000 0.000000 0.499979 0.499943 0.000000 0.000000 0.000000 0.000000 0.000000
 0.500000 0.000000 0.000000 0.000000 0.000000 0.000000 0.000000 0.000000 0.000000 0.000000 0.000000 0.000000 0.000000 0.000000 0.000000 0.000000 0.000000 0.000000 0.500000 0.000000
 0.000000 0.000000 0.000000 0.500001 0.000000 0.000000 0.000000 0.000000 0.000000 0.000000 0.000000 0.499999 0.000000 0.000000 0.000000 0.000000 0.000000 0.000000 0.000000 0.000000
 0.000000 0.000000 0.000000 0.000000 0.499659 0.000000 0.000000 0.000000 0.000000 0.000000 0.000018 0.000000 0.000000 0.000000 0.000000 0.000000 0.500323 0.000000 0.000000 0.000000
 0.000000 0.000000 0.498773 0.000000 0.000000 0.000000 0.000000 0.000000 0.498757 0.000000 0.000000 0.000000 0.000000 0.000000 0.002469 0.000000 0.000000 0.000000 0.000000 0.000000
the mean of prob-rank is 1.631578947368421
the number of false negetive edges is 0
the number of probability greater than 0 is 3.1/edge
