20
 0.000000 0.000000 0.000000 0.000000 0.500000 0.000000 0.000000 0.000000 0.000000 0.000000 0.000000 0.000000 0.000000 0.000000 0.500000 0.000000 0.000000 0.000000 0.000000 0.000000
 0.000000 0.000000 0.000000 0.000000 0.000000 0.000000 0.000000 0.000000 0.000000 0.000000 0.000000 0.000000 0.000000 0.342350 0.000000 0.000000 0.000000 0.000000 0.312963 0.344687
 0.000000 0.000000 0.000000 0.000000 0.000000 0.000000 0.000000 0.001891 0.000000 0.036879 0.000000 0.000000 0.003031 0.000000 0.000000 0.479412 0.000000 0.478787 0.000000 0.000000
 0.000000 0.000000 0.000000 0.000000 0.499985 0.500013 0.000000 0.000000 0.000000 0.000000 0.000000 0.000000 0.000000 0.000000 0.000000 0.000000 0.000001 0.000000 0.000000 0.000000
 0.500014 0.000000 0.000000 0.499986 0.000000 0.000000 0.000000 0.000000 0.000000 0.000000 0.000000 0.000000 0.000000 0.000000 0.000000 0.000000 0.000000 0.000000 0.000000 0.000000
 0.000000 0.000000 0.000000 0.500001 0.000000 0.000000 0.000000 0.000000 0.000000 0.000000 0.000000 0.000000 0.000000 0.000000 0.000000 0.000000 0.499999 0.000000 0.000000 0.000000
 0.000000 0.000000 0.000000 0.000000 0.000000 0.000000 0.000000 0.000000 0.000000 0.011069 0.000000 0.000000 0.494193 0.000000 0.000000 0.000000 0.000000 0.494220 0.000000 0.000517
 0.000000 0.000000 0.001969 0.000000 0.000000 0.000000 0.000000 0.000000 0.000000 0.000000 0.000000 0.000000 0.000000 0.000000 0.000000 0.499019 0.499012 0.000000 0.000000 0.000000
 0.000000 0.000000 0.000000 0.000000 0.000000 0.000000 0.000000 0.000000 0.000000 0.000000 0.500000 0.500000 0.000000 0.000000 0.000000 0.000000 0.000000 0.000000 0.000000 0.000000
 0.000000 0.000000 0.025194 0.000000 0.000000 0.000000 0.007335 0.000000 0.000000 0.000000 0.000000 0.000000 0.327524 0.319831 0.000000 0.000000 0.000000 0.000000 0.000000 0.320116
 0.000000 0.000000 0.000000 0.000000 0.000000 0.000000 0.000000 0.000000 0.500000 0.000000 0.000000 0.000000 0.000000 0.000000 0.000000 0.000000 0.000000 0.000000 0.500000 0.000000
 0.000000 0.000000 0.000000 0.000000 0.000000 0.000000 0.000000 0.000000 0.500001 0.000000 0.000000 0.000000 0.000000 0.000000 0.499999 0.000000 0.000000 0.000000 0.000000 0.000000
 0.000000 0.000000 0.003150 0.000000 0.000000 0.000000 0.498208 0.000000 0.000000 0.498256 0.000000 0.000000 0.000000 0.000383 0.000000 0.000000 0.000000 0.000003 0.000000 0.000000
 0.000000 0.253090 0.000000 0.000000 0.000000 0.000000 0.000000 0.000000 0.000000 0.248832 0.000000 0.000000 0.000196 0.000000 0.000000 0.000000 0.000000 0.000000 0.254226 0.243655
 0.500001 0.000000 0.000000 0.000000 0.000000 0.000000 0.000000 0.000000 0.000000 0.000000 0.000000 0.499999 0.000000 0.000000 0.000000 0.000000 0.000000 0.000000 0.000000 0.000000
 0.000000 0.000000 0.499994 0.000000 0.000000 0.000000 0.000000 0.500004 0.000000 0.000000 0.000000 0.000000 0.000000 0.000000 0.000000 0.000000 0.000002 0.000000 0.000000 0.000000
 0.000000 0.000000 0.000000 0.000001 0.000000 0.500001 0.000000 0.499996 0.000000 0.000000 0.000000 0.000000 0.000000 0.000000 0.000000 0.000002 0.000000 0.000000 0.000000 0.000000
 0.000000 0.000000 0.493568 0.000000 0.000000 0.000000 0.494201 0.000000 0.000000 0.000000 0.000000 0.000000 0.000003 0.000000 0.000000 0.000000 0.000000 0.000000 0.000000 0.012228
 0.000000 0.312478 0.000000 0.000000 0.000000 0.000000 0.000000 0.000000 0.000000 0.000000 0.344153 0.000000 0.000000 0.343353 0.000000 0.000000 0.000000 0.000000 0.000000 0.000016
 0.000000 0.337905 0.000000 0.000000 0.000000 0.000000 0.000353 0.000000 0.000000 0.330262 0.000000 0.000000 0.000000 0.323103 0.000000 0.000000 0.000000 0.008361 0.000016 0.000000
the mean of prob-rank is 1.5263157894736843
the number of false negetive edges is 0
the number of probability greater than 0 is 3.4/edge
