20
 0.000000 0.402585 0.000000 0.000000 0.000000 0.000000 0.000000 0.082108 0.000000 0.000000 0.404312 0.000000 0.000000 0.000000 0.000000 0.000000 0.000000 0.000000 0.110996 0.000000
 0.403115 0.000000 0.000000 0.000000 0.000000 0.000000 0.000000 0.192059 0.000000 0.000000 0.000000 0.000000 0.404826 0.000000 0.000000 0.000000 0.000000 0.000000 0.000000 0.000000
 0.000000 0.000000 0.000000 0.000000 0.000000 0.000000 0.499999 0.000000 0.000000 0.000000 0.000000 0.000000 0.000000 0.000000 0.000000 0.000000 0.500001 0.000000 0.000000 0.000000
 0.000000 0.000000 0.000000 0.000000 0.077704 0.000000 0.000000 0.000000 0.000000 0.000000 0.000000 0.376721 0.000000 0.000000 0.000000 0.387482 0.000000 0.000000 0.000000 0.158094
 0.000000 0.000000 0.000000 0.065019 0.000000 0.000000 0.000000 0.000000 0.323193 0.000000 0.000000 0.292412 0.000000 0.000000 0.000000 0.000000 0.000000 0.000000 0.319376 0.000000
 0.000000 0.000000 0.000000 0.000000 0.000000 0.000000 0.000000 0.000000 0.000000 0.000000 0.000000 0.000000 0.000000 0.000000 0.462083 0.000000 0.000000 0.462072 0.000000 0.075845
 0.000000 0.000000 0.499998 0.000000 0.000000 0.000000 0.000000 0.000000 0.000000 0.000000 0.000000 0.000000 0.000000 0.499999 0.000000 0.000000 0.000000 0.000000 0.000000 0.000003
 0.076526 0.178767 0.000000 0.000000 0.000000 0.000000 0.000000 0.000000 0.000009 0.000000 0.000000 0.000000 0.000000 0.000000 0.000000 0.000000 0.000000 0.000000 0.376606 0.368091
 0.000000 0.000000 0.000000 0.000000 0.487916 0.000000 0.000000 0.000012 0.000000 0.000000 0.489476 0.000000 0.000000 0.000000 0.000000 0.000000 0.000000 0.000000 0.022596 0.000000
 0.000000 0.000000 0.000000 0.000000 0.000000 0.000000 0.000000 0.000000 0.000000 0.000000 0.000000 0.000000 0.500005 0.000000 0.499995 0.000000 0.000000 0.000000 0.000000 0.000000
 0.500000 0.000000 0.000000 0.000000 0.000000 0.000000 0.000000 0.000000 0.500000 0.000000 0.000000 0.000000 0.000000 0.000000 0.000000 0.000000 0.000000 0.000000 0.000000 0.000000
 0.000000 0.000000 0.000000 0.331337 0.307360 0.000000 0.000000 0.000000 0.000000 0.000000 0.000000 0.000000 0.000000 0.000000 0.000000 0.000000 0.000000 0.000000 0.025713 0.335590
 0.000000 0.499951 0.000000 0.000000 0.000000 0.000000 0.000000 0.000000 0.000000 0.499974 0.000000 0.000000 0.000000 0.000000 0.000075 0.000000 0.000000 0.000000 0.000000 0.000000
 0.000000 0.000000 0.000000 0.000000 0.000000 0.000000 0.500000 0.000000 0.000000 0.000000 0.000000 0.000000 0.000000 0.000000 0.000000 0.500000 0.000000 0.000000 0.000000 0.000000
 0.000000 0.000000 0.000000 0.000000 0.000000 0.499913 0.000000 0.000000 0.000000 0.499908 0.000000 0.000000 0.000075 0.000000 0.000000 0.000000 0.000000 0.000000 0.000000 0.000103
 0.000000 0.000000 0.000000 0.500000 0.000000 0.000000 0.000000 0.000000 0.000000 0.000000 0.000000 0.000000 0.000000 0.500000 0.000000 0.000000 0.000000 0.000000 0.000000 0.000000
 0.000000 0.000000 0.500001 0.000000 0.000000 0.000000 0.000000 0.000000 0.000000 0.000000 0.000000 0.000000 0.000000 0.000000 0.000000 0.000000 0.000000 0.499999 0.000000 0.000000
 0.000000 0.000000 0.000000 0.000000 0.000000 0.499992 0.000000 0.000000 0.000000 0.000000 0.000000 0.000000 0.000000 0.000000 0.000000 0.000000 0.500008 0.000000 0.000000 0.000000
 0.086612 0.000000 0.000000 0.000000 0.310773 0.000000 0.000000 0.315310 0.014564 0.000000 0.000000 0.023803 0.000000 0.000000 0.000000 0.000000 0.000000 0.000000 0.000000 0.248937
 0.000000 0.000000 0.000000 0.122784 0.000000 0.049395 0.000002 0.293965 0.000000 0.000000 0.000000 0.296337 0.000000 0.000000 0.000062 0.000000 0.000000 0.000000 0.237454 0.000000
the mean of prob-rank is 1.4736842105263157
the number of false negetive edges is 0
the number of probability greater than 0 is 3.4/edge
