20
 0.000000 0.000000 0.000000 0.000000 0.499994 0.000000 0.000000 0.000000 0.000000 0.000000 0.499994 0.000000 0.000000 0.000000 0.000011 0.000000 0.000000 0.000000 0.000000 0.000000
 0.000000 0.000000 0.000000 0.000002 0.000000 0.028672 0.000000 0.000000 0.243013 0.000000 0.000023 0.000000 0.000000 0.000002 0.231510 0.272355 0.000000 0.224424 0.000000 0.000000
 0.000000 0.000000 0.000000 0.000013 0.354552 0.000000 0.000000 0.000000 0.099647 0.000000 0.000000 0.000000 0.000000 0.000000 0.319610 0.000059 0.000000 0.000000 0.226118 0.000000
 0.000000 0.000003 0.000015 0.000000 0.000000 0.000000 0.000000 0.000000 0.402896 0.122004 0.000000 0.000000 0.000000 0.000000 0.000000 0.000000 0.000000 0.064745 0.410338 0.000000
 0.450000 0.000000 0.447520 0.000000 0.000000 0.000000 0.000000 0.000000 0.000000 0.000000 0.000000 0.000000 0.000000 0.000000 0.102480 0.000000 0.000000 0.000000 0.000000 0.000000
 0.000000 0.030595 0.000000 0.000000 0.000000 0.000000 0.000000 0.000000 0.000000 0.000000 0.000132 0.280099 0.000000 0.256676 0.000000 0.000000 0.279461 0.153036 0.000000 0.000000
 0.000000 0.000000 0.000000 0.000000 0.000000 0.000000 0.000000 0.497284 0.000000 0.495100 0.000000 0.000000 0.000000 0.000000 0.000000 0.000000 0.000000 0.007616 0.000000 0.000000
 0.000000 0.000000 0.000000 0.000000 0.000000 0.000000 0.431013 0.000000 0.000000 0.138223 0.000000 0.000000 0.000000 0.000000 0.000000 0.000000 0.000000 0.000000 0.000000 0.430764
 0.000000 0.240758 0.076668 0.269328 0.000000 0.000000 0.000000 0.000000 0.000000 0.000000 0.000000 0.000000 0.000000 0.000000 0.095715 0.174429 0.000000 0.143101 0.000000 0.000000
 0.000000 0.000000 0.000000 0.118356 0.000000 0.000000 0.396324 0.127660 0.000000 0.000000 0.000000 0.000000 0.000000 0.000000 0.000000 0.000000 0.000000 0.000072 0.357587 0.000000
 0.499872 0.000042 0.000000 0.000000 0.000000 0.000224 0.000000 0.000000 0.000000 0.000000 0.000000 0.000000 0.499862 0.000000 0.000000 0.000000 0.000000 0.000000 0.000000 0.000000
 0.000000 0.000000 0.000000 0.000000 0.000000 0.380353 0.000000 0.000000 0.000000 0.000000 0.000000 0.000000 0.401187 0.000000 0.000000 0.000000 0.218461 0.000000 0.000000 0.000000
 0.000000 0.000000 0.000000 0.000000 0.000000 0.000000 0.000000 0.000000 0.000000 0.000000 0.499995 0.500005 0.000000 0.000000 0.000000 0.000000 0.000000 0.000000 0.000000 0.000000
 0.000000 0.000002 0.000000 0.000000 0.000000 0.274127 0.000000 0.000000 0.000000 0.000000 0.000000 0.000000 0.000000 0.000000 0.000000 0.000000 0.315529 0.301742 0.000000 0.108600
 0.000007 0.252843 0.271084 0.000000 0.068863 0.000000 0.000000 0.000000 0.105515 0.000000 0.000000 0.000000 0.000000 0.000000 0.000000 0.301608 0.000000 0.000081 0.000000 0.000000
 0.000000 0.374669 0.000063 0.000000 0.000000 0.000000 0.000000 0.000000 0.242204 0.000000 0.000000 0.000000 0.000000 0.000000 0.379903 0.000000 0.000000 0.003161 0.000000 0.000000
 0.000000 0.000000 0.000000 0.000000 0.000000 0.379815 0.000000 0.000000 0.000000 0.000000 0.000000 0.218650 0.000000 0.401535 0.000000 0.000000 0.000000 0.000000 0.000000 0.000000
 0.000000 0.203990 0.000000 0.039708 0.000000 0.130360 0.003854 0.000000 0.131290 0.000046 0.000000 0.000000 0.000000 0.240668 0.000067 0.002089 0.000000 0.000000 0.000000 0.247928
 0.000000 0.000000 0.250438 0.394860 0.000000 0.000000 0.000000 0.000000 0.000000 0.354702 0.000000 0.000000 0.000000 0.000000 0.000000 0.000000 0.000000 0.000000 0.000000 0.000000
 0.000000 0.000000 0.000000 0.000000 0.000000 0.000000 0.000000 0.429166 0.000000 0.000000 0.000000 0.000000 0.000000 0.147797 0.000000 0.000000 0.000000 0.423037 0.000000 0.000000
the mean of prob-rank is 1.5263157894736843
the number of false negetive edges is 0
the number of probability greater than 0 is 4.7/edge
