20
 0.000000 0.000000 0.000000 0.000000 0.000000 0.500025 0.000000 0.000000 0.000000 0.499975 0.000000 0.000000 0.000000 0.000000 0.000000 0.000000 0.000000 0.000000 0.000000 0.000000
 0.000000 0.000000 0.190896 0.372891 0.000000 0.060487 0.368878 0.000000 0.000000 0.000000 0.000000 0.000000 0.000000 0.006833 0.000000 0.000000 0.000000 0.000001 0.000000 0.000014
 0.000000 0.162827 0.000000 0.000000 0.097828 0.298614 0.101840 0.000000 0.000000 0.000000 0.000000 0.000000 0.000000 0.318112 0.000000 0.000000 0.000000 0.020779 0.000000 0.000000
 0.000000 0.474429 0.000000 0.000000 0.000000 0.050640 0.000000 0.000428 0.000000 0.000000 0.000000 0.000000 0.000000 0.000000 0.000000 0.000000 0.000000 0.000000 0.000000 0.474503
 0.000000 0.000000 0.122858 0.000000 0.000000 0.011037 0.000000 0.000000 0.000000 0.000000 0.000000 0.000000 0.399454 0.398134 0.000000 0.000000 0.000000 0.068517 0.000000 0.000000
 0.407894 0.066154 0.382893 0.043531 0.011269 0.000000 0.000000 0.000000 0.000000 0.000000 0.000000 0.000000 0.000000 0.085448 0.000000 0.000000 0.000000 0.000000 0.000000 0.002811
 0.000000 0.277024 0.089666 0.000000 0.000000 0.000000 0.000000 0.000000 0.119530 0.000000 0.000007 0.000000 0.000000 0.131707 0.000000 0.000000 0.280082 0.004458 0.097526 0.000000
 0.000000 0.000000 0.000000 0.000451 0.000000 0.000000 0.000000 0.000000 0.000000 0.499534 0.000000 0.499515 0.000000 0.000000 0.000000 0.000000 0.000000 0.000000 0.000000 0.000500
 0.000000 0.000000 0.000000 0.000000 0.000000 0.000000 0.177671 0.000000 0.000000 0.000000 0.000000 0.405997 0.000000 0.000000 0.000000 0.000000 0.000000 0.000000 0.416319 0.000012
 0.499971 0.000000 0.000000 0.000000 0.000000 0.000000 0.000000 0.500022 0.000000 0.000000 0.000000 0.000006 0.000000 0.000000 0.000000 0.000000 0.000000 0.000000 0.000000 0.000000
 0.000000 0.000000 0.000000 0.000000 0.000000 0.000000 0.000012 0.000000 0.000000 0.000000 0.000000 0.000000 0.000000 0.000000 0.476691 0.476554 0.046332 0.000412 0.000000 0.000000
 0.000000 0.000000 0.000000 0.000000 0.000000 0.000000 0.000000 0.468408 0.456812 0.000006 0.000000 0.000000 0.000000 0.000000 0.000000 0.000000 0.000000 0.000000 0.000000 0.074774
 0.000000 0.000000 0.000000 0.000000 0.375464 0.000000 0.000000 0.000000 0.000000 0.000000 0.000000 0.000000 0.000000 0.000000 0.000000 0.249105 0.000000 0.375431 0.000000 0.000000
 0.000000 0.006492 0.354367 0.000000 0.353154 0.074235 0.166639 0.000000 0.000000 0.000000 0.000000 0.000000 0.000000 0.000000 0.000000 0.000000 0.000000 0.045113 0.000000 0.000000
 0.000000 0.000000 0.000000 0.000000 0.000000 0.000000 0.000000 0.000000 0.000000 0.000000 0.403773 0.000000 0.000000 0.000000 0.000000 0.147968 0.403471 0.044788 0.000000 0.000000
 0.000000 0.000000 0.000000 0.000000 0.000000 0.000000 0.000000 0.000000 0.000000 0.000000 0.333922 0.000000 0.221581 0.000000 0.122405 0.000000 0.000001 0.322091 0.000000 0.000000
 0.000000 0.000000 0.000000 0.000000 0.000000 0.000000 0.399787 0.000000 0.000000 0.000000 0.038857 0.000000 0.000000 0.000000 0.399487 0.000001 0.000000 0.161868 0.000000 0.000000
 0.000000 0.000001 0.022833 0.000000 0.059950 0.000000 0.005564 0.000000 0.000000 0.000000 0.000302 0.000000 0.349479 0.044500 0.038773 0.337069 0.141529 0.000000 0.000000 0.000000
 0.000000 0.000000 0.000000 0.000000 0.000000 0.000000 0.149064 0.000000 0.428092 0.000000 0.000000 0.000000 0.000000 0.000000 0.000000 0.000000 0.000000 0.000000 0.000000 0.422844
 0.000000 0.000017 0.000000 0.463966 0.000000 0.003198 0.000000 0.000465 0.000014 0.000000 0.000000 0.074062 0.000000 0.000000 0.000000 0.000000 0.000000 0.000000 0.458278 0.000000
the mean of prob-rank is 1.4210526315789473
the number of false negetive edges is 0
the number of probability greater than 0 is 5.05/edge
