20
 0.000000 0.475630 0.000000 0.000000 0.012808 0.000000 0.013157 0.000000 0.000000 0.000000 0.000000 0.474386 0.024019 0.000000 0.000000 0.000000 0.000001 0.000000 0.000000 0.000000
 0.477546 0.000000 0.000000 0.000000 0.038631 0.000000 0.000000 0.000000 0.000000 0.000000 0.000000 0.006026 0.477797 0.000000 0.000000 0.000000 0.000000 0.000000 0.000000 0.000000
 0.000000 0.000000 0.000000 0.000000 0.000000 0.000000 0.000000 0.456264 0.054742 0.000000 0.457345 0.000000 0.000000 0.000000 0.031649 0.000000 0.000000 0.000000 0.000000 0.000000
 0.000000 0.000000 0.000000 0.000000 0.000000 0.500000 0.000000 0.000000 0.000000 0.000000 0.000000 0.000000 0.000000 0.500000 0.000000 0.000000 0.000000 0.000000 0.000000 0.000000
 0.012297 0.036941 0.000000 0.000000 0.000000 0.000000 0.002598 0.000000 0.000000 0.000000 0.000000 0.000000 0.456118 0.000000 0.000000 0.000000 0.035364 0.000000 0.456682 0.000000
 0.000000 0.000000 0.000000 0.500000 0.000000 0.000000 0.000000 0.000000 0.000000 0.000000 0.000000 0.000000 0.000000 0.000000 0.000000 0.000000 0.000000 0.000000 0.000000 0.500000
 0.013413 0.000000 0.000000 0.000000 0.002759 0.000000 0.000000 0.015470 0.000000 0.000000 0.000000 0.000000 0.000000 0.000000 0.000000 0.000000 0.484091 0.484267 0.000000 0.000000
 0.000000 0.000000 0.355416 0.000000 0.000000 0.000000 0.011360 0.000000 0.158876 0.356208 0.118140 0.000000 0.000000 0.000000 0.000000 0.000000 0.000000 0.000000 0.000000 0.000000
 0.000000 0.000000 0.046851 0.000000 0.000000 0.000000 0.000000 0.174555 0.000000 0.000000 0.390559 0.000000 0.000000 0.000000 0.388035 0.000000 0.000000 0.000000 0.000000 0.000000
 0.000000 0.000000 0.000000 0.000000 0.000000 0.000000 0.000000 0.499964 0.000000 0.000000 0.000000 0.000000 0.000000 0.000000 0.000000 0.000000 0.500036 0.000000 0.000000 0.000000
 0.000000 0.000000 0.429086 0.000000 0.000000 0.000000 0.000000 0.142291 0.428145 0.000000 0.000000 0.000000 0.000000 0.000000 0.000478 0.000000 0.000000 0.000000 0.000000 0.000000
 0.494241 0.006253 0.000000 0.000000 0.000000 0.000000 0.000000 0.000000 0.000000 0.000000 0.000000 0.000000 0.003710 0.000000 0.000000 0.000000 0.000000 0.495796 0.000000 0.000000
 0.024135 0.478196 0.000000 0.000000 0.477378 0.000000 0.000000 0.000000 0.000000 0.000000 0.000000 0.003578 0.000000 0.000000 0.000000 0.000000 0.000000 0.000000 0.016713 0.000000
 0.000000 0.000000 0.000000 0.500000 0.000000 0.000000 0.000000 0.000000 0.000000 0.000000 0.000000 0.000000 0.000000 0.000000 0.000000 0.500000 0.000000 0.000000 0.000000 0.000000
 0.000000 0.000000 0.033565 0.000000 0.000000 0.000000 0.000000 0.000000 0.480851 0.000000 0.000541 0.000000 0.000000 0.000000 0.000000 0.000000 0.000000 0.000000 0.000000 0.485043
 0.000000 0.000000 0.000000 0.000000 0.000000 0.000000 0.000000 0.000000 0.000000 0.000000 0.000000 0.000000 0.000000 0.500000 0.000000 0.000000 0.000000 0.000000 0.500000 0.000000
 0.000001 0.000000 0.000000 0.000000 0.037297 0.000000 0.480820 0.000000 0.000000 0.481882 0.000000 0.000000 0.000000 0.000000 0.000000 0.000000 0.000000 0.000000 0.000000 0.000000
 0.000000 0.000000 0.000000 0.000000 0.000000 0.000000 0.499540 0.000000 0.000000 0.000000 0.000000 0.500460 0.000000 0.000000 0.000000 0.000000 0.000000 0.000000 0.000000 0.000000
 0.000000 0.000000 0.000000 0.000000 0.491294 0.000000 0.000000 0.000000 0.000000 0.000000 0.000000 0.000000 0.017179 0.000000 0.000000 0.491528 0.000000 0.000000 0.000000 0.000000
 0.000000 0.000000 0.000000 0.000000 0.000000 0.500000 0.000000 0.000000 0.000000 0.000000 0.000000 0.000000 0.000000 0.000000 0.500000 0.000000 0.000000 0.000000 0.000000 0.000000
the mean of prob-rank is 1.736842105263158
the number of false negetive edges is 0
the number of probability greater than 0 is 3.5/edge
