20
 0.000000 0.000000 0.000000 0.000000 0.001006 0.000000 0.000142 0.000000 0.000000 0.050827 0.010125 0.000000 0.000000 0.000000 0.000223 0.469401 0.000105 0.000712 0.467459 0.000000
 0.000000 0.000000 0.000000 0.000000 0.002608 0.000000 0.005146 0.000000 0.000000 0.000000 0.209778 0.000000 0.438326 0.000000 0.000000 0.000000 0.000000 0.000000 0.000000 0.344142
 0.000000 0.000000 0.000000 0.499999 0.000000 0.000000 0.000000 0.000000 0.000000 0.000000 0.000000 0.000000 0.000000 0.500001 0.000000 0.000000 0.000000 0.000000 0.000000 0.000000
 0.000000 0.000000 0.499992 0.000000 0.000000 0.000000 0.000000 0.000000 0.000000 0.000000 0.000000 0.000000 0.000000 0.000000 0.499986 0.000022 0.000000 0.000000 0.000000 0.000000
 0.000786 0.002181 0.000000 0.000000 0.000000 0.000000 0.072608 0.000000 0.000000 0.183753 0.013773 0.000000 0.000000 0.000000 0.000000 0.000000 0.000000 0.366353 0.000000 0.360547
 0.000000 0.000000 0.000000 0.000000 0.000000 0.000000 0.000000 0.475024 0.000000 0.000000 0.049721 0.000000 0.000000 0.000000 0.000000 0.000000 0.000000 0.000000 0.475255 0.000000
 0.000135 0.005255 0.000000 0.000000 0.088676 0.000000 0.000000 0.000000 0.000000 0.000156 0.447669 0.000000 0.000000 0.000000 0.000000 0.000000 0.000000 0.436983 0.000000 0.021126
 0.000000 0.000000 0.000000 0.000000 0.000000 0.484150 0.000000 0.000000 0.000000 0.000000 0.000000 0.000000 0.000000 0.000000 0.484385 0.000000 0.000000 0.000000 0.031466 0.000000
 0.000000 0.000000 0.000000 0.000000 0.000000 0.000000 0.000000 0.000000 0.000000 0.000000 0.000000 0.500001 0.499999 0.000000 0.000000 0.000000 0.000000 0.000000 0.000000 0.000000
 0.041061 0.000000 0.000000 0.000000 0.190098 0.000000 0.000132 0.000000 0.000000 0.000000 0.003455 0.000000 0.000000 0.000000 0.000000 0.000001 0.371054 0.023097 0.000000 0.371103
 0.007783 0.172658 0.000000 0.000000 0.013557 0.037749 0.360822 0.000000 0.000000 0.003288 0.000000 0.000000 0.000000 0.000000 0.000000 0.000000 0.000000 0.295752 0.103465 0.004926
 0.000000 0.000000 0.000000 0.000000 0.000000 0.000000 0.000000 0.000000 0.434391 0.000000 0.000000 0.000000 0.000000 0.434204 0.000000 0.000000 0.131405 0.000000 0.000000 0.000000
 0.000000 0.499960 0.000000 0.000000 0.000000 0.000000 0.000000 0.000000 0.500040 0.000000 0.000000 0.000000 0.000000 0.000000 0.000000 0.000000 0.000000 0.000000 0.000000 0.000000
 0.000000 0.000000 0.460076 0.000000 0.000000 0.000000 0.000000 0.000000 0.000000 0.000000 0.000000 0.459878 0.000000 0.000000 0.000000 0.052625 0.027421 0.000000 0.000000 0.000000
 0.000238 0.000000 0.000000 0.499878 0.000000 0.000000 0.000000 0.499885 0.000000 0.000000 0.000000 0.000000 0.000000 0.000000 0.000000 0.000000 0.000000 0.000000 0.000000 0.000000
 0.472940 0.000000 0.000000 0.000021 0.000000 0.000000 0.000000 0.000000 0.000000 0.000001 0.000000 0.000000 0.000000 0.054096 0.000000 0.000000 0.472943 0.000000 0.000000 0.000000
 0.000095 0.000000 0.000000 0.000000 0.000000 0.000000 0.000000 0.000000 0.000000 0.418011 0.000000 0.129231 0.000000 0.025461 0.000000 0.427201 0.000000 0.000000 0.000000 0.000000
 0.000516 0.000000 0.000000 0.000000 0.339984 0.000000 0.332048 0.000000 0.000000 0.020719 0.278823 0.000000 0.000000 0.000000 0.000000 0.000000 0.000000 0.000000 0.000000 0.027909
 0.424208 0.000000 0.000000 0.000000 0.000000 0.425974 0.000000 0.027671 0.000000 0.000000 0.122147 0.000000 0.000000 0.000000 0.000000 0.000000 0.000000 0.000000 0.000000 0.000000
 0.000000 0.271615 0.000000 0.000000 0.340337 0.000000 0.016328 0.000000 0.000000 0.338608 0.004724 0.000000 0.000000 0.000000 0.000000 0.000000 0.000000 0.028388 0.000000 0.000000
the mean of prob-rank is 1.4210526315789473
the number of false negetive edges is 0
the number of probability greater than 0 is 4.7/edge
