20
 0.000000 0.000000 0.500000 0.000000 0.000000 0.000000 0.000000 0.000000 0.000000 0.500000 0.000000 0.000000 0.000000 0.000000 0.000000 0.000000 0.000000 0.000000 0.000000 0.000000
 0.000000 0.000000 0.000000 0.000000 0.490345 0.000000 0.000000 0.000000 0.000001 0.000000 0.000000 0.000000 0.000005 0.000000 0.019407 0.000000 0.490242 0.000000 0.000000 0.000000
 0.500000 0.000000 0.000000 0.000000 0.000000 0.000000 0.000000 0.000000 0.000000 0.000000 0.000000 0.000000 0.000000 0.500000 0.000000 0.000000 0.000000 0.000000 0.000000 0.000000
 0.000000 0.000000 0.000000 0.000000 0.000000 0.000000 0.000000 0.000000 0.000000 0.000000 0.000000 0.000000 0.500000 0.500000 0.000000 0.000000 0.000000 0.000000 0.000000 0.000000
 0.000000 0.477082 0.000000 0.000000 0.000000 0.000000 0.000000 0.000000 0.000000 0.000000 0.000000 0.000000 0.477091 0.000000 0.000000 0.000000 0.000000 0.000000 0.000000 0.045827
 0.000000 0.000000 0.000000 0.000000 0.000000 0.000000 0.000000 0.478236 0.000000 0.000000 0.000000 0.044106 0.000000 0.000000 0.000000 0.000000 0.000036 0.000000 0.477621 0.000000
 0.000000 0.000000 0.000000 0.000000 0.000000 0.000000 0.000000 0.000000 0.000000 0.000000 0.000000 0.445097 0.000000 0.000000 0.443275 0.000000 0.000000 0.000000 0.111629 0.000000
 0.000000 0.000000 0.000000 0.000000 0.000000 0.498866 0.000000 0.000000 0.000000 0.000000 0.000000 0.000000 0.000000 0.000000 0.000000 0.498868 0.002266 0.000000 0.000000 0.000000
 0.000000 0.000001 0.000000 0.000000 0.000000 0.000000 0.000000 0.000000 0.000000 0.499997 0.000000 0.000000 0.000000 0.000000 0.500002 0.000000 0.000000 0.000000 0.000000 0.000000
 0.500003 0.000000 0.000000 0.000000 0.000000 0.000000 0.000000 0.000000 0.499997 0.000000 0.000000 0.000000 0.000000 0.000000 0.000000 0.000000 0.000000 0.000000 0.000000 0.000000
 0.000000 0.000000 0.000000 0.000000 0.000000 0.000000 0.000000 0.000000 0.000000 0.000000 0.000000 0.000000 0.000000 0.000000 0.000000 0.070236 0.000000 0.464982 0.000000 0.464782
 0.000000 0.000000 0.000000 0.000000 0.000000 0.044176 0.478995 0.000000 0.000000 0.000000 0.000000 0.000000 0.000000 0.000000 0.000000 0.000000 0.000000 0.000000 0.476828 0.000000
 0.000000 0.000005 0.000000 0.500000 0.499995 0.000000 0.000000 0.000000 0.000000 0.000000 0.000000 0.000000 0.000000 0.000000 0.000000 0.000000 0.000000 0.000000 0.000000 0.000000
 0.000000 0.000000 0.500000 0.500000 0.000000 0.000000 0.000000 0.000000 0.000000 0.000000 0.000000 0.000000 0.000000 0.000000 0.000000 0.000000 0.000000 0.000000 0.000000 0.000000
 0.000000 0.019444 0.000000 0.000000 0.000000 0.000000 0.489266 0.000000 0.491280 0.000000 0.000000 0.000000 0.000000 0.000000 0.000000 0.000000 0.000009 0.000000 0.000001 0.000000
 0.000000 0.000000 0.000000 0.000000 0.000000 0.000000 0.000000 0.465149 0.000000 0.000000 0.070262 0.000000 0.000000 0.000000 0.000000 0.000000 0.000000 0.464589 0.000000 0.000001
 0.000000 0.475409 0.000000 0.000000 0.000000 0.000036 0.000000 0.002160 0.000000 0.000000 0.000000 0.000000 0.000000 0.000000 0.000009 0.000000 0.000000 0.000000 0.047569 0.474816
 0.000000 0.000000 0.000000 0.000000 0.000000 0.000000 0.000000 0.000000 0.000000 0.000000 0.487714 0.000000 0.000000 0.000000 0.000000 0.487127 0.000000 0.000000 0.000000 0.025159
 0.000000 0.000000 0.000000 0.000000 0.000000 0.425887 0.106948 0.000000 0.000000 0.000000 0.000000 0.424505 0.000000 0.000000 0.000001 0.000000 0.042658 0.000000 0.000000 0.000000
 0.000000 0.000000 0.000000 0.000000 0.044766 0.000000 0.000000 0.000000 0.000000 0.000000 0.465842 0.000000 0.000000 0.000000 0.000000 0.000001 0.465350 0.024041 0.000000 0.000000
the mean of prob-rank is 1.736842105263158
the number of false negetive edges is 0
the number of probability greater than 0 is 3.15/edge
