20
 0.000000 0.000000 0.000000 0.000000 0.000000 0.000000 0.495530 0.000000 0.000000 0.000000 0.000000 0.000000 0.008884 0.000000 0.000000 0.000000 0.000000 0.000000 0.000000 0.495586
 0.000000 0.000000 0.000000 0.000000 0.000000 0.496304 0.007478 0.000000 0.000000 0.000000 0.000000 0.000000 0.496218 0.000000 0.000000 0.000000 0.000000 0.000000 0.000000 0.000000
 0.000000 0.000000 0.000000 0.000000 0.000000 0.000000 0.000000 0.000000 0.000000 0.000000 0.000000 0.000000 0.000000 0.486226 0.027490 0.000000 0.000000 0.000000 0.486284 0.000000
 0.000000 0.000000 0.000000 0.000000 0.045732 0.476655 0.000000 0.000000 0.477613 0.000000 0.000000 0.000000 0.000000 0.000000 0.000000 0.000000 0.000000 0.000000 0.000000 0.000000
 0.000000 0.000000 0.000000 0.043935 0.000000 0.039614 0.000000 0.000000 0.000000 0.000000 0.000000 0.457832 0.000000 0.000000 0.458618 0.000000 0.000000 0.000000 0.000000 0.000000
 0.000000 0.479771 0.000000 0.478808 0.041421 0.000000 0.000000 0.000000 0.000000 0.000000 0.000000 0.000000 0.000000 0.000000 0.000000 0.000000 0.000000 0.000000 0.000000 0.000000
 0.496233 0.007478 0.000000 0.000000 0.000000 0.000000 0.000000 0.000000 0.000000 0.000000 0.000000 0.000000 0.496289 0.000000 0.000000 0.000000 0.000000 0.000000 0.000000 0.000000
 0.000000 0.000000 0.000000 0.000000 0.000000 0.000000 0.000000 0.000000 0.000000 0.499973 0.000000 0.000000 0.000000 0.000000 0.000000 0.000000 0.000057 0.000000 0.000000 0.499970
 0.000000 0.000000 0.000000 0.500000 0.000000 0.000000 0.000000 0.000000 0.000000 0.000000 0.000000 0.500000 0.000000 0.000000 0.000000 0.000000 0.000000 0.000000 0.000000 0.000000
 0.000000 0.000000 0.000000 0.000000 0.000000 0.000000 0.000000 0.499913 0.000000 0.000000 0.000000 0.000000 0.000000 0.000000 0.000000 0.000000 0.499898 0.000000 0.000000 0.000189
 0.000000 0.000000 0.000000 0.000000 0.000000 0.000000 0.000000 0.000000 0.000000 0.000000 0.000000 0.000000 0.000000 0.014953 0.492525 0.000000 0.000000 0.492523 0.000000 0.000000
 0.000000 0.000000 0.000000 0.000000 0.475307 0.000000 0.000000 0.000000 0.476359 0.000000 0.000000 0.000000 0.000000 0.000000 0.000000 0.000000 0.000000 0.048334 0.000000 0.000000
 0.008884 0.495515 0.000000 0.000000 0.000000 0.000000 0.495601 0.000000 0.000000 0.000000 0.000000 0.000000 0.000000 0.000000 0.000000 0.000000 0.000000 0.000000 0.000000 0.000000
 0.000000 0.000000 0.492468 0.000000 0.000000 0.000000 0.000000 0.000000 0.000000 0.000000 0.014953 0.000000 0.000000 0.000000 0.000067 0.000000 0.000000 0.492512 0.000000 0.000000
 0.000000 0.000000 0.027493 0.000000 0.486100 0.000000 0.000000 0.000000 0.000000 0.000000 0.486341 0.000000 0.000000 0.000066 0.000000 0.000000 0.000000 0.000000 0.000000 0.000000
 0.000000 0.000000 0.000000 0.000000 0.000000 0.000000 0.000000 0.000000 0.000000 0.000000 0.000000 0.000000 0.000000 0.000000 0.000000 0.000000 0.500000 0.000000 0.500000 0.000000
 0.000000 0.000000 0.000000 0.000000 0.000000 0.000000 0.000000 0.000057 0.000000 0.499964 0.000000 0.000000 0.000000 0.000000 0.000000 0.499979 0.000000 0.000000 0.000000 0.000000
 0.000000 0.000000 0.000000 0.000000 0.000000 0.000000 0.000000 0.000000 0.000000 0.000000 0.475864 0.048284 0.000000 0.475851 0.000000 0.000000 0.000000 0.000000 0.000000 0.000000
 0.000000 0.000000 0.500000 0.000000 0.000000 0.000000 0.000000 0.000000 0.000000 0.000000 0.000000 0.000000 0.000000 0.000000 0.000000 0.500000 0.000000 0.000000 0.000000 0.000000
 0.499906 0.000000 0.000000 0.000000 0.000000 0.000000 0.000000 0.499904 0.000000 0.000189 0.000000 0.000000 0.000000 0.000000 0.000000 0.000000 0.000000 0.000000 0.000000 0.000000
the mean of prob-rank is 1.4736842105263157
the number of false negetive edges is 0
the number of probability greater than 0 is 3.0/edge
