20
 0.000000 0.000000 0.000001 0.000000 0.000000 0.000000 0.000018 0.000003 0.000000 0.000000 0.488923 0.489048 0.000000 0.000000 0.000000 0.000898 0.000000 0.021109 0.000000 0.000000
 0.000000 0.000000 0.000000 0.000000 0.000000 0.000000 0.000000 0.000000 0.000000 0.000000 0.000000 0.000002 0.000000 0.000000 0.108339 0.444839 0.000000 0.000000 0.000000 0.446821
 0.000001 0.000000 0.000000 0.000000 0.000000 0.000000 0.000000 0.112302 0.000000 0.000000 0.000000 0.345555 0.000000 0.000000 0.000000 0.000000 0.027766 0.168928 0.000007 0.345442
 0.000000 0.000000 0.000000 0.000000 0.000000 0.316600 0.044502 0.000000 0.261513 0.314806 0.062579 0.000000 0.000000 0.000000 0.000000 0.000000 0.000000 0.000000 0.000000 0.000000
 0.000000 0.000000 0.000000 0.000000 0.000000 0.000000 0.000000 0.000000 0.000000 0.000000 0.000000 0.000000 0.000000 0.500003 0.000000 0.000000 0.000000 0.000000 0.499997 0.000000
 0.000000 0.000000 0.000000 0.441811 0.000000 0.000000 0.000007 0.000000 0.432620 0.122130 0.000000 0.000000 0.003431 0.000000 0.000000 0.000000 0.000000 0.000000 0.000000 0.000000
 0.000013 0.000000 0.000000 0.046951 0.000000 0.000006 0.000000 0.000000 0.309537 0.000000 0.000032 0.000000 0.333190 0.000000 0.310271 0.000000 0.000000 0.000000 0.000000 0.000000
 0.000002 0.000000 0.136921 0.000000 0.000000 0.000000 0.000000 0.000000 0.000000 0.000000 0.016070 0.000022 0.000000 0.000000 0.000000 0.000000 0.422465 0.424519 0.000000 0.000000
 0.000000 0.000000 0.000000 0.228930 0.000000 0.271387 0.256837 0.000000 0.000000 0.000007 0.000000 0.000000 0.242839 0.000000 0.000000 0.000000 0.000000 0.000000 0.000000 0.000000
 0.000000 0.000000 0.000000 0.436227 0.000000 0.121274 0.000000 0.000000 0.000010 0.000000 0.000000 0.000000 0.000000 0.442489 0.000000 0.000000 0.000000 0.000000 0.000000 0.000000
 0.450748 0.000000 0.000000 0.088357 0.000000 0.000000 0.000043 0.017056 0.000000 0.000000 0.000000 0.004232 0.000000 0.000000 0.000000 0.000000 0.000287 0.439277 0.000000 0.000000
 0.360463 0.000002 0.357489 0.000000 0.000000 0.000000 0.000000 0.000019 0.000000 0.000000 0.003384 0.000000 0.000000 0.000000 0.000456 0.195798 0.000000 0.033305 0.000000 0.049085
 0.000000 0.000000 0.000000 0.000000 0.000000 0.002820 0.362231 0.000000 0.318176 0.000000 0.000000 0.000000 0.000000 0.000000 0.316773 0.000000 0.000000 0.000000 0.000000 0.000000
 0.000000 0.000000 0.000000 0.000000 0.500001 0.000000 0.000000 0.000000 0.000000 0.499999 0.000000 0.000000 0.000000 0.000000 0.000000 0.000000 0.000000 0.000000 0.000000 0.000000
 0.000000 0.080033 0.000000 0.000000 0.000000 0.000000 0.303991 0.000000 0.000000 0.000000 0.000000 0.000418 0.285479 0.000000 0.000000 0.330079 0.000000 0.000000 0.000000 0.000000
 0.000723 0.391864 0.000000 0.000000 0.000000 0.000000 0.000000 0.000000 0.000000 0.000000 0.000000 0.213803 0.000000 0.000000 0.393610 0.000000 0.000000 0.000000 0.000000 0.000000
 0.000000 0.000000 0.038408 0.000000 0.000000 0.000000 0.000000 0.479310 0.000000 0.000000 0.000307 0.000000 0.000000 0.000000 0.000000 0.000000 0.000000 0.000000 0.481975 0.000000
 0.016640 0.000000 0.186903 0.000000 0.000000 0.000000 0.000000 0.385239 0.000000 0.000000 0.375599 0.035619 0.000000 0.000000 0.000000 0.000000 0.000000 0.000000 0.000000 0.000000
 0.000000 0.000000 0.000009 0.000000 0.499992 0.000000 0.000000 0.000000 0.000000 0.000000 0.000000 0.000000 0.000000 0.000000 0.000000 0.000000 0.499998 0.000000 0.000000 0.000000
 0.000000 0.470014 0.465984 0.000000 0.000000 0.000000 0.000000 0.000000 0.000000 0.000000 0.000000 0.064003 0.000000 0.000000 0.000000 0.000000 0.000000 0.000000 0.000000 0.000000
the mean of prob-rank is 1.631578947368421
the number of false negetive edges is 0
the number of probability greater than 0 is 4.85/edge
