20
 0.000000 0.019856 0.000000 0.000000 0.000000 0.002886 0.000000 0.000000 0.000000 0.000000 0.488671 0.000000 0.000000 0.000000 0.488587 0.000000 0.000000 0.000000 0.000000 0.000000
 0.019909 0.000000 0.489835 0.000000 0.000000 0.000313 0.000000 0.489943 0.000000 0.000000 0.000000 0.000000 0.000000 0.000000 0.000000 0.000000 0.000000 0.000000 0.000000 0.000000
 0.000000 0.497426 0.000000 0.000000 0.000000 0.000000 0.000000 0.002863 0.002148 0.000000 0.000004 0.000000 0.000000 0.000000 0.000000 0.000000 0.000000 0.000000 0.497558 0.000000
 0.000000 0.000000 0.000000 0.000000 0.000000 0.000000 0.000000 0.000000 0.000000 0.500000 0.000000 0.000000 0.000000 0.500000 0.000000 0.000000 0.000000 0.000000 0.000000 0.000000
 0.000000 0.000000 0.000000 0.000000 0.000000 0.000000 0.000000 0.000000 0.000000 0.000000 0.000000 0.466896 0.000000 0.000000 0.000000 0.000000 0.469026 0.000000 0.044594 0.019484
 0.002944 0.000319 0.000000 0.000000 0.000000 0.000000 0.000000 0.498330 0.498408 0.000000 0.000000 0.000000 0.000000 0.000000 0.000000 0.000000 0.000000 0.000000 0.000000 0.000000
 0.000000 0.000000 0.000000 0.000000 0.000000 0.000000 0.000000 0.000000 0.497437 0.000000 0.000000 0.000000 0.497495 0.000000 0.000000 0.000000 0.005068 0.000000 0.000000 0.000000
 0.000000 0.497260 0.002862 0.000000 0.000000 0.497233 0.000000 0.000000 0.002645 0.000000 0.000000 0.000000 0.000000 0.000000 0.000000 0.000000 0.000000 0.000000 0.000000 0.000000
 0.000000 0.000000 0.002148 0.000000 0.000000 0.497632 0.497573 0.002647 0.000000 0.000000 0.000000 0.000000 0.000000 0.000000 0.000000 0.000000 0.000000 0.000000 0.000000 0.000000
 0.000000 0.000000 0.000000 0.500000 0.000000 0.000000 0.000000 0.000000 0.000000 0.000000 0.000000 0.500000 0.000000 0.000000 0.000000 0.000000 0.000000 0.000000 0.000000 0.000000
 0.479294 0.000000 0.000004 0.000000 0.000000 0.000000 0.000000 0.000000 0.000000 0.000000 0.000000 0.000000 0.000000 0.000000 0.042763 0.000000 0.000000 0.000000 0.477938 0.000000
 0.000000 0.000000 0.000000 0.000000 0.477427 0.000000 0.000000 0.000000 0.000000 0.479617 0.000000 0.000000 0.000000 0.000000 0.000000 0.024589 0.000000 0.000000 0.000000 0.018366
 0.000000 0.000000 0.000000 0.000000 0.000000 0.000000 0.500001 0.000000 0.000000 0.000000 0.000000 0.000000 0.000000 0.000000 0.000000 0.499999 0.000000 0.000000 0.000000 0.000000
 0.000000 0.000000 0.000000 0.500000 0.000000 0.000000 0.000000 0.000000 0.000000 0.000000 0.000000 0.000000 0.000000 0.000000 0.000000 0.000000 0.000000 0.500000 0.000000 0.000000
 0.478597 0.000000 0.000000 0.000000 0.000000 0.000000 0.000000 0.000000 0.000000 0.000000 0.042708 0.000000 0.000000 0.000000 0.000000 0.000000 0.000000 0.478694 0.000000 0.000000
 0.000000 0.000000 0.000000 0.000000 0.000000 0.000000 0.000000 0.000000 0.000000 0.000000 0.000000 0.025004 0.487719 0.000000 0.000000 0.000000 0.000336 0.000000 0.000000 0.486941
 0.000000 0.000000 0.000000 0.000000 0.497289 0.000000 0.005066 0.000000 0.000000 0.000000 0.000000 0.000000 0.000000 0.000000 0.000000 0.000343 0.000000 0.000000 0.000000 0.497302
 0.000000 0.000000 0.000000 0.000000 0.000000 0.000000 0.000000 0.000000 0.000000 0.000000 0.000000 0.000000 0.000000 0.500000 0.500000 0.000000 0.000000 0.000000 0.000000 0.000000
 0.000000 0.000000 0.477948 0.000000 0.045443 0.000000 0.000000 0.000000 0.000000 0.000000 0.476609 0.000000 0.000000 0.000000 0.000000 0.000000 0.000000 0.000000 0.000000 0.000000
 0.000000 0.000000 0.000000 0.000000 0.019988 0.000000 0.000000 0.000000 0.000000 0.000000 0.000000 0.018426 0.000000 0.000000 0.000000 0.480409 0.481177 0.000000 0.000000 0.000000
the mean of prob-rank is 1.5263157894736843
the number of false negetive edges is 0
the number of probability greater than 0 is 3.4/edge
