20
 0.000000 0.000023 0.000000 0.000024 0.000000 0.000000 0.000000 0.267374 0.000000 0.001799 0.000000 0.022243 0.310543 0.326699 0.000000 0.000000 0.000000 0.000000 0.000000 0.071296
 0.000034 0.000000 0.000000 0.000000 0.000000 0.000000 0.499559 0.000000 0.000000 0.000271 0.001022 0.000000 0.000000 0.000000 0.000000 0.000000 0.000000 0.000000 0.000000 0.499114
 0.000000 0.000000 0.000000 0.000000 0.492004 0.000000 0.000000 0.000000 0.000000 0.000000 0.000000 0.015952 0.492044 0.000000 0.000000 0.000000 0.000000 0.000000 0.000000 0.000000
 0.000027 0.000000 0.000000 0.000000 0.000000 0.000000 0.000000 0.361159 0.016582 0.000000 0.000000 0.000000 0.000000 0.244176 0.000000 0.000000 0.000000 0.376365 0.000000 0.001690
 0.000000 0.000000 0.320543 0.000000 0.000000 0.000000 0.002783 0.000000 0.000000 0.000000 0.112958 0.288077 0.000000 0.000000 0.000000 0.000000 0.275638 0.000000 0.000000 0.000000
 0.000000 0.000000 0.000000 0.000000 0.000000 0.000000 0.000000 0.000000 0.000000 0.000000 0.499999 0.000000 0.000000 0.000000 0.000000 0.000000 0.000000 0.000000 0.500001 0.000000
 0.000000 0.489983 0.000000 0.000000 0.004255 0.000000 0.000000 0.000000 0.000000 0.489664 0.000000 0.011396 0.000000 0.000000 0.000000 0.000000 0.004702 0.000000 0.000000 0.000000
 0.284268 0.000000 0.000000 0.349821 0.000000 0.000000 0.000000 0.000000 0.001347 0.000000 0.000000 0.000000 0.000000 0.364564 0.000000 0.000000 0.000000 0.000000 0.000000 0.000000
 0.000000 0.000000 0.000000 0.021515 0.000000 0.000000 0.000000 0.001804 0.000000 0.000000 0.000002 0.000000 0.000000 0.000000 0.000000 0.488369 0.000000 0.488310 0.000000 0.000000
 0.002005 0.000207 0.000000 0.000000 0.000000 0.000000 0.381989 0.000000 0.000000 0.000000 0.000898 0.235130 0.000000 0.000000 0.000000 0.000000 0.379772 0.000000 0.000000 0.000000
 0.000000 0.000853 0.000000 0.000000 0.146958 0.417057 0.000000 0.000000 0.000002 0.000980 0.000000 0.000000 0.000000 0.000000 0.000001 0.000000 0.000620 0.017244 0.000004 0.416281
 0.018212 0.000000 0.009103 0.000000 0.252310 0.000000 0.006530 0.000000 0.000000 0.172711 0.000000 0.000000 0.271064 0.000000 0.000000 0.000000 0.270070 0.000000 0.000000 0.000000
 0.315428 0.000000 0.348304 0.000000 0.000000 0.000000 0.000000 0.000000 0.000000 0.000000 0.000000 0.336268 0.000000 0.000000 0.000000 0.000000 0.000000 0.000000 0.000000 0.000000
 0.366234 0.000000 0.000000 0.249374 0.000000 0.000000 0.000000 0.384392 0.000000 0.000000 0.000000 0.000000 0.000000 0.000000 0.000000 0.000000 0.000000 0.000000 0.000000 0.000000
 0.000000 0.000000 0.000000 0.000000 0.000000 0.000000 0.000000 0.000000 0.000000 0.000000 0.000001 0.000000 0.000000 0.000000 0.000000 0.500000 0.000000 0.000000 0.499999 0.000000
 0.000000 0.000000 0.000000 0.000000 0.000000 0.000000 0.000000 0.000000 0.500000 0.000000 0.000000 0.000000 0.000000 0.000000 0.500000 0.000000 0.000000 0.000000 0.000000 0.000000
 0.000000 0.000000 0.000000 0.000000 0.304221 0.000000 0.003395 0.000000 0.000000 0.351528 0.000526 0.340330 0.000000 0.000000 0.000000 0.000000 0.000000 0.000000 0.000000 0.000000
 0.000000 0.000000 0.000000 0.483573 0.000000 0.000000 0.000000 0.000000 0.483551 0.000000 0.019996 0.000000 0.000000 0.000000 0.000000 0.000000 0.000000 0.000000 0.000000 0.012880
 0.000000 0.000000 0.000000 0.000000 0.000000 0.499998 0.000000 0.000000 0.000000 0.000000 0.000005 0.000000 0.000000 0.000000 0.499997 0.000000 0.000000 0.000000 0.000000 0.000000
 0.092974 0.446772 0.000000 0.002008 0.000000 0.000000 0.000000 0.000000 0.000000 0.000000 0.446336 0.000000 0.000000 0.000000 0.000000 0.000000 0.000000 0.011910 0.000000 0.000000
the mean of prob-rank is 1.736842105263158
the number of false negetive edges is 0
the number of probability greater than 0 is 4.65/edge
