20
 0.000000 0.500002 0.000000 0.000000 0.000000 0.000000 0.000000 0.000000 0.000000 0.499998 0.000000 0.000000 0.000000 0.000000 0.000000 0.000000 0.000000 0.000000 0.000000 0.000000
 0.356980 0.000000 0.000000 0.000000 0.000000 0.000000 0.299720 0.000000 0.006576 0.000000 0.019759 0.000000 0.000000 0.000000 0.000000 0.000000 0.316965 0.000000 0.000000 0.000000
 0.000000 0.000000 0.000000 0.000000 0.301297 0.000003 0.000000 0.000000 0.000000 0.000000 0.000000 0.000000 0.338503 0.000000 0.000000 0.360198 0.000000 0.000000 0.000000 0.000000
 0.000000 0.000000 0.000000 0.000000 0.000000 0.000000 0.000000 0.000000 0.000000 0.000000 0.000000 0.000000 0.000000 0.500000 0.500000 0.000000 0.000000 0.000000 0.000000 0.000000
 0.000000 0.000000 0.303116 0.000000 0.000000 0.000000 0.000000 0.000000 0.000000 0.000000 0.000000 0.000000 0.000000 0.000000 0.362372 0.334511 0.000000 0.000000 0.000000 0.000000
 0.000000 0.000000 0.000002 0.000000 0.000000 0.000000 0.000000 0.019495 0.000000 0.000000 0.248667 0.000000 0.000000 0.000000 0.000000 0.249805 0.241327 0.000000 0.240705 0.000000
 0.000000 0.304635 0.000000 0.000000 0.000000 0.000000 0.000000 0.000000 0.362416 0.000000 0.000000 0.000000 0.000000 0.000000 0.000000 0.000000 0.000886 0.000000 0.332063 0.000000
 0.000000 0.000000 0.000000 0.000000 0.000000 0.025456 0.000000 0.000000 0.000000 0.294580 0.322617 0.357347 0.000000 0.000000 0.000000 0.000000 0.000000 0.000000 0.000000 0.000000
 0.000000 0.009132 0.000000 0.000000 0.000000 0.000000 0.495188 0.000000 0.000000 0.000000 0.000000 0.000000 0.495679 0.000000 0.000000 0.000000 0.000000 0.000000 0.000000 0.000000
 0.361917 0.000000 0.000000 0.000000 0.000000 0.000000 0.000000 0.298350 0.000000 0.000000 0.339733 0.000000 0.000000 0.000000 0.000000 0.000000 0.000000 0.000000 0.000000 0.000000
 0.000000 0.015468 0.000000 0.000000 0.000000 0.253933 0.000000 0.252299 0.000000 0.262327 0.000000 0.000000 0.000000 0.000000 0.000000 0.000000 0.215973 0.000000 0.000000 0.000000
 0.000000 0.000000 0.000000 0.000000 0.000000 0.000000 0.000000 0.499810 0.000000 0.000000 0.000000 0.000000 0.000000 0.000000 0.000000 0.000000 0.000000 0.000402 0.000000 0.499788
 0.000000 0.000000 0.334574 0.000000 0.000000 0.000000 0.000000 0.000000 0.355960 0.000000 0.000000 0.000000 0.000000 0.000000 0.000000 0.000000 0.000000 0.000000 0.309465 0.000000
 0.000000 0.000000 0.000000 0.499350 0.000000 0.000000 0.000000 0.000000 0.000000 0.000000 0.000000 0.000000 0.000000 0.000000 0.000000 0.000000 0.000000 0.499317 0.000000 0.001332
 0.000000 0.000000 0.000000 0.500000 0.500000 0.000000 0.000000 0.000000 0.000000 0.000000 0.000000 0.000000 0.000000 0.000000 0.000000 0.000000 0.000000 0.000000 0.000000 0.000000
 0.000000 0.000000 0.352618 0.000000 0.325507 0.321875 0.000000 0.000000 0.000000 0.000000 0.000000 0.000000 0.000000 0.000000 0.000000 0.000000 0.000000 0.000000 0.000000 0.000000
 0.000000 0.258401 0.000000 0.000000 0.000000 0.256635 0.000711 0.000000 0.000000 0.000000 0.224910 0.000000 0.000000 0.000000 0.000000 0.000000 0.000000 0.000000 0.259343 0.000000
 0.000000 0.000000 0.000000 0.000000 0.000000 0.000000 0.000000 0.000000 0.000000 0.000000 0.000000 0.000402 0.000000 0.499782 0.000000 0.000000 0.000000 0.000000 0.000000 0.499816
 0.000000 0.000000 0.000000 0.000000 0.000000 0.247406 0.257428 0.000000 0.000000 0.000000 0.000000 0.000000 0.244503 0.000000 0.000000 0.000000 0.250662 0.000000 0.000000 0.000000
 0.000000 0.000000 0.000000 0.000000 0.000000 0.000000 0.000000 0.000000 0.000000 0.000000 0.000000 0.499323 0.000000 0.001332 0.000000 0.000000 0.000000 0.499345 0.000000 0.000000
the mean of prob-rank is 1.6842105263157894
the number of false negetive edges is 0
the number of probability greater than 0 is 3.5/edge
