20
 0.000000 0.000000 0.000000 0.437741 0.024496 0.000000 0.437730 0.000000 0.000000 0.000000 0.000000 0.065216 0.000000 0.000000 0.000000 0.000000 0.000000 0.034817 0.000000 0.000000
 0.000000 0.000000 0.000000 0.000000 0.004765 0.461049 0.000000 0.068173 0.000008 0.000000 0.460959 0.000000 0.002863 0.000000 0.000000 0.000000 0.000000 0.000000 0.000006 0.002178
 0.000000 0.000000 0.000000 0.000000 0.000000 0.000000 0.000000 0.000000 0.363125 0.000000 0.000000 0.000000 0.000000 0.396632 0.000000 0.240243 0.000000 0.000000 0.000000 0.000000
 0.471000 0.000000 0.000000 0.000000 0.000000 0.000000 0.041923 0.000000 0.000000 0.000000 0.000000 0.000000 0.000000 0.000004 0.471176 0.000000 0.000000 0.015897 0.000000 0.000000
 0.024475 0.004521 0.000000 0.000000 0.000000 0.000035 0.000000 0.000000 0.000000 0.000016 0.011462 0.435817 0.000000 0.017236 0.000000 0.000000 0.000000 0.435108 0.071329 0.000000
 0.000000 0.387666 0.000000 0.000000 0.000031 0.000000 0.000000 0.211380 0.000000 0.000000 0.017484 0.000000 0.381960 0.000000 0.000000 0.000000 0.000000 0.000000 0.001400 0.000078
 0.469837 0.000000 0.000000 0.041820 0.000000 0.000000 0.000000 0.000000 0.000000 0.000000 0.000000 0.000000 0.000000 0.000270 0.000000 0.018050 0.000000 0.470024 0.000000 0.000000
 0.000000 0.054621 0.000000 0.000000 0.000000 0.201417 0.000000 0.000000 0.000000 0.000000 0.366560 0.000000 0.007981 0.000000 0.000000 0.000000 0.000000 0.000000 0.000000 0.369421
 0.000000 0.000006 0.316347 0.000000 0.000000 0.000000 0.000000 0.000000 0.000000 0.000000 0.227124 0.000000 0.000000 0.113970 0.000000 0.000000 0.000000 0.000000 0.000000 0.342553
 0.000000 0.000000 0.000000 0.000000 0.000014 0.000000 0.000000 0.000000 0.000000 0.000000 0.000000 0.000000 0.241004 0.000000 0.000000 0.000000 0.379671 0.000000 0.379311 0.000000
 0.000000 0.361772 0.000000 0.000000 0.009480 0.016320 0.000000 0.359066 0.237563 0.000000 0.000000 0.000000 0.000000 0.000003 0.000000 0.000000 0.000000 0.000000 0.000000 0.015797
 0.069429 0.000000 0.000000 0.000000 0.464376 0.000000 0.000000 0.000000 0.000000 0.000000 0.000000 0.000000 0.000000 0.000000 0.000000 0.000000 0.466195 0.000000 0.000000 0.000000
 0.000000 0.002347 0.000000 0.000000 0.000000 0.372374 0.000000 0.008166 0.000000 0.239893 0.000000 0.000000 0.000000 0.000000 0.000000 0.000000 0.000000 0.000000 0.377221 0.000000
 0.000000 0.000000 0.378245 0.000003 0.014919 0.000000 0.000217 0.000000 0.124759 0.000000 0.000003 0.000000 0.000000 0.000000 0.000000 0.376046 0.000000 0.105808 0.000000 0.000000
 0.000000 0.000000 0.000000 0.500000 0.000000 0.000000 0.000000 0.000000 0.000000 0.000000 0.000000 0.000000 0.000000 0.000000 0.000000 0.500000 0.000000 0.000000 0.000000 0.000000
 0.000000 0.000000 0.229471 0.000000 0.000000 0.000000 0.014566 0.000000 0.000000 0.000000 0.000000 0.000000 0.000000 0.376645 0.379318 0.000000 0.000000 0.000000 0.000000 0.000000
 0.000000 0.000000 0.000000 0.000000 0.000000 0.000000 0.000000 0.000000 0.000000 0.499972 0.000000 0.500028 0.000000 0.000000 0.000000 0.000000 0.000000 0.000000 0.000000 0.000000
 0.033307 0.000000 0.000000 0.014134 0.416603 0.000000 0.418916 0.000000 0.000000 0.000000 0.000000 0.000000 0.000000 0.117040 0.000000 0.000000 0.000000 0.000000 0.000000 0.000000
 0.000000 0.000006 0.000000 0.000000 0.075350 0.001669 0.000000 0.000000 0.000000 0.461697 0.000000 0.000000 0.461279 0.000000 0.000000 0.000000 0.000000 0.000000 0.000000 0.000000
 0.000000 0.002317 0.000000 0.000000 0.000000 0.000098 0.000000 0.490506 0.485666 0.000000 0.021412 0.000000 0.000000 0.000000 0.000000 0.000000 0.000000 0.000000 0.000000 0.000000
the mean of prob-rank is 1.4736842105263157
the number of false negetive edges is 0
the number of probability greater than 0 is 5.1/edge
