20
 0.000000 0.000000 0.000000 0.000000 0.000000 0.500000 0.500000 0.000000 0.000000 0.000000 0.000000 0.000000 0.000000 0.000000 0.000000 0.000000 0.000000 0.000000 0.000000 0.000000
 0.000000 0.000000 0.000000 0.000000 0.000000 0.000000 0.000602 0.000000 0.032578 0.000000 0.099094 0.000000 0.333828 0.000000 0.159077 0.327869 0.000000 0.046952 0.000000 0.000000
 0.000000 0.000000 0.000000 0.312804 0.354202 0.000000 0.000000 0.000000 0.000000 0.000000 0.000000 0.000000 0.000000 0.000000 0.000000 0.000000 0.000000 0.000000 0.000000 0.332994
 0.000000 0.000000 0.267774 0.000000 0.000000 0.000000 0.000000 0.157159 0.000000 0.000000 0.000000 0.000000 0.000000 0.000000 0.000000 0.000000 0.000000 0.271951 0.000000 0.303115
 0.000000 0.000000 0.349252 0.000000 0.000000 0.000000 0.000000 0.000000 0.000000 0.000000 0.000000 0.000000 0.000000 0.305543 0.000000 0.000000 0.000000 0.000000 0.345205 0.000000
 0.359251 0.000000 0.000000 0.000000 0.000000 0.000000 0.000000 0.000000 0.000001 0.000000 0.000000 0.000000 0.000000 0.000000 0.000000 0.000000 0.349370 0.000000 0.291379 0.000000
 0.499479 0.000889 0.000000 0.000000 0.000000 0.000000 0.000000 0.000000 0.000000 0.000000 0.000000 0.000000 0.000152 0.000000 0.000000 0.499480 0.000000 0.000000 0.000000 0.000000
 0.000000 0.000000 0.000000 0.211434 0.000000 0.000000 0.000000 0.000000 0.000000 0.407845 0.003063 0.000000 0.000000 0.000000 0.000000 0.000000 0.000000 0.377658 0.000000 0.000000
 0.000000 0.025862 0.000000 0.000000 0.000000 0.000001 0.000000 0.000000 0.000000 0.000000 0.229822 0.000000 0.008653 0.000000 0.261106 0.000000 0.000000 0.260399 0.000002 0.214156
 0.000000 0.000000 0.000000 0.000000 0.000000 0.000000 0.000000 0.499951 0.000000 0.000000 0.500049 0.000000 0.000000 0.000000 0.000000 0.000000 0.000000 0.000000 0.000000 0.000000
 0.000000 0.088150 0.000000 0.000000 0.000000 0.000000 0.000000 0.002259 0.257536 0.300874 0.000000 0.000000 0.000000 0.000000 0.000001 0.108776 0.000000 0.242404 0.000000 0.000000
 0.000000 0.000000 0.000000 0.000000 0.000000 0.000000 0.000000 0.000000 0.000000 0.000000 0.000000 0.000000 0.000000 0.499980 0.000000 0.000000 0.499994 0.000000 0.000026 0.000000
 0.000000 0.368172 0.000000 0.000000 0.000000 0.000000 0.000114 0.000000 0.012021 0.000000 0.000000 0.000000 0.000000 0.000000 0.372881 0.246812 0.000000 0.000000 0.000000 0.000000
 0.000000 0.000000 0.000000 0.000000 0.309980 0.000000 0.000000 0.000000 0.000000 0.000000 0.000000 0.354321 0.000000 0.000000 0.000000 0.000000 0.000000 0.000000 0.335699 0.000000
 0.000000 0.192074 0.000000 0.000000 0.000000 0.000000 0.000000 0.000000 0.397146 0.000000 0.000001 0.000000 0.408228 0.000000 0.000000 0.002551 0.000000 0.000000 0.000000 0.000000
 0.000000 0.323251 0.000000 0.000000 0.000000 0.000000 0.333471 0.000000 0.000000 0.000000 0.120559 0.000000 0.220636 0.000000 0.002083 0.000000 0.000000 0.000000 0.000000 0.000000
 0.000000 0.000000 0.000000 0.000000 0.000000 0.346922 0.000000 0.000000 0.000000 0.000000 0.000000 0.356734 0.000000 0.000000 0.000000 0.000000 0.000000 0.000000 0.296344 0.000000
 0.000000 0.037147 0.000000 0.240004 0.000000 0.000000 0.000000 0.247737 0.259523 0.000000 0.215590 0.000000 0.000000 0.000000 0.000000 0.000000 0.000000 0.000000 0.000000 0.000000
 0.000000 0.000000 0.000000 0.000000 0.276269 0.226705 0.000000 0.000000 0.000002 0.000000 0.000000 0.000014 0.000000 0.264815 0.000000 0.000000 0.232195 0.000000 0.000000 0.000000
 0.000000 0.000000 0.343435 0.365191 0.000000 0.000000 0.000000 0.000000 0.291373 0.000000 0.000000 0.000000 0.000000 0.000000 0.000000 0.000000 0.000000 0.000000 0.000000 0.000000
the mean of prob-rank is 1.6842105263157894
the number of false negetive edges is 0
the number of probability greater than 0 is 4.1/edge
