20
 0.000000 0.000000 0.000000 0.000000 0.000000 0.000000 0.000000 0.500000 0.000000 0.000000 0.000000 0.000000 0.000000 0.000000 0.500000 0.000000 0.000000 0.000000 0.000000 0.000000
 0.000000 0.000000 0.000000 0.000000 0.000000 0.499970 0.000000 0.000000 0.000000 0.000000 0.000000 0.000000 0.000000 0.000024 0.000000 0.000000 0.000000 0.500007 0.000000 0.000000
 0.000000 0.000000 0.000000 0.000000 0.000000 0.000000 0.000000 0.000000 0.000000 0.000000 0.479410 0.000000 0.000000 0.000000 0.000000 0.037226 0.483364 0.000000 0.000001 0.000000
 0.000000 0.000000 0.000000 0.000000 0.000000 0.000000 0.000000 0.000000 0.000000 0.000000 0.000000 0.000000 0.000000 0.000012 0.499994 0.000000 0.000000 0.499994 0.000000 0.000000
 0.000000 0.000000 0.000000 0.000000 0.000000 0.000000 0.000000 0.000000 0.000000 0.000000 0.000000 0.024588 0.000000 0.000000 0.000000 0.000000 0.487749 0.000000 0.487664 0.000000
 0.000000 0.499967 0.000000 0.000000 0.000000 0.000000 0.000000 0.000000 0.000000 0.000000 0.000000 0.500004 0.000000 0.000029 0.000000 0.000000 0.000000 0.000000 0.000000 0.000000
 0.000000 0.000000 0.000000 0.000000 0.000000 0.000000 0.000000 0.000000 0.000000 0.000000 0.499959 0.000000 0.500041 0.000000 0.000000 0.000000 0.000000 0.000000 0.000000 0.000000
 0.500000 0.000000 0.000000 0.000000 0.000000 0.000000 0.000000 0.000000 0.000000 0.500000 0.000000 0.000000 0.000000 0.000000 0.000000 0.000000 0.000000 0.000000 0.000000 0.000000
 0.000000 0.000000 0.000000 0.000000 0.000000 0.000000 0.000000 0.000000 0.000000 0.000000 0.000000 0.000000 0.000000 0.000027 0.000000 0.490719 0.000000 0.000000 0.018485 0.490769
 0.000000 0.000000 0.000000 0.000000 0.000000 0.000000 0.000000 0.500001 0.000000 0.000000 0.000000 0.000000 0.499999 0.000000 0.000000 0.000000 0.000000 0.000000 0.000000 0.000000
 0.000000 0.000000 0.474516 0.000000 0.000000 0.000000 0.480615 0.000000 0.000000 0.000000 0.000000 0.000000 0.004738 0.000000 0.000000 0.040131 0.000000 0.000000 0.000000 0.000000
 0.000000 0.000000 0.000000 0.000000 0.024591 0.487806 0.000000 0.000000 0.000000 0.000000 0.000000 0.000000 0.000000 0.487603 0.000000 0.000000 0.000000 0.000000 0.000000 0.000000
 0.000000 0.000000 0.000000 0.000000 0.000000 0.000000 0.497549 0.000000 0.000000 0.497547 0.004904 0.000000 0.000000 0.000000 0.000000 0.000000 0.000000 0.000000 0.000000 0.000000
 0.000000 0.000023 0.000000 0.000012 0.000000 0.000028 0.000000 0.000000 0.000027 0.000000 0.000000 0.492818 0.000000 0.000000 0.000000 0.000000 0.000000 0.000009 0.014085 0.492998
 0.500000 0.000000 0.000000 0.500000 0.000000 0.000000 0.000000 0.000000 0.000000 0.000000 0.000000 0.000000 0.000000 0.000000 0.000000 0.000000 0.000000 0.000000 0.000000 0.000000
 0.000000 0.000000 0.035588 0.000000 0.000000 0.000000 0.000000 0.000000 0.464241 0.000000 0.038762 0.000000 0.000000 0.000000 0.000000 0.000000 0.000000 0.000000 0.461409 0.000000
 0.000000 0.000000 0.474160 0.000000 0.476404 0.000000 0.000000 0.000000 0.000000 0.000000 0.000000 0.000000 0.000000 0.000000 0.000000 0.000000 0.000000 0.000000 0.049436 0.000000
 0.000000 0.499996 0.000000 0.499995 0.000000 0.000000 0.000000 0.000000 0.000000 0.000000 0.000000 0.000000 0.000000 0.000009 0.000000 0.000000 0.000000 0.000000 0.000000 0.000000
 0.000000 0.000000 0.000001 0.000000 0.456793 0.000000 0.000000 0.000000 0.017208 0.000000 0.000000 0.000000 0.000000 0.013052 0.000000 0.454039 0.047410 0.000000 0.000000 0.011497
 0.000000 0.000000 0.000000 0.000000 0.000000 0.000000 0.000000 0.000000 0.493799 0.000000 0.000000 0.000000 0.000000 0.493775 0.000000 0.000000 0.000000 0.000000 0.012426 0.000000
the mean of prob-rank is 1.4736842105263157
the number of false negetive edges is 0
the number of probability greater than 0 is 3.3/edge
