20
 0.000000 0.000000 0.000000 0.000000 0.000000 0.000000 0.000000 0.033827 0.000005 0.000000 0.000000 0.100005 0.312160 0.000000 0.284574 0.000000 0.000000 0.000136 0.000000 0.269292
 0.000000 0.000000 0.499998 0.000000 0.000000 0.000000 0.500002 0.000000 0.000000 0.000000 0.000000 0.000000 0.000000 0.000000 0.000000 0.000000 0.000000 0.000000 0.000000 0.000000
 0.000000 0.499998 0.000000 0.000000 0.000000 0.000000 0.000000 0.000000 0.000000 0.000000 0.000000 0.000000 0.000000 0.000000 0.000000 0.000000 0.500002 0.000000 0.000000 0.000000
 0.000000 0.000000 0.000000 0.000000 0.015129 0.000000 0.000000 0.000000 0.000000 0.109597 0.000000 0.000000 0.341629 0.356509 0.177135 0.000000 0.000000 0.000000 0.000000 0.000000
 0.000000 0.000000 0.000000 0.015439 0.000000 0.000000 0.000000 0.000000 0.000000 0.363482 0.000000 0.000000 0.000000 0.000000 0.264121 0.000000 0.356958 0.000000 0.000000 0.000000
 0.000000 0.000000 0.000000 0.000000 0.000000 0.000000 0.399387 0.000000 0.000000 0.000000 0.396684 0.000000 0.000000 0.000000 0.000000 0.203929 0.000000 0.000000 0.000000 0.000000
 0.000000 0.500000 0.000000 0.000000 0.000000 0.500000 0.000000 0.000000 0.000000 0.000000 0.000000 0.000000 0.000000 0.000000 0.000000 0.000000 0.000000 0.000000 0.000000 0.000000
 0.051272 0.000000 0.000000 0.000000 0.000000 0.000000 0.000000 0.000000 0.000517 0.000000 0.000000 0.471806 0.000980 0.000000 0.473003 0.000000 0.000000 0.001846 0.000000 0.000575
 0.000007 0.000000 0.000000 0.000000 0.000000 0.000000 0.000000 0.000545 0.000000 0.000000 0.000000 0.003568 0.000005 0.000000 0.000006 0.000000 0.000000 0.498662 0.000000 0.497207
 0.000000 0.000000 0.000000 0.099031 0.321859 0.000000 0.000000 0.000000 0.000000 0.000000 0.000000 0.000000 0.000000 0.257912 0.000000 0.000000 0.000000 0.000000 0.321198 0.000000
 0.000000 0.000000 0.000000 0.000000 0.000000 0.398562 0.000000 0.000000 0.000000 0.000000 0.000000 0.000000 0.000000 0.000000 0.200166 0.401273 0.000000 0.000000 0.000000 0.000000
 0.102258 0.000000 0.000000 0.000000 0.000000 0.000000 0.000000 0.318288 0.002284 0.000000 0.000000 0.000000 0.255673 0.000000 0.021742 0.000000 0.000000 0.028059 0.000000 0.271698
 0.258685 0.000000 0.000000 0.247889 0.000000 0.000000 0.000000 0.000536 0.000002 0.000000 0.000000 0.207207 0.000000 0.091607 0.008031 0.000000 0.000000 0.000000 0.000000 0.186043
 0.000000 0.000000 0.000000 0.318878 0.000000 0.000000 0.000000 0.000000 0.000000 0.255302 0.000000 0.000000 0.112922 0.000000 0.000000 0.000000 0.000000 0.000000 0.312897 0.000000
 0.244240 0.000000 0.000000 0.133117 0.194511 0.000000 0.000000 0.267835 0.000003 0.000000 0.133642 0.018249 0.008317 0.000000 0.000000 0.000000 0.000068 0.000006 0.000000 0.000012
 0.000000 0.000000 0.000000 0.000000 0.000000 0.203935 0.000000 0.000000 0.000000 0.000000 0.399395 0.000000 0.000000 0.000000 0.000000 0.000000 0.000000 0.396670 0.000000 0.000000
 0.000000 0.000000 0.372937 0.000000 0.365927 0.000000 0.000000 0.000000 0.000000 0.000000 0.000000 0.000000 0.000000 0.000000 0.000095 0.000000 0.000000 0.000000 0.261041 0.000000
 0.000207 0.000000 0.000000 0.000000 0.000000 0.000000 0.000000 0.001847 0.473160 0.000000 0.000000 0.041598 0.000000 0.000000 0.000010 0.469972 0.000000 0.000000 0.000000 0.013207
 0.000000 0.000000 0.000000 0.000000 0.000000 0.000000 0.000000 0.000000 0.000000 0.372284 0.000000 0.000000 0.000000 0.366370 0.000000 0.000000 0.261346 0.000000 0.000000 0.000000
 0.249383 0.000000 0.000000 0.000000 0.000000 0.000000 0.000000 0.000351 0.288211 0.000000 0.000000 0.246068 0.207905 0.000000 0.000013 0.000000 0.000000 0.008068 0.000000 0.000000
the mean of prob-rank is 1.5263157894736843
the number of false negetive edges is 0
the number of probability greater than 0 is 5.0/edge
