20
 0.000000 0.000000 0.000000 0.000000 0.000000 0.500000 0.000000 0.000000 0.000000 0.000000 0.000000 0.000000 0.000000 0.000000 0.000000 0.000000 0.000000 0.000000 0.500000 0.000000
 0.000000 0.000000 0.000000 0.000000 0.000000 0.000000 0.499999 0.000000 0.000000 0.000000 0.000000 0.000000 0.000000 0.000000 0.000004 0.000000 0.499997 0.000000 0.000000 0.000000
 0.000000 0.000000 0.000000 0.000000 0.019664 0.000000 0.000000 0.000000 0.000000 0.000000 0.000000 0.000000 0.490111 0.000000 0.000000 0.000000 0.000000 0.490225 0.000000 0.000000
 0.000000 0.000000 0.000000 0.000000 0.045382 0.000000 0.000000 0.000000 0.263316 0.279540 0.000000 0.000000 0.000000 0.000000 0.000000 0.000000 0.000000 0.411762 0.000000 0.000000
 0.000000 0.000000 0.013095 0.035981 0.000000 0.000000 0.000000 0.000000 0.000000 0.299810 0.000000 0.324864 0.326250 0.000000 0.000000 0.000000 0.000000 0.000000 0.000000 0.000000
 0.499897 0.000000 0.000000 0.000000 0.000000 0.000000 0.000216 0.000000 0.000000 0.000000 0.000000 0.000000 0.000000 0.000000 0.499887 0.000000 0.000000 0.000000 0.000000 0.000000
 0.000000 0.500301 0.000000 0.000000 0.000000 0.000216 0.000000 0.000000 0.000000 0.000000 0.000000 0.000000 0.000000 0.000000 0.000000 0.499445 0.000038 0.000000 0.000000 0.000000
 0.000000 0.000000 0.000000 0.000000 0.000000 0.000000 0.000000 0.000000 0.000000 0.000000 0.000000 0.000000 0.000000 0.494237 0.000000 0.000000 0.011525 0.000000 0.000000 0.494238
 0.000000 0.000000 0.000000 0.242321 0.000000 0.000000 0.000000 0.000000 0.000000 0.378931 0.000000 0.000000 0.000000 0.000000 0.000000 0.378748 0.000000 0.000000 0.000000 0.000000
 0.000000 0.000000 0.000000 0.251371 0.340040 0.000000 0.000000 0.000000 0.370269 0.000000 0.000000 0.000000 0.000000 0.000000 0.000000 0.038321 0.000000 0.000000 0.000000 0.000000
 0.000000 0.000000 0.000000 0.000000 0.000000 0.000000 0.000000 0.000000 0.000000 0.000000 0.000000 0.000000 0.000000 0.500000 0.500000 0.000000 0.000000 0.000000 0.000000 0.000000
 0.000000 0.000000 0.000000 0.000000 0.473728 0.000000 0.000000 0.000000 0.000000 0.000000 0.000000 0.000000 0.050213 0.000000 0.000000 0.000000 0.000000 0.000000 0.476059 0.000000
 0.000000 0.000000 0.475041 0.000000 0.474842 0.000000 0.000000 0.000000 0.000000 0.000000 0.000000 0.050118 0.000000 0.000000 0.000000 0.000000 0.000000 0.000000 0.000000 0.000000
 0.000000 0.000000 0.000000 0.000000 0.000000 0.000000 0.000000 0.500000 0.000000 0.000000 0.500000 0.000000 0.000000 0.000000 0.000000 0.000000 0.000000 0.000000 0.000000 0.000000
 0.000000 0.000004 0.000000 0.000000 0.000000 0.499993 0.000000 0.000000 0.000000 0.000000 0.500003 0.000000 0.000000 0.000000 0.000000 0.000000 0.000000 0.000000 0.000000 0.000000
 0.000000 0.000000 0.000000 0.000000 0.000000 0.000000 0.475082 0.000000 0.475665 0.049253 0.000000 0.000000 0.000000 0.000000 0.000000 0.000000 0.000000 0.000000 0.000000 0.000000
 0.000000 0.494224 0.000000 0.000000 0.000000 0.000000 0.000037 0.011525 0.000000 0.000000 0.000000 0.000000 0.000000 0.000000 0.000000 0.000000 0.000000 0.000000 0.000000 0.494214
 0.000000 0.000000 0.500000 0.500000 0.000000 0.000000 0.000000 0.000000 0.000000 0.000000 0.000000 0.000000 0.000000 0.000000 0.000000 0.000000 0.000000 0.000000 0.000000 0.000000
 0.500000 0.000000 0.000000 0.000000 0.000000 0.000000 0.000000 0.000000 0.000000 0.000000 0.000000 0.500000 0.000000 0.000000 0.000000 0.000000 0.000000 0.000000 0.000000 0.000000
 0.000000 0.000000 0.000000 0.000000 0.000000 0.000000 0.000000 0.500006 0.000000 0.000000 0.000000 0.000000 0.000000 0.000000 0.000000 0.000000 0.499994 0.000000 0.000000 0.000000
the mean of prob-rank is 1.5263157894736843
the number of false negetive edges is 0
the number of probability greater than 0 is 3.0/edge
