20
 0.000000 0.000000 0.000000 0.000000 0.000000 0.099715 0.000000 0.000000 0.000000 0.000000 0.449694 0.000000 0.000000 0.000000 0.450591 0.000000 0.000000 0.000000 0.000000 0.000000
 0.000000 0.000000 0.000000 0.000000 0.000000 0.401842 0.000000 0.000000 0.000000 0.000000 0.000000 0.197055 0.000000 0.000000 0.000000 0.000000 0.000000 0.000000 0.000000 0.401103
 0.000000 0.000000 0.000000 0.000000 0.000000 0.000000 0.000000 0.500000 0.000000 0.500000 0.000000 0.000000 0.000000 0.000000 0.000000 0.000000 0.000000 0.000000 0.000000 0.000000
 0.000000 0.000000 0.000000 0.000000 0.000000 0.000000 0.000000 0.000000 0.000000 0.000000 0.000000 0.000000 0.500000 0.000000 0.000000 0.000000 0.000000 0.000000 0.500000 0.000000
 0.000000 0.000000 0.000000 0.000000 0.000000 0.000000 0.499999 0.000000 0.000000 0.000000 0.000000 0.000000 0.000000 0.000000 0.000000 0.000000 0.500001 0.000000 0.000000 0.000000
 0.100263 0.446698 0.000000 0.000000 0.000000 0.000000 0.000000 0.000000 0.000000 0.000000 0.453040 0.000000 0.000000 0.000000 0.000000 0.000000 0.000000 0.000000 0.000000 0.000000
 0.000000 0.000000 0.000000 0.000000 0.499999 0.000000 0.000000 0.000000 0.000000 0.500001 0.000000 0.000000 0.000000 0.000000 0.000000 0.000000 0.000000 0.000000 0.000000 0.000000
 0.000000 0.000000 0.499958 0.000000 0.000000 0.000000 0.000000 0.000000 0.000000 0.000000 0.000000 0.000000 0.000183 0.499859 0.000000 0.000000 0.000000 0.000001 0.000000 0.000000
 0.000000 0.000000 0.000000 0.000000 0.000000 0.000000 0.000000 0.000000 0.000000 0.000000 0.000000 0.000000 0.000000 0.000115 0.000000 0.493236 0.000000 0.000004 0.493185 0.013459
 0.000000 0.000000 0.500000 0.000000 0.000000 0.000000 0.500000 0.000000 0.000000 0.000000 0.000000 0.000000 0.000000 0.000000 0.000000 0.000000 0.000000 0.000000 0.000000 0.000000
 0.499516 0.000000 0.000000 0.000000 0.000000 0.500484 0.000000 0.000000 0.000000 0.000000 0.000000 0.000000 0.000000 0.000000 0.000000 0.000000 0.000000 0.000000 0.000000 0.000000
 0.000000 0.195522 0.000000 0.000000 0.000000 0.000000 0.000000 0.000000 0.000000 0.000000 0.000000 0.000000 0.000000 0.000000 0.000000 0.399708 0.000000 0.000000 0.002939 0.401830
 0.000000 0.000000 0.000000 0.499771 0.000000 0.000000 0.000000 0.000182 0.000000 0.000000 0.000000 0.000000 0.000000 0.000308 0.000000 0.000000 0.000000 0.499737 0.000002 0.000000
 0.000000 0.000000 0.000000 0.000000 0.000000 0.000000 0.000000 0.499739 0.000116 0.000000 0.000000 0.000000 0.000308 0.000000 0.000000 0.000000 0.000000 0.499837 0.000000 0.000000
 0.500000 0.000000 0.000000 0.000000 0.000000 0.000000 0.000000 0.000000 0.000000 0.000000 0.000000 0.000000 0.000000 0.000000 0.000000 0.000000 0.500000 0.000000 0.000000 0.000000
 0.000000 0.000000 0.000000 0.000000 0.000000 0.000000 0.000000 0.000000 0.418125 0.000000 0.000000 0.413274 0.000000 0.000000 0.000000 0.000000 0.000000 0.000000 0.043543 0.125058
 0.000000 0.000000 0.000000 0.000000 0.500000 0.000000 0.000000 0.000000 0.000000 0.000000 0.000000 0.000000 0.000000 0.000000 0.500000 0.000000 0.000000 0.000000 0.000000 0.000000
 0.000000 0.000000 0.000000 0.000000 0.000000 0.000000 0.000000 0.000001 0.000004 0.000000 0.000000 0.000000 0.499980 0.500014 0.000000 0.000000 0.000000 0.000000 0.000000 0.000000
 0.000000 0.000000 0.000000 0.473640 0.000000 0.000000 0.000000 0.000000 0.473591 0.000000 0.000000 0.003442 0.000001 0.000000 0.000000 0.049325 0.000000 0.000000 0.000000 0.000000
 0.000000 0.427111 0.000000 0.000000 0.000000 0.000000 0.000000 0.000000 0.011843 0.000000 0.000000 0.431240 0.000000 0.000000 0.000000 0.129806 0.000000 0.000000 0.000000 0.000000
the mean of prob-rank is 1.6842105263157894
the number of false negetive edges is 0
the number of probability greater than 0 is 3.2/edge
