20
 0.000000 0.000000 0.000000 0.000000 0.000000 0.000000 0.000000 0.000000 0.499998 0.000000 0.000000 0.000000 0.500002 0.000000 0.000000 0.000000 0.000000 0.000000 0.000000 0.000000
 0.000000 0.000000 0.000000 0.000000 0.000000 0.000000 0.000000 0.000000 0.000000 0.000000 0.000000 0.499990 0.000000 0.000000 0.499993 0.000000 0.000000 0.000000 0.000017 0.000000
 0.000000 0.000000 0.000000 0.000000 0.000000 0.000000 0.000000 0.000000 0.000000 0.000000 0.000000 0.000000 0.499507 0.499565 0.000000 0.000000 0.000001 0.000927 0.000000 0.000000
 0.000000 0.000000 0.000000 0.000000 0.000000 0.500054 0.000000 0.000000 0.000000 0.000000 0.000000 0.000000 0.000000 0.000000 0.000000 0.000002 0.000000 0.000000 0.499944 0.000000
 0.000000 0.000000 0.000000 0.000000 0.000000 0.000000 0.000000 0.000000 0.000000 0.000000 0.500000 0.000000 0.000000 0.000000 0.500000 0.000000 0.000000 0.000000 0.000000 0.000000
 0.000000 0.000000 0.000000 0.500009 0.000000 0.000000 0.000000 0.000000 0.000000 0.000000 0.000000 0.000000 0.000000 0.000000 0.000000 0.499987 0.000000 0.000000 0.000004 0.000000
 0.000000 0.000000 0.000000 0.000000 0.000000 0.000000 0.000000 0.000000 0.000000 0.012103 0.000000 0.000000 0.000000 0.000000 0.000000 0.000002 0.493925 0.493970 0.000000 0.000000
 0.000000 0.000000 0.000000 0.000000 0.000000 0.000000 0.000000 0.000000 0.057574 0.000000 0.470402 0.000000 0.000000 0.000000 0.000000 0.000000 0.000000 0.000000 0.000000 0.472024
 0.471537 0.000000 0.000000 0.000000 0.000000 0.000000 0.000000 0.057511 0.000000 0.000000 0.000000 0.000000 0.000000 0.000000 0.000000 0.000000 0.000000 0.000000 0.000000 0.470952
 0.000000 0.000000 0.000000 0.000000 0.000000 0.000000 0.012096 0.000000 0.000000 0.000000 0.000000 0.000000 0.000575 0.493683 0.000000 0.000000 0.000000 0.493647 0.000000 0.000000
 0.000000 0.000000 0.000000 0.000000 0.475425 0.000000 0.000000 0.473760 0.000000 0.000000 0.000000 0.000000 0.000000 0.000000 0.000000 0.000000 0.000000 0.000000 0.000000 0.050815
 0.000000 0.499998 0.000000 0.000000 0.000000 0.000000 0.000000 0.000000 0.000000 0.000000 0.000000 0.000000 0.000000 0.000000 0.000000 0.000000 0.000000 0.000000 0.500002 0.000000
 0.499738 0.000000 0.499680 0.000000 0.000000 0.000000 0.000000 0.000000 0.000000 0.000582 0.000000 0.000000 0.000000 0.000000 0.000000 0.000000 0.000000 0.000000 0.000000 0.000000
 0.000000 0.000000 0.500000 0.000000 0.000000 0.000000 0.000000 0.000000 0.000000 0.500000 0.000000 0.000000 0.000000 0.000000 0.000000 0.000000 0.000000 0.000000 0.000000 0.000000
 0.000000 0.500000 0.000000 0.000000 0.500000 0.000000 0.000000 0.000000 0.000000 0.000000 0.000000 0.000000 0.000000 0.000000 0.000000 0.000000 0.000000 0.000000 0.000000 0.000000
 0.000000 0.000000 0.000000 0.000002 0.000000 0.499987 0.000002 0.000000 0.000000 0.000000 0.000000 0.000000 0.000000 0.000000 0.000000 0.000000 0.500009 0.000000 0.000000 0.000000
 0.000000 0.000000 0.000001 0.000000 0.000000 0.000000 0.499869 0.000000 0.000000 0.000000 0.000000 0.000000 0.000000 0.000000 0.000000 0.499914 0.000000 0.000217 0.000000 0.000000
 0.000000 0.000000 0.000927 0.000000 0.000000 0.000000 0.499447 0.000000 0.000000 0.499410 0.000000 0.000000 0.000000 0.000000 0.000000 0.000000 0.000217 0.000000 0.000000 0.000000
 0.000000 0.000017 0.000000 0.499935 0.000000 0.000004 0.000000 0.000000 0.000000 0.000000 0.000000 0.500045 0.000000 0.000000 0.000000 0.000000 0.000000 0.000000 0.000000 0.000000
 0.000000 0.000000 0.000000 0.000000 0.000000 0.000000 0.000000 0.474900 0.474338 0.000000 0.050762 0.000000 0.000000 0.000000 0.000000 0.000000 0.000000 0.000000 0.000000 0.000000
the mean of prob-rank is 1.5789473684210527
the number of false negetive edges is 0
the number of probability greater than 0 is 3.1/edge
