20
 0.000000 0.000000 0.000000 0.000000 0.000000 0.000000 0.000000 0.000000 0.000000 0.000000 0.000000 0.499999 0.000000 0.000000 0.000000 0.000000 0.500001 0.000000 0.000000 0.000000
 0.000000 0.000000 0.000000 0.000000 0.000000 0.000000 0.000000 0.000000 0.000000 0.000000 0.000000 0.500000 0.000000 0.000000 0.000000 0.500000 0.000000 0.000000 0.000000 0.000000
 0.000000 0.000000 0.000000 0.384828 0.000000 0.000000 0.000000 0.000000 0.132721 0.096292 0.000000 0.000000 0.386155 0.000000 0.000000 0.000000 0.000000 0.000000 0.000000 0.000004
 0.000000 0.000000 0.446426 0.000000 0.000000 0.000000 0.000000 0.000000 0.104168 0.000000 0.449406 0.000000 0.000000 0.000000 0.000000 0.000000 0.000000 0.000000 0.000000 0.000000
 0.000000 0.000000 0.000000 0.000000 0.000000 0.017264 0.468927 0.000000 0.000000 0.000000 0.000000 0.000000 0.000000 0.005311 0.466818 0.000000 0.000000 0.041679 0.000000 0.000000
 0.000000 0.000000 0.000000 0.000000 0.017955 0.000000 0.000000 0.000000 0.000000 0.006747 0.000000 0.000000 0.000000 0.000012 0.487629 0.487656 0.000000 0.000000 0.000000 0.000000
 0.000000 0.000000 0.000000 0.000000 0.410815 0.000000 0.000000 0.000000 0.000000 0.000001 0.000000 0.000000 0.000000 0.410796 0.178388 0.000000 0.000000 0.000000 0.000000 0.000000
 0.000000 0.000000 0.000000 0.000000 0.000000 0.000000 0.000000 0.000000 0.000000 0.063634 0.468090 0.000000 0.000000 0.000000 0.000000 0.000000 0.000000 0.000000 0.468275 0.000000
 0.000000 0.000000 0.108404 0.073343 0.000000 0.000000 0.000000 0.000000 0.000000 0.000000 0.000000 0.000000 0.302869 0.000000 0.000000 0.000000 0.000000 0.198945 0.000000 0.316439
 0.000000 0.000000 0.103823 0.000000 0.000000 0.005779 0.000001 0.056765 0.000000 0.000000 0.000028 0.000000 0.000001 0.417718 0.000311 0.000000 0.000000 0.000000 0.415574 0.000000
 0.000000 0.000000 0.000000 0.470616 0.000000 0.000000 0.000000 0.470460 0.000000 0.000032 0.000000 0.000000 0.000000 0.000000 0.000000 0.000000 0.000000 0.000000 0.058892 0.000000
 0.500003 0.499997 0.000000 0.000000 0.000000 0.000000 0.000000 0.000000 0.000000 0.000000 0.000000 0.000000 0.000000 0.000000 0.000000 0.000000 0.000000 0.000000 0.000000 0.000000
 0.000000 0.000000 0.361413 0.000000 0.000000 0.000000 0.000000 0.000000 0.347049 0.000001 0.000000 0.000000 0.000000 0.000000 0.000000 0.000000 0.000000 0.058683 0.000000 0.232855
 0.000000 0.000000 0.000000 0.000000 0.005328 0.000012 0.470474 0.000000 0.000000 0.470493 0.000000 0.000000 0.000000 0.000000 0.053692 0.000000 0.000000 0.000000 0.000000 0.000000
 0.000000 0.000000 0.000000 0.000000 0.391244 0.392957 0.170657 0.000000 0.000000 0.000293 0.000000 0.000000 0.000000 0.044850 0.000000 0.000000 0.000000 0.000000 0.000000 0.000000
 0.000000 0.475364 0.000000 0.000000 0.000000 0.475328 0.000000 0.000000 0.000000 0.000000 0.000000 0.000000 0.000000 0.000000 0.000000 0.000000 0.000000 0.000000 0.049308 0.000000
 0.500001 0.000000 0.000000 0.000000 0.000000 0.000000 0.000000 0.000000 0.000000 0.000000 0.000000 0.000000 0.000000 0.000000 0.000000 0.000000 0.000000 0.499999 0.000000 0.000000
 0.000000 0.000000 0.000000 0.000000 0.031088 0.000000 0.000000 0.000000 0.219902 0.000000 0.000000 0.000000 0.056607 0.000000 0.000000 0.000000 0.349772 0.000000 0.000000 0.342630
 0.000000 0.000000 0.000000 0.000000 0.000000 0.000000 0.000000 0.449699 0.000000 0.447385 0.056270 0.000000 0.000000 0.000000 0.000000 0.046646 0.000000 0.000000 0.000000 0.000000
 0.000000 0.000000 0.000004 0.000000 0.000000 0.000000 0.000000 0.000000 0.381421 0.000000 0.000000 0.000000 0.244943 0.000000 0.000000 0.000000 0.000000 0.373631 0.000000 0.000000
the mean of prob-rank is 1.5789473684210527
the number of false negetive edges is 0
the number of probability greater than 0 is 4.0/edge
