20
 0.000000 0.000000 0.000000 0.000000 0.000000 0.000000 0.499999 0.000000 0.000000 0.000000 0.000000 0.000000 0.000000 0.000000 0.000000 0.500001 0.000000 0.000000 0.000000 0.000000
 0.000000 0.000000 0.000018 0.000000 0.000000 0.000000 0.000000 0.000000 0.000000 0.000000 0.499845 0.499911 0.000000 0.000000 0.000000 0.000226 0.000000 0.000000 0.000000 0.000000
 0.000000 0.000011 0.000000 0.000000 0.000000 0.238278 0.000000 0.000001 0.000000 0.000000 0.239665 0.000000 0.000000 0.000000 0.000000 0.000000 0.000000 0.000000 0.216180 0.305865
 0.000000 0.000000 0.000000 0.000000 0.000000 0.000712 0.000000 0.000000 0.000000 0.000000 0.000000 0.000000 0.000000 0.000000 0.051314 0.000000 0.473942 0.000000 0.474032 0.000000
 0.000000 0.000000 0.000000 0.000000 0.000000 0.000000 0.000000 0.000000 0.000000 0.000000 0.000000 0.000000 0.500002 0.000000 0.000000 0.000000 0.000000 0.499998 0.000000 0.000000
 0.000000 0.000000 0.219927 0.000424 0.000000 0.000000 0.000000 0.038512 0.000000 0.000000 0.000000 0.000000 0.000000 0.000000 0.186639 0.000000 0.000000 0.000000 0.272800 0.281697
 0.500151 0.000000 0.000000 0.000000 0.000000 0.000000 0.000000 0.000000 0.499849 0.000000 0.000000 0.000000 0.000000 0.000000 0.000000 0.000000 0.000000 0.000000 0.000000 0.000000
 0.000000 0.000000 0.000001 0.000000 0.000000 0.041760 0.000000 0.000000 0.000000 0.000000 0.299292 0.033376 0.000000 0.282071 0.306106 0.000000 0.000000 0.000000 0.000000 0.037394
 0.000000 0.000000 0.000000 0.000000 0.000000 0.000000 0.499669 0.000000 0.000000 0.499973 0.000000 0.000000 0.000357 0.000000 0.000000 0.000000 0.000000 0.000000 0.000000 0.000000
 0.000000 0.000000 0.000000 0.000000 0.000000 0.000000 0.000000 0.000000 0.499807 0.000000 0.000000 0.000000 0.499803 0.000000 0.000000 0.000000 0.000000 0.000000 0.000390 0.000000
 0.000000 0.357974 0.280533 0.000000 0.000000 0.000000 0.000000 0.350039 0.000000 0.000000 0.000000 0.010959 0.000000 0.000000 0.000000 0.000000 0.000000 0.000000 0.000000 0.000495
 0.000000 0.467451 0.000000 0.000000 0.000000 0.000000 0.000000 0.050966 0.000000 0.000000 0.014309 0.000000 0.000000 0.000000 0.000000 0.467274 0.000000 0.000000 0.000000 0.000000
 0.000000 0.000000 0.000000 0.000000 0.499824 0.000000 0.000000 0.000000 0.000357 0.499819 0.000000 0.000000 0.000000 0.000000 0.000000 0.000000 0.000000 0.000000 0.000000 0.000000
 0.000000 0.000000 0.000000 0.000000 0.000000 0.000000 0.000000 0.344845 0.000000 0.000000 0.000000 0.000000 0.000000 0.000000 0.000002 0.000000 0.280913 0.374240 0.000000 0.000000
 0.000000 0.000000 0.000000 0.039080 0.000000 0.238671 0.000000 0.361000 0.000000 0.000000 0.000000 0.000000 0.000000 0.000002 0.000000 0.000000 0.349988 0.000000 0.011259 0.000000
 0.499981 0.000226 0.000000 0.000000 0.000000 0.000000 0.000000 0.000000 0.000000 0.000000 0.000000 0.499793 0.000000 0.000000 0.000000 0.000000 0.000000 0.000000 0.000000 0.000000
 0.000000 0.000000 0.000000 0.365173 0.000000 0.000000 0.000000 0.000000 0.000000 0.000000 0.000000 0.000000 0.000000 0.274159 0.354090 0.000000 0.000000 0.000000 0.006579 0.000000
 0.000000 0.000000 0.000000 0.000000 0.499998 0.000000 0.000000 0.000000 0.000000 0.000000 0.000000 0.000000 0.000000 0.500002 0.000000 0.000000 0.000000 0.000000 0.000000 0.000000
 0.000000 0.000000 0.228505 0.323302 0.000000 0.312413 0.000000 0.000000 0.000000 0.000252 0.000000 0.000000 0.000000 0.000000 0.010083 0.000000 0.005823 0.000000 0.000000 0.119621
 0.000000 0.000000 0.401385 0.000000 0.000000 0.400516 0.000000 0.049032 0.000000 0.000000 0.000555 0.000000 0.000000 0.000000 0.000000 0.000000 0.000000 0.000000 0.148512 0.000000
the mean of prob-rank is 1.4736842105263157
the number of false negetive edges is 0
the number of probability greater than 0 is 4.1/edge
