20
 0.000000 0.000000 0.000000 0.442278 0.000000 0.000000 0.000000 0.000000 0.000000 0.000000 0.000000 0.000000 0.000000 0.000000 0.000000 0.000000 0.000000 0.443593 0.000000 0.114128
 0.000000 0.000000 0.000000 0.000000 0.000000 0.000001 0.000000 0.000000 0.000000 0.499415 0.000000 0.001150 0.000000 0.000000 0.499434 0.000000 0.000000 0.000000 0.000000 0.000000
 0.000000 0.000000 0.000000 0.000000 0.000000 0.000000 0.000000 0.000000 0.500000 0.000000 0.000000 0.000000 0.000000 0.000000 0.000000 0.000000 0.000000 0.500000 0.000000 0.000000
 0.440564 0.000000 0.000000 0.000000 0.000000 0.000000 0.000000 0.000000 0.000000 0.000000 0.000000 0.441878 0.000000 0.000000 0.000000 0.000000 0.000000 0.000000 0.000000 0.117558
 0.000000 0.000000 0.000000 0.000000 0.000000 0.000000 0.000000 0.000000 0.000000 0.000000 0.000000 0.003536 0.000010 0.395545 0.389324 0.000000 0.211585 0.000000 0.000000 0.000000
 0.000000 0.000001 0.000000 0.000000 0.000000 0.000000 0.000000 0.364701 0.000000 0.285133 0.000000 0.000000 0.000000 0.000000 0.000000 0.000000 0.350166 0.000000 0.000000 0.000000
 0.000000 0.000000 0.000000 0.000000 0.000000 0.000000 0.000000 0.499999 0.000000 0.000000 0.000000 0.000000 0.500001 0.000000 0.000000 0.000000 0.000000 0.000000 0.000000 0.000000
 0.000000 0.000000 0.000000 0.000000 0.000000 0.500001 0.499999 0.000000 0.000000 0.000000 0.000000 0.000000 0.000000 0.000000 0.000000 0.000000 0.000000 0.000000 0.000000 0.000000
 0.000000 0.000000 0.500003 0.000000 0.000000 0.000000 0.000000 0.000000 0.000000 0.000000 0.499997 0.000000 0.000000 0.000000 0.000000 0.000000 0.000000 0.000000 0.000000 0.000000
 0.000000 0.363431 0.000000 0.000000 0.000000 0.284151 0.000000 0.000000 0.000000 0.000000 0.000000 0.000000 0.000000 0.000000 0.002244 0.000000 0.350173 0.000000 0.000000 0.000000
 0.000000 0.000000 0.000000 0.000000 0.000000 0.000000 0.000000 0.000000 0.499997 0.000000 0.000000 0.000000 0.000000 0.000000 0.000000 0.500003 0.000000 0.000000 0.000000 0.000000
 0.000000 0.001121 0.000000 0.486667 0.004351 0.000000 0.000000 0.000000 0.000000 0.000000 0.000000 0.000000 0.000000 0.016328 0.005572 0.000000 0.000000 0.000000 0.000000 0.485960
 0.000000 0.000000 0.000000 0.000000 0.000012 0.000000 0.497529 0.000000 0.000000 0.000000 0.000000 0.000000 0.000000 0.000000 0.000000 0.000000 0.004931 0.000000 0.497528 0.000000
 0.000000 0.000000 0.000000 0.000000 0.491993 0.000000 0.000000 0.000000 0.000000 0.000000 0.000000 0.016507 0.000000 0.000000 0.000000 0.000000 0.000000 0.000005 0.000000 0.491494
 0.000000 0.361880 0.000000 0.000000 0.356187 0.000000 0.000000 0.000000 0.000000 0.002235 0.000000 0.004143 0.000000 0.000000 0.000000 0.000000 0.275555 0.000000 0.000000 0.000000
 0.000000 0.000000 0.000000 0.000000 0.000000 0.000000 0.000000 0.000000 0.000000 0.000000 0.500000 0.000000 0.000000 0.000000 0.000000 0.000000 0.000000 0.000000 0.500000 0.000000
 0.000000 0.000000 0.000000 0.000000 0.165614 0.297267 0.000000 0.000000 0.000000 0.298301 0.000000 0.000000 0.003068 0.000000 0.235750 0.000000 0.000000 0.000000 0.000000 0.000000
 0.499995 0.000000 0.500000 0.000000 0.000000 0.000000 0.000000 0.000000 0.000000 0.000000 0.000000 0.000000 0.000000 0.000005 0.000000 0.000000 0.000000 0.000000 0.000000 0.000000
 0.000000 0.000000 0.000000 0.000000 0.000000 0.000000 0.000000 0.000000 0.000000 0.000000 0.000000 0.000000 0.499999 0.000000 0.000000 0.500001 0.000000 0.000000 0.000000 0.000000
 0.102061 0.000000 0.000000 0.105537 0.000000 0.000000 0.000000 0.000000 0.000000 0.000000 0.000000 0.396116 0.000000 0.396287 0.000000 0.000000 0.000000 0.000000 0.000000 0.000000
the mean of prob-rank is 1.4736842105263157
the number of false negetive edges is 0
the number of probability greater than 0 is 3.3/edge
