20
 0.000000 0.000000 0.000000 0.000000 0.000000 0.000000 0.000002 0.000000 0.499902 0.000000 0.000000 0.500096 0.000000 0.000000 0.000000 0.000000 0.000000 0.000000 0.000000 0.000000
 0.000000 0.000000 0.000000 0.000000 0.500000 0.000000 0.000000 0.000000 0.000000 0.000000 0.000000 0.000000 0.000000 0.000000 0.000000 0.500000 0.000000 0.000000 0.000000 0.000000
 0.000000 0.000000 0.000000 0.000000 0.000000 0.000000 0.000000 0.000000 0.000127 0.000000 0.000000 0.000000 0.000000 0.000000 0.000000 0.000000 0.000000 0.499914 0.499958 0.000000
 0.000000 0.000000 0.000000 0.000000 0.375045 0.000000 0.000000 0.000000 0.236181 0.010324 0.378450 0.000000 0.000000 0.000000 0.000000 0.000000 0.000000 0.000000 0.000000 0.000000
 0.000000 0.435130 0.000000 0.431214 0.000000 0.000000 0.000000 0.000000 0.000000 0.000000 0.006438 0.127217 0.000000 0.000000 0.000000 0.000000 0.000000 0.000000 0.000000 0.000000
 0.000000 0.000000 0.000000 0.000000 0.000000 0.000000 0.000000 0.000000 0.000000 0.000000 0.000000 0.000000 0.500002 0.000000 0.000000 0.000000 0.000000 0.000000 0.000000 0.499998
 0.000001 0.000000 0.000000 0.000000 0.000000 0.000000 0.000000 0.082685 0.383503 0.000000 0.000000 0.000008 0.000000 0.000000 0.392133 0.141670 0.000000 0.000000 0.000000 0.000000
 0.000000 0.000000 0.000000 0.000000 0.000000 0.000000 0.095412 0.000000 0.000000 0.000000 0.000000 0.000000 0.000000 0.000000 0.452097 0.000000 0.000000 0.452491 0.000000 0.000000
 0.370053 0.000000 0.000094 0.231030 0.000000 0.000000 0.362050 0.000000 0.000000 0.000000 0.000000 0.000000 0.000000 0.000000 0.036764 0.000000 0.000000 0.000008 0.000000 0.000000
 0.000000 0.000000 0.000000 0.013458 0.000000 0.000000 0.000000 0.000000 0.000000 0.000000 0.493204 0.000000 0.000000 0.493338 0.000000 0.000000 0.000000 0.000000 0.000000 0.000000
 0.000000 0.000000 0.000000 0.496395 0.007345 0.000000 0.000000 0.000000 0.000000 0.496260 0.000000 0.000000 0.000000 0.000000 0.000000 0.000000 0.000000 0.000000 0.000000 0.000000
 0.437412 0.000000 0.000000 0.000000 0.127884 0.000000 0.000009 0.000000 0.000000 0.000000 0.000000 0.000000 0.000000 0.000000 0.000839 0.433855 0.000000 0.000000 0.000000 0.000000
 0.000000 0.000000 0.000000 0.000000 0.000000 0.500001 0.000000 0.000000 0.000000 0.000000 0.000000 0.000000 0.000000 0.000000 0.000000 0.000000 0.499999 0.000000 0.000000 0.000000
 0.000000 0.000000 0.000000 0.000000 0.000000 0.000000 0.000000 0.000000 0.000000 0.500000 0.000000 0.000000 0.000000 0.000000 0.000000 0.000000 0.000000 0.000000 0.000000 0.500000
 0.000000 0.000000 0.000000 0.000000 0.000000 0.000000 0.476109 0.475695 0.047282 0.000000 0.000000 0.000914 0.000000 0.000000 0.000000 0.000000 0.000000 0.000000 0.000000 0.000000
 0.000000 0.424962 0.000000 0.000000 0.000000 0.000000 0.153531 0.000000 0.000000 0.000000 0.000000 0.421507 0.000000 0.000000 0.000000 0.000000 0.000000 0.000000 0.000000 0.000000
 0.000000 0.000000 0.000000 0.000000 0.000000 0.000000 0.000000 0.000000 0.000000 0.000000 0.000000 0.000000 0.499999 0.000000 0.000000 0.000000 0.000000 0.000000 0.500001 0.000000
 0.000000 0.000000 0.499973 0.000000 0.000000 0.000000 0.000000 0.500016 0.000011 0.000000 0.000000 0.000000 0.000000 0.000000 0.000000 0.000000 0.000000 0.000000 0.000000 0.000000
 0.000000 0.000000 0.500000 0.000000 0.000000 0.000000 0.000000 0.000000 0.000000 0.000000 0.000000 0.000000 0.000000 0.000000 0.000000 0.000000 0.500000 0.000000 0.000000 0.000000
 0.000000 0.000000 0.000000 0.000000 0.000000 0.499998 0.000000 0.000000 0.000000 0.000000 0.000000 0.000000 0.000000 0.500002 0.000000 0.000000 0.000000 0.000000 0.000000 0.000000
the mean of prob-rank is 1.5789473684210527
the number of false negetive edges is 0
the number of probability greater than 0 is 3.2/edge
