20
 0.000000 0.000000 0.000000 0.000000 0.000000 0.000000 0.000000 0.000000 0.499987 0.000000 0.000000 0.000000 0.000000 0.000000 0.000000 0.499995 0.000018 0.000000 0.000000 0.000000
 0.000000 0.000000 0.000000 0.000000 0.000000 0.000000 0.000000 0.000000 0.000000 0.000000 0.000000 0.000000 0.000000 0.500000 0.000000 0.000000 0.000000 0.000000 0.500000 0.000000
 0.000000 0.000000 0.000000 0.000000 0.000000 0.400357 0.000000 0.000000 0.000000 0.000000 0.000003 0.199026 0.000000 0.000000 0.000000 0.000000 0.000000 0.400614 0.000000 0.000000
 0.000000 0.000000 0.000000 0.000000 0.000021 0.000000 0.000000 0.000000 0.000000 0.000000 0.447865 0.071378 0.000000 0.000000 0.032605 0.004901 0.000000 0.000000 0.000000 0.443230
 0.000000 0.000000 0.000000 0.000017 0.000000 0.000000 0.282022 0.000000 0.000000 0.351578 0.000000 0.000000 0.000000 0.000000 0.000000 0.000000 0.000502 0.010836 0.000000 0.355045
 0.000000 0.000000 0.449302 0.000000 0.000000 0.000000 0.000000 0.000000 0.000000 0.000000 0.000000 0.000000 0.000000 0.000000 0.000000 0.000000 0.000000 0.101107 0.449591 0.000000
 0.000000 0.000000 0.000000 0.000000 0.287011 0.000000 0.000000 0.000000 0.000000 0.361501 0.000000 0.000000 0.000000 0.000000 0.000000 0.000000 0.351488 0.000000 0.000000 0.000000
 0.000000 0.000000 0.000000 0.000000 0.000000 0.000000 0.000000 0.000000 0.000001 0.000000 0.000000 0.000000 0.500001 0.499999 0.000000 0.000000 0.000000 0.000000 0.000000 0.000000
 0.499996 0.000000 0.000000 0.000000 0.000000 0.000000 0.000000 0.000001 0.000000 0.000000 0.000000 0.000000 0.500003 0.000000 0.000000 0.000000 0.000001 0.000000 0.000000 0.000000
 0.000000 0.000000 0.000000 0.000000 0.392072 0.000000 0.396129 0.000000 0.000000 0.000000 0.000000 0.000000 0.000000 0.000000 0.000000 0.000000 0.211799 0.000000 0.000000 0.000000
 0.000000 0.000000 0.000004 0.504017 0.000000 0.000000 0.000000 0.000000 0.000000 0.000000 0.000000 0.495979 0.000000 0.000000 0.000000 0.000000 0.000000 0.000000 0.000000 0.000000
 0.000000 0.000000 0.184663 0.059240 0.000000 0.000000 0.000000 0.000000 0.000000 0.000000 0.365776 0.000000 0.000000 0.000000 0.367574 0.000000 0.000000 0.022745 0.000000 0.000002
 0.000000 0.000000 0.000000 0.000000 0.000000 0.000000 0.000000 0.500000 0.500000 0.000000 0.000000 0.000000 0.000000 0.000000 0.000000 0.000000 0.000000 0.000000 0.000000 0.000000
 0.000000 0.500001 0.000000 0.000000 0.000000 0.000000 0.000000 0.499999 0.000000 0.000000 0.000000 0.000000 0.000000 0.000000 0.000000 0.000000 0.000000 0.000000 0.000000 0.000000
 0.000000 0.000000 0.000000 0.026170 0.000000 0.000000 0.000000 0.000000 0.000000 0.000000 0.000000 0.355480 0.000000 0.000000 0.000000 0.000000 0.000000 0.348918 0.000000 0.269431
 0.497281 0.000000 0.000000 0.005441 0.000000 0.000000 0.000000 0.000000 0.000000 0.000000 0.000000 0.000000 0.000000 0.000000 0.000000 0.000000 0.497277 0.000000 0.000000 0.000000
 0.000014 0.000000 0.000000 0.000000 0.000564 0.000000 0.387616 0.000000 0.000000 0.213151 0.000000 0.000000 0.000000 0.000000 0.000000 0.398655 0.000000 0.000000 0.000000 0.000000
 0.000000 0.000000 0.385599 0.000000 0.011763 0.086716 0.000000 0.000000 0.000000 0.000000 0.000000 0.023595 0.000000 0.000000 0.374276 0.000000 0.000000 0.000000 0.000000 0.118050
 0.000000 0.500000 0.000000 0.000000 0.000000 0.500000 0.000000 0.000000 0.000000 0.000000 0.000000 0.000000 0.000000 0.000000 0.000000 0.000000 0.000000 0.000000 0.000000 0.000000
 0.000000 0.000000 0.000000 0.325026 0.328267 0.000000 0.000000 0.000000 0.000000 0.000000 0.000000 0.000002 0.000000 0.000000 0.246159 0.000000 0.000000 0.100546 0.000000 0.000000
the mean of prob-rank is 1.4736842105263157
the number of false negetive edges is 0
the number of probability greater than 0 is 3.6/edge
