20
 0.000000 0.000000 0.000000 0.000000 0.000000 0.000000 0.000000 0.000000 0.000000 0.000000 0.000000 0.500006 0.000000 0.000000 0.000000 0.000000 0.000000 0.499994 0.000000 0.000000
 0.000000 0.000000 0.000000 0.000000 0.000000 0.499997 0.000000 0.000006 0.000000 0.000000 0.000000 0.499997 0.000000 0.000000 0.000000 0.000000 0.000000 0.000000 0.000000 0.000000
 0.000000 0.000000 0.000000 0.000000 0.000000 0.000000 0.000000 0.191809 0.000775 0.000000 0.000000 0.000000 0.000000 0.394696 0.000000 0.000000 0.374105 0.000000 0.038615 0.000000
 0.000000 0.000000 0.000000 0.000000 0.000000 0.000000 0.000000 0.000007 0.000001 0.288903 0.000000 0.000000 0.000534 0.150332 0.288955 0.000000 0.000023 0.000000 0.000000 0.271245
 0.000000 0.000000 0.000000 0.000000 0.000000 0.500027 0.000000 0.000000 0.000000 0.000000 0.000000 0.000000 0.000000 0.000000 0.000000 0.000000 0.000000 0.000000 0.499973 0.000000
 0.000000 0.500000 0.000000 0.000000 0.500000 0.000000 0.000000 0.000000 0.000000 0.000000 0.000000 0.000000 0.000000 0.000000 0.000000 0.000000 0.000000 0.000000 0.000000 0.000000
 0.000000 0.000000 0.000000 0.000000 0.000000 0.000000 0.000000 0.500115 0.000000 0.000000 0.000000 0.000000 0.000000 0.000000 0.000000 0.000000 0.000000 0.000000 0.499885 0.000000
 0.000000 0.000003 0.132785 0.000007 0.000000 0.000000 0.273238 0.000000 0.235088 0.222104 0.000000 0.000000 0.133618 0.000000 0.000000 0.000000 0.002914 0.000000 0.000000 0.000242
 0.000000 0.000000 0.000542 0.000001 0.000000 0.000000 0.000000 0.237484 0.000000 0.009244 0.000000 0.000000 0.274058 0.000000 0.000000 0.000000 0.258485 0.000000 0.000000 0.220187
 0.000000 0.000000 0.000000 0.269020 0.000000 0.000000 0.000000 0.228135 0.009399 0.000000 0.000000 0.000000 0.231333 0.000000 0.000000 0.000000 0.000000 0.000000 0.000000 0.262112
 0.000000 0.000000 0.000000 0.000000 0.000000 0.000000 0.000000 0.000000 0.000000 0.000000 0.000000 0.000000 0.000000 0.000000 0.000000 0.499988 0.000000 0.500011 0.000000 0.000000
 0.500000 0.500000 0.000000 0.000000 0.000000 0.000000 0.000000 0.000000 0.000000 0.000000 0.000000 0.000000 0.000000 0.000000 0.000000 0.000000 0.000000 0.000000 0.000000 0.000000
 0.000000 0.000000 0.000000 0.000538 0.000000 0.000000 0.000000 0.148581 0.301673 0.250436 0.000000 0.000000 0.000000 0.000000 0.000000 0.000000 0.000140 0.000000 0.000000 0.298632
 0.000000 0.000000 0.308888 0.154066 0.000000 0.000000 0.000000 0.000000 0.000000 0.000000 0.000000 0.000000 0.000000 0.000000 0.181833 0.000000 0.299514 0.000000 0.000000 0.055700
 0.000000 0.000000 0.000000 0.376350 0.000000 0.000000 0.000000 0.000000 0.000000 0.000000 0.000000 0.000000 0.000000 0.231089 0.000000 0.392561 0.000000 0.000000 0.000000 0.000000
 0.000000 0.000000 0.000000 0.000000 0.000000 0.000000 0.000000 0.000000 0.000000 0.000000 0.499988 0.000000 0.000000 0.000000 0.500012 0.000000 0.000000 0.000000 0.000000 0.000000
 0.000000 0.000000 0.282835 0.000022 0.000000 0.000000 0.000000 0.003183 0.279442 0.000000 0.000000 0.000000 0.000137 0.289347 0.000000 0.000000 0.000000 0.000000 0.000000 0.145033
 0.499994 0.000000 0.000000 0.000000 0.000000 0.000000 0.000000 0.000000 0.000000 0.000000 0.500006 0.000000 0.000000 0.000000 0.000000 0.000000 0.000000 0.000000 0.000000 0.000000
 0.000000 0.000000 0.046649 0.000000 0.476759 0.000000 0.476592 0.000000 0.000000 0.000000 0.000000 0.000000 0.000000 0.000000 0.000000 0.000000 0.000000 0.000000 0.000000 0.000000
 0.000000 0.000000 0.000000 0.210184 0.000000 0.000000 0.000000 0.000207 0.186308 0.218119 0.000000 0.000000 0.229553 0.042115 0.000000 0.000000 0.113514 0.000000 0.000000 0.000000
the mean of prob-rank is 1.8421052631578947
the number of false negetive edges is 0
the number of probability greater than 0 is 4.1/edge
