20
 0.000000 0.000000 0.499732 0.000000 0.000000 0.000000 0.000000 0.000000 0.000000 0.000000 0.000000 0.000000 0.000000 0.000000 0.499729 0.000000 0.000000 0.000000 0.000000 0.000540
 0.000000 0.000000 0.000000 0.000000 0.000074 0.491462 0.000000 0.000000 0.000000 0.000000 0.000000 0.491512 0.000000 0.000000 0.000000 0.000000 0.000078 0.016874 0.000000 0.000000
 0.500000 0.000000 0.000000 0.000000 0.000000 0.000000 0.000000 0.000000 0.000000 0.000000 0.000000 0.000000 0.000000 0.500000 0.000000 0.000000 0.000000 0.000000 0.000000 0.000000
 0.000000 0.000000 0.000000 0.000000 0.000000 0.052728 0.000000 0.473641 0.000000 0.000000 0.000000 0.000000 0.000000 0.000000 0.000000 0.473631 0.000000 0.000000 0.000000 0.000000
 0.000000 0.000059 0.000000 0.000000 0.000000 0.000002 0.218422 0.000000 0.000000 0.000000 0.000000 0.000677 0.000000 0.000000 0.000000 0.000000 0.000000 0.390581 0.000000 0.390259
 0.000000 0.361454 0.000000 0.040243 0.000002 0.000000 0.360320 0.000000 0.000000 0.000000 0.143838 0.000000 0.000000 0.000000 0.000000 0.000000 0.000000 0.093796 0.000347 0.000000
 0.000000 0.000000 0.000000 0.000000 0.211681 0.377298 0.000000 0.000000 0.032396 0.000000 0.000323 0.000000 0.000000 0.000000 0.000000 0.000000 0.000000 0.378085 0.000000 0.000218
 0.000000 0.000000 0.000000 0.373785 0.000000 0.000000 0.000000 0.000000 0.000000 0.000000 0.252430 0.000000 0.000000 0.000000 0.000000 0.000000 0.000000 0.000000 0.373786 0.000000
 0.000000 0.000000 0.000000 0.000000 0.000000 0.000000 0.041154 0.000000 0.000000 0.000000 0.478205 0.000000 0.000000 0.000000 0.000000 0.000000 0.000000 0.000000 0.000000 0.480641
 0.000000 0.000000 0.000000 0.000000 0.000000 0.000000 0.000000 0.000000 0.000000 0.000000 0.000000 0.000000 0.499510 0.000000 0.000000 0.000986 0.499504 0.000000 0.000000 0.000000
 0.000000 0.000000 0.000000 0.000000 0.000000 0.129672 0.000278 0.220084 0.324088 0.000000 0.000000 0.000000 0.000000 0.000000 0.000000 0.000000 0.000000 0.000000 0.325878 0.000000
 0.000000 0.499115 0.000000 0.000000 0.000865 0.000000 0.000000 0.000000 0.000000 0.000000 0.000000 0.000000 0.000000 0.000000 0.499091 0.000000 0.000000 0.000006 0.000000 0.000923
 0.000000 0.000000 0.000000 0.000000 0.000000 0.000000 0.000000 0.000000 0.000000 0.500000 0.000000 0.000000 0.000000 0.500000 0.000000 0.000000 0.000000 0.000000 0.000000 0.000000
 0.000000 0.000000 0.500000 0.000000 0.000000 0.000000 0.000000 0.000000 0.000000 0.000000 0.000000 0.000000 0.500000 0.000000 0.000000 0.000000 0.000000 0.000000 0.000000 0.000000
 0.495995 0.000000 0.000000 0.000000 0.000000 0.000000 0.000000 0.000000 0.000000 0.000000 0.000000 0.495971 0.000000 0.000000 0.000000 0.000000 0.000000 0.000000 0.000000 0.008034
 0.000000 0.000000 0.000000 0.499501 0.000000 0.000000 0.000000 0.000000 0.000000 0.000986 0.000000 0.000000 0.000000 0.000000 0.000000 0.000000 0.499513 0.000000 0.000000 0.000000
 0.000000 0.000080 0.000000 0.000000 0.000000 0.000000 0.000000 0.000000 0.000000 0.499957 0.000000 0.000000 0.000000 0.000000 0.000000 0.499963 0.000000 0.000000 0.000000 0.000000
 0.000000 0.014969 0.000000 0.000000 0.436024 0.113135 0.435515 0.000000 0.000000 0.000000 0.000000 0.000006 0.000000 0.000000 0.000000 0.000000 0.000000 0.000000 0.000000 0.000351
 0.000000 0.000000 0.000000 0.000000 0.000000 0.000479 0.000000 0.499769 0.000000 0.000000 0.499752 0.000000 0.000000 0.000000 0.000000 0.000000 0.000000 0.000000 0.000000 0.000000
 0.000535 0.000000 0.000000 0.000000 0.494832 0.000000 0.000285 0.000000 0.495012 0.000000 0.000000 0.000915 0.000000 0.000000 0.008022 0.000000 0.000000 0.000399 0.000000 0.000000
the mean of prob-rank is 1.5789473684210527
the number of false negetive edges is 0
the number of probability greater than 0 is 4.0/edge
