20
 0.000000 0.490953 0.000000 0.000000 0.000000 0.000000 0.000000 0.018093 0.000000 0.000000 0.000000 0.000000 0.000000 0.000000 0.000000 0.490954 0.000000 0.000000 0.000000 0.000000
 0.499969 0.000000 0.000000 0.000000 0.000000 0.000000 0.000000 0.000000 0.000000 0.000000 0.000000 0.000000 0.500012 0.000000 0.000000 0.000020 0.000000 0.000000 0.000000 0.000000
 0.000000 0.000000 0.000000 0.493729 0.000000 0.012743 0.000000 0.000000 0.000000 0.000043 0.000000 0.000000 0.000000 0.000000 0.493485 0.000000 0.000000 0.000000 0.000000 0.000000
 0.000000 0.000000 0.500003 0.000000 0.000000 0.000000 0.000000 0.000000 0.000000 0.000000 0.000000 0.000000 0.499997 0.000000 0.000000 0.000000 0.000000 0.000000 0.000000 0.000000
 0.000000 0.000000 0.000000 0.000000 0.000000 0.000000 0.000000 0.000000 0.000000 0.000000 0.345716 0.000000 0.000000 0.339093 0.000000 0.000000 0.315191 0.000000 0.000000 0.000000
 0.000000 0.000000 0.009741 0.000000 0.000000 0.000000 0.000000 0.000000 0.000000 0.000285 0.000000 0.363273 0.000000 0.249533 0.377167 0.000000 0.000000 0.000000 0.000000 0.000000
 0.000000 0.000000 0.000000 0.000000 0.000000 0.000000 0.000000 0.000000 0.000000 0.339713 0.000000 0.000000 0.000000 0.000000 0.000000 0.044919 0.000000 0.000000 0.286554 0.328814
 0.014793 0.000000 0.000000 0.000000 0.000000 0.000000 0.000000 0.000000 0.000000 0.000000 0.000000 0.000000 0.000000 0.000000 0.000000 0.398012 0.032037 0.401439 0.049840 0.103878
 0.000000 0.000000 0.000000 0.000000 0.000000 0.000000 0.000000 0.000000 0.000000 0.000000 0.500003 0.000000 0.000000 0.000000 0.000000 0.000000 0.000000 0.499997 0.000000 0.000000
 0.000000 0.000000 0.000035 0.000000 0.000000 0.000304 0.397763 0.000000 0.000000 0.000000 0.000000 0.401813 0.000000 0.000000 0.176240 0.000001 0.000000 0.000000 0.018665 0.005178
 0.000000 0.000000 0.000000 0.000000 0.499975 0.000000 0.000000 0.000000 0.500025 0.000000 0.000000 0.000000 0.000000 0.000000 0.000000 0.000000 0.000000 0.000000 0.000000 0.000000
 0.000000 0.000000 0.000000 0.000000 0.000000 0.334522 0.000000 0.000000 0.000000 0.346812 0.000000 0.000000 0.000000 0.314883 0.002445 0.000000 0.000000 0.000000 0.001339 0.000000
 0.000000 0.500003 0.000000 0.499997 0.000000 0.000000 0.000000 0.000000 0.000000 0.000000 0.000000 0.000000 0.000000 0.000000 0.000000 0.000000 0.000000 0.000000 0.000000 0.000000
 0.000000 0.000000 0.000000 0.000000 0.277052 0.186776 0.000000 0.000000 0.000000 0.000000 0.000000 0.255946 0.000000 0.000000 0.000000 0.000000 0.278732 0.000000 0.001494 0.000000
 0.000000 0.000000 0.409033 0.000000 0.000000 0.408970 0.000000 0.000000 0.000000 0.179119 0.000000 0.002879 0.000000 0.000000 0.000000 0.000000 0.000000 0.000000 0.000000 0.000000
 0.463439 0.000018 0.000000 0.000000 0.000000 0.000000 0.060539 0.459521 0.000000 0.000001 0.000000 0.000000 0.000000 0.000000 0.000000 0.000000 0.000000 0.000000 0.004030 0.012452
 0.000000 0.000000 0.000000 0.000000 0.239759 0.000000 0.000000 0.020989 0.000000 0.000000 0.000000 0.000000 0.000000 0.259505 0.000000 0.000000 0.000000 0.000000 0.247149 0.232597
 0.000000 0.000000 0.000000 0.000000 0.000000 0.000000 0.000000 0.500003 0.499997 0.000000 0.000000 0.000000 0.000000 0.000000 0.000000 0.000000 0.000000 0.000000 0.000000 0.000000
 0.000000 0.000000 0.000000 0.000000 0.000000 0.000000 0.281385 0.041926 0.000000 0.015653 0.000000 0.001301 0.000000 0.001786 0.000000 0.002936 0.317332 0.000000 0.000000 0.337681
 0.000000 0.000000 0.000000 0.000000 0.000000 0.000000 0.304604 0.082436 0.000000 0.004097 0.000000 0.000000 0.000000 0.000001 0.000000 0.008559 0.281740 0.000000 0.318564 0.000000
the mean of prob-rank is 1.4210526315789473
the number of false negetive edges is 0
the number of probability greater than 0 is 4.3/edge
