20
 0.000000 0.000000 0.000000 0.000000 0.000000 0.000001 0.000000 0.000000 0.000000 0.499998 0.000000 0.000000 0.000000 0.000000 0.000000 0.000001 0.000000 0.000000 0.000000 0.500000
 0.000000 0.000000 0.491093 0.000000 0.002474 0.000000 0.000000 0.000000 0.000000 0.000000 0.000000 0.000000 0.000000 0.015305 0.000000 0.000000 0.491128 0.000000 0.000000 0.000000
 0.000000 0.482875 0.000000 0.013190 0.000000 0.000005 0.482886 0.000000 0.000000 0.000000 0.000000 0.000000 0.019798 0.000067 0.000000 0.000000 0.000403 0.000000 0.000000 0.000775
 0.000000 0.000000 0.013162 0.000000 0.000000 0.000000 0.000000 0.000000 0.024096 0.000000 0.000000 0.481243 0.000000 0.000000 0.000000 0.000000 0.481499 0.000000 0.000000 0.000000
 0.000000 0.002513 0.000000 0.000000 0.000000 0.000000 0.000000 0.000051 0.000000 0.000000 0.498817 0.000000 0.000001 0.498618 0.000000 0.000000 0.000000 0.000000 0.000000 0.000000
 0.000001 0.000000 0.000005 0.000000 0.000000 0.000000 0.000000 0.499498 0.000000 0.000000 0.000000 0.000000 0.000999 0.000000 0.000000 0.000000 0.000000 0.000000 0.000000 0.499497
 0.000000 0.000000 0.490045 0.000000 0.000000 0.000000 0.000000 0.000000 0.000000 0.000000 0.000000 0.000000 0.490035 0.019920 0.000000 0.000000 0.000000 0.000000 0.000000 0.000000
 0.000000 0.000000 0.000000 0.000000 0.000048 0.473034 0.000000 0.000000 0.000000 0.000000 0.471617 0.000000 0.054883 0.000000 0.000000 0.000000 0.000000 0.000000 0.000000 0.000418
 0.000000 0.000000 0.000000 0.024336 0.000000 0.000000 0.000000 0.000000 0.000000 0.000000 0.000000 0.486671 0.000000 0.000000 0.003729 0.485229 0.000036 0.000000 0.000000 0.000000
 0.499993 0.000000 0.000000 0.000000 0.000000 0.000000 0.000000 0.000000 0.000000 0.000000 0.000000 0.000000 0.000000 0.000000 0.000000 0.000000 0.000000 0.000012 0.499995 0.000000
 0.000000 0.000000 0.000000 0.000000 0.461145 0.000000 0.000000 0.459762 0.000000 0.000000 0.000000 0.000000 0.000210 0.078883 0.000000 0.000000 0.000000 0.000000 0.000000 0.000000
 0.000000 0.000000 0.000000 0.442930 0.000000 0.000000 0.000000 0.000000 0.443518 0.000000 0.000000 0.000000 0.000000 0.000000 0.000000 0.113545 0.000006 0.000000 0.000000 0.000000
 0.000000 0.000000 0.018987 0.000000 0.000001 0.000926 0.463091 0.053733 0.000000 0.000000 0.000211 0.000000 0.000000 0.463051 0.000000 0.000000 0.000000 0.000000 0.000000 0.000000
 0.000000 0.013897 0.000062 0.000000 0.445762 0.000000 0.018127 0.000000 0.000000 0.000000 0.076282 0.000000 0.445871 0.000000 0.000000 0.000000 0.000000 0.000000 0.000000 0.000000
 0.000000 0.000000 0.000000 0.000000 0.000000 0.000000 0.000000 0.000000 0.003816 0.000000 0.000000 0.000000 0.000000 0.000000 0.000000 0.498057 0.000000 0.498082 0.000045 0.000000
 0.000001 0.000000 0.000000 0.000000 0.000000 0.000000 0.000000 0.000000 0.440039 0.000000 0.000000 0.112989 0.000000 0.000000 0.441325 0.000000 0.000000 0.000073 0.005574 0.000000
 0.000000 0.499968 0.000418 0.499570 0.000000 0.000000 0.000000 0.000000 0.000037 0.000000 0.000000 0.000007 0.000000 0.000000 0.000000 0.000000 0.000000 0.000000 0.000000 0.000000
 0.000000 0.000000 0.000000 0.000000 0.000000 0.000000 0.000000 0.000000 0.000000 0.000012 0.000000 0.000000 0.000000 0.000000 0.499973 0.000082 0.000000 0.000000 0.499933 0.000000
 0.000000 0.000000 0.000000 0.000000 0.000000 0.000000 0.000000 0.000000 0.000000 0.496860 0.000000 0.000000 0.000000 0.000000 0.000045 0.006275 0.000000 0.496820 0.000000 0.000000
 0.499380 0.000000 0.000801 0.000000 0.000000 0.499378 0.000000 0.000441 0.000000 0.000000 0.000000 0.000000 0.000000 0.000000 0.000000 0.000000 0.000000 0.000000 0.000000 0.000000
the mean of prob-rank is 1.5789473684210527
the number of false negetive edges is 0
the number of probability greater than 0 is 4.5/edge
