20
 0.000000 0.000000 0.000000 0.000000 0.000000 0.000000 0.499985 0.000000 0.000000 0.000000 0.000000 0.000000 0.000000 0.500015 0.000000 0.000000 0.000000 0.000000 0.000000 0.000000
 0.000000 0.000000 0.000000 0.000000 0.499937 0.000000 0.000000 0.000000 0.000030 0.000000 0.000006 0.500027 0.000000 0.000000 0.000000 0.000000 0.000000 0.000000 0.000000 0.000000
 0.000000 0.000000 0.000000 0.000000 0.000000 0.000000 0.000000 0.000000 0.000000 0.000000 0.499977 0.500023 0.000000 0.000000 0.000000 0.000000 0.000000 0.000000 0.000000 0.000000
 0.000000 0.000000 0.000000 0.000000 0.201902 0.224055 0.000000 0.000000 0.171412 0.000000 0.000000 0.000000 0.000000 0.000000 0.000000 0.000000 0.000258 0.196831 0.205542 0.000000
 0.000000 0.294764 0.000000 0.253356 0.000000 0.000000 0.000000 0.000000 0.184993 0.000000 0.000000 0.000000 0.000000 0.000000 0.000000 0.000000 0.000000 0.000000 0.266887 0.000000
 0.000000 0.000000 0.000000 0.319392 0.000000 0.000000 0.287212 0.334946 0.000000 0.000000 0.000000 0.000000 0.000000 0.000000 0.000000 0.000000 0.000000 0.058451 0.000000 0.000000
 0.387090 0.000000 0.000000 0.000000 0.000000 0.331937 0.000000 0.280973 0.000000 0.000000 0.000000 0.000000 0.000000 0.000000 0.000000 0.000000 0.000000 0.000000 0.000000 0.000000
 0.000000 0.000000 0.000000 0.000000 0.000000 0.300740 0.218287 0.000000 0.000000 0.000000 0.000000 0.000000 0.256979 0.000000 0.000000 0.000000 0.000000 0.223994 0.000000 0.000000
 0.000000 0.000014 0.000000 0.169603 0.145867 0.000000 0.000000 0.000000 0.000000 0.000000 0.058766 0.000000 0.198404 0.000000 0.000000 0.232491 0.000000 0.194855 0.000000 0.000000
 0.000000 0.000000 0.000000 0.000000 0.000000 0.000000 0.000000 0.000000 0.000000 0.000000 0.452192 0.000000 0.094534 0.000000 0.000000 0.453274 0.000000 0.000000 0.000000 0.000000
 0.000000 0.000005 0.444344 0.000000 0.000000 0.000000 0.000000 0.000000 0.112325 0.443325 0.000000 0.000001 0.000000 0.000000 0.000000 0.000000 0.000000 0.000000 0.000000 0.000000
 0.000000 0.499968 0.500030 0.000000 0.000000 0.000000 0.000000 0.000000 0.000000 0.000000 0.000002 0.000000 0.000000 0.000000 0.000000 0.000000 0.000000 0.000000 0.000000 0.000000
 0.000000 0.000000 0.000000 0.000000 0.000000 0.000000 0.000000 0.292987 0.292613 0.071512 0.000000 0.000000 0.000000 0.000000 0.000000 0.000000 0.000000 0.342887 0.000000 0.000000
 0.500003 0.000000 0.000000 0.000000 0.000000 0.000000 0.000000 0.000000 0.000000 0.000000 0.000000 0.000000 0.000000 0.000000 0.000000 0.000000 0.000000 0.000000 0.000000 0.499997
 0.000000 0.000000 0.000000 0.000000 0.000000 0.000000 0.000000 0.000000 0.000000 0.000000 0.000000 0.000000 0.000000 0.000000 0.000000 0.000000 0.500000 0.000000 0.000000 0.500000
 0.000000 0.000000 0.000000 0.000000 0.000000 0.000000 0.000000 0.000000 0.499999 0.500001 0.000000 0.000000 0.000000 0.000000 0.000000 0.000000 0.000000 0.000000 0.000000 0.000000
 0.000000 0.000000 0.000000 0.000549 0.000000 0.000000 0.000000 0.000000 0.000000 0.000000 0.000000 0.000000 0.000000 0.000000 0.499725 0.000000 0.000000 0.000000 0.499725 0.000000
 0.000000 0.000000 0.000000 0.233007 0.000000 0.048539 0.000000 0.207169 0.233127 0.000000 0.000000 0.000000 0.278157 0.000000 0.000000 0.000000 0.000000 0.000000 0.000000 0.000000
 0.000000 0.000000 0.000000 0.314670 0.325605 0.000000 0.000000 0.000000 0.000000 0.000000 0.000000 0.000000 0.000000 0.000000 0.000000 0.000000 0.359725 0.000000 0.000000 0.000000
 0.000000 0.000000 0.000000 0.000000 0.000000 0.000000 0.000000 0.000000 0.000000 0.000000 0.000000 0.000000 0.000000 0.499997 0.500003 0.000000 0.000000 0.000000 0.000000 0.000000
the mean of prob-rank is 1.8421052631578947
the number of false negetive edges is 0
the number of probability greater than 0 is 3.5/edge
