20
 0.000000 0.404506 0.000000 0.000000 0.000000 0.000000 0.000000 0.000000 0.000000 0.193490 0.000000 0.000000 0.000000 0.000000 0.000000 0.000003 0.000000 0.402001 0.000000 0.000000
 0.499895 0.000000 0.000000 0.000000 0.000000 0.000000 0.500105 0.000000 0.000000 0.000000 0.000000 0.000000 0.000000 0.000000 0.000000 0.000000 0.000000 0.000000 0.000000 0.000000
 0.000000 0.000000 0.000000 0.000000 0.000000 0.000000 0.000000 0.000000 0.000000 0.000000 0.000000 0.000000 0.000000 0.000000 0.475844 0.048771 0.000000 0.475385 0.000000 0.000000
 0.000000 0.000000 0.000000 0.000000 0.000000 0.000000 0.214472 0.000000 0.000000 0.000000 0.000000 0.000000 0.000000 0.000000 0.000000 0.000000 0.000000 0.000000 0.390483 0.395045
 0.000000 0.000000 0.000000 0.000000 0.000000 0.000000 0.000000 0.429110 0.144239 0.000000 0.000000 0.426549 0.000000 0.000000 0.000000 0.000102 0.000000 0.000000 0.000000 0.000000
 0.000000 0.000000 0.000000 0.000000 0.000000 0.000000 0.000000 0.000000 0.000000 0.000000 0.500000 0.000000 0.000000 0.000000 0.000000 0.000000 0.500000 0.000000 0.000000 0.000000
 0.000000 0.396241 0.000000 0.215121 0.000000 0.000000 0.000000 0.000000 0.000000 0.388638 0.000000 0.000000 0.000000 0.000000 0.000000 0.000000 0.000000 0.000000 0.000000 0.000000
 0.000000 0.000000 0.000000 0.000000 0.499999 0.000000 0.000000 0.000000 0.000000 0.000000 0.000000 0.000000 0.000000 0.500001 0.000000 0.000000 0.000000 0.000000 0.000000 0.000000
 0.000000 0.000000 0.000000 0.000000 0.133986 0.000000 0.000000 0.000000 0.000000 0.072216 0.000000 0.000000 0.000000 0.000000 0.000000 0.395237 0.000000 0.000000 0.398561 0.000000
 0.180849 0.000000 0.000000 0.000000 0.000000 0.000000 0.370981 0.000000 0.068525 0.000000 0.000000 0.000000 0.000000 0.000000 0.000000 0.378239 0.000000 0.001406 0.000000 0.000000
 0.000000 0.000000 0.000000 0.000000 0.000000 0.500001 0.000000 0.000000 0.000000 0.000000 0.000000 0.499999 0.000000 0.000000 0.000000 0.000000 0.000000 0.000000 0.000000 0.000000
 0.000000 0.000000 0.000000 0.000000 0.396430 0.000000 0.000000 0.000000 0.000000 0.000000 0.398811 0.000000 0.000000 0.000000 0.000000 0.000000 0.000000 0.000000 0.204759 0.000000
 0.000000 0.000000 0.000000 0.000000 0.000000 0.000000 0.000000 0.000000 0.000000 0.000000 0.000000 0.000000 0.000000 0.500000 0.500000 0.000000 0.000000 0.000000 0.000000 0.000000
 0.000000 0.000000 0.000000 0.000000 0.000000 0.000000 0.000000 0.500000 0.000000 0.000000 0.000000 0.000000 0.500000 0.000000 0.000000 0.000000 0.000000 0.000000 0.000000 0.000000
 0.000000 0.000000 0.499993 0.000000 0.000000 0.000000 0.000000 0.000000 0.000000 0.000000 0.000000 0.000000 0.500006 0.000000 0.000000 0.000000 0.000000 0.000000 0.000000 0.000000
 0.000003 0.000000 0.040107 0.000000 0.000093 0.000000 0.000000 0.000000 0.388011 0.391323 0.000000 0.000000 0.000000 0.000000 0.000000 0.000000 0.000000 0.180464 0.000000 0.000000
 0.000000 0.000000 0.000000 0.000000 0.000000 0.500000 0.000000 0.000000 0.000000 0.000000 0.000000 0.000000 0.000000 0.000000 0.000000 0.000000 0.000000 0.000000 0.000000 0.500000
 0.404264 0.000000 0.406551 0.000000 0.000000 0.000000 0.000000 0.000000 0.000000 0.001512 0.000000 0.000000 0.000000 0.000000 0.000000 0.187673 0.000000 0.000000 0.000000 0.000000
 0.000000 0.000000 0.000000 0.395101 0.000000 0.000000 0.000000 0.000000 0.399668 0.000000 0.000000 0.205225 0.000000 0.000000 0.000000 0.000000 0.000000 0.000000 0.000000 0.000005
 0.000000 0.000000 0.000000 0.499996 0.000000 0.000000 0.000000 0.000000 0.000000 0.000000 0.000000 0.000000 0.000000 0.000000 0.000000 0.000000 0.499997 0.000000 0.000007 0.000000
the mean of prob-rank is 1.5263157894736843
the number of false negetive edges is 0
the number of probability greater than 0 is 3.1/edge
