20
 0.000000 0.000000 0.000000 0.000000 0.000000 0.000000 0.000000 0.000000 0.500224 0.499776 0.000000 0.000000 0.000000 0.000000 0.000000 0.000000 0.000000 0.000000 0.000000 0.000000
 0.000000 0.000000 0.000000 0.000000 0.000000 0.000000 0.000000 0.500000 0.000000 0.000000 0.000000 0.000000 0.000000 0.000000 0.000000 0.500000 0.000000 0.000000 0.000000 0.000000
 0.000000 0.000000 0.000000 0.000000 0.000000 0.000000 0.000000 0.000000 0.000000 0.414050 0.146505 0.000000 0.000000 0.017136 0.000000 0.000000 0.422309 0.000000 0.000000 0.000000
 0.000000 0.000000 0.000000 0.000000 0.459575 0.000000 0.000000 0.000000 0.000000 0.001006 0.000000 0.000000 0.000000 0.083148 0.000000 0.000000 0.000000 0.000000 0.000000 0.456270
 0.000000 0.000000 0.000000 0.500000 0.000000 0.000000 0.000000 0.000000 0.000000 0.000000 0.000000 0.000000 0.000000 0.000000 0.500000 0.000000 0.000000 0.000000 0.000000 0.000000
 0.000000 0.000000 0.000000 0.000000 0.000000 0.000000 0.000000 0.000000 0.000000 0.000000 0.000032 0.499267 0.499237 0.000000 0.000000 0.000000 0.001092 0.000000 0.000371 0.000000
 0.000000 0.000000 0.000000 0.000000 0.000000 0.000000 0.000000 0.000000 0.499999 0.000000 0.000000 0.000000 0.000000 0.000000 0.500001 0.000000 0.000000 0.000000 0.000000 0.000000
 0.000000 0.500000 0.000000 0.000000 0.000000 0.000000 0.000000 0.000000 0.000000 0.000000 0.000000 0.000000 0.500000 0.000000 0.000000 0.000000 0.000000 0.000000 0.000000 0.000000
 0.500001 0.000000 0.000000 0.000000 0.000000 0.000000 0.499999 0.000000 0.000000 0.000000 0.000000 0.000000 0.000000 0.000000 0.000000 0.000000 0.000000 0.000000 0.000000 0.000000
 0.395227 0.000000 0.387714 0.000866 0.000000 0.000000 0.000000 0.000000 0.000000 0.000000 0.000000 0.000000 0.000000 0.216192 0.000000 0.000000 0.000000 0.000000 0.000000 0.000000
 0.000000 0.000000 0.148005 0.000000 0.000000 0.000028 0.000000 0.000000 0.000000 0.000000 0.000000 0.000000 0.000000 0.000000 0.000000 0.000000 0.426740 0.000000 0.425227 0.000000
 0.000000 0.000000 0.000000 0.000000 0.000000 0.499656 0.000000 0.000000 0.000000 0.000000 0.000000 0.000000 0.000701 0.000000 0.000000 0.000000 0.000000 0.000000 0.499643 0.000000
 0.000000 0.000000 0.000000 0.000000 0.000000 0.499635 0.000000 0.499664 0.000000 0.000000 0.000000 0.000701 0.000000 0.000000 0.000000 0.000000 0.000000 0.000000 0.000000 0.000000
 0.000000 0.000000 0.012757 0.056901 0.000000 0.000000 0.000000 0.000000 0.000000 0.171881 0.000000 0.000000 0.000000 0.000000 0.000000 0.144902 0.000000 0.311278 0.000000 0.302282
 0.000000 0.000000 0.000000 0.000000 0.500000 0.000000 0.500000 0.000000 0.000000 0.000000 0.000000 0.000000 0.000000 0.000000 0.000000 0.000000 0.000000 0.000000 0.000000 0.000000
 0.000000 0.408787 0.000000 0.000000 0.000000 0.000000 0.000000 0.000000 0.000000 0.000000 0.000000 0.000000 0.000000 0.188342 0.000000 0.000000 0.000000 0.402871 0.000000 0.000000
 0.000000 0.000000 0.497070 0.000000 0.000000 0.001088 0.000000 0.000000 0.000000 0.000000 0.497192 0.000000 0.000000 0.000000 0.000000 0.000000 0.000000 0.000000 0.004651 0.000000
 0.000000 0.000000 0.000000 0.000000 0.000000 0.000000 0.000000 0.000000 0.000000 0.000000 0.000000 0.000000 0.000000 0.346404 0.000000 0.344927 0.000000 0.000000 0.000000 0.308669
 0.000000 0.000000 0.000000 0.000000 0.000000 0.000370 0.000000 0.000000 0.000000 0.000000 0.496584 0.498384 0.000000 0.000000 0.000000 0.000000 0.004661 0.000000 0.000000 0.000000
 0.000000 0.000000 0.000000 0.350087 0.000000 0.000000 0.000000 0.000000 0.000000 0.000000 0.000000 0.000000 0.000000 0.338923 0.000000 0.000000 0.000000 0.310990 0.000000 0.000000
the mean of prob-rank is 1.5263157894736843
the number of false negetive edges is 0
the number of probability greater than 0 is 3.2/edge
