20
 0.000000 0.000000 0.000000 0.309432 0.000000 0.279382 0.000000 0.000000 0.000000 0.000000 0.000000 0.000217 0.000000 0.000000 0.183969 0.000000 0.000000 0.227001 0.000000 0.000000
 0.000000 0.000000 0.000000 0.344528 0.000000 0.000000 0.000000 0.000000 0.000000 0.000000 0.000000 0.324642 0.026873 0.000000 0.000000 0.000000 0.000000 0.000000 0.000000 0.303957
 0.000000 0.000000 0.000000 0.000000 0.000000 0.000000 0.047434 0.000007 0.476197 0.000000 0.000000 0.000000 0.000000 0.000000 0.000000 0.000000 0.000000 0.476361 0.000000 0.000000
 0.499793 0.500207 0.000000 0.000000 0.000000 0.000000 0.000000 0.000000 0.000000 0.000000 0.000000 0.000000 0.000000 0.000000 0.000000 0.000000 0.000000 0.000000 0.000000 0.000000
 0.000000 0.000000 0.000000 0.000000 0.000000 0.000000 0.000000 0.000000 0.000000 0.000000 0.000000 0.000000 0.000000 0.500000 0.000000 0.000000 0.500000 0.000000 0.000000 0.000000
 0.234502 0.000000 0.000000 0.000000 0.000000 0.000000 0.000000 0.000000 0.000000 0.000000 0.259896 0.211599 0.077479 0.000000 0.179505 0.000000 0.000000 0.000000 0.024734 0.012284
 0.000000 0.000000 0.034064 0.000000 0.000000 0.000000 0.000000 0.342087 0.000000 0.000000 0.005844 0.000000 0.000000 0.000000 0.313636 0.000000 0.000000 0.304369 0.000000 0.000000
 0.000000 0.000000 0.000004 0.000000 0.000000 0.000000 0.244433 0.000000 0.001037 0.000000 0.177460 0.000000 0.000000 0.001014 0.182606 0.000000 0.000000 0.181851 0.211596 0.000000
 0.000000 0.000000 0.498856 0.000000 0.000000 0.000000 0.000000 0.002116 0.000000 0.000000 0.000000 0.000000 0.000000 0.000000 0.000000 0.499028 0.000000 0.000000 0.000000 0.000000
 0.000000 0.000000 0.000000 0.000000 0.000000 0.000000 0.000000 0.000000 0.000000 0.000000 0.000000 0.000000 0.000000 0.000000 0.000000 0.500000 0.500000 0.000000 0.000000 0.000000
 0.000000 0.000000 0.000000 0.000000 0.000000 0.322364 0.005508 0.234078 0.000000 0.000000 0.000000 0.000000 0.000000 0.000000 0.309803 0.000000 0.000000 0.000000 0.128247 0.000000
 0.000235 0.316882 0.000000 0.000000 0.000000 0.273752 0.000000 0.000000 0.000000 0.000000 0.000000 0.000000 0.336281 0.000000 0.000000 0.000000 0.000000 0.000000 0.009791 0.063059
 0.000000 0.032807 0.000000 0.000000 0.000000 0.125370 0.000000 0.000000 0.000000 0.000000 0.000000 0.420599 0.000000 0.000000 0.000000 0.000000 0.000000 0.000000 0.002262 0.418962
 0.000000 0.000000 0.000000 0.000000 0.500363 0.000000 0.000000 0.002075 0.000000 0.000000 0.000000 0.000000 0.000000 0.000000 0.000000 0.000000 0.000000 0.000000 0.497563 0.000000
 0.151932 0.000000 0.000000 0.000000 0.000000 0.176617 0.234486 0.191066 0.000000 0.000000 0.245751 0.000000 0.000000 0.000000 0.000000 0.000000 0.000000 0.000148 0.000000 0.000000
 0.000000 0.000000 0.000000 0.000000 0.000000 0.000000 0.000000 0.000000 0.500000 0.500000 0.000000 0.000000 0.000000 0.000000 0.000000 0.000000 0.000000 0.000000 0.000000 0.000000
 0.000000 0.000000 0.000000 0.000000 0.500000 0.000000 0.000000 0.000000 0.000000 0.500000 0.000000 0.000000 0.000000 0.000000 0.000000 0.000000 0.000000 0.000000 0.000000 0.000000
 0.217682 0.000000 0.296975 0.000000 0.000000 0.000000 0.264231 0.220941 0.000000 0.000000 0.000000 0.000000 0.000000 0.000000 0.000171 0.000000 0.000000 0.000000 0.000000 0.000000
 0.000000 0.000000 0.000000 0.000000 0.000000 0.028745 0.000000 0.261515 0.000000 0.000000 0.120164 0.008796 0.001625 0.300408 0.000000 0.000000 0.000000 0.000000 0.000000 0.278747
 0.000000 0.290614 0.000000 0.000000 0.000000 0.015567 0.000000 0.000000 0.000000 0.000000 0.000000 0.061768 0.328110 0.000000 0.000000 0.000000 0.000000 0.000000 0.303941 0.000000
the mean of prob-rank is 1.5789473684210527
the number of false negetive edges is 0
the number of probability greater than 0 is 4.4/edge
