20
 0.000000 0.000000 0.000000 0.000000 0.235273 0.382315 0.000000 0.000000 0.382412 0.000000 0.000000 0.000000 0.000000 0.000000 0.000000 0.000000 0.000000 0.000000 0.000000 0.000000
 0.000000 0.000000 0.000000 0.000000 0.000000 0.000000 0.000000 0.000000 0.000000 0.000000 0.000000 0.362309 0.032326 0.000000 0.230997 0.000000 0.374368 0.000000 0.000000 0.000000
 0.000000 0.000000 0.000000 0.000000 0.000000 0.000000 0.000000 0.000000 0.000000 0.000000 0.500000 0.000000 0.000000 0.500000 0.000000 0.000000 0.000000 0.000000 0.000000 0.000000
 0.000000 0.000000 0.000000 0.000000 0.000000 0.000000 0.000000 0.364297 0.000000 0.000000 0.000000 0.000000 0.000000 0.000000 0.000000 0.249313 0.000000 0.000000 0.386390 0.000000
 0.155702 0.000000 0.000000 0.000000 0.000000 0.106206 0.000000 0.000000 0.000000 0.000000 0.000000 0.027647 0.000000 0.000000 0.240843 0.000000 0.000000 0.236148 0.000000 0.233454
 0.393927 0.000000 0.000000 0.000000 0.165357 0.000000 0.386171 0.000000 0.000000 0.000000 0.000000 0.054546 0.000000 0.000000 0.000000 0.000000 0.000000 0.000000 0.000000 0.000000
 0.000000 0.000000 0.000000 0.000000 0.000000 0.471017 0.000000 0.000000 0.000007 0.480606 0.000000 0.048370 0.000000 0.000000 0.000000 0.000000 0.000000 0.000000 0.000000 0.000000
 0.000000 0.000000 0.000000 0.366527 0.000000 0.000000 0.000000 0.000000 0.000000 0.000000 0.000000 0.000000 0.000000 0.000000 0.000000 0.388726 0.000000 0.065970 0.000000 0.178776
 0.499997 0.000000 0.000000 0.000000 0.000000 0.000000 0.000007 0.000000 0.000000 0.000000 0.000000 0.000000 0.000000 0.499996 0.000000 0.000000 0.000000 0.000000 0.000000 0.000000
 0.000000 0.000000 0.000000 0.000000 0.000000 0.000000 0.500000 0.000000 0.000000 0.000000 0.000000 0.000000 0.500000 0.000000 0.000000 0.000000 0.000000 0.000000 0.000000 0.000000
 0.000000 0.000000 0.500000 0.000000 0.000000 0.000000 0.000000 0.000000 0.000000 0.000000 0.000000 0.000000 0.000000 0.000000 0.000000 0.000000 0.000000 0.000000 0.500000 0.000000
 0.000000 0.442452 0.000000 0.000000 0.049943 0.063287 0.046013 0.000000 0.000000 0.000000 0.000000 0.000000 0.000000 0.000000 0.398305 0.000000 0.000000 0.000000 0.000000 0.000000
 0.000000 0.041388 0.000000 0.000000 0.000000 0.000000 0.000000 0.000000 0.000000 0.479323 0.000000 0.000000 0.000000 0.000000 0.000000 0.000000 0.479289 0.000000 0.000000 0.000000
 0.000000 0.000000 0.500005 0.000000 0.000000 0.000000 0.000000 0.000000 0.499995 0.000000 0.000000 0.000000 0.000000 0.000000 0.000000 0.000000 0.000000 0.000000 0.000000 0.000000
 0.000000 0.191146 0.000000 0.000000 0.294804 0.000000 0.000000 0.000000 0.000000 0.000000 0.000000 0.269890 0.000000 0.000000 0.000000 0.000000 0.000000 0.000000 0.000000 0.244160
 0.000000 0.000000 0.000000 0.251917 0.000000 0.000000 0.000000 0.390397 0.000000 0.000000 0.000000 0.000000 0.000000 0.000000 0.000000 0.000000 0.000000 0.355423 0.000000 0.002263
 0.000000 0.500018 0.000000 0.000000 0.000000 0.000000 0.000000 0.000000 0.000000 0.000000 0.000000 0.000000 0.499982 0.000000 0.000000 0.000000 0.000000 0.000000 0.000000 0.000000
 0.000000 0.000000 0.000000 0.000000 0.309676 0.000000 0.000000 0.056319 0.000000 0.000000 0.000000 0.000000 0.000000 0.000000 0.000000 0.302125 0.000000 0.000000 0.000000 0.331880
 0.000000 0.000000 0.000000 0.500000 0.000000 0.000000 0.000000 0.000000 0.000000 0.000000 0.500000 0.000000 0.000000 0.000000 0.000000 0.000000 0.000000 0.000000 0.000000 0.000000
 0.000000 0.000000 0.000000 0.000000 0.290418 0.000000 0.000000 0.144782 0.000000 0.000000 0.000000 0.000000 0.000000 0.000000 0.248141 0.001825 0.000000 0.314833 0.000000 0.000000
the mean of prob-rank is 1.631578947368421
the number of false negetive edges is 0
the number of probability greater than 0 is 3.4/edge
