20
 0.000000 0.000000 0.000000 0.000000 0.000000 0.000000 0.000000 0.000000 0.000000 0.000000 0.000000 0.000000 0.500001 0.000000 0.000000 0.000000 0.499999 0.000000 0.000000 0.000000
 0.000000 0.000000 0.000000 0.000000 0.248532 0.017740 0.019127 0.000000 0.000000 0.340830 0.000000 0.000000 0.000000 0.000000 0.000000 0.000000 0.000000 0.000947 0.000000 0.372824
 0.000000 0.000000 0.000000 0.000000 0.000000 0.000000 0.023894 0.000000 0.000000 0.488053 0.000000 0.000000 0.000000 0.000000 0.488053 0.000000 0.000000 0.000000 0.000000 0.000000
 0.000000 0.000000 0.000000 0.000000 0.000000 0.000000 0.000000 0.000000 0.000000 0.000000 0.000000 0.000000 0.000000 0.000000 0.500000 0.000000 0.500000 0.000000 0.000000 0.000000
 0.000000 0.211448 0.000000 0.000000 0.000000 0.018132 0.000000 0.000000 0.000000 0.246992 0.000000 0.000000 0.000000 0.000000 0.000000 0.317651 0.000000 0.119895 0.000000 0.085882
 0.000000 0.018662 0.000000 0.000000 0.022420 0.000000 0.000000 0.392768 0.381150 0.000000 0.000000 0.000000 0.000000 0.000000 0.000000 0.000001 0.000000 0.174462 0.007097 0.003440
 0.000000 0.020680 0.019763 0.000000 0.000000 0.000000 0.000000 0.000000 0.000000 0.156457 0.000000 0.000000 0.000000 0.000000 0.000000 0.000000 0.000000 0.402718 0.000000 0.400382
 0.000000 0.000000 0.000000 0.000000 0.000000 0.500007 0.000000 0.000000 0.000000 0.000000 0.000000 0.000000 0.000000 0.000000 0.000000 0.499993 0.000000 0.000000 0.000000 0.000000
 0.000000 0.000000 0.000000 0.000000 0.000000 0.313110 0.000000 0.000000 0.000000 0.000000 0.000000 0.000000 0.106087 0.082997 0.000000 0.000000 0.000000 0.175300 0.322505 0.000000
 0.000000 0.296294 0.324574 0.000000 0.252375 0.000000 0.125798 0.000000 0.000000 0.000000 0.000000 0.000000 0.000000 0.000000 0.000000 0.000000 0.000000 0.000000 0.000000 0.000959
 0.000000 0.000000 0.000000 0.000000 0.000000 0.000000 0.000000 0.000000 0.000000 0.000000 0.000000 0.500026 0.000000 0.000000 0.000000 0.000000 0.000000 0.000000 0.499974 0.000000
 0.000000 0.000000 0.000000 0.000000 0.000000 0.000000 0.000000 0.000000 0.000000 0.000000 0.500000 0.000000 0.000000 0.500000 0.000000 0.000000 0.000000 0.000000 0.000000 0.000000
 0.431076 0.000000 0.000000 0.000000 0.000000 0.000000 0.000000 0.000000 0.141736 0.000000 0.000000 0.000000 0.000000 0.427188 0.000000 0.000000 0.000000 0.000000 0.000000 0.000000
 0.000000 0.000000 0.000000 0.000000 0.000000 0.000000 0.000000 0.000000 0.114414 0.000000 0.000000 0.444787 0.440776 0.000000 0.000000 0.000000 0.000000 0.000000 0.000022 0.000000
 0.000000 0.000000 0.500000 0.500000 0.000000 0.000000 0.000000 0.000000 0.000000 0.000000 0.000000 0.000000 0.000000 0.000000 0.000000 0.000000 0.000000 0.000000 0.000000 0.000000
 0.000000 0.000000 0.000000 0.000000 0.500005 0.000002 0.000000 0.499993 0.000000 0.000000 0.000000 0.000000 0.000000 0.000000 0.000000 0.000000 0.000000 0.000000 0.000000 0.000000
 0.500000 0.000000 0.000000 0.500000 0.000000 0.000000 0.000000 0.000000 0.000000 0.000000 0.000000 0.000000 0.000000 0.000000 0.000000 0.000000 0.000000 0.000000 0.000000 0.000000
 0.000000 0.000885 0.000000 0.000000 0.131772 0.155074 0.348289 0.000000 0.189679 0.000000 0.000000 0.000000 0.000000 0.000000 0.000000 0.000000 0.000000 0.000000 0.000000 0.174301
 0.000000 0.000000 0.000000 0.000000 0.000000 0.008956 0.000000 0.000000 0.495421 0.000000 0.495598 0.000000 0.000000 0.000025 0.000000 0.000000 0.000000 0.000000 0.000000 0.000000
 0.000000 0.360266 0.000000 0.000000 0.097544 0.003160 0.357839 0.000000 0.000000 0.001066 0.000000 0.000000 0.000000 0.000000 0.000000 0.000000 0.000000 0.180126 0.000000 0.000000
the mean of prob-rank is 1.8421052631578947
the number of false negetive edges is 0
the number of probability greater than 0 is 3.9/edge
