20
 0.000000 0.000000 0.000000 0.000000 0.000000 0.499895 0.000000 0.000000 0.499894 0.000000 0.000000 0.000000 0.000212 0.000000 0.000000 0.000000 0.000000 0.000000 0.000000 0.000000
 0.000000 0.000000 0.015137 0.000125 0.000000 0.000000 0.000000 0.187836 0.000000 0.258343 0.239592 0.000000 0.000000 0.000000 0.000000 0.000165 0.000000 0.000000 0.000000 0.298803
 0.000000 0.018430 0.000000 0.000000 0.000000 0.000000 0.354225 0.000001 0.363806 0.216932 0.000000 0.000000 0.000000 0.000000 0.000000 0.000000 0.000000 0.000000 0.000000 0.046605
 0.000000 0.000150 0.000000 0.000000 0.000000 0.000000 0.021388 0.000000 0.000000 0.000000 0.304808 0.000000 0.000000 0.000000 0.000000 0.360127 0.000000 0.000000 0.000000 0.313527
 0.000000 0.000000 0.000000 0.000000 0.000000 0.000000 0.000000 0.000000 0.000000 0.000000 0.000000 0.317192 0.000001 0.293208 0.134604 0.000000 0.010032 0.244962 0.000000 0.000000
 0.500003 0.000000 0.000000 0.000000 0.000000 0.000000 0.000000 0.000000 0.000000 0.000000 0.000000 0.000000 0.499997 0.000000 0.000000 0.000000 0.000000 0.000000 0.000000 0.000000
 0.000000 0.000000 0.337629 0.020594 0.000000 0.000000 0.000000 0.000000 0.000000 0.000000 0.000000 0.000000 0.000000 0.000000 0.000000 0.345819 0.000000 0.000000 0.000000 0.295958
 0.000000 0.154435 0.000001 0.000000 0.000000 0.000000 0.000000 0.000000 0.000000 0.245644 0.225961 0.000000 0.000000 0.000000 0.204513 0.000000 0.000249 0.169193 0.000000 0.000003
 0.499999 0.000000 0.500001 0.000000 0.000000 0.000000 0.000000 0.000000 0.000000 0.000000 0.000000 0.000000 0.000000 0.000000 0.000000 0.000000 0.000000 0.000000 0.000000 0.000000
 0.000000 0.249671 0.172194 0.000000 0.000000 0.000000 0.000000 0.288743 0.000000 0.000000 0.000001 0.000000 0.000000 0.000000 0.000000 0.000000 0.000000 0.257149 0.000000 0.032241
 0.000000 0.163979 0.000000 0.173092 0.000000 0.000000 0.000000 0.188097 0.000000 0.000001 0.000000 0.000000 0.000000 0.133136 0.000000 0.000000 0.153253 0.000000 0.188013 0.000430
 0.000000 0.000000 0.000000 0.000000 0.371322 0.000000 0.000000 0.000000 0.000000 0.000000 0.000000 0.000000 0.000000 0.000000 0.368877 0.000000 0.000000 0.259801 0.000000 0.000000
 0.000212 0.000000 0.000000 0.000000 0.000001 0.499895 0.000000 0.000000 0.000000 0.000000 0.000000 0.000000 0.000000 0.000000 0.000000 0.000000 0.000000 0.499892 0.000000 0.000000
 0.000000 0.000000 0.000000 0.000000 0.271304 0.000000 0.000000 0.000000 0.000000 0.000000 0.191069 0.000000 0.000000 0.000000 0.000006 0.000000 0.244126 0.000000 0.293496 0.000000
 0.000000 0.000000 0.000000 0.000000 0.131618 0.000000 0.000000 0.258192 0.000000 0.000000 0.000000 0.308114 0.000000 0.000006 0.000000 0.000000 0.299346 0.002725 0.000000 0.000000
 0.000000 0.000260 0.000000 0.472012 0.000000 0.000000 0.470733 0.000000 0.000000 0.000000 0.000000 0.000000 0.000000 0.000000 0.000000 0.000000 0.000000 0.000000 0.000000 0.056995
 0.000000 0.000000 0.000000 0.000000 0.009097 0.000000 0.000000 0.000292 0.000000 0.000000 0.215543 0.000000 0.000000 0.239245 0.277604 0.000000 0.000000 0.000000 0.258218 0.000000
 0.000000 0.000000 0.000000 0.000000 0.190223 0.000000 0.000000 0.169633 0.000000 0.219335 0.000000 0.172336 0.246309 0.000000 0.002164 0.000000 0.000000 0.000000 0.000000 0.000000
 0.000000 0.000000 0.000000 0.000000 0.000000 0.000000 0.000000 0.000000 0.000000 0.000000 0.326346 0.000000 0.000000 0.354975 0.000000 0.000000 0.318679 0.000000 0.000000 0.000000
 0.000000 0.323966 0.041502 0.282049 0.000000 0.000000 0.276507 0.000004 0.000000 0.036171 0.000681 0.000000 0.000000 0.000000 0.000000 0.039119 0.000000 0.000000 0.000000 0.000000
the mean of prob-rank is 1.736842105263158
the number of false negetive edges is 0
the number of probability greater than 0 is 4.95/edge
