20
 0.000000 0.000000 0.000000 0.223651 0.273829 0.000000 0.000000 0.000000 0.000000 0.000000 0.000000 0.000000 0.269513 0.000000 0.211653 0.000000 0.000000 0.021328 0.000026 0.000000
 0.000000 0.000000 0.000000 0.000000 0.000000 0.000000 0.000000 0.000000 0.000000 0.000000 0.000000 0.000000 0.000000 0.005814 0.000000 0.497086 0.497101 0.000000 0.000000 0.000000
 0.000000 0.000000 0.000000 0.000000 0.000000 0.000000 0.000000 0.000000 0.000000 0.499845 0.000000 0.000311 0.000000 0.000000 0.000000 0.000000 0.000000 0.000000 0.499844 0.000000
 0.307367 0.000000 0.000000 0.000000 0.296041 0.000000 0.000000 0.396591 0.000000 0.000000 0.000000 0.000000 0.000000 0.000000 0.000000 0.000000 0.000000 0.000000 0.000000 0.000000
 0.353262 0.000000 0.000000 0.277896 0.000000 0.000000 0.000000 0.000000 0.000000 0.000000 0.000000 0.000000 0.368841 0.000000 0.000000 0.000000 0.000000 0.000000 0.000000 0.000000
 0.000000 0.000000 0.000000 0.000000 0.000000 0.000000 0.000000 0.000000 0.499998 0.499998 0.000000 0.000004 0.000000 0.000000 0.000000 0.000000 0.000000 0.000000 0.000000 0.000000
 0.000000 0.000000 0.000000 0.000000 0.000000 0.000000 0.000000 0.000000 0.499999 0.000000 0.500001 0.000000 0.000000 0.000000 0.000000 0.000000 0.000000 0.000000 0.000000 0.000000
 0.000000 0.000000 0.000000 0.499761 0.000000 0.000000 0.000000 0.000000 0.000000 0.000000 0.000000 0.000000 0.000000 0.499791 0.000000 0.000447 0.000000 0.000000 0.000000 0.000000
 0.000000 0.000000 0.000000 0.000000 0.000000 0.500001 0.499999 0.000000 0.000000 0.000000 0.000000 0.000000 0.000000 0.000000 0.000000 0.000000 0.000000 0.000000 0.000000 0.000000
 0.000000 0.000000 0.500000 0.000000 0.000000 0.500000 0.000000 0.000000 0.000000 0.000000 0.000000 0.000000 0.000000 0.000000 0.000000 0.000000 0.000000 0.000000 0.000000 0.000000
 0.000000 0.000000 0.000000 0.000000 0.000000 0.000000 0.500000 0.000000 0.000000 0.000000 0.000000 0.000000 0.000000 0.000000 0.000000 0.000000 0.000000 0.000000 0.000000 0.500000
 0.000000 0.000000 0.000223 0.000000 0.000000 0.000003 0.000000 0.000000 0.000000 0.000000 0.000000 0.000000 0.000000 0.000000 0.330688 0.000000 0.000000 0.358365 0.310721 0.000000
 0.285252 0.000000 0.000000 0.000000 0.302601 0.000000 0.000000 0.000000 0.000000 0.000000 0.000000 0.000000 0.000000 0.000000 0.176094 0.000000 0.000000 0.236053 0.000000 0.000000
 0.000000 0.005813 0.000000 0.000000 0.000000 0.000000 0.000000 0.497093 0.000000 0.000000 0.000000 0.000000 0.000000 0.000000 0.000000 0.497093 0.000000 0.000000 0.000000 0.000000
 0.179638 0.000000 0.000000 0.000000 0.000000 0.000000 0.000000 0.000000 0.000000 0.000000 0.000000 0.226020 0.141211 0.000000 0.000000 0.000000 0.000000 0.235107 0.218025 0.000000
 0.000000 0.499769 0.000000 0.000000 0.000000 0.000000 0.000000 0.000447 0.000000 0.000000 0.000000 0.000000 0.000000 0.499784 0.000000 0.000000 0.000000 0.000000 0.000000 0.000000
 0.000000 0.500000 0.000000 0.000000 0.000000 0.000000 0.000000 0.000000 0.000000 0.000000 0.000000 0.000000 0.000000 0.000000 0.000000 0.000000 0.000000 0.000000 0.000000 0.500000
 0.026332 0.000000 0.000000 0.000000 0.000000 0.000000 0.000000 0.000000 0.000000 0.000000 0.000000 0.356304 0.275359 0.000000 0.342004 0.000000 0.000000 0.000000 0.000000 0.000000
 0.000032 0.000000 0.362678 0.000000 0.000000 0.000000 0.000000 0.000000 0.000000 0.000000 0.000000 0.314461 0.000000 0.000000 0.322829 0.000000 0.000000 0.000000 0.000000 0.000000
 0.000000 0.000000 0.000000 0.000000 0.000000 0.000000 0.000000 0.000000 0.000000 0.000000 0.500000 0.000000 0.000000 0.000000 0.000000 0.000000 0.500000 0.000000 0.000000 0.000000
the mean of prob-rank is 1.736842105263158
the number of false negetive edges is 0
the number of probability greater than 0 is 3.2/edge
