20
 0.000000 0.276512 0.000000 0.000000 0.000000 0.009581 0.000000 0.000000 0.000000 0.000000 0.000010 0.152139 0.000000 0.243447 0.000000 0.000000 0.120219 0.000000 0.000012 0.198081
 0.298879 0.000000 0.000000 0.000000 0.000000 0.011879 0.000000 0.000000 0.000000 0.000000 0.000000 0.077219 0.195726 0.162269 0.004294 0.000000 0.000114 0.000000 0.000000 0.249621
 0.000000 0.000000 0.000000 0.000000 0.000000 0.209415 0.145445 0.000000 0.000000 0.000000 0.000000 0.000000 0.125756 0.105243 0.000000 0.000000 0.194686 0.000000 0.219454 0.000000
 0.000000 0.000000 0.000000 0.000000 0.000000 0.000000 0.499986 0.000004 0.500010 0.000000 0.000000 0.000000 0.000000 0.000000 0.000000 0.000000 0.000000 0.000000 0.000000 0.000000
 0.000000 0.000000 0.000000 0.000000 0.000000 0.000000 0.000000 0.500001 0.000000 0.000000 0.000000 0.000000 0.000000 0.000000 0.000000 0.000000 0.000000 0.499999 0.000000 0.000000
 0.011051 0.012676 0.304947 0.000000 0.000000 0.000000 0.000000 0.000000 0.000000 0.000000 0.000000 0.000000 0.308089 0.314707 0.000000 0.000000 0.044378 0.000000 0.004152 0.000000
 0.000000 0.000000 0.205857 0.311634 0.000000 0.000000 0.000000 0.296062 0.000000 0.000000 0.000000 0.000000 0.000000 0.000000 0.000000 0.000000 0.000008 0.000000 0.186439 0.000000
 0.000000 0.000000 0.000000 0.000003 0.404556 0.000000 0.384322 0.000000 0.000000 0.000000 0.000000 0.000000 0.000000 0.000000 0.000000 0.000000 0.000001 0.000000 0.211117 0.000000
 0.000000 0.000000 0.000000 0.500000 0.000000 0.000000 0.000000 0.000000 0.000000 0.000000 0.000000 0.000000 0.000000 0.000000 0.000000 0.500000 0.000000 0.000000 0.000000 0.000000
 0.000000 0.000000 0.000000 0.000000 0.000000 0.000000 0.000000 0.000000 0.000000 0.000000 0.500000 0.000000 0.000000 0.000000 0.000000 0.000000 0.000000 0.500000 0.000000 0.000000
 0.000013 0.000000 0.000000 0.000000 0.000000 0.000000 0.000000 0.000000 0.000000 0.374170 0.000000 0.354435 0.000000 0.000000 0.000000 0.000000 0.000341 0.000000 0.115417 0.155624
 0.198905 0.093401 0.000000 0.000000 0.000000 0.000000 0.000000 0.000000 0.000000 0.000000 0.344263 0.000000 0.000000 0.000000 0.000000 0.000000 0.000000 0.000000 0.000000 0.363432
 0.000000 0.188466 0.165238 0.000000 0.000000 0.277999 0.000000 0.000000 0.000000 0.000000 0.000000 0.000000 0.000000 0.078961 0.289323 0.000000 0.000011 0.000000 0.000000 0.000000
 0.210163 0.129600 0.114699 0.000000 0.000000 0.235536 0.000000 0.000000 0.000000 0.000000 0.000000 0.000000 0.065493 0.000000 0.000000 0.000000 0.222423 0.000000 0.022086 0.000000
 0.000000 0.007095 0.000000 0.000000 0.000000 0.000000 0.000000 0.000000 0.000000 0.000000 0.000000 0.000000 0.496462 0.000000 0.000000 0.496443 0.000000 0.000000 0.000000 0.000000
 0.000000 0.000000 0.000000 0.000000 0.000000 0.000000 0.000000 0.000000 0.500009 0.000000 0.000000 0.000000 0.000001 0.000000 0.499990 0.000000 0.000000 0.000000 0.000000 0.000000
 0.127900 0.000112 0.261486 0.000000 0.000000 0.040932 0.000008 0.000001 0.000000 0.000000 0.000269 0.000000 0.000012 0.274110 0.000000 0.000000 0.000000 0.000000 0.295169 0.000000
 0.000000 0.000000 0.000000 0.000000 0.499999 0.000000 0.000000 0.000000 0.000000 0.500001 0.000000 0.000000 0.000000 0.000000 0.000000 0.000000 0.000000 0.000000 0.000000 0.000000
 0.000012 0.000000 0.282475 0.000000 0.000000 0.003670 0.169554 0.147904 0.000000 0.000000 0.087426 0.000000 0.000000 0.026085 0.000000 0.000000 0.282874 0.000000 0.000000 0.000000
 0.240792 0.280737 0.000000 0.000000 0.000000 0.000000 0.000000 0.000000 0.000000 0.000000 0.140548 0.337922 0.000000 0.000000 0.000000 0.000000 0.000000 0.000000 0.000000 0.000000
the mean of prob-rank is 1.8421052631578947
the number of false negetive edges is 0
the number of probability greater than 0 is 5.0/edge
