20
 0.000000 0.500000 0.000000 0.000000 0.000000 0.000000 0.000000 0.000000 0.000000 0.000000 0.000000 0.000000 0.000000 0.000000 0.000000 0.000000 0.000000 0.000000 0.500000 0.000000
 0.423540 0.000000 0.000000 0.000000 0.000000 0.000000 0.000000 0.000000 0.000000 0.000000 0.000000 0.000000 0.000000 0.000000 0.000000 0.004088 0.150771 0.421601 0.000000 0.000000
 0.000000 0.000000 0.000000 0.227897 0.278293 0.000000 0.277690 0.000000 0.000000 0.000000 0.000000 0.000000 0.000000 0.000000 0.216121 0.000000 0.000000 0.000000 0.000000 0.000000
 0.000000 0.000000 0.261867 0.000000 0.000000 0.000000 0.000000 0.000000 0.000000 0.000000 0.000000 0.331309 0.089190 0.000000 0.317633 0.000000 0.000000 0.000000 0.000000 0.000000
 0.000000 0.000000 0.363193 0.000000 0.000000 0.000000 0.262268 0.374539 0.000000 0.000000 0.000000 0.000000 0.000000 0.000000 0.000000 0.000000 0.000000 0.000000 0.000000 0.000000
 0.000000 0.000000 0.000000 0.000000 0.000000 0.000000 0.295139 0.159665 0.000000 0.000000 0.000000 0.000000 0.000000 0.000000 0.297239 0.201733 0.046225 0.000000 0.000000 0.000000
 0.000000 0.000000 0.296625 0.000000 0.214664 0.305518 0.000000 0.144415 0.000000 0.000000 0.000000 0.000000 0.000000 0.000000 0.038779 0.000000 0.000000 0.000000 0.000000 0.000000
 0.000000 0.000000 0.000000 0.000000 0.331683 0.178826 0.156252 0.000000 0.000000 0.333239 0.000000 0.000000 0.000000 0.000000 0.000000 0.000000 0.000000 0.000000 0.000000 0.000000
 0.000000 0.000000 0.000000 0.000000 0.000000 0.000000 0.000000 0.000000 0.000000 0.000000 0.000000 0.031449 0.349106 0.264161 0.000000 0.000000 0.000000 0.000000 0.000000 0.355284
 0.000000 0.000000 0.000000 0.000000 0.000000 0.000000 0.000000 0.500000 0.000000 0.000000 0.000000 0.000000 0.000000 0.000000 0.000000 0.000000 0.000000 0.000000 0.500000 0.000000
 0.000000 0.000000 0.000000 0.000000 0.000000 0.000000 0.000000 0.000000 0.000000 0.000000 0.000000 0.000000 0.160716 0.300405 0.027711 0.296087 0.215081 0.000000 0.000000 0.000000
 0.000000 0.000000 0.000000 0.384149 0.000000 0.000000 0.000000 0.000000 0.034003 0.000000 0.000000 0.000000 0.382499 0.000000 0.000000 0.000000 0.000000 0.000000 0.000000 0.199349
 0.000000 0.000000 0.000000 0.084549 0.000000 0.000000 0.000000 0.000000 0.308601 0.000000 0.167984 0.312722 0.000000 0.119614 0.003898 0.000000 0.000000 0.000000 0.000000 0.002630
 0.000000 0.000000 0.000000 0.000000 0.000000 0.000000 0.000000 0.000000 0.237950 0.000000 0.319958 0.000000 0.121888 0.000000 0.000000 0.000017 0.012076 0.000000 0.000000 0.308110
 0.000000 0.000000 0.232570 0.297467 0.000000 0.309974 0.039067 0.000000 0.000000 0.000000 0.028614 0.000000 0.003851 0.000000 0.000000 0.083065 0.005392 0.000000 0.000000 0.000000
 0.000000 0.003261 0.000000 0.000000 0.000000 0.229066 0.000000 0.000000 0.000000 0.000000 0.332900 0.000000 0.000000 0.000018 0.090445 0.000000 0.337845 0.006465 0.000000 0.000000
 0.000000 0.109161 0.000000 0.000000 0.000000 0.047642 0.000000 0.000000 0.000000 0.000000 0.219494 0.000000 0.000000 0.011571 0.005329 0.306651 0.000000 0.300152 0.000000 0.000000
 0.000000 0.362678 0.000000 0.000000 0.000000 0.000000 0.000000 0.000000 0.000000 0.000000 0.000000 0.000000 0.000000 0.000000 0.000000 0.006972 0.356625 0.000000 0.000000 0.273725
 0.500000 0.000000 0.000000 0.000000 0.000000 0.000000 0.000000 0.000000 0.000000 0.500000 0.000000 0.000000 0.000000 0.000000 0.000000 0.000000 0.000000 0.000000 0.000000 0.000000
 0.000000 0.000000 0.000000 0.000000 0.000000 0.000000 0.000000 0.000000 0.308510 0.000000 0.000000 0.160102 0.002584 0.297018 0.000000 0.000000 0.000000 0.231785 0.000000 0.000000
the mean of prob-rank is 1.4736842105263157
the number of false negetive edges is 0
the number of probability greater than 0 is 4.6/edge
