20
 0.000000 0.000000 0.000000 0.000000 0.000000 0.000000 0.000000 0.000000 0.000000 0.000000 0.000000 0.000000 0.500000 0.000000 0.000000 0.000000 0.500000 0.000000 0.000000 0.000000
 0.000000 0.000000 0.000000 0.040658 0.000000 0.048931 0.000000 0.000000 0.000000 0.455218 0.000000 0.000000 0.000000 0.000000 0.455193 0.000000 0.000000 0.000000 0.000000 0.000000
 0.000000 0.000000 0.000000 0.000000 0.457895 0.000000 0.000000 0.000000 0.459895 0.000000 0.000000 0.000344 0.000000 0.000000 0.081294 0.000000 0.000571 0.000000 0.000000 0.000000
 0.000000 0.035661 0.000000 0.000000 0.000000 0.000000 0.398372 0.000000 0.000000 0.399455 0.000000 0.166511 0.000000 0.000000 0.000001 0.000000 0.000000 0.000000 0.000000 0.000000
 0.000000 0.000000 0.401957 0.000000 0.000000 0.000000 0.000000 0.000000 0.197395 0.000000 0.000000 0.000000 0.400648 0.000000 0.000000 0.000000 0.000000 0.000000 0.000000 0.000000
 0.000000 0.050283 0.000000 0.000000 0.000000 0.000000 0.000029 0.000000 0.000000 0.014187 0.000000 0.000000 0.000000 0.468017 0.467484 0.000000 0.000000 0.000000 0.000000 0.000000
 0.000000 0.000000 0.000000 0.451592 0.000000 0.000028 0.000000 0.000000 0.000000 0.095553 0.000000 0.452828 0.000000 0.000000 0.000000 0.000000 0.000000 0.000000 0.000000 0.000000
 0.000000 0.000000 0.000000 0.000000 0.000000 0.000000 0.000000 0.000000 0.000000 0.000000 0.499956 0.000000 0.000000 0.000000 0.000001 0.000074 0.499969 0.000000 0.000000 0.000000
 0.000000 0.000000 0.402027 0.000000 0.196570 0.000000 0.000000 0.000000 0.000000 0.000000 0.000000 0.401402 0.000000 0.000000 0.000000 0.000000 0.000000 0.000000 0.000000 0.000000
 0.000000 0.446049 0.000000 0.446256 0.000000 0.013528 0.094167 0.000000 0.000000 0.000000 0.000000 0.000000 0.000000 0.000000 0.000000 0.000000 0.000000 0.000000 0.000000 0.000000
 0.000000 0.000000 0.000000 0.000000 0.000000 0.000000 0.000000 0.352482 0.000000 0.000000 0.000000 0.000000 0.000000 0.000000 0.000000 0.342531 0.000000 0.303654 0.001333 0.000000
 0.000000 0.000000 0.000309 0.172539 0.000000 0.000000 0.413922 0.000000 0.413229 0.000000 0.000000 0.000000 0.000000 0.000000 0.000000 0.000000 0.000000 0.000000 0.000000 0.000000
 0.501938 0.000000 0.000000 0.000000 0.498062 0.000000 0.000000 0.000000 0.000000 0.000000 0.000000 0.000000 0.000000 0.000000 0.000000 0.000000 0.000000 0.000000 0.000000 0.000000
 0.000000 0.000000 0.000000 0.000000 0.000000 0.499998 0.000000 0.000000 0.000000 0.000000 0.000000 0.000000 0.000000 0.000000 0.000000 0.000000 0.000000 0.000000 0.000000 0.500002
 0.000000 0.459090 0.081186 0.000001 0.000000 0.458814 0.000000 0.000001 0.000000 0.000000 0.000000 0.000000 0.000000 0.000000 0.000000 0.000238 0.000008 0.000000 0.000663 0.000000
 0.000000 0.000000 0.000000 0.000000 0.000000 0.000000 0.000000 0.000057 0.000000 0.000000 0.373828 0.000000 0.000000 0.000000 0.000199 0.000000 0.000000 0.384699 0.241216 0.000000
 0.499685 0.000000 0.000620 0.000000 0.000000 0.000000 0.000000 0.499686 0.000000 0.000000 0.000000 0.000000 0.000000 0.000000 0.000008 0.000000 0.000000 0.000000 0.000000 0.000000
 0.000000 0.000000 0.000000 0.000000 0.000000 0.000000 0.000000 0.000000 0.000000 0.000000 0.302985 0.000000 0.000000 0.000000 0.000000 0.351715 0.000000 0.000000 0.345300 0.000000
 0.000000 0.000000 0.000000 0.000000 0.000000 0.000000 0.000000 0.000000 0.000000 0.000000 0.001446 0.000000 0.000000 0.000000 0.000552 0.239888 0.000000 0.375602 0.000000 0.382512
 0.000000 0.000000 0.000000 0.000000 0.000000 0.000000 0.000000 0.000000 0.000000 0.000000 0.000000 0.000000 0.000000 0.500045 0.000000 0.000000 0.000000 0.000000 0.499955 0.000000
the mean of prob-rank is 1.4736842105263157
the number of false negetive edges is 0
the number of probability greater than 0 is 3.7/edge
