20
 0.000000 0.000000 0.000000 0.000000 0.230048 0.000451 0.000000 0.000000 0.000000 0.000000 0.000000 0.000000 0.259163 0.010842 0.000000 0.264620 0.000000 0.000000 0.000000 0.234875
 0.000000 0.000000 0.008369 0.000000 0.000000 0.000000 0.000000 0.000000 0.000000 0.000000 0.000000 0.000000 0.000000 0.000000 0.000000 0.000000 0.000000 0.000000 0.496096 0.495536
 0.000000 0.008364 0.000000 0.000000 0.000000 0.000000 0.495826 0.000000 0.000000 0.000000 0.000000 0.000000 0.000000 0.000000 0.000000 0.000000 0.000000 0.000000 0.495811 0.000000
 0.000000 0.000000 0.000000 0.000000 0.000000 0.499999 0.500001 0.000000 0.000000 0.000000 0.000000 0.000000 0.000000 0.000000 0.000000 0.000000 0.000000 0.000000 0.000000 0.000000
 0.306221 0.000000 0.000000 0.000000 0.000000 0.000000 0.000000 0.000000 0.000000 0.362648 0.000000 0.000000 0.000000 0.000000 0.000000 0.000000 0.000000 0.000000 0.000000 0.331131
 0.000827 0.000000 0.000000 0.499579 0.000000 0.000000 0.000000 0.000000 0.000000 0.000000 0.000000 0.499582 0.000000 0.000013 0.000000 0.000000 0.000000 0.000000 0.000000 0.000000
 0.000000 0.000000 0.499999 0.500001 0.000000 0.000000 0.000000 0.000000 0.000000 0.000000 0.000000 0.000000 0.000000 0.000000 0.000000 0.000000 0.000000 0.000000 0.000000 0.000000
 0.000000 0.000000 0.000000 0.000000 0.000000 0.000000 0.000000 0.000000 0.000000 0.000000 0.000008 0.499814 0.000000 0.000000 0.000305 0.000000 0.000000 0.499873 0.000000 0.000000
 0.000000 0.000000 0.000000 0.000000 0.000000 0.000000 0.000000 0.000000 0.000000 0.000000 0.000000 0.000000 0.000000 0.000000 0.499401 0.001228 0.499371 0.000000 0.000000 0.000000
 0.000000 0.000000 0.000000 0.000000 0.499995 0.000000 0.000000 0.000000 0.000000 0.000000 0.000000 0.000000 0.000000 0.000000 0.000000 0.500005 0.000000 0.000000 0.000000 0.000000
 0.000000 0.000000 0.000000 0.000000 0.000000 0.000000 0.000000 0.000008 0.000000 0.000000 0.000000 0.000000 0.000000 0.000000 0.499816 0.000000 0.000000 0.500175 0.000000 0.000000
 0.000000 0.000000 0.000000 0.000000 0.000000 0.500038 0.000000 0.499962 0.000000 0.000000 0.000000 0.000000 0.000000 0.000000 0.000000 0.000000 0.000000 0.000000 0.000000 0.000000
 0.297010 0.000000 0.000000 0.000000 0.000000 0.000000 0.000000 0.000000 0.000000 0.000000 0.000000 0.000000 0.000000 0.312232 0.000000 0.274064 0.116694 0.000000 0.000000 0.000000
 0.019509 0.000000 0.000000 0.000000 0.000000 0.000012 0.000000 0.000000 0.000000 0.000000 0.000000 0.000000 0.490242 0.000000 0.000000 0.000041 0.490195 0.000000 0.000000 0.000000
 0.000000 0.000000 0.000000 0.000000 0.000000 0.000000 0.000000 0.000305 0.499975 0.000000 0.499616 0.000000 0.000000 0.000000 0.000000 0.000000 0.000000 0.000105 0.000000 0.000000
 0.340610 0.000000 0.000000 0.000000 0.000000 0.000000 0.000000 0.000000 0.000863 0.350683 0.000000 0.000000 0.307815 0.000030 0.000000 0.000000 0.000000 0.000000 0.000000 0.000000
 0.000000 0.000000 0.000000 0.000000 0.000000 0.000000 0.000000 0.000000 0.421278 0.000000 0.000000 0.000000 0.157459 0.421263 0.000000 0.000000 0.000000 0.000000 0.000000 0.000000
 0.000000 0.000000 0.000000 0.000000 0.000000 0.000000 0.000000 0.499940 0.000000 0.000000 0.499956 0.000000 0.000000 0.000000 0.000105 0.000000 0.000000 0.000000 0.000000 0.000000
 0.000000 0.492119 0.492128 0.000000 0.000000 0.000000 0.000000 0.000000 0.000000 0.000000 0.000000 0.000000 0.000000 0.000000 0.000000 0.000000 0.000000 0.000000 0.000000 0.015752
 0.307235 0.355958 0.000000 0.000000 0.325400 0.000000 0.000000 0.000000 0.000000 0.000000 0.000000 0.000000 0.000000 0.000000 0.000000 0.000000 0.000000 0.000000 0.011407 0.000000
the mean of prob-rank is 1.5789473684210527
the number of false negetive edges is 0
the number of probability greater than 0 is 3.4/edge
