20
 0.000000 0.000000 0.000000 0.000000 0.000000 0.000000 0.000000 0.000000 0.000000 0.000000 0.000000 0.194746 0.319540 0.165957 0.003349 0.316404 0.000003 0.000000 0.000000 0.000000
 0.000000 0.000000 0.000000 0.000000 0.084563 0.000000 0.000000 0.000000 0.000000 0.000000 0.037764 0.000000 0.000000 0.000000 0.000000 0.000000 0.000000 0.000000 0.439663 0.438010
 0.000000 0.000000 0.000000 0.264218 0.000000 0.000000 0.000000 0.000000 0.000000 0.000000 0.000000 0.239300 0.000000 0.000000 0.000000 0.000000 0.037920 0.301998 0.136890 0.019674
 0.000000 0.000000 0.313110 0.000000 0.000000 0.000000 0.000000 0.000000 0.000000 0.000000 0.000000 0.002229 0.000000 0.344630 0.000000 0.000001 0.000000 0.000084 0.339946 0.000000
 0.000000 0.083027 0.000000 0.000000 0.000000 0.000000 0.430564 0.000000 0.000000 0.000000 0.431680 0.000000 0.000000 0.000000 0.000000 0.000000 0.040781 0.000000 0.000001 0.013946
 0.000000 0.000000 0.000000 0.000000 0.000000 0.000000 0.000000 0.000000 0.499402 0.000000 0.000000 0.000000 0.000002 0.000000 0.001189 0.499407 0.000000 0.000000 0.000000 0.000000
 0.000000 0.000000 0.000000 0.000000 0.422755 0.000000 0.000000 0.423839 0.000000 0.018910 0.000000 0.000000 0.000000 0.000000 0.001216 0.000000 0.133280 0.000000 0.000000 0.000000
 0.000000 0.000000 0.000000 0.000000 0.000000 0.000000 0.499992 0.000000 0.500008 0.000000 0.000000 0.000000 0.000000 0.000000 0.000000 0.000000 0.000000 0.000000 0.000000 0.000000
 0.000000 0.000000 0.000000 0.000000 0.000000 0.499997 0.000000 0.500002 0.000000 0.000000 0.000000 0.000000 0.000000 0.000000 0.000000 0.000000 0.000000 0.000000 0.000000 0.000000
 0.000000 0.000000 0.000000 0.000000 0.000000 0.000000 0.021810 0.000000 0.000000 0.000000 0.000000 0.000382 0.000137 0.000000 0.488829 0.000000 0.488843 0.000000 0.000000 0.000000
 0.000000 0.041197 0.000000 0.000000 0.479630 0.000000 0.000000 0.000000 0.000000 0.000000 0.000000 0.000000 0.000000 0.000000 0.000000 0.000000 0.000000 0.000000 0.000000 0.479172
 0.139166 0.000000 0.180349 0.001417 0.000000 0.000000 0.000000 0.000000 0.000000 0.000178 0.000000 0.000000 0.126014 0.226747 0.000288 0.000000 0.104436 0.221404 0.000000 0.000000
 0.370523 0.000000 0.000000 0.000000 0.000000 0.000002 0.000000 0.000000 0.000000 0.000104 0.000000 0.204477 0.000000 0.000000 0.370891 0.054003 0.000000 0.000000 0.000000 0.000000
 0.161603 0.000000 0.000000 0.298661 0.000000 0.000000 0.000000 0.000000 0.000000 0.000000 0.000000 0.308981 0.000000 0.000000 0.000000 0.230755 0.000000 0.000000 0.000000 0.000000
 0.005180 0.000000 0.000000 0.000000 0.000000 0.001178 0.001419 0.000000 0.000000 0.494741 0.000000 0.000623 0.494755 0.000000 0.000000 0.001707 0.000396 0.000000 0.000000 0.000000
 0.343577 0.000000 0.000000 0.000001 0.000000 0.347328 0.000000 0.000000 0.000000 0.000000 0.000000 0.000000 0.050572 0.257324 0.001198 0.000000 0.000000 0.000000 0.000000 0.000000
 0.000003 0.000000 0.037781 0.000000 0.028546 0.000000 0.095017 0.000000 0.000000 0.302170 0.000000 0.138065 0.000000 0.000000 0.000242 0.000000 0.000000 0.281217 0.000000 0.116959
 0.000000 0.000000 0.308880 0.000073 0.000000 0.000000 0.000000 0.000000 0.000000 0.000000 0.000000 0.300469 0.000000 0.000000 0.000000 0.000000 0.288686 0.000000 0.021407 0.080485
 0.000000 0.402888 0.181847 0.381074 0.000001 0.000000 0.000000 0.000000 0.000000 0.000000 0.000000 0.000000 0.000000 0.000000 0.000000 0.000000 0.000000 0.027804 0.000000 0.006386
 0.000000 0.361633 0.023547 0.000000 0.011727 0.000000 0.000000 0.000000 0.000000 0.000000 0.362650 0.000000 0.000000 0.000000 0.000000 0.000000 0.140503 0.094186 0.005753 0.000000
the mean of prob-rank is 1.8421052631578947
the number of false negetive edges is 0
the number of probability greater than 0 is 5.4/edge
