20
 0.000000 0.000000 0.000000 0.000000 0.000000 0.000000 0.000000 0.000000 0.000000 0.000000 0.000000 0.000000 0.000000 0.000000 0.009618 0.495191 0.000000 0.000000 0.495191 0.000000
 0.000000 0.000000 0.000000 0.000000 0.000000 0.386167 0.218208 0.000000 0.000000 0.395625 0.000000 0.000000 0.000000 0.000000 0.000000 0.000000 0.000000 0.000000 0.000000 0.000000
 0.000000 0.000000 0.000000 0.000000 0.000000 0.000000 0.000000 0.000002 0.000000 0.206394 0.000005 0.000000 0.398008 0.000000 0.000000 0.000000 0.000000 0.000000 0.000000 0.395590
 0.000000 0.000000 0.000000 0.000000 0.000000 0.000000 0.000000 0.000000 0.000000 0.000000 0.000000 0.000000 0.000000 0.499999 0.000000 0.000000 0.500000 0.000000 0.000000 0.000000
 0.000000 0.000000 0.000000 0.000000 0.000000 0.000000 0.000000 0.000000 0.499998 0.000000 0.000000 0.000000 0.000000 0.000000 0.000000 0.500002 0.000000 0.000000 0.000000 0.000000
 0.000000 0.369660 0.000000 0.000000 0.000000 0.000000 0.000000 0.000000 0.000000 0.145077 0.106546 0.000000 0.000000 0.000000 0.000000 0.000000 0.000000 0.378717 0.000000 0.000000
 0.000000 0.218566 0.000000 0.000000 0.000000 0.000000 0.000000 0.396268 0.000000 0.385166 0.000000 0.000000 0.000000 0.000000 0.000000 0.000000 0.000000 0.000000 0.000000 0.000000
 0.000000 0.000000 0.000003 0.000000 0.000000 0.000000 0.499999 0.000000 0.000000 0.000000 0.000000 0.000000 0.000000 0.000000 0.000000 0.000000 0.000000 0.000000 0.000000 0.499998
 0.000000 0.000000 0.000000 0.000000 0.499982 0.000000 0.000000 0.000000 0.000000 0.000000 0.000032 0.499985 0.000000 0.000000 0.000000 0.000000 0.000000 0.000000 0.000000 0.000000
 0.000000 0.344622 0.178711 0.000000 0.000000 0.132017 0.334962 0.000000 0.000000 0.000000 0.009688 0.000000 0.000000 0.000000 0.000000 0.000000 0.000000 0.000000 0.000000 0.000000
 0.000000 0.000000 0.000005 0.000000 0.000000 0.121880 0.000000 0.000000 0.000028 0.012179 0.000000 0.000000 0.433215 0.000000 0.429272 0.000000 0.000000 0.003421 0.000000 0.000000
 0.000000 0.000000 0.000000 0.000000 0.000000 0.000000 0.000000 0.000000 0.500000 0.000000 0.000000 0.000000 0.000000 0.000000 0.000000 0.000000 0.500000 0.000000 0.000000 0.000000
 0.000000 0.000000 0.500002 0.000000 0.000000 0.000000 0.000000 0.000000 0.000000 0.000000 0.499997 0.000000 0.000000 0.000000 0.000001 0.000000 0.000000 0.000000 0.000000 0.000000
 0.000000 0.000000 0.000000 0.500002 0.000000 0.000000 0.000000 0.000000 0.000000 0.000000 0.000000 0.000000 0.000000 0.000000 0.000000 0.000000 0.000000 0.499998 0.000000 0.000000
 0.009028 0.000000 0.000000 0.000000 0.000000 0.000000 0.000000 0.000000 0.000000 0.000000 0.460602 0.000000 0.000001 0.000000 0.000000 0.000000 0.000000 0.000000 0.463307 0.067061
 0.498283 0.000000 0.000000 0.000000 0.498283 0.000000 0.000000 0.000000 0.000000 0.000000 0.000000 0.000000 0.000000 0.000000 0.000000 0.000000 0.000000 0.000000 0.003434 0.000000
 0.000000 0.000000 0.000000 0.500000 0.000000 0.000000 0.000000 0.000000 0.000000 0.000000 0.000000 0.500000 0.000000 0.000000 0.000000 0.000000 0.000000 0.000000 0.000000 0.000000
 0.000000 0.000000 0.000000 0.000000 0.000000 0.498036 0.000000 0.000000 0.000000 0.000000 0.003933 0.000000 0.000000 0.498031 0.000000 0.000000 0.000000 0.000000 0.000000 0.000000
 0.499102 0.000000 0.000000 0.000000 0.000000 0.000000 0.000000 0.000000 0.000000 0.000000 0.000000 0.000000 0.000000 0.000000 0.497459 0.003440 0.000000 0.000000 0.000000 0.000000
 0.000000 0.000000 0.464848 0.000000 0.000000 0.000000 0.000000 0.467680 0.000000 0.000000 0.000000 0.000000 0.000000 0.000000 0.067472 0.000000 0.000000 0.000000 0.000000 0.000000
the mean of prob-rank is 1.4210526315789473
the number of false negetive edges is 0
the number of probability greater than 0 is 3.3/edge
