20
 0.000000 0.000000 0.000000 0.013286 0.000000 0.000000 0.000006 0.000000 0.000000 0.000000 0.000000 0.000000 0.000000 0.000000 0.000000 0.493168 0.000002 0.000000 0.493538 0.000000
 0.000000 0.000000 0.499995 0.000000 0.000000 0.499996 0.000000 0.000000 0.000000 0.000000 0.000000 0.000000 0.000009 0.000000 0.000000 0.000000 0.000000 0.000000 0.000000 0.000000
 0.000000 0.499995 0.000000 0.000000 0.000000 0.000000 0.000000 0.499997 0.000000 0.000000 0.000000 0.000000 0.000000 0.000008 0.000000 0.000000 0.000000 0.000000 0.000000 0.000000
 0.013281 0.000000 0.000000 0.000000 0.000000 0.000000 0.000000 0.000000 0.493362 0.000000 0.000000 0.000000 0.000000 0.000000 0.000000 0.000000 0.493357 0.000000 0.000000 0.000000
 0.000000 0.000000 0.000000 0.000000 0.000000 0.000000 0.000000 0.000000 0.000000 0.000000 0.054845 0.000000 0.000000 0.000000 0.472909 0.000000 0.000000 0.000000 0.000000 0.472246
 0.000000 0.499984 0.000000 0.000000 0.000000 0.000000 0.000016 0.000000 0.000000 0.000000 0.000000 0.000000 0.000000 0.499983 0.000000 0.000017 0.000000 0.000000 0.000000 0.000000
 0.000006 0.000000 0.000000 0.000000 0.000000 0.000016 0.000000 0.000000 0.000000 0.000000 0.000000 0.000000 0.499990 0.000000 0.000000 0.000000 0.000000 0.000000 0.499988 0.000000
 0.000000 0.000000 0.498499 0.000000 0.000000 0.000000 0.000000 0.000000 0.000000 0.000000 0.498499 0.000000 0.000000 0.000000 0.003003 0.000000 0.000000 0.000000 0.000000 0.000000
 0.000000 0.000000 0.000000 0.499988 0.000000 0.000000 0.000000 0.000000 0.000000 0.000000 0.000000 0.499987 0.000000 0.000000 0.000000 0.000007 0.000018 0.000000 0.000000 0.000000
 0.000000 0.000000 0.000000 0.000000 0.000000 0.000000 0.000000 0.000000 0.000000 0.000000 0.000000 0.500000 0.000000 0.500000 0.000000 0.000000 0.000000 0.000000 0.000000 0.000000
 0.000000 0.000000 0.000000 0.000000 0.054833 0.000000 0.000000 0.472807 0.000000 0.000000 0.000000 0.000000 0.000000 0.000000 0.472359 0.000000 0.000000 0.000000 0.000000 0.000000
 0.000000 0.000000 0.000000 0.000000 0.000000 0.000000 0.000000 0.000000 0.499998 0.500002 0.000000 0.000000 0.000000 0.000000 0.000000 0.000000 0.000000 0.000000 0.000000 0.000000
 0.000000 0.000009 0.000000 0.000000 0.000000 0.000000 0.500000 0.000000 0.000000 0.000000 0.000000 0.000000 0.000000 0.000000 0.000000 0.000000 0.000000 0.499991 0.000000 0.000001
 0.000000 0.000000 0.000008 0.000000 0.000000 0.499995 0.000000 0.000000 0.000000 0.499997 0.000000 0.000000 0.000000 0.000000 0.000000 0.000000 0.000000 0.000000 0.000000 0.000000
 0.000000 0.000000 0.000000 0.000000 0.416489 0.000000 0.000000 0.002509 0.000000 0.000000 0.416095 0.000000 0.000000 0.000000 0.000000 0.000000 0.000000 0.000000 0.000000 0.164907
 0.499800 0.000000 0.000000 0.000000 0.000000 0.000017 0.000000 0.000000 0.000007 0.000000 0.000000 0.000000 0.000000 0.000000 0.000000 0.000000 0.500175 0.000000 0.000000 0.000000
 0.000002 0.000000 0.000000 0.499986 0.000000 0.000000 0.000000 0.000000 0.000018 0.000000 0.000000 0.000000 0.000000 0.000000 0.000000 0.499994 0.000000 0.000000 0.000000 0.000000
 0.000000 0.000000 0.000000 0.000000 0.000000 0.000000 0.000000 0.000000 0.000000 0.000000 0.000000 0.000000 0.499949 0.000000 0.000000 0.000000 0.000000 0.000000 0.000094 0.499957
 0.499953 0.000000 0.000000 0.000000 0.000000 0.000000 0.499952 0.000000 0.000000 0.000000 0.000000 0.000000 0.000000 0.000000 0.000000 0.000000 0.000000 0.000094 0.000000 0.000000
 0.000000 0.000000 0.000000 0.000000 0.417030 0.000000 0.000000 0.000000 0.000000 0.000000 0.000000 0.000000 0.000001 0.000000 0.165353 0.000000 0.000000 0.417616 0.000000 0.000000
the mean of prob-rank is 1.5263157894736843
the number of false negetive edges is 0
the number of probability greater than 0 is 3.3/edge
