20
 0.000000 0.000000 0.000000 0.000000 0.000000 0.000000 0.000000 0.000000 0.319798 0.000000 0.345359 0.000000 0.000000 0.000000 0.000000 0.000000 0.000000 0.000000 0.000035 0.334808
 0.000000 0.000000 0.000000 0.000000 0.000000 0.000000 0.500000 0.000000 0.000000 0.000000 0.000000 0.000000 0.000000 0.000000 0.000000 0.000000 0.000000 0.500000 0.000000 0.000000
 0.000000 0.000000 0.000000 0.000000 0.000000 0.000000 0.000000 0.000000 0.000000 0.500000 0.000000 0.000000 0.000000 0.500000 0.000000 0.000000 0.000000 0.000000 0.000000 0.000000
 0.000000 0.000000 0.000000 0.000000 0.000000 0.499795 0.000000 0.000000 0.000000 0.000000 0.000000 0.000000 0.000015 0.000000 0.000000 0.000000 0.000000 0.000000 0.499795 0.000396
 0.000000 0.000000 0.000000 0.000000 0.000000 0.000000 0.000000 0.499984 0.000000 0.000000 0.000000 0.000000 0.000000 0.000000 0.500016 0.000000 0.000000 0.000000 0.000000 0.000000
 0.000000 0.000000 0.000000 0.488117 0.000000 0.000000 0.000000 0.000000 0.000000 0.000000 0.000000 0.000000 0.487962 0.000000 0.000000 0.000000 0.000000 0.000000 0.023921 0.000000
 0.000000 0.500001 0.000000 0.000000 0.000000 0.000000 0.000000 0.000000 0.000000 0.000000 0.000000 0.000000 0.000000 0.000000 0.499999 0.000000 0.000000 0.000000 0.000000 0.000000
 0.000000 0.000000 0.000000 0.000000 0.499984 0.000000 0.000000 0.000000 0.000000 0.000000 0.000000 0.000000 0.000000 0.000000 0.000000 0.000000 0.500016 0.000000 0.000000 0.000000
 0.326124 0.000000 0.000000 0.000000 0.000000 0.000000 0.000000 0.000000 0.000000 0.000000 0.000016 0.352192 0.000000 0.000000 0.000000 0.002072 0.000000 0.000000 0.000000 0.319596
 0.000000 0.000000 0.500000 0.000000 0.000000 0.000000 0.000000 0.000000 0.000000 0.000000 0.000000 0.000000 0.500000 0.000000 0.000000 0.000000 0.000000 0.000000 0.000000 0.000000
 0.337213 0.000000 0.000000 0.000000 0.000000 0.000000 0.000000 0.000000 0.000015 0.000000 0.000000 0.000000 0.000000 0.000000 0.000000 0.000000 0.000000 0.000000 0.331408 0.331364
 0.000000 0.000000 0.000000 0.000000 0.000000 0.000000 0.000000 0.000000 0.498570 0.000000 0.000000 0.000000 0.000000 0.000000 0.000000 0.498567 0.002863 0.000000 0.000000 0.000000
 0.000000 0.000000 0.000000 0.000015 0.000000 0.499913 0.000000 0.000000 0.000000 0.500072 0.000000 0.000000 0.000000 0.000000 0.000000 0.000000 0.000000 0.000000 0.000000 0.000000
 0.000000 0.000000 0.500000 0.000000 0.000000 0.000000 0.000000 0.000000 0.000000 0.000000 0.000000 0.000000 0.000000 0.000000 0.000000 0.000000 0.000000 0.500000 0.000000 0.000000
 0.000000 0.000000 0.000000 0.000000 0.500001 0.000000 0.499999 0.000000 0.000000 0.000000 0.000000 0.000000 0.000000 0.000000 0.000000 0.000000 0.000000 0.000000 0.000000 0.000000
 0.000000 0.000000 0.000000 0.000000 0.000000 0.000000 0.000000 0.000000 0.002932 0.000000 0.000000 0.498533 0.000000 0.000000 0.000000 0.000000 0.498535 0.000000 0.000000 0.000000
 0.000000 0.000000 0.000000 0.000000 0.000000 0.000000 0.000000 0.498569 0.000000 0.000000 0.000000 0.002863 0.000000 0.000000 0.000000 0.498569 0.000000 0.000000 0.000000 0.000000
 0.000000 0.500000 0.000000 0.000000 0.000000 0.000000 0.000000 0.000000 0.000000 0.000000 0.000000 0.000000 0.000000 0.500000 0.000000 0.000000 0.000000 0.000000 0.000000 0.000000
 0.000035 0.000000 0.000000 0.347413 0.000000 0.017025 0.000000 0.000000 0.000000 0.000000 0.341430 0.000000 0.000000 0.000000 0.000000 0.000000 0.000000 0.000000 0.000000 0.294097
 0.261527 0.000000 0.000000 0.000214 0.000000 0.000000 0.000000 0.000000 0.244802 0.000000 0.265089 0.000000 0.000000 0.000000 0.000000 0.000000 0.000000 0.000000 0.228369 0.000000
the mean of prob-rank is 1.6842105263157894
the number of false negetive edges is 0
the number of probability greater than 0 is 3.0/edge
