20
 0.000000 0.000000 0.370377 0.000000 0.000000 0.000000 0.000000 0.000000 0.000000 0.293148 0.336475 0.000000 0.000000 0.000000 0.000000 0.000000 0.000000 0.000000 0.000000 0.000000
 0.000000 0.000000 0.000000 0.000000 0.000000 0.000000 0.000000 0.000102 0.448589 0.000000 0.000000 0.000000 0.000000 0.000000 0.100775 0.000000 0.000000 0.000000 0.450535 0.000000
 0.499988 0.000000 0.000000 0.000000 0.000000 0.000000 0.000000 0.000000 0.000000 0.000024 0.000000 0.000000 0.000000 0.000000 0.000000 0.000000 0.499988 0.000000 0.000000 0.000000
 0.000000 0.000000 0.000000 0.000000 0.010842 0.000000 0.000000 0.327160 0.046777 0.296619 0.318602 0.000000 0.000000 0.000000 0.000000 0.000000 0.000000 0.000000 0.000000 0.000000
 0.000000 0.000000 0.000000 0.016272 0.000000 0.000000 0.491866 0.491776 0.000086 0.000000 0.000000 0.000000 0.000000 0.000000 0.000000 0.000000 0.000000 0.000000 0.000000 0.000000
 0.000000 0.000000 0.000000 0.000000 0.000000 0.000000 0.500000 0.000000 0.000000 0.000000 0.000000 0.000000 0.000000 0.000000 0.000000 0.500000 0.000000 0.000000 0.000000 0.000000
 0.000000 0.000000 0.000000 0.000000 0.499996 0.499996 0.000000 0.000008 0.000000 0.000000 0.000000 0.000000 0.000000 0.000000 0.000000 0.000000 0.000000 0.000000 0.000000 0.000000
 0.000000 0.000109 0.000000 0.483583 0.484349 0.000000 0.000008 0.000000 0.030829 0.000000 0.000000 0.000000 0.000000 0.000000 0.001120 0.000002 0.000000 0.000000 0.000000 0.000000
 0.000000 0.452163 0.000000 0.064830 0.000079 0.000000 0.000000 0.028906 0.000000 0.000000 0.000000 0.000000 0.000000 0.000000 0.454023 0.000000 0.000000 0.000000 0.000000 0.000000
 0.293521 0.000000 0.000018 0.335638 0.000000 0.000000 0.000000 0.000000 0.000000 0.000000 0.370824 0.000000 0.000000 0.000000 0.000000 0.000000 0.000000 0.000000 0.000000 0.000000
 0.315382 0.000000 0.000000 0.337482 0.000000 0.000000 0.000000 0.000000 0.000000 0.347135 0.000000 0.000000 0.000000 0.000000 0.000000 0.000000 0.000000 0.000000 0.000000 0.000000
 0.000000 0.000000 0.000000 0.000000 0.000000 0.000000 0.000000 0.000000 0.000000 0.000000 0.000000 0.000000 0.000000 0.499744 0.000000 0.000000 0.000000 0.000369 0.499888 0.000000
 0.000000 0.000000 0.000000 0.000000 0.000000 0.000000 0.000000 0.000000 0.000000 0.000000 0.000000 0.000000 0.000000 0.500121 0.000000 0.000000 0.499879 0.000000 0.000000 0.000000
 0.000000 0.000000 0.000000 0.000000 0.000000 0.000000 0.000000 0.000000 0.000000 0.000000 0.000000 0.499926 0.500071 0.000000 0.000000 0.000000 0.000000 0.000000 0.000003 0.000000
 0.000000 0.100496 0.000000 0.000000 0.000000 0.000000 0.000000 0.001039 0.449186 0.000000 0.000000 0.000000 0.000000 0.000000 0.000000 0.000000 0.000000 0.449280 0.000000 0.000000
 0.000000 0.000000 0.000000 0.000000 0.000000 0.500003 0.000000 0.000002 0.000000 0.000000 0.000000 0.000000 0.000000 0.000000 0.000000 0.000000 0.000000 0.000000 0.000000 0.499995
 0.000000 0.000000 0.500121 0.000000 0.000000 0.000000 0.000000 0.000000 0.000000 0.000000 0.000000 0.000000 0.499879 0.000000 0.000000 0.000000 0.000000 0.000000 0.000000 0.000000
 0.000000 0.000000 0.000000 0.000000 0.000000 0.000000 0.000000 0.000000 0.000000 0.000000 0.000000 0.000369 0.000000 0.000000 0.499760 0.000000 0.000000 0.000000 0.000000 0.499871
 0.000000 0.499947 0.000000 0.000000 0.000000 0.000000 0.000000 0.000000 0.000000 0.000000 0.000000 0.500050 0.000000 0.000003 0.000000 0.000000 0.000000 0.000000 0.000000 0.000000
 0.000000 0.000000 0.000000 0.000000 0.000000 0.000000 0.000000 0.000000 0.000000 0.000000 0.000000 0.000000 0.000000 0.000000 0.000000 0.499996 0.000000 0.500004 0.000000 0.000000
the mean of prob-rank is 1.5263157894736843
the number of false negetive edges is 0
the number of probability greater than 0 is 3.4/edge
