20
 0.000000 0.001688 0.000000 0.000000 0.000000 0.000000 0.000000 0.000000 0.000000 0.000000 0.000000 0.000000 0.000000 0.499297 0.499015 0.000000 0.000000 0.000000 0.000000 0.000000
 0.000993 0.000000 0.000000 0.000000 0.000000 0.000000 0.000000 0.000000 0.000000 0.000000 0.236217 0.098447 0.000000 0.000000 0.090950 0.000000 0.281784 0.000000 0.291609 0.000000
 0.000000 0.000000 0.000000 0.000000 0.000000 0.000000 0.000000 0.000000 0.000000 0.000000 0.000000 0.000000 0.445776 0.000000 0.000000 0.108198 0.000026 0.446000 0.000000 0.000000
 0.000000 0.000000 0.000000 0.000000 0.000000 0.000000 0.000000 0.000000 0.000000 0.500009 0.000000 0.000000 0.000000 0.000000 0.000000 0.000000 0.000000 0.000000 0.000000 0.499991
 0.000000 0.000000 0.000000 0.000000 0.000000 0.000000 0.500000 0.500000 0.000000 0.000000 0.000000 0.000000 0.000000 0.000000 0.000000 0.000000 0.000000 0.000000 0.000000 0.000000
 0.000000 0.000000 0.000000 0.000000 0.000000 0.000000 0.000000 0.500000 0.000000 0.000000 0.000000 0.000000 0.000000 0.500000 0.000000 0.000000 0.000000 0.000000 0.000000 0.000000
 0.000000 0.000000 0.000000 0.000000 0.500000 0.000000 0.000000 0.000000 0.000000 0.000000 0.000000 0.000000 0.000000 0.000000 0.000000 0.000000 0.000000 0.000000 0.000000 0.500000
 0.000000 0.000000 0.000000 0.000000 0.500000 0.500000 0.000000 0.000000 0.000000 0.000000 0.000000 0.000000 0.000000 0.000000 0.000000 0.000000 0.000000 0.000000 0.000000 0.000000
 0.000000 0.000000 0.000000 0.000000 0.000000 0.000000 0.000000 0.000000 0.000000 0.486116 0.000000 0.000000 0.000000 0.000000 0.000000 0.000000 0.000001 0.027791 0.486091 0.000000
 0.000000 0.000000 0.000000 0.492253 0.000000 0.000000 0.000000 0.000000 0.492074 0.000000 0.000000 0.000000 0.000000 0.000000 0.000000 0.000000 0.000000 0.015673 0.000000 0.000000
 0.000000 0.288192 0.000000 0.000000 0.000000 0.000000 0.000000 0.000000 0.000000 0.000000 0.000000 0.354606 0.000000 0.000000 0.357202 0.000000 0.000000 0.000000 0.000000 0.000000
 0.000000 0.121888 0.000000 0.000000 0.000000 0.000000 0.000000 0.000000 0.000000 0.000000 0.359860 0.000000 0.004525 0.000000 0.000000 0.362064 0.148311 0.000000 0.003352 0.000000
 0.000000 0.000000 0.496779 0.000000 0.000000 0.000000 0.000000 0.000000 0.000000 0.000000 0.000000 0.006188 0.000000 0.000000 0.000000 0.497034 0.000000 0.000000 0.000000 0.000000
 0.500000 0.000000 0.000000 0.000000 0.000000 0.500000 0.000000 0.000000 0.000000 0.000000 0.000000 0.000000 0.000000 0.000000 0.000000 0.000000 0.000000 0.000000 0.000000 0.000000
 0.433317 0.134312 0.000000 0.000000 0.000000 0.000000 0.000000 0.000000 0.000000 0.000000 0.432371 0.000000 0.000000 0.000000 0.000000 0.000000 0.000000 0.000000 0.000000 0.000000
 0.000000 0.000000 0.096223 0.000000 0.000000 0.000000 0.000000 0.000000 0.000000 0.000000 0.000000 0.395082 0.396641 0.000000 0.000000 0.000000 0.112054 0.000000 0.000000 0.000000
 0.000000 0.350752 0.000021 0.000000 0.000000 0.000000 0.000000 0.000000 0.000001 0.000000 0.000000 0.149107 0.000000 0.000000 0.000000 0.103241 0.000000 0.362373 0.034505 0.000000
 0.000000 0.000000 0.454762 0.000000 0.000000 0.000000 0.000000 0.000000 0.025989 0.014479 0.000000 0.000000 0.000000 0.000000 0.000000 0.000000 0.450946 0.000000 0.053824 0.000000
 0.000000 0.448458 0.000000 0.000000 0.000000 0.000000 0.000000 0.000000 0.451312 0.000000 0.000000 0.004163 0.000000 0.000000 0.000000 0.000000 0.042630 0.053437 0.000000 0.000000
 0.000000 0.000000 0.000000 0.499991 0.000000 0.000000 0.500009 0.000000 0.000000 0.000000 0.000000 0.000000 0.000000 0.000000 0.000000 0.000000 0.000000 0.000000 0.000000 0.000000
the mean of prob-rank is 1.5789473684210527
the number of false negetive edges is 0
the number of probability greater than 0 is 3.5/edge
