20
 0.000000 0.354237 0.000979 0.000000 0.359469 0.000000 0.000000 0.000000 0.188186 0.000000 0.000000 0.000332 0.000000 0.096798 0.000000 0.000000 0.000000 0.000000 0.000000 0.000000
 0.292487 0.000000 0.225174 0.000000 0.000000 0.000000 0.000000 0.000000 0.000000 0.219197 0.000000 0.232792 0.000000 0.030348 0.000000 0.000000 0.000000 0.000000 0.000002 0.000000
 0.000998 0.278043 0.000000 0.000000 0.000000 0.000000 0.000000 0.000000 0.354359 0.364927 0.000000 0.001665 0.000000 0.000001 0.000000 0.000000 0.000000 0.000000 0.000000 0.000007
 0.000000 0.000000 0.000000 0.000000 0.000000 0.023379 0.000000 0.000000 0.000000 0.000000 0.000000 0.000000 0.000000 0.000000 0.488330 0.000000 0.488291 0.000000 0.000000 0.000000
 0.499998 0.000000 0.000000 0.000000 0.000000 0.000000 0.000000 0.000000 0.000000 0.000000 0.000000 0.000000 0.000000 0.000006 0.000000 0.000000 0.000000 0.499997 0.000000 0.000000
 0.000000 0.000000 0.000000 0.017270 0.000000 0.000000 0.000000 0.000000 0.360737 0.000000 0.000000 0.000000 0.316874 0.000000 0.000009 0.000000 0.000000 0.000000 0.000000 0.305109
 0.000000 0.000000 0.000000 0.000000 0.000000 0.000000 0.000000 0.310814 0.000000 0.000028 0.159906 0.000000 0.210478 0.000000 0.000000 0.000000 0.000000 0.000000 0.017742 0.301030
 0.000000 0.000000 0.000000 0.000000 0.000000 0.000000 0.381885 0.000000 0.000000 0.000000 0.379098 0.000000 0.003989 0.000000 0.000000 0.224279 0.003873 0.000000 0.006585 0.000290
 0.177108 0.000000 0.327106 0.000000 0.000000 0.338309 0.000000 0.000000 0.000000 0.077906 0.000000 0.000000 0.000000 0.000000 0.000000 0.000000 0.000000 0.000000 0.000000 0.079570
 0.000000 0.212253 0.286177 0.000000 0.000000 0.000000 0.000026 0.000000 0.066184 0.000000 0.000000 0.101024 0.000000 0.003777 0.000000 0.000000 0.000000 0.000000 0.069473 0.261087
 0.000000 0.000000 0.000000 0.000000 0.000000 0.000000 0.171401 0.330726 0.000000 0.000000 0.000000 0.000000 0.000000 0.000000 0.000000 0.167669 0.000000 0.000003 0.330051 0.000150
 0.000315 0.267374 0.001548 0.000000 0.000000 0.000000 0.000000 0.000000 0.000000 0.119827 0.000000 0.000000 0.000000 0.340515 0.000000 0.000000 0.000000 0.000000 0.270421 0.000000
 0.000000 0.000000 0.000000 0.000000 0.000000 0.282857 0.218048 0.003364 0.000000 0.000000 0.000000 0.000000 0.000000 0.000000 0.322010 0.000000 0.000000 0.000000 0.000000 0.173721
 0.087638 0.033277 0.000000 0.000000 0.000004 0.000000 0.000000 0.000000 0.000000 0.004277 0.000000 0.325088 0.000000 0.000000 0.000000 0.000000 0.000000 0.264231 0.285485 0.000000
 0.000000 0.000000 0.000000 0.499993 0.000000 0.000013 0.000000 0.000000 0.000000 0.000000 0.000000 0.000000 0.499995 0.000000 0.000000 0.000000 0.000000 0.000000 0.000000 0.000000
 0.000000 0.000000 0.000000 0.000000 0.000000 0.000000 0.000000 0.194154 0.000000 0.000000 0.166377 0.000000 0.000000 0.000000 0.000000 0.000000 0.330576 0.308892 0.000001 0.000000
 0.000000 0.000000 0.000000 0.497480 0.000000 0.000000 0.000000 0.005046 0.000000 0.000000 0.000000 0.000000 0.000000 0.000000 0.000000 0.497474 0.000000 0.000000 0.000000 0.000000
 0.000000 0.000000 0.000000 0.000000 0.359872 0.000000 0.000000 0.000000 0.000000 0.000000 0.000003 0.000000 0.000000 0.292175 0.000000 0.336233 0.000000 0.000000 0.011717 0.000000
 0.000000 0.000002 0.000000 0.000000 0.000000 0.000000 0.018906 0.005711 0.000000 0.080062 0.328108 0.262739 0.000000 0.290539 0.000000 0.000001 0.000000 0.010784 0.000000 0.003148
 0.000000 0.000000 0.000006 0.000000 0.000000 0.241097 0.276065 0.000217 0.067044 0.258950 0.000128 0.000000 0.153783 0.000000 0.000000 0.000000 0.000000 0.000000 0.002709 0.000000
the mean of prob-rank is 1.5263157894736843
the number of false negetive edges is 0
the number of probability greater than 0 is 5.6/edge
