20
 0.000000 0.499998 0.000000 0.000000 0.000000 0.000000 0.000000 0.499999 0.000000 0.000000 0.000000 0.000000 0.000000 0.000000 0.000000 0.000000 0.000003 0.000000 0.000000 0.000000
 0.499974 0.000000 0.000000 0.000000 0.000000 0.000002 0.000000 0.000050 0.000000 0.000000 0.000000 0.000000 0.000000 0.000000 0.000000 0.000000 0.499974 0.000000 0.000000 0.000000
 0.000000 0.000000 0.000000 0.000000 0.000000 0.000000 0.000000 0.000000 0.000000 0.000000 0.000000 0.000000 0.500000 0.000000 0.000000 0.000000 0.000000 0.500000 0.000000 0.000000
 0.000000 0.000000 0.000000 0.000000 0.000000 0.431105 0.432280 0.000000 0.000000 0.000000 0.000000 0.000000 0.000000 0.136614 0.000000 0.000000 0.000000 0.000000 0.000000 0.000000
 0.000000 0.000000 0.000000 0.000000 0.000000 0.000000 0.000000 0.000000 0.000000 0.000000 0.498085 0.000000 0.000000 0.000000 0.000000 0.000000 0.000000 0.000000 0.003841 0.498075
 0.000000 0.000002 0.000000 0.437565 0.000000 0.000000 0.112636 0.011402 0.000000 0.000000 0.000000 0.000000 0.000000 0.000000 0.000000 0.000000 0.438396 0.000000 0.000000 0.000000
 0.000000 0.000000 0.000000 0.443317 0.000000 0.113806 0.000000 0.000000 0.000000 0.000000 0.000000 0.000000 0.000000 0.442876 0.000000 0.000000 0.000000 0.000000 0.000000 0.000000
 0.493563 0.000049 0.000000 0.000000 0.000000 0.012826 0.000000 0.000000 0.000000 0.000000 0.000000 0.000044 0.000000 0.000000 0.493518 0.000000 0.000000 0.000000 0.000000 0.000000
 0.000000 0.000000 0.000000 0.000000 0.000000 0.000000 0.000000 0.000000 0.000000 0.497019 0.000000 0.002285 0.000000 0.000000 0.000000 0.003939 0.000000 0.496757 0.000000 0.000000
 0.000000 0.000000 0.000000 0.000000 0.000000 0.000000 0.000000 0.000000 0.496070 0.000000 0.000000 0.000000 0.000000 0.000000 0.000000 0.496314 0.007616 0.000000 0.000000 0.000000
 0.000000 0.000000 0.000000 0.000000 0.500000 0.000000 0.000000 0.000000 0.000000 0.000000 0.000000 0.000000 0.500000 0.000000 0.000000 0.000000 0.000000 0.000000 0.000000 0.000000
 0.000000 0.000000 0.000000 0.000000 0.000000 0.000000 0.000000 0.000043 0.002223 0.000000 0.000000 0.000000 0.000000 0.000000 0.483929 0.483649 0.000000 0.030156 0.000000 0.000000
 0.000000 0.000000 0.500000 0.000000 0.000000 0.000000 0.000000 0.000000 0.000000 0.000000 0.500000 0.000000 0.000000 0.000000 0.000000 0.000000 0.000000 0.000000 0.000000 0.000000
 0.000000 0.000000 0.000000 0.129933 0.000000 0.000000 0.410728 0.000000 0.000000 0.000000 0.000000 0.000000 0.000000 0.000000 0.000000 0.000000 0.000000 0.000000 0.410430 0.048909
 0.000000 0.000000 0.000000 0.000000 0.000000 0.000000 0.000000 0.497070 0.000000 0.000000 0.000000 0.497114 0.000000 0.000000 0.000000 0.000000 0.000000 0.005816 0.000000 0.000000
 0.000000 0.000000 0.000000 0.000000 0.000000 0.000000 0.000000 0.000000 0.003946 0.498172 0.000000 0.497882 0.000000 0.000000 0.000000 0.000000 0.000000 0.000000 0.000000 0.000000
 0.000003 0.496395 0.000000 0.000000 0.000000 0.495985 0.000000 0.000000 0.000000 0.007617 0.000000 0.000000 0.000000 0.000000 0.000000 0.000000 0.000000 0.000000 0.000000 0.000000
 0.000000 0.000000 0.482394 0.000000 0.000000 0.000000 0.000000 0.000000 0.481902 0.000000 0.000000 0.030060 0.000000 0.000000 0.005644 0.000000 0.000000 0.000000 0.000000 0.000000
 0.000000 0.000000 0.000000 0.000000 0.003844 0.000000 0.000000 0.000000 0.000000 0.000000 0.000000 0.000000 0.000000 0.497649 0.000000 0.000000 0.000000 0.000000 0.000000 0.498507
 0.000000 0.000000 0.000000 0.000000 0.471924 0.000000 0.000000 0.000000 0.000000 0.000000 0.000000 0.000000 0.000000 0.056142 0.000000 0.000000 0.000000 0.000000 0.471934 0.000000
the mean of prob-rank is 1.631578947368421
the number of false negetive edges is 0
the number of probability greater than 0 is 3.4/edge
