20
 0.000000 0.500000 0.000000 0.000000 0.000000 0.000000 0.000000 0.000000 0.000000 0.000000 0.000000 0.000000 0.000000 0.000000 0.000000 0.000000 0.000000 0.000000 0.000000 0.500000
 0.391476 0.000000 0.000000 0.236958 0.000000 0.000000 0.000000 0.000000 0.000000 0.000009 0.371558 0.000000 0.000000 0.000000 0.000000 0.000000 0.000000 0.000000 0.000000 0.000000
 0.000000 0.000000 0.000000 0.000000 0.000000 0.000000 0.000000 0.000000 0.000000 0.117462 0.000000 0.000000 0.441236 0.000000 0.000000 0.000000 0.000000 0.441302 0.000000 0.000000
 0.000000 0.224960 0.000000 0.000000 0.000000 0.000000 0.000000 0.000000 0.000000 0.034561 0.371654 0.000000 0.000000 0.000000 0.000000 0.000000 0.368824 0.000000 0.000000 0.000000
 0.000000 0.000000 0.000000 0.000000 0.000000 0.000000 0.500000 0.000000 0.000000 0.000000 0.000000 0.000000 0.000000 0.500000 0.000000 0.000000 0.000000 0.000000 0.000000 0.000000
 0.000000 0.000000 0.000000 0.000000 0.000000 0.000000 0.000000 0.000000 0.500001 0.000000 0.000000 0.000000 0.499999 0.000000 0.000000 0.000000 0.000000 0.000000 0.000000 0.000000
 0.000000 0.000000 0.000000 0.000000 0.489646 0.000000 0.000000 0.000000 0.000000 0.000000 0.000000 0.000000 0.000000 0.020709 0.000000 0.000000 0.000000 0.000000 0.000000 0.489646
 0.000000 0.000000 0.000000 0.000000 0.000000 0.000000 0.000000 0.000000 0.488755 0.000000 0.000000 0.022564 0.000000 0.000000 0.488681 0.000000 0.000000 0.000000 0.000000 0.000000
 0.000000 0.000000 0.000000 0.000000 0.000000 0.499887 0.000000 0.499849 0.000000 0.000000 0.000000 0.000000 0.000000 0.000000 0.000264 0.000000 0.000000 0.000000 0.000000 0.000000
 0.000000 0.000009 0.104918 0.036655 0.000000 0.000000 0.000000 0.000000 0.000000 0.000000 0.074666 0.000000 0.000001 0.000000 0.000000 0.000000 0.394174 0.389578 0.000000 0.000000
 0.000000 0.376680 0.000000 0.396873 0.000000 0.000000 0.000000 0.000000 0.000000 0.075177 0.000000 0.000000 0.000000 0.000000 0.000000 0.000000 0.151270 0.000000 0.000000 0.000000
 0.000000 0.000000 0.000000 0.000000 0.000000 0.000000 0.000000 0.021612 0.000000 0.000000 0.000000 0.000000 0.000000 0.000000 0.045162 0.467232 0.000000 0.000000 0.465995 0.000000
 0.000000 0.000000 0.409641 0.000000 0.000000 0.409699 0.000000 0.000000 0.000000 0.000001 0.000000 0.000000 0.000000 0.000000 0.000000 0.000000 0.000000 0.180659 0.000000 0.000000
 0.000000 0.000000 0.000000 0.000000 0.489646 0.000000 0.020709 0.000000 0.000000 0.000000 0.000000 0.000000 0.000000 0.000000 0.000000 0.000000 0.000000 0.000000 0.489646 0.000000
 0.000000 0.000000 0.000000 0.000000 0.000000 0.000000 0.000000 0.476816 0.000252 0.000000 0.000000 0.046007 0.000000 0.000000 0.000000 0.476925 0.000000 0.000000 0.000000 0.000000
 0.000000 0.000000 0.000000 0.000000 0.000000 0.000000 0.000000 0.000000 0.000000 0.000000 0.000000 0.453686 0.000000 0.000000 0.454592 0.000000 0.000000 0.000000 0.091723 0.000000
 0.000000 0.000000 0.000000 0.417673 0.000000 0.000000 0.000000 0.000000 0.000000 0.420878 0.160420 0.000000 0.000000 0.000000 0.000000 0.000000 0.000000 0.001028 0.000000 0.000000
 0.000000 0.000000 0.411229 0.000000 0.000000 0.000000 0.000000 0.000000 0.000000 0.406434 0.000000 0.000000 0.181333 0.000000 0.000000 0.000000 0.001005 0.000000 0.000000 0.000000
 0.000000 0.000000 0.000000 0.000000 0.000000 0.000000 0.000000 0.000000 0.000000 0.000000 0.000000 0.453029 0.000000 0.455138 0.000000 0.091833 0.000000 0.000000 0.000000 0.000000
 0.500000 0.000000 0.000000 0.000000 0.000000 0.000000 0.500000 0.000000 0.000000 0.000000 0.000000 0.000000 0.000000 0.000000 0.000000 0.000000 0.000000 0.000000 0.000000 0.000000
the mean of prob-rank is 1.4736842105263157
the number of false negetive edges is 0
the number of probability greater than 0 is 3.3/edge
