20
 0.000000 0.000000 0.000000 0.000000 0.500000 0.000000 0.000000 0.000000 0.000000 0.000000 0.000000 0.000000 0.000000 0.500000 0.000000 0.000000 0.000000 0.000000 0.000000 0.000000
 0.000000 0.000000 0.000000 0.000000 0.000000 0.000000 0.000000 0.000000 0.464723 0.000000 0.000000 0.000000 0.000000 0.000000 0.000000 0.000000 0.000000 0.073000 0.000000 0.462278
 0.000000 0.000000 0.000000 0.499970 0.000000 0.000000 0.499974 0.000000 0.000000 0.000000 0.000000 0.000056 0.000000 0.000000 0.000000 0.000000 0.000000 0.000000 0.000000 0.000000
 0.000000 0.000000 0.467731 0.000000 0.000000 0.000000 0.000000 0.000233 0.000000 0.467636 0.000000 0.064399 0.000000 0.000000 0.000000 0.000000 0.000000 0.000000 0.000000 0.000000
 0.500000 0.000000 0.000000 0.000000 0.000000 0.500000 0.000000 0.000000 0.000000 0.000000 0.000000 0.000000 0.000000 0.000000 0.000000 0.000000 0.000000 0.000000 0.000000 0.000000
 0.000000 0.000000 0.000000 0.000000 0.500000 0.000000 0.000000 0.000000 0.000000 0.000000 0.000000 0.000000 0.000000 0.000000 0.000000 0.500000 0.000000 0.000000 0.000000 0.000000
 0.000000 0.000000 0.498816 0.000000 0.000000 0.000000 0.000000 0.000000 0.000000 0.002355 0.000000 0.000000 0.000000 0.000000 0.000000 0.498829 0.000000 0.000000 0.000000 0.000000
 0.000000 0.000000 0.000000 0.000231 0.000000 0.000000 0.000000 0.000000 0.000000 0.462636 0.074418 0.461660 0.000000 0.000000 0.000000 0.000000 0.001056 0.000000 0.000000 0.000000
 0.000000 0.480600 0.000000 0.000000 0.000000 0.000000 0.000000 0.000000 0.000000 0.000000 0.000000 0.000000 0.000000 0.000000 0.039432 0.000000 0.000000 0.479950 0.000018 0.000000
 0.000000 0.000000 0.000000 0.466380 0.000000 0.000000 0.002202 0.466492 0.000000 0.000000 0.000000 0.064926 0.000000 0.000000 0.000000 0.000000 0.000000 0.000000 0.000000 0.000000
 0.000000 0.000000 0.000000 0.000000 0.000000 0.000000 0.000000 0.066435 0.000000 0.000000 0.000000 0.000000 0.112626 0.000000 0.412233 0.000000 0.408706 0.000000 0.000000 0.000000
 0.000000 0.000000 0.000050 0.061375 0.000000 0.000000 0.000000 0.444841 0.000000 0.062043 0.000000 0.000000 0.000000 0.000000 0.000000 0.000000 0.431689 0.000000 0.000001 0.000000
 0.000000 0.000000 0.000000 0.000000 0.000000 0.000000 0.000000 0.000000 0.000000 0.000000 0.103122 0.000000 0.000000 0.000000 0.374735 0.000000 0.144572 0.000000 0.377570 0.000000
 0.500000 0.000000 0.000000 0.000000 0.000000 0.000000 0.000000 0.000000 0.000000 0.000000 0.000000 0.000000 0.000000 0.000000 0.000000 0.000000 0.000000 0.000000 0.000000 0.500000
 0.000000 0.000000 0.000000 0.000000 0.000000 0.000000 0.000000 0.000000 0.033230 0.000000 0.404255 0.000000 0.401348 0.000000 0.000000 0.000000 0.000043 0.000000 0.161124 0.000000
 0.000000 0.000000 0.000000 0.000000 0.000000 0.500000 0.500000 0.000000 0.000000 0.000000 0.000000 0.000000 0.000000 0.000000 0.000000 0.000000 0.000000 0.000000 0.000000 0.000000
 0.000000 0.000000 0.000000 0.000000 0.000000 0.000000 0.000000 0.000930 0.000000 0.000000 0.403428 0.394785 0.155856 0.000000 0.000043 0.000000 0.000000 0.000000 0.044957 0.000000
 0.000000 0.069248 0.000000 0.000000 0.000000 0.000000 0.000000 0.000000 0.440244 0.000000 0.000000 0.000000 0.000000 0.000000 0.000000 0.000000 0.000000 0.000000 0.440031 0.050477
 0.000000 0.000000 0.000000 0.000000 0.000000 0.000000 0.000000 0.000000 0.000015 0.000000 0.000000 0.000001 0.398621 0.000000 0.158827 0.000000 0.044027 0.398509 0.000000 0.000000
 0.000000 0.471609 0.000000 0.000000 0.000000 0.000000 0.000000 0.000000 0.000000 0.000000 0.000000 0.000000 0.000000 0.474104 0.000000 0.000000 0.000000 0.054286 0.000000 0.000000
the mean of prob-rank is 1.5789473684210527
the number of false negetive edges is 0
the number of probability greater than 0 is 3.65/edge
