20
 0.000000 0.000000 0.000000 0.000000 0.000000 0.000000 0.000000 0.000000 0.000000 0.000000 0.000000 0.000000 0.000000 0.000000 0.000000 0.328790 0.348139 0.323071 0.000000 0.000000
 0.000000 0.000000 0.392464 0.000000 0.000000 0.000000 0.000000 0.000000 0.000000 0.000000 0.000000 0.000000 0.000000 0.412819 0.194717 0.000000 0.000000 0.000000 0.000000 0.000000
 0.000000 0.327114 0.000000 0.000000 0.164699 0.000000 0.000000 0.000054 0.000000 0.000000 0.000000 0.000000 0.000000 0.000000 0.341841 0.000000 0.000000 0.000000 0.166291 0.000000
 0.000000 0.000000 0.000000 0.000000 0.000000 0.000000 0.000000 0.000000 0.000000 0.500000 0.000000 0.000000 0.000000 0.000000 0.000000 0.000000 0.000000 0.000000 0.000000 0.500000
 0.000000 0.000000 0.194481 0.000000 0.000000 0.000000 0.000000 0.000000 0.000000 0.000000 0.000000 0.000000 0.406299 0.000000 0.000000 0.000000 0.000000 0.000000 0.399220 0.000000
 0.000000 0.000000 0.000000 0.000000 0.000000 0.000000 0.000000 0.000000 0.499573 0.000000 0.000697 0.000000 0.000000 0.000000 0.000000 0.000000 0.000000 0.499730 0.000000 0.000000
 0.000000 0.000000 0.000000 0.000000 0.000000 0.000000 0.000000 0.000000 0.000000 0.500000 0.000000 0.000000 0.000000 0.500000 0.000000 0.000000 0.000000 0.000000 0.000000 0.000000
 0.000000 0.000000 0.000079 0.000000 0.000000 0.000000 0.000000 0.000000 0.000000 0.000000 0.000000 0.000000 0.000000 0.000000 0.499961 0.000000 0.000000 0.000000 0.499960 0.000000
 0.000000 0.000000 0.000000 0.000000 0.000000 0.499765 0.000000 0.000000 0.000000 0.000000 0.499951 0.000000 0.000000 0.000000 0.000000 0.000000 0.000000 0.000284 0.000000 0.000000
 0.000000 0.000000 0.000000 0.500000 0.000000 0.000000 0.500000 0.000000 0.000000 0.000000 0.000000 0.000000 0.000000 0.000000 0.000000 0.000000 0.000000 0.000000 0.000000 0.000000
 0.000000 0.000000 0.000000 0.000000 0.000000 0.000697 0.000000 0.000000 0.499653 0.000000 0.000000 0.000000 0.499646 0.000000 0.000000 0.000000 0.000000 0.000000 0.000004 0.000000
 0.000000 0.000000 0.000000 0.000000 0.000000 0.000000 0.000000 0.000000 0.000000 0.000000 0.000000 0.000000 0.000000 0.000000 0.000000 0.495693 0.008508 0.000000 0.000000 0.495800
 0.000000 0.000000 0.000000 0.000000 0.499818 0.000000 0.000000 0.000000 0.000000 0.000000 0.499811 0.000000 0.000000 0.000000 0.000000 0.000000 0.000000 0.000000 0.000371 0.000000
 0.000000 0.500000 0.000000 0.000000 0.000000 0.000000 0.500000 0.000000 0.000000 0.000000 0.000000 0.000000 0.000000 0.000000 0.000000 0.000000 0.000000 0.000000 0.000000 0.000000
 0.000000 0.191336 0.403012 0.000000 0.000000 0.000000 0.000000 0.405651 0.000000 0.000000 0.000000 0.000000 0.000000 0.000000 0.000000 0.000000 0.000000 0.000000 0.000000 0.000000
 0.326930 0.000000 0.000000 0.000000 0.000000 0.000000 0.000000 0.000000 0.000000 0.000000 0.000000 0.346095 0.000000 0.000000 0.000000 0.000000 0.326929 0.000045 0.000000 0.000000
 0.340018 0.000000 0.000000 0.000000 0.000000 0.000000 0.000000 0.000000 0.000000 0.000000 0.000000 0.005834 0.000000 0.000000 0.000000 0.321119 0.000000 0.333029 0.000000 0.000000
 0.319110 0.000000 0.000000 0.000000 0.000000 0.343849 0.000000 0.000000 0.000195 0.000000 0.000000 0.000000 0.000000 0.000000 0.000000 0.000045 0.336801 0.000000 0.000000 0.000000
 0.000000 0.000000 0.195933 0.000000 0.398350 0.000000 0.000000 0.405412 0.000000 0.000000 0.000004 0.000000 0.000301 0.000000 0.000000 0.000000 0.000000 0.000000 0.000000 0.000000
 0.000000 0.000000 0.000000 0.500000 0.000000 0.000000 0.000000 0.000000 0.000000 0.000000 0.000000 0.500000 0.000000 0.000000 0.000000 0.000000 0.000000 0.000000 0.000000 0.000000
the mean of prob-rank is 1.5263157894736843
the number of false negetive edges is 0
the number of probability greater than 0 is 3.2/edge
