20
 0.000000 0.000000 0.000000 0.000000 0.000000 0.000000 0.289851 0.000000 0.000000 0.000000 0.000000 0.000000 0.325407 0.037645 0.000000 0.000000 0.000000 0.031503 0.315281 0.000313
 0.000000 0.000000 0.000000 0.000000 0.000000 0.000000 0.000000 0.000000 0.000000 0.000000 0.500001 0.000000 0.000000 0.000000 0.000000 0.499999 0.000000 0.000000 0.000000 0.000000
 0.000000 0.000000 0.000000 0.000000 0.000000 0.013990 0.000000 0.000000 0.000000 0.492994 0.000000 0.000000 0.000000 0.493015 0.000000 0.000000 0.000000 0.000000 0.000000 0.000000
 0.000000 0.000000 0.000000 0.000000 0.000000 0.000000 0.000000 0.500000 0.500000 0.000000 0.000000 0.000000 0.000000 0.000000 0.000000 0.000000 0.000000 0.000000 0.000000 0.000000
 0.000000 0.000000 0.000000 0.000000 0.000000 0.000000 0.000000 0.000000 0.000000 0.000000 0.000000 0.000000 0.000000 0.000000 0.500008 0.499992 0.000000 0.000000 0.000000 0.000000
 0.000000 0.000000 0.013995 0.000000 0.000000 0.000000 0.000000 0.000000 0.000000 0.000000 0.000000 0.000000 0.492817 0.000000 0.000000 0.000000 0.000000 0.000000 0.000000 0.493188
 0.292367 0.000000 0.000000 0.000000 0.000000 0.000000 0.000000 0.000000 0.000000 0.000000 0.000001 0.000000 0.069320 0.000000 0.000000 0.000000 0.000000 0.310022 0.328289 0.000000
 0.000000 0.000000 0.000000 0.500044 0.000000 0.000000 0.000000 0.000000 0.000000 0.000000 0.000000 0.000000 0.000000 0.000000 0.499956 0.000000 0.000000 0.000000 0.000000 0.000000
 0.000000 0.000000 0.000000 0.500000 0.000000 0.000000 0.000000 0.000000 0.000000 0.000000 0.000000 0.500000 0.000000 0.000000 0.000000 0.000000 0.000000 0.000000 0.000000 0.000000
 0.000000 0.000000 0.489986 0.000000 0.000000 0.000000 0.000000 0.000000 0.000000 0.000000 0.000000 0.490017 0.000000 0.000000 0.000000 0.000000 0.019119 0.000878 0.000000 0.000000
 0.000000 0.498666 0.000000 0.000000 0.000000 0.000000 0.000002 0.000000 0.000000 0.000000 0.000000 0.000000 0.000000 0.000000 0.000000 0.000000 0.498632 0.000000 0.002699 0.000000
 0.000000 0.000000 0.000000 0.000000 0.000000 0.000000 0.000000 0.000000 0.500000 0.500000 0.000000 0.000000 0.000000 0.000000 0.000000 0.000000 0.000000 0.000000 0.000000 0.000000
 0.376084 0.000000 0.000000 0.000000 0.000000 0.375935 0.079427 0.000000 0.000000 0.000000 0.000000 0.000000 0.000000 0.000569 0.000000 0.000000 0.000000 0.000000 0.167756 0.000229
 0.054005 0.000000 0.466984 0.000000 0.000000 0.000000 0.000000 0.000000 0.000000 0.000000 0.000000 0.000000 0.000707 0.000000 0.000000 0.000000 0.000000 0.011319 0.000000 0.466985
 0.000000 0.000000 0.000000 0.000000 0.500044 0.000000 0.000000 0.499956 0.000000 0.000000 0.000000 0.000000 0.000000 0.000000 0.000000 0.000000 0.000000 0.000000 0.000000 0.000000
 0.000000 0.500008 0.000000 0.000000 0.499992 0.000000 0.000000 0.000000 0.000000 0.000000 0.000000 0.000000 0.000000 0.000000 0.000000 0.000000 0.000000 0.000000 0.000000 0.000000
 0.000000 0.000000 0.000000 0.000000 0.000000 0.000000 0.000000 0.000000 0.000000 0.019138 0.490460 0.000000 0.000000 0.000000 0.000000 0.000000 0.000000 0.490402 0.000000 0.000000
 0.032712 0.000000 0.000000 0.000000 0.000000 0.000000 0.319154 0.000000 0.000000 0.000606 0.000000 0.000000 0.000000 0.008193 0.000000 0.000000 0.337958 0.000000 0.301377 0.000000
 0.292497 0.000000 0.000000 0.000000 0.000000 0.000000 0.301945 0.000000 0.000000 0.000000 0.001635 0.000000 0.134662 0.000000 0.000000 0.000000 0.000000 0.269260 0.000000 0.000000
 0.000480 0.000000 0.000000 0.000000 0.000000 0.499613 0.000000 0.000000 0.000000 0.000000 0.000000 0.000000 0.000304 0.499603 0.000000 0.000000 0.000000 0.000000 0.000000 0.000000
the mean of prob-rank is 1.4736842105263157
the number of false negetive edges is 0
the number of probability greater than 0 is 3.5/edge
