20
 0.000000 0.000000 0.500000 0.000000 0.500000 0.000000 0.000000 0.000000 0.000000 0.000000 0.000000 0.000000 0.000000 0.000000 0.000000 0.000000 0.000000 0.000000 0.000000 0.000000
 0.000000 0.000000 0.000000 0.000000 0.000000 0.000000 0.500000 0.000000 0.000000 0.000000 0.000000 0.000000 0.000000 0.000000 0.000000 0.000000 0.000000 0.500000 0.000000 0.000000
 0.500000 0.000000 0.000000 0.000000 0.000000 0.000000 0.000000 0.000000 0.000000 0.000000 0.000000 0.000000 0.000000 0.000000 0.000000 0.000000 0.000000 0.500000 0.000000 0.000000
 0.000000 0.000000 0.000000 0.000000 0.000000 0.000000 0.000000 0.345838 0.345935 0.030276 0.000000 0.000009 0.000000 0.000000 0.000000 0.000000 0.000000 0.000000 0.000000 0.277942
 0.435323 0.000000 0.000000 0.000000 0.000000 0.000000 0.000000 0.000000 0.000000 0.000000 0.429775 0.000000 0.000000 0.000000 0.134902 0.000000 0.000000 0.000000 0.000000 0.000000
 0.000000 0.000000 0.000000 0.000000 0.000000 0.000000 0.000000 0.000000 0.000000 0.000000 0.000000 0.000000 0.000000 0.000000 0.000000 0.000000 0.500000 0.000000 0.500000 0.000000
 0.000000 0.342546 0.000000 0.000000 0.000000 0.000000 0.000000 0.000000 0.000000 0.000000 0.000000 0.000000 0.331416 0.000000 0.000000 0.000000 0.000000 0.000000 0.000000 0.326038
 0.000000 0.000000 0.000000 0.473384 0.000000 0.000000 0.000000 0.000000 0.052827 0.000000 0.000000 0.000000 0.000000 0.000000 0.000000 0.000000 0.000007 0.000000 0.473783 0.000000
 0.000000 0.000000 0.000000 0.309682 0.000000 0.000000 0.000000 0.034549 0.000000 0.282790 0.000000 0.000000 0.000000 0.306586 0.000000 0.000000 0.000000 0.000000 0.000000 0.066393
 0.000000 0.000000 0.000000 0.024080 0.000000 0.000000 0.000000 0.000000 0.251251 0.000000 0.000000 0.000000 0.240250 0.209116 0.000000 0.000000 0.000000 0.000000 0.000000 0.275304
 0.000000 0.000000 0.000000 0.000000 0.400525 0.000000 0.000000 0.000000 0.000000 0.000000 0.000000 0.059842 0.000000 0.000000 0.404269 0.135363 0.000000 0.000000 0.000000 0.000000
 0.000000 0.000000 0.000000 0.000012 0.000000 0.000000 0.000000 0.000000 0.000000 0.000000 0.068717 0.000000 0.000000 0.000000 0.465567 0.465704 0.000000 0.000000 0.000000 0.000000
 0.000000 0.000000 0.000000 0.000000 0.000000 0.000000 0.314226 0.000000 0.000000 0.283425 0.000000 0.000000 0.000000 0.324779 0.000000 0.000000 0.000000 0.000000 0.000000 0.077570
 0.000000 0.000000 0.000000 0.000000 0.000000 0.000000 0.000000 0.000000 0.346195 0.265774 0.000000 0.000000 0.349895 0.000000 0.000000 0.000000 0.000000 0.000000 0.000000 0.038137
 0.000000 0.000000 0.000000 0.000000 0.134398 0.000000 0.000000 0.000000 0.000000 0.000000 0.432175 0.433427 0.000000 0.000000 0.000000 0.000000 0.000000 0.000000 0.000000 0.000000
 0.000000 0.000000 0.000000 0.000000 0.000000 0.000000 0.000000 0.000000 0.000000 0.000000 0.142997 0.428430 0.000000 0.000000 0.000000 0.000000 0.428572 0.000000 0.000000 0.000000
 0.000000 0.000000 0.000000 0.000000 0.000000 0.499998 0.000000 0.000007 0.000000 0.000000 0.000000 0.000000 0.000000 0.000000 0.000000 0.499995 0.000000 0.000000 0.000000 0.000000
 0.000000 0.500000 0.500000 0.000000 0.000000 0.000000 0.000000 0.000000 0.000000 0.000000 0.000000 0.000000 0.000000 0.000000 0.000000 0.000000 0.000000 0.000000 0.000000 0.000000
 0.000000 0.000000 0.000000 0.000000 0.000000 0.500006 0.000000 0.499994 0.000000 0.000000 0.000000 0.000000 0.000000 0.000000 0.000000 0.000000 0.000000 0.000000 0.000000 0.000000
 0.000000 0.000000 0.000000 0.242089 0.000000 0.000000 0.286958 0.000000 0.064598 0.301488 0.000000 0.000000 0.072007 0.032860 0.000000 0.000000 0.000000 0.000000 0.000000 0.000000
the mean of prob-rank is 1.5789473684210527
the number of false negetive edges is 0
the number of probability greater than 0 is 3.4/edge
