20
 0.000000 0.000000 0.000000 0.000000 0.000000 0.276312 0.141982 0.000000 0.292996 0.000000 0.000000 0.259047 0.020935 0.000000 0.000000 0.000000 0.000000 0.008728 0.000000 0.000000
 0.000000 0.000000 0.000000 0.000000 0.000000 0.000000 0.000005 0.000000 0.000000 0.499997 0.000000 0.000000 0.000000 0.000000 0.000000 0.499997 0.000000 0.000000 0.000000 0.000001
 0.000000 0.000000 0.000000 0.000000 0.000000 0.000000 0.000000 0.000000 0.000000 0.000000 0.000000 0.000000 0.000000 0.000000 0.000000 0.099393 0.450931 0.000000 0.449676 0.000000
 0.000000 0.000000 0.000000 0.000000 0.000000 0.000000 0.000000 0.000000 0.334745 0.000000 0.000000 0.295122 0.000000 0.000000 0.000000 0.000000 0.000000 0.370133 0.000000 0.000000
 0.000000 0.000000 0.000000 0.000000 0.000000 0.396850 0.000016 0.000000 0.000000 0.000000 0.000000 0.000000 0.193360 0.000000 0.409775 0.000000 0.000000 0.000000 0.000000 0.000000
 0.322602 0.000000 0.000000 0.000000 0.333274 0.000000 0.000000 0.000000 0.000000 0.000000 0.000000 0.000000 0.344124 0.000000 0.000000 0.000000 0.000000 0.000000 0.000000 0.000000
 0.194268 0.000004 0.000000 0.000000 0.000015 0.000000 0.000000 0.000000 0.000000 0.000000 0.403234 0.402377 0.000000 0.000101 0.000000 0.000000 0.000000 0.000000 0.000000 0.000000
 0.000000 0.000000 0.000000 0.000000 0.000000 0.000000 0.000000 0.000000 0.000000 0.000000 0.500000 0.000000 0.000000 0.000000 0.000000 0.000000 0.000000 0.000000 0.500000 0.000000
 0.403970 0.000000 0.000000 0.367533 0.000000 0.000000 0.000000 0.000000 0.000000 0.000000 0.000000 0.067591 0.000000 0.000000 0.000000 0.000000 0.000000 0.160906 0.000000 0.000000
 0.000000 0.500000 0.000000 0.000000 0.000000 0.000000 0.000000 0.000000 0.000000 0.000000 0.000000 0.000000 0.000000 0.000000 0.000000 0.000000 0.000000 0.000000 0.000000 0.500000
 0.000000 0.000000 0.000000 0.000000 0.000000 0.000000 0.499964 0.500036 0.000000 0.000000 0.000000 0.000000 0.000000 0.000000 0.000000 0.000000 0.000000 0.000000 0.000000 0.000000
 0.309434 0.000000 0.000000 0.280728 0.000000 0.000000 0.351280 0.000000 0.058559 0.000000 0.000000 0.000000 0.000000 0.000000 0.000000 0.000000 0.000000 0.000000 0.000000 0.000000
 0.028174 0.000000 0.000000 0.000000 0.187174 0.396663 0.000000 0.000000 0.000000 0.000000 0.000000 0.000000 0.000000 0.000000 0.000000 0.000000 0.000000 0.387989 0.000000 0.000000
 0.000000 0.000000 0.000000 0.000000 0.000000 0.000000 0.000126 0.000000 0.000000 0.000000 0.000000 0.000000 0.000000 0.000000 0.499936 0.000000 0.000000 0.000000 0.000000 0.499938
 0.000000 0.000000 0.000000 0.000000 0.500001 0.000000 0.000000 0.000000 0.000000 0.000000 0.000000 0.000000 0.000000 0.499999 0.000000 0.000000 0.000000 0.000000 0.000000 0.000000
 0.000000 0.450426 0.099282 0.000000 0.000000 0.000000 0.000000 0.000000 0.000000 0.000000 0.000000 0.000000 0.000000 0.000000 0.000000 0.000000 0.450292 0.000000 0.000000 0.000000
 0.000000 0.000000 0.488501 0.000000 0.000000 0.000000 0.000000 0.000000 0.000000 0.000000 0.000000 0.000000 0.000000 0.000000 0.000000 0.488355 0.000000 0.000000 0.023144 0.000000
 0.012319 0.000000 0.000000 0.416029 0.000000 0.000000 0.000000 0.000000 0.164724 0.000000 0.000000 0.000000 0.406928 0.000000 0.000000 0.000000 0.000000 0.000000 0.000000 0.000000
 0.000000 0.000000 0.487733 0.000000 0.000000 0.000000 0.000000 0.489095 0.000000 0.000000 0.000000 0.000000 0.000000 0.000000 0.000000 0.000000 0.023172 0.000000 0.000000 0.000000
 0.000000 0.000001 0.000000 0.000000 0.000000 0.000000 0.000000 0.000000 0.000000 0.500000 0.000000 0.000000 0.000000 0.499999 0.000000 0.000000 0.000000 0.000000 0.000000 0.000000
the mean of prob-rank is 1.7894736842105263
the number of false negetive edges is 0
the number of probability greater than 0 is 3.3/edge
