20
 0.000000 0.492863 0.000000 0.000000 0.000000 0.000000 0.000000 0.000000 0.000000 0.492844 0.000000 0.000000 0.000000 0.000000 0.000000 0.000000 0.000000 0.000000 0.000000 0.014293
 0.445607 0.000000 0.000000 0.000000 0.000000 0.000000 0.000000 0.000000 0.000000 0.014307 0.000000 0.072477 0.023405 0.000000 0.000000 0.000000 0.000166 0.000000 0.000000 0.444038
 0.000000 0.000000 0.000000 0.000000 0.000000 0.000000 0.000000 0.309797 0.000000 0.000000 0.357032 0.000000 0.000000 0.000000 0.000000 0.000000 0.333171 0.000000 0.000000 0.000000
 0.000000 0.000000 0.000000 0.000000 0.000000 0.000000 0.000001 0.000000 0.000000 0.500001 0.000000 0.000000 0.000000 0.000000 0.000000 0.000000 0.000000 0.499998 0.000000 0.000000
 0.000000 0.000000 0.000000 0.000000 0.000000 0.000000 0.013347 0.000000 0.492917 0.000000 0.000000 0.000000 0.000000 0.493696 0.000000 0.000000 0.000000 0.000000 0.000040 0.000000
 0.000000 0.000000 0.000000 0.000000 0.000000 0.000000 0.500001 0.000000 0.000000 0.000000 0.000000 0.000000 0.000000 0.000000 0.000000 0.000000 0.000000 0.000000 0.000000 0.499999
 0.000000 0.000000 0.000000 0.000001 0.013337 0.493351 0.000000 0.000000 0.493310 0.000000 0.000000 0.000000 0.000000 0.000000 0.000000 0.000000 0.000000 0.000000 0.000000 0.000000
 0.000000 0.000000 0.282173 0.000000 0.000000 0.000000 0.000000 0.000000 0.000000 0.000000 0.225272 0.153019 0.324357 0.000000 0.000000 0.000000 0.000000 0.000000 0.015179 0.000000
 0.000000 0.000000 0.000000 0.000000 0.489650 0.000000 0.490390 0.000000 0.000000 0.000000 0.000000 0.008770 0.009296 0.000000 0.000000 0.000000 0.000000 0.000000 0.001893 0.000000
 0.488073 0.015671 0.000000 0.488092 0.000000 0.000000 0.000000 0.000000 0.000000 0.000000 0.000000 0.000000 0.000000 0.000000 0.000000 0.000000 0.000000 0.000000 0.000000 0.008164
 0.000000 0.000000 0.360543 0.000000 0.000000 0.000000 0.000000 0.249758 0.000000 0.000000 0.000000 0.000000 0.000000 0.000000 0.000000 0.000312 0.334916 0.000000 0.054471 0.000000
 0.000000 0.061650 0.000000 0.000000 0.000000 0.000000 0.000000 0.178354 0.006778 0.000000 0.000000 0.000000 0.379038 0.000000 0.000000 0.000000 0.000145 0.000000 0.374034 0.000000
 0.000000 0.024777 0.000000 0.000000 0.000000 0.000000 0.000000 0.470499 0.008942 0.000000 0.000000 0.471715 0.000000 0.000000 0.000000 0.000000 0.000011 0.000000 0.024056 0.000000
 0.000000 0.000000 0.000000 0.000000 0.500006 0.000000 0.000000 0.000000 0.000000 0.000000 0.000000 0.000000 0.000000 0.000000 0.000000 0.000000 0.000000 0.000000 0.499994 0.000000
 0.000000 0.000000 0.000000 0.000000 0.000000 0.000000 0.000000 0.000000 0.000000 0.000000 0.000000 0.000000 0.000000 0.000000 0.000000 0.499999 0.000000 0.500001 0.000000 0.000000
 0.000000 0.000000 0.000000 0.000000 0.000000 0.000000 0.000000 0.000000 0.000000 0.000000 0.000432 0.000000 0.000000 0.000000 0.499789 0.000000 0.499779 0.000000 0.000000 0.000000
 0.000000 0.000130 0.325959 0.000000 0.000000 0.000000 0.000000 0.000000 0.000000 0.000000 0.324474 0.000134 0.000008 0.000000 0.000000 0.349295 0.000000 0.000000 0.000000 0.000000
 0.000000 0.000000 0.000000 0.499999 0.000000 0.000000 0.000000 0.000000 0.000000 0.000000 0.000000 0.000000 0.000000 0.000000 0.500001 0.000000 0.000000 0.000000 0.000000 0.000000
 0.000000 0.000000 0.000000 0.000000 0.000036 0.000000 0.000000 0.020843 0.001724 0.000000 0.067463 0.440642 0.022772 0.446520 0.000000 0.000000 0.000000 0.000000 0.000000 0.000000
 0.014200 0.487943 0.000000 0.000000 0.000000 0.489666 0.000000 0.000000 0.000000 0.008190 0.000000 0.000000 0.000000 0.000000 0.000000 0.000000 0.000000 0.000000 0.000000 0.000000
the mean of prob-rank is 1.4736842105263157
the number of false negetive edges is 0
the number of probability greater than 0 is 4.1/edge
