20
 0.000000 0.000000 0.259806 0.000000 0.000000 0.000000 0.000000 0.243465 0.000000 0.246948 0.000000 0.000000 0.000074 0.000000 0.000000 0.249708 0.000000 0.000000 0.000000 0.000000
 0.000000 0.000000 0.002424 0.000000 0.000000 0.000000 0.000000 0.000000 0.000000 0.000000 0.049152 0.000000 0.000000 0.000000 0.000000 0.000000 0.474078 0.000000 0.000000 0.474346
 0.267020 0.001491 0.000000 0.000000 0.000000 0.000000 0.000000 0.000000 0.000000 0.288008 0.160243 0.000000 0.000000 0.000000 0.000000 0.000000 0.278034 0.005182 0.000000 0.000021
 0.000000 0.000000 0.000000 0.000000 0.000000 0.499944 0.000000 0.000000 0.000093 0.000000 0.000000 0.000005 0.000000 0.000000 0.499959 0.000000 0.000000 0.000000 0.000000 0.000000
 0.000000 0.000000 0.000000 0.000000 0.000000 0.000000 0.000000 0.000000 0.000000 0.144639 0.000000 0.000000 0.403883 0.049233 0.000000 0.000000 0.000000 0.402245 0.000000 0.000000
 0.000000 0.000000 0.000000 0.484381 0.000000 0.000000 0.000000 0.000000 0.484395 0.000000 0.000000 0.031224 0.000000 0.000000 0.000000 0.000000 0.000000 0.000000 0.000000 0.000000
 0.000000 0.000000 0.000000 0.000000 0.000000 0.000000 0.000000 0.000000 0.000000 0.000000 0.000000 0.000000 0.000000 0.000000 0.499995 0.000000 0.000000 0.000000 0.500005 0.000000
 0.313141 0.000000 0.000000 0.000000 0.000000 0.000000 0.000000 0.000000 0.000004 0.000000 0.000000 0.321910 0.000000 0.000000 0.000000 0.364944 0.000000 0.000000 0.000000 0.000000
 0.000000 0.000000 0.000000 0.000093 0.000000 0.499998 0.000000 0.000006 0.000000 0.000000 0.000000 0.499904 0.000000 0.000000 0.000000 0.000000 0.000000 0.000000 0.000000 0.000000
 0.223871 0.000000 0.254041 0.000000 0.092116 0.000000 0.000000 0.000000 0.000000 0.000000 0.000000 0.000000 0.241298 0.000000 0.000000 0.009057 0.000000 0.179617 0.000000 0.000000
 0.000000 0.038883 0.206192 0.000000 0.000000 0.000000 0.000000 0.000000 0.000000 0.000000 0.000000 0.000000 0.000000 0.000000 0.000000 0.000000 0.197396 0.000000 0.375245 0.182285
 0.000000 0.000000 0.000000 0.000004 0.000000 0.027875 0.000000 0.381440 0.432356 0.000000 0.000000 0.000000 0.092971 0.000000 0.000000 0.065354 0.000000 0.000000 0.000000 0.000000
 0.000075 0.000000 0.000000 0.000000 0.289335 0.000000 0.000000 0.000000 0.000000 0.271423 0.000000 0.062207 0.000000 0.111198 0.000000 0.247163 0.000000 0.018599 0.000000 0.000000
 0.000000 0.000000 0.000000 0.000000 0.049045 0.000000 0.000000 0.000000 0.000000 0.000000 0.000000 0.000000 0.154629 0.000000 0.000000 0.000000 0.000000 0.400710 0.000000 0.395616
 0.000000 0.000000 0.000000 0.500005 0.000000 0.000000 0.499995 0.000000 0.000000 0.000000 0.000000 0.000000 0.000000 0.000000 0.000000 0.000000 0.000000 0.000000 0.000000 0.000000
 0.301324 0.000000 0.000000 0.000000 0.000000 0.000000 0.000000 0.342393 0.000000 0.012056 0.000000 0.051746 0.292482 0.000000 0.000000 0.000000 0.000000 0.000000 0.000000 0.000000
 0.000000 0.394942 0.376750 0.000000 0.000000 0.000000 0.000000 0.000000 0.000000 0.000000 0.207875 0.000000 0.000000 0.000000 0.000000 0.000000 0.000000 0.000000 0.000000 0.020433
 0.000000 0.000000 0.006410 0.000000 0.359257 0.000000 0.000000 0.000000 0.000000 0.251889 0.000000 0.000000 0.023188 0.359256 0.000000 0.000000 0.000000 0.000000 0.000000 0.000000
 0.000000 0.000000 0.000000 0.000000 0.000000 0.000000 0.500000 0.000000 0.000000 0.000000 0.500000 0.000000 0.000000 0.000000 0.000000 0.000000 0.000000 0.000000 0.000000 0.000000
 0.000000 0.396699 0.000029 0.000000 0.000000 0.000000 0.000000 0.000000 0.000000 0.000000 0.192706 0.000000 0.000000 0.390054 0.000000 0.000000 0.020512 0.000000 0.000000 0.000000
the mean of prob-rank is 1.4210526315789473
the number of false negetive edges is 0
the number of probability greater than 0 is 4.4/edge
