20
 0.000000 0.000000 0.000000 0.000000 0.000000 0.000000 0.000000 0.000000 0.000000 0.000000 0.002911 0.000000 0.000000 0.000000 0.000000 0.345069 0.346271 0.305744 0.000004 0.000000
 0.000000 0.000000 0.000000 0.000000 0.000062 0.000013 0.000000 0.000008 0.000000 0.000000 0.000050 0.000000 0.000000 0.499932 0.000000 0.000000 0.000000 0.000000 0.000000 0.499935
 0.000000 0.000000 0.000000 0.000000 0.000000 0.000000 0.480746 0.000000 0.000000 0.036125 0.000000 0.481301 0.001828 0.000000 0.000000 0.000000 0.000000 0.000000 0.000000 0.000000
 0.000000 0.000000 0.000000 0.000000 0.000000 0.000000 0.000000 0.000000 0.500004 0.000000 0.000000 0.000000 0.000000 0.000000 0.000000 0.000000 0.000000 0.000000 0.000000 0.499996
 0.000000 0.000062 0.000000 0.000000 0.000000 0.000000 0.000000 0.000000 0.000000 0.000000 0.000000 0.000000 0.000000 0.499972 0.000000 0.000000 0.000000 0.000000 0.499966 0.000000
 0.000000 0.000012 0.000000 0.000000 0.000000 0.000000 0.000000 0.472033 0.000000 0.000000 0.472230 0.004288 0.039670 0.000002 0.000000 0.000000 0.000661 0.000000 0.011103 0.000000
 0.000000 0.000000 0.462645 0.000000 0.000000 0.000000 0.000000 0.000000 0.000000 0.462471 0.000000 0.000022 0.000000 0.000000 0.074862 0.000000 0.000000 0.000000 0.000000 0.000000
 0.000000 0.000008 0.000000 0.000000 0.000000 0.469011 0.000000 0.000000 0.000000 0.000000 0.057610 0.003042 0.469245 0.000000 0.000002 0.000000 0.000000 0.000000 0.000000 0.001083
 0.000000 0.000000 0.000000 0.500068 0.000000 0.000000 0.000000 0.000000 0.000000 0.000000 0.000000 0.000000 0.000000 0.000000 0.499409 0.000000 0.000000 0.000000 0.000000 0.000524
 0.000000 0.000000 0.034337 0.000000 0.000000 0.000000 0.456775 0.000000 0.000000 0.000000 0.000008 0.051407 0.000000 0.000000 0.000000 0.000000 0.000000 0.457473 0.000000 0.000000
 0.003056 0.000036 0.000000 0.000000 0.000000 0.363332 0.000000 0.044610 0.000000 0.000007 0.000000 0.362742 0.017080 0.000004 0.000000 0.000004 0.091190 0.116722 0.001215 0.000000
 0.000000 0.000000 0.438982 0.000000 0.000000 0.003985 0.000021 0.002845 0.000000 0.049329 0.438096 0.000000 0.066743 0.000000 0.000000 0.000000 0.000000 0.000000 0.000000 0.000000
 0.000000 0.000000 0.001665 0.000000 0.000000 0.036809 0.000000 0.438215 0.000000 0.000000 0.020599 0.066647 0.000000 0.000000 0.435652 0.000000 0.000000 0.000000 0.000000 0.000413
 0.000000 0.499994 0.000000 0.000000 0.499998 0.000002 0.000000 0.000000 0.000000 0.000000 0.000006 0.000000 0.000000 0.000000 0.000000 0.000000 0.000000 0.000000 0.000000 0.000000
 0.000000 0.000000 0.000000 0.000000 0.000000 0.000000 0.075032 0.000002 0.463596 0.000000 0.000000 0.000000 0.461370 0.000000 0.000000 0.000000 0.000000 0.000000 0.000000 0.000000
 0.288930 0.000000 0.000000 0.000000 0.000000 0.000000 0.000000 0.000000 0.000000 0.000000 0.000003 0.000000 0.000000 0.000000 0.000000 0.000000 0.242283 0.193442 0.275343 0.000000
 0.315309 0.000000 0.000000 0.000000 0.000000 0.000441 0.000000 0.000000 0.000000 0.000000 0.079107 0.000000 0.000000 0.000000 0.000000 0.263485 0.000000 0.031048 0.310609 0.000000
 0.297318 0.000000 0.000000 0.000000 0.000000 0.000000 0.000000 0.000000 0.000000 0.336730 0.108134 0.000000 0.000000 0.000000 0.000000 0.224661 0.033158 0.000000 0.000000 0.000000
 0.000004 0.000000 0.000000 0.000000 0.337652 0.007936 0.000000 0.000000 0.000000 0.000000 0.001129 0.000000 0.000000 0.000000 0.000000 0.320658 0.332621 0.000000 0.000000 0.000000
 0.000000 0.498942 0.000000 0.498914 0.000000 0.000000 0.000000 0.001151 0.000523 0.000000 0.000000 0.000000 0.000470 0.000000 0.000000 0.000000 0.000000 0.000000 0.000000 0.000000
the mean of prob-rank is 1.5789473684210527
the number of false negetive edges is 0
the number of probability greater than 0 is 5.4/edge
