20
 0.000000 0.000000 0.000000 0.000000 0.000000 0.489286 0.000000 0.000000 0.489346 0.000000 0.000000 0.000000 0.000000 0.000000 0.000000 0.000000 0.000000 0.021368 0.000000 0.000000
 0.000000 0.000000 0.000000 0.000000 0.000000 0.000000 0.000000 0.000000 0.500000 0.000000 0.000000 0.000000 0.000000 0.000000 0.000000 0.000000 0.500000 0.000000 0.000000 0.000000
 0.000000 0.000000 0.000000 0.000000 0.000000 0.000000 0.000000 0.000000 0.000000 0.000000 0.258954 0.000002 0.203689 0.235187 0.000000 0.302168 0.000000 0.000000 0.000000 0.000000
 0.000000 0.000000 0.000000 0.000000 0.000000 0.000000 0.000000 0.000000 0.000000 0.500000 0.000000 0.500000 0.000000 0.000000 0.000000 0.000000 0.000000 0.000000 0.000000 0.000000
 0.000000 0.000000 0.000000 0.000000 0.000000 0.000000 0.000000 0.367728 0.000000 0.000000 0.000000 0.000000 0.000000 0.000628 0.000000 0.000000 0.000064 0.358132 0.000000 0.273448
 0.486578 0.000000 0.000000 0.000000 0.000000 0.000000 0.000000 0.000000 0.000000 0.000000 0.000000 0.000000 0.000000 0.000000 0.486460 0.000000 0.000000 0.026962 0.000000 0.000000
 0.000000 0.000000 0.000000 0.000000 0.000000 0.000000 0.000000 0.000000 0.000000 0.000000 0.000000 0.500012 0.000000 0.000000 0.000000 0.000000 0.000000 0.000000 0.499988 0.000000
 0.000000 0.000000 0.000000 0.000000 0.345322 0.000000 0.000000 0.000000 0.000000 0.000000 0.000000 0.000000 0.000000 0.000235 0.000000 0.000000 0.013524 0.307394 0.000000 0.333525
 0.500000 0.500000 0.000000 0.000000 0.000000 0.000000 0.000000 0.000000 0.000000 0.000000 0.000000 0.000000 0.000000 0.000000 0.000000 0.000000 0.000000 0.000001 0.000000 0.000000
 0.000000 0.000000 0.000000 0.500000 0.000000 0.000000 0.000000 0.000000 0.000000 0.000000 0.000000 0.000000 0.000000 0.000000 0.000000 0.000000 0.000000 0.000000 0.000000 0.500000
 0.000000 0.000000 0.307781 0.000000 0.000000 0.000000 0.000000 0.000000 0.000000 0.000000 0.000000 0.000000 0.298803 0.359144 0.032686 0.000000 0.000000 0.000620 0.000968 0.000000
 0.000000 0.000000 0.000003 0.499999 0.000000 0.000000 0.499998 0.000000 0.000000 0.000000 0.000000 0.000000 0.000000 0.000000 0.000000 0.000000 0.000000 0.000000 0.000001 0.000000
 0.000000 0.000000 0.202035 0.000000 0.000000 0.000000 0.000000 0.000000 0.000000 0.000000 0.249359 0.000000 0.000000 0.251353 0.000000 0.000000 0.000000 0.000000 0.297253 0.000000
 0.000000 0.000000 0.293536 0.000000 0.000642 0.000000 0.000000 0.000256 0.000000 0.000000 0.377135 0.000000 0.316281 0.000000 0.000000 0.000000 0.000000 0.000383 0.011767 0.000000
 0.000000 0.000000 0.000000 0.000000 0.000000 0.478147 0.000000 0.000000 0.000000 0.000000 0.043532 0.000000 0.000000 0.000000 0.000000 0.478321 0.000000 0.000000 0.000000 0.000000
 0.000000 0.000000 0.500000 0.000000 0.000000 0.000000 0.000000 0.000000 0.000000 0.000000 0.000000 0.000000 0.000000 0.000000 0.500000 0.000000 0.000000 0.000000 0.000000 0.000000
 0.000000 0.485911 0.000000 0.000000 0.000084 0.000000 0.000000 0.018972 0.000000 0.000000 0.000000 0.000000 0.000000 0.000000 0.000000 0.000000 0.000000 0.485534 0.000000 0.009499
 0.014755 0.000000 0.000000 0.000000 0.328080 0.018722 0.000000 0.299871 0.000000 0.000000 0.000583 0.000000 0.000000 0.000343 0.000000 0.000000 0.337643 0.000000 0.000000 0.000002
 0.000000 0.000000 0.000000 0.000000 0.000000 0.000000 0.493649 0.000000 0.000000 0.000000 0.001330 0.000001 0.489618 0.015403 0.000000 0.000000 0.000000 0.000000 0.000000 0.000000
 0.000000 0.000000 0.000000 0.000000 0.272174 0.000000 0.000000 0.353510 0.000000 0.367137 0.000000 0.000000 0.000000 0.000000 0.000000 0.000000 0.007177 0.000002 0.000000 0.000000
the mean of prob-rank is 1.894736842105263
the number of false negetive edges is 0
the number of probability greater than 0 is 3.9/edge
