20
 0.000000 0.000000 0.000000 0.069390 0.000000 0.184803 0.000000 0.123420 0.000000 0.000000 0.000000 0.283855 0.000000 0.000514 0.000000 0.054707 0.283312 0.000000 0.000000 0.000000
 0.000000 0.000000 0.000000 0.000000 0.500000 0.000000 0.000000 0.000000 0.000000 0.000000 0.500000 0.000000 0.000000 0.000000 0.000000 0.000000 0.000000 0.000000 0.000000 0.000000
 0.000000 0.000000 0.000000 0.000000 0.000000 0.000000 0.500001 0.000000 0.000000 0.000000 0.000000 0.000000 0.000000 0.000000 0.000000 0.000000 0.000000 0.499995 0.000004 0.000000
 0.108942 0.000000 0.000000 0.000000 0.000000 0.000000 0.000000 0.446433 0.000000 0.000000 0.000000 0.000000 0.000000 0.000000 0.000000 0.000000 0.444626 0.000000 0.000000 0.000000
 0.000000 0.500000 0.000000 0.000000 0.000000 0.000000 0.000000 0.000000 0.000000 0.000000 0.000000 0.000000 0.000000 0.000000 0.000000 0.000000 0.000000 0.000000 0.500000 0.000000
 0.200705 0.000000 0.000000 0.000000 0.000000 0.000000 0.000000 0.009582 0.000000 0.000000 0.000000 0.000000 0.308780 0.000000 0.201959 0.000000 0.000000 0.000437 0.000000 0.278538
 0.000000 0.000000 0.500003 0.000000 0.000000 0.000000 0.000000 0.000000 0.000000 0.000000 0.000000 0.000000 0.000000 0.000000 0.000000 0.000000 0.000000 0.000000 0.499997 0.000000
 0.151444 0.000000 0.000000 0.348920 0.000000 0.010826 0.000000 0.000000 0.000000 0.342799 0.000000 0.000000 0.000000 0.000000 0.000000 0.000000 0.146012 0.000000 0.000000 0.000000
 0.000000 0.000000 0.000000 0.000000 0.000000 0.000000 0.000000 0.000000 0.000000 0.000000 0.382559 0.000034 0.000000 0.381764 0.000000 0.235642 0.000000 0.000000 0.000000 0.000000
 0.000000 0.000000 0.000000 0.000000 0.000000 0.000000 0.000000 0.366000 0.000000 0.000000 0.000000 0.000000 0.372536 0.000000 0.000000 0.000000 0.000000 0.000000 0.000000 0.261464
 0.000000 0.499999 0.000000 0.000000 0.000000 0.000000 0.000000 0.000000 0.499999 0.000000 0.000000 0.000000 0.000000 0.000003 0.000000 0.000000 0.000000 0.000000 0.000000 0.000000
 0.412246 0.000000 0.000000 0.000000 0.000000 0.000000 0.000000 0.000000 0.000037 0.000000 0.000000 0.000000 0.000000 0.174316 0.000000 0.412971 0.000429 0.000000 0.000000 0.000000
 0.000000 0.000000 0.000000 0.000000 0.000000 0.498933 0.000000 0.000000 0.000000 0.499002 0.000000 0.000000 0.000000 0.000000 0.000000 0.000000 0.000000 0.000000 0.000000 0.002065
 0.000723 0.000000 0.000000 0.000000 0.000000 0.000000 0.000000 0.000000 0.399341 0.000000 0.000002 0.168914 0.000000 0.000000 0.000000 0.397174 0.033846 0.000000 0.000000 0.000000
 0.000000 0.000000 0.000000 0.000000 0.000000 0.247938 0.000000 0.000000 0.000000 0.000000 0.000000 0.000000 0.000000 0.000000 0.000000 0.000000 0.000000 0.372938 0.000000 0.379124
 0.068689 0.000000 0.000000 0.000000 0.000000 0.000000 0.000000 0.000000 0.219919 0.000000 0.000000 0.357033 0.000000 0.354358 0.000000 0.000000 0.000000 0.000000 0.000000 0.000000
 0.399113 0.000000 0.000000 0.398959 0.000000 0.000000 0.000000 0.167630 0.000000 0.000000 0.000000 0.000416 0.000000 0.033880 0.000000 0.000000 0.000000 0.000000 0.000000 0.000000
 0.000000 0.000000 0.369334 0.000000 0.000000 0.000522 0.000000 0.000000 0.000000 0.000000 0.000000 0.000000 0.000000 0.000000 0.363305 0.000000 0.000000 0.000000 0.000000 0.266839
 0.000000 0.000000 0.000004 0.000000 0.500001 0.000000 0.499995 0.000000 0.000000 0.000000 0.000000 0.000000 0.000000 0.000000 0.000000 0.000000 0.000000 0.000000 0.000000 0.000000
 0.000000 0.000000 0.000000 0.000000 0.000000 0.270820 0.000000 0.000000 0.000000 0.210741 0.000000 0.000000 0.001243 0.000000 0.300260 0.000000 0.000000 0.216936 0.000000 0.000000
the mean of prob-rank is 1.5263157894736843
the number of false negetive edges is 0
the number of probability greater than 0 is 3.9/edge
