20
 0.000000 0.000000 0.000000 0.000000 0.000000 0.000122 0.000000 0.458664 0.000000 0.459173 0.000000 0.082041 0.000000 0.000000 0.000000 0.000000 0.000000 0.000000 0.000000 0.000000
 0.000000 0.000000 0.500000 0.000000 0.000000 0.000000 0.000000 0.000000 0.000000 0.000000 0.000000 0.000000 0.000000 0.000000 0.500000 0.000000 0.000001 0.000000 0.000000 0.000000
 0.000000 0.500005 0.000000 0.000000 0.000000 0.000000 0.000000 0.000000 0.000000 0.000000 0.000000 0.000000 0.000000 0.000000 0.000000 0.000000 0.000000 0.499995 0.000000 0.000000
 0.000000 0.000000 0.000000 0.000000 0.000000 0.009794 0.000000 0.000000 0.362459 0.000000 0.000000 0.000000 0.000000 0.363056 0.000000 0.000000 0.264691 0.000000 0.000000 0.000000
 0.000000 0.000000 0.000000 0.000000 0.000000 0.000780 0.206108 0.000000 0.000000 0.000000 0.344742 0.000000 0.000000 0.000000 0.000000 0.342065 0.106304 0.000003 0.000000 0.000000
 0.000102 0.000000 0.000000 0.010181 0.000862 0.000000 0.000000 0.227375 0.000000 0.000000 0.381068 0.002262 0.000000 0.000000 0.000000 0.000000 0.378151 0.000000 0.000000 0.000000
 0.000000 0.000000 0.000000 0.000000 0.230256 0.000000 0.000000 0.383312 0.000000 0.000000 0.001299 0.000000 0.000000 0.000000 0.000000 0.385133 0.000000 0.000000 0.000000 0.000000
 0.385550 0.000000 0.000000 0.000000 0.000000 0.230297 0.384152 0.000000 0.000000 0.000000 0.000002 0.000000 0.000000 0.000000 0.000000 0.000000 0.000000 0.000000 0.000000 0.000000
 0.000000 0.000000 0.000000 0.350992 0.000000 0.000000 0.000000 0.000000 0.000000 0.000000 0.000000 0.000000 0.057670 0.236363 0.000000 0.000000 0.000000 0.000000 0.354974 0.000001
 0.500000 0.000000 0.000000 0.000000 0.000000 0.000000 0.000000 0.000000 0.000000 0.000000 0.000000 0.000000 0.500000 0.000000 0.000000 0.000000 0.000000 0.000000 0.000000 0.000000
 0.000000 0.000000 0.000000 0.000000 0.498798 0.498784 0.001683 0.000002 0.000000 0.000000 0.000000 0.000000 0.000000 0.000000 0.000000 0.000419 0.000314 0.000000 0.000000 0.000000
 0.081851 0.000000 0.000000 0.000000 0.000000 0.002719 0.000000 0.000000 0.000000 0.000000 0.000000 0.000000 0.457400 0.458030 0.000000 0.000000 0.000000 0.000000 0.000000 0.000000
 0.000000 0.000000 0.000000 0.000000 0.000000 0.000000 0.000000 0.000000 0.070903 0.436433 0.000000 0.435757 0.000000 0.056906 0.000000 0.000000 0.000000 0.000000 0.000000 0.000000
 0.000000 0.000000 0.000000 0.355430 0.000000 0.000000 0.000000 0.000000 0.238958 0.000000 0.000000 0.358817 0.046794 0.000000 0.000000 0.000000 0.000000 0.000000 0.000000 0.000000
 0.000000 0.499999 0.000000 0.000000 0.000000 0.000000 0.000000 0.000000 0.000000 0.000000 0.000000 0.000000 0.000000 0.000000 0.000000 0.000000 0.000002 0.000000 0.000000 0.499999
 0.000000 0.000000 0.000000 0.000000 0.371801 0.000000 0.374711 0.000000 0.000000 0.000000 0.000315 0.000000 0.000000 0.000000 0.000000 0.000000 0.000000 0.253173 0.000000 0.000000
 0.000000 0.000000 0.000000 0.240679 0.102782 0.330762 0.000000 0.000000 0.000000 0.000000 0.000210 0.000000 0.000000 0.000000 0.000002 0.000000 0.000000 0.325566 0.000000 0.000000
 0.000000 0.000000 0.377015 0.000000 0.000003 0.000000 0.000000 0.000000 0.000000 0.000000 0.000000 0.000000 0.000000 0.000000 0.000000 0.254735 0.368247 0.000000 0.000000 0.000000
 0.000000 0.000000 0.000000 0.000000 0.000000 0.000000 0.000000 0.000000 0.499995 0.000000 0.000000 0.000000 0.000000 0.000000 0.000000 0.000000 0.000000 0.000000 0.000000 0.500005
 0.000000 0.000000 0.000000 0.000000 0.000000 0.000000 0.000000 0.000000 0.000001 0.000000 0.000000 0.000000 0.000000 0.000000 0.499999 0.000000 0.000000 0.000000 0.500000 0.000000
the mean of prob-rank is 1.4736842105263157
the number of false negetive edges is 0
the number of probability greater than 0 is 3.95/edge
