20
 0.000000 0.000000 0.011424 0.000000 0.000000 0.388232 0.000000 0.000000 0.213000 0.000000 0.000000 0.000000 0.000000 0.000000 0.387342 0.000001 0.000000 0.000000 0.000000 0.000000
 0.000000 0.000000 0.246550 0.000000 0.000000 0.000000 0.000000 0.000000 0.074265 0.000000 0.000000 0.000000 0.333051 0.000000 0.000081 0.346053 0.000000 0.000000 0.000000 0.000000
 0.009230 0.223478 0.000000 0.000000 0.000000 0.000000 0.000000 0.000000 0.313671 0.000000 0.000000 0.000000 0.090243 0.000000 0.080307 0.263775 0.000000 0.000000 0.019295 0.000000
 0.000000 0.000000 0.000000 0.000000 0.482732 0.000000 0.000000 0.000000 0.000000 0.482669 0.000005 0.034069 0.000000 0.000000 0.000000 0.000000 0.000000 0.000000 0.000525 0.000000
 0.000000 0.000000 0.000000 0.499999 0.000000 0.000000 0.000000 0.000000 0.000000 0.000000 0.000000 0.000000 0.000000 0.500001 0.000000 0.000000 0.000000 0.000000 0.000000 0.000000
 0.500006 0.000000 0.000000 0.000000 0.000000 0.000000 0.000000 0.000000 0.000000 0.000000 0.000000 0.000000 0.000000 0.000000 0.000000 0.000000 0.499994 0.000000 0.000000 0.000000
 0.000000 0.000000 0.000000 0.000000 0.000000 0.000000 0.000000 0.490165 0.000000 0.001091 0.490097 0.000000 0.000000 0.000000 0.000000 0.000000 0.000000 0.018647 0.000000 0.000000
 0.000000 0.000000 0.000000 0.000000 0.000000 0.000000 0.498232 0.000000 0.000000 0.003953 0.000048 0.000000 0.000000 0.000000 0.000000 0.000000 0.000000 0.497767 0.000000 0.000000
 0.198730 0.077735 0.362223 0.000000 0.000000 0.000000 0.000000 0.000000 0.000000 0.000789 0.000000 0.000018 0.000066 0.000000 0.000002 0.000000 0.000000 0.000000 0.360438 0.000000
 0.000000 0.000000 0.000000 0.494879 0.000000 0.000000 0.001102 0.003927 0.001078 0.000000 0.004559 0.494455 0.000000 0.000000 0.000000 0.000000 0.000000 0.000000 0.000000 0.000000
 0.000000 0.000000 0.000000 0.000006 0.000000 0.000000 0.497824 0.000048 0.000000 0.004586 0.000000 0.000000 0.000000 0.497537 0.000000 0.000000 0.000000 0.000000 0.000000 0.000000
 0.000000 0.000000 0.000000 0.034121 0.000000 0.000000 0.000000 0.000000 0.000024 0.483002 0.000000 0.000000 0.000000 0.000000 0.000000 0.000000 0.000000 0.000000 0.482852 0.000000
 0.000000 0.331646 0.099139 0.000000 0.000000 0.000000 0.000000 0.000000 0.000062 0.000000 0.000000 0.000000 0.000000 0.000000 0.344100 0.225052 0.000000 0.000000 0.000000 0.000000
 0.000000 0.000000 0.000000 0.000000 0.500179 0.000000 0.000000 0.000000 0.000000 0.000000 0.499821 0.000000 0.000000 0.000000 0.000000 0.000000 0.000000 0.000000 0.000000 0.000000
 0.353489 0.000083 0.090710 0.000000 0.000000 0.000000 0.000000 0.000000 0.000002 0.000000 0.000000 0.000000 0.353793 0.000000 0.000000 0.201924 0.000000 0.000000 0.000000 0.000000
 0.000001 0.285352 0.239962 0.000000 0.000000 0.000000 0.000000 0.000000 0.000000 0.000000 0.000000 0.000000 0.186363 0.000000 0.162629 0.000000 0.000000 0.000000 0.125693 0.000000
 0.000000 0.000000 0.000000 0.000000 0.000000 0.498430 0.000000 0.000000 0.000000 0.000000 0.000000 0.000000 0.000000 0.000000 0.000000 0.000000 0.000000 0.003127 0.000000 0.498443
 0.000000 0.000000 0.000000 0.000000 0.000000 0.000000 0.018617 0.488929 0.000000 0.000000 0.000000 0.000000 0.000000 0.000000 0.000000 0.000000 0.003070 0.000000 0.000000 0.489384
 0.000000 0.000000 0.024637 0.000436 0.000000 0.000000 0.000000 0.000000 0.398530 0.000000 0.000000 0.399983 0.000000 0.000000 0.000000 0.176414 0.000000 0.000000 0.000000 0.000000
 0.000000 0.000000 0.000000 0.000000 0.000000 0.000000 0.000000 0.000000 0.000000 0.000000 0.000000 0.000000 0.000000 0.000000 0.000000 0.000000 0.500001 0.499999 0.000000 0.000000
the mean of prob-rank is 1.4736842105263157
the number of false negetive edges is 0
the number of probability greater than 0 is 4.45/edge
