20
 0.000000 0.000000 0.000000 0.000000 0.000000 0.000000 0.000000 0.000000 0.000000 0.000000 0.000000 0.000000 0.000000 0.000000 0.000000 0.000000 0.500000 0.000000 0.500000 0.000000
 0.000000 0.000000 0.000000 0.000000 0.499918 0.000000 0.000000 0.000000 0.000163 0.000000 0.000000 0.000000 0.000000 0.000000 0.000000 0.499918 0.000000 0.000000 0.000000 0.000000
 0.000000 0.000000 0.000000 0.000000 0.000000 0.000000 0.000005 0.000000 0.000000 0.000000 0.000000 0.000000 0.000000 0.499999 0.499997 0.000000 0.000000 0.000000 0.000000 0.000000
 0.000000 0.000000 0.000000 0.000000 0.000000 0.499056 0.000000 0.000000 0.498942 0.000000 0.002002 0.000000 0.000000 0.000000 0.000000 0.000000 0.000000 0.000000 0.000000 0.000000
 0.000000 0.492062 0.000000 0.000000 0.000000 0.000000 0.000000 0.000000 0.000000 0.000000 0.000000 0.000000 0.000000 0.000000 0.000000 0.000000 0.015965 0.000000 0.000000 0.491973
 0.000000 0.000000 0.000000 0.500000 0.000000 0.000000 0.000000 0.000000 0.000000 0.000000 0.000000 0.000000 0.000000 0.000000 0.000000 0.500000 0.000000 0.000000 0.000000 0.000000
 0.000000 0.000000 0.000005 0.000000 0.000000 0.000000 0.000000 0.486801 0.000000 0.000075 0.019682 0.000000 0.006660 0.000000 0.486777 0.000000 0.000000 0.000000 0.000000 0.000000
 0.000000 0.000000 0.000000 0.000000 0.000000 0.000000 0.499435 0.000000 0.000000 0.499469 0.000000 0.000000 0.000000 0.000000 0.001096 0.000000 0.000000 0.000000 0.000000 0.000000
 0.000000 0.000163 0.000000 0.498742 0.000000 0.000000 0.000000 0.000000 0.000000 0.000000 0.498782 0.000000 0.000000 0.000000 0.000000 0.000001 0.000000 0.000000 0.000000 0.002311
 0.000000 0.000000 0.000000 0.000000 0.000000 0.000000 0.000077 0.498815 0.000000 0.000000 0.000000 0.002388 0.498720 0.000000 0.000000 0.000000 0.000000 0.000000 0.000000 0.000000
 0.000000 0.000000 0.000000 0.001962 0.000000 0.000000 0.019777 0.000000 0.489094 0.000000 0.000000 0.000000 0.000000 0.489167 0.000000 0.000000 0.000000 0.000000 0.000000 0.000000
 0.000000 0.000000 0.000000 0.000000 0.000000 0.000000 0.000000 0.000000 0.000000 0.002388 0.000000 0.000000 0.498802 0.000000 0.000000 0.000000 0.000000 0.000000 0.498809 0.000000
 0.000000 0.000000 0.000000 0.000000 0.000000 0.000000 0.006786 0.000000 0.000000 0.495980 0.000000 0.496070 0.000000 0.000000 0.000000 0.000000 0.000000 0.000739 0.000000 0.000425
 0.000000 0.000000 0.500000 0.000000 0.000000 0.000000 0.000000 0.000000 0.000000 0.000000 0.500000 0.000000 0.000000 0.000000 0.000000 0.000000 0.000000 0.000000 0.000000 0.000000
 0.000000 0.000000 0.499482 0.000000 0.000000 0.000000 0.499423 0.001096 0.000000 0.000000 0.000000 0.000000 0.000000 0.000000 0.000000 0.000000 0.000000 0.000000 0.000000 0.000000
 0.000000 0.500000 0.000000 0.000000 0.000000 0.499999 0.000000 0.000000 0.000001 0.000000 0.000000 0.000000 0.000000 0.000000 0.000000 0.000000 0.000000 0.000000 0.000000 0.000000
 0.492027 0.000000 0.000000 0.000000 0.015964 0.000000 0.000000 0.000000 0.000000 0.000000 0.000000 0.000000 0.000000 0.000000 0.000000 0.000000 0.000000 0.492009 0.000000 0.000000
 0.000000 0.000000 0.000000 0.000000 0.000000 0.000000 0.000000 0.000000 0.000000 0.000000 0.000000 0.000000 0.000744 0.000000 0.000000 0.000000 0.499619 0.000000 0.000000 0.499637
 0.500000 0.000000 0.000000 0.000000 0.000000 0.000000 0.000000 0.000000 0.000000 0.000000 0.000000 0.500000 0.000000 0.000000 0.000000 0.000000 0.000000 0.000000 0.000000 0.000000
 0.000000 0.000000 0.000000 0.000000 0.498586 0.000000 0.000000 0.000000 0.002311 0.000000 0.000000 0.000000 0.000428 0.000000 0.000000 0.000000 0.000000 0.498676 0.000000 0.000000
the mean of prob-rank is 1.5789473684210527
the number of false negetive edges is 0
the number of probability greater than 0 is 3.3/edge
