20
 0.000000 0.000000 0.000000 0.000000 0.000000 0.000000 0.000000 0.000000 0.000000 0.000000 0.000000 0.000000 0.000000 0.000000 0.000000 0.000000 0.000000 0.500000 0.500000 0.000000
 0.000000 0.000000 0.000000 0.013746 0.000000 0.000000 0.000000 0.000137 0.000000 0.000000 0.465897 0.465941 0.054280 0.000000 0.000000 0.000000 0.000000 0.000000 0.000000 0.000000
 0.000000 0.000000 0.000000 0.000000 0.000000 0.382717 0.000000 0.000000 0.000000 0.000000 0.000000 0.000000 0.000000 0.000000 0.238530 0.378753 0.000000 0.000000 0.000000 0.000000
 0.000000 0.013787 0.000000 0.000000 0.000000 0.467352 0.000000 0.055084 0.000000 0.000000 0.000000 0.463776 0.000000 0.000000 0.000000 0.000000 0.000000 0.000000 0.000000 0.000000
 0.000000 0.000000 0.000000 0.000000 0.000000 0.000000 0.119071 0.440452 0.000000 0.000000 0.440417 0.000000 0.000061 0.000000 0.000000 0.000000 0.000000 0.000000 0.000000 0.000000
 0.000000 0.000000 0.500000 0.500000 0.000000 0.000000 0.000000 0.000000 0.000000 0.000000 0.000000 0.000000 0.000000 0.000000 0.000000 0.000000 0.000000 0.000000 0.000000 0.000000
 0.000000 0.000000 0.000000 0.000000 0.083773 0.000000 0.000000 0.305484 0.017545 0.000000 0.000000 0.000000 0.304154 0.000000 0.000000 0.000000 0.114479 0.000000 0.000000 0.174566
 0.000000 0.000088 0.000000 0.035296 0.299461 0.000000 0.295211 0.000000 0.000000 0.000000 0.047960 0.111640 0.000000 0.000000 0.000000 0.000000 0.210345 0.000000 0.000000 0.000000
 0.000000 0.000000 0.000000 0.000000 0.000000 0.000000 0.023379 0.000000 0.000000 0.000000 0.000000 0.000000 0.153126 0.000000 0.000000 0.000000 0.000000 0.412926 0.000000 0.410568
 0.000000 0.000000 0.000000 0.000000 0.000000 0.000000 0.000000 0.000000 0.000000 0.000000 0.000000 0.000000 0.000000 0.499995 0.000000 0.000010 0.000000 0.000000 0.499995 0.000000
 0.000000 0.451226 0.000000 0.000000 0.451233 0.000000 0.000000 0.072272 0.000000 0.000000 0.000000 0.007813 0.017456 0.000000 0.000000 0.000000 0.000000 0.000000 0.000000 0.000000
 0.000000 0.419733 0.000000 0.416521 0.000000 0.000000 0.000000 0.156478 0.000000 0.000000 0.007267 0.000000 0.000000 0.000000 0.000000 0.000000 0.000000 0.000000 0.000000 0.000000
 0.000000 0.046456 0.000000 0.000000 0.000055 0.000000 0.391407 0.000000 0.147879 0.000000 0.015425 0.000000 0.000000 0.000000 0.000000 0.000000 0.000000 0.000000 0.000000 0.398777
 0.000000 0.000000 0.000000 0.000000 0.000000 0.000000 0.000000 0.000000 0.000000 0.495394 0.000000 0.000000 0.000000 0.000000 0.008095 0.001502 0.495009 0.000000 0.000000 0.000000
 0.000000 0.000000 0.237188 0.000000 0.000000 0.000000 0.000000 0.000000 0.000000 0.000000 0.000000 0.000000 0.000000 0.006218 0.000000 0.379913 0.376681 0.000000 0.000000 0.000000
 0.000000 0.000000 0.496102 0.000000 0.000000 0.000000 0.000000 0.000000 0.000000 0.000010 0.000000 0.000000 0.000000 0.001520 0.500438 0.000000 0.001930 0.000000 0.000000 0.000000
 0.000000 0.000000 0.000000 0.000000 0.000000 0.000000 0.120542 0.229194 0.000000 0.000000 0.000000 0.000000 0.000000 0.326042 0.322966 0.001256 0.000000 0.000000 0.000000 0.000000
 0.500000 0.000000 0.000000 0.000000 0.000000 0.000000 0.000000 0.000000 0.500000 0.000000 0.000000 0.000000 0.000000 0.000000 0.000000 0.000000 0.000000 0.000000 0.000000 0.000000
 0.500000 0.000000 0.000000 0.000000 0.000000 0.000000 0.000000 0.000000 0.000000 0.500000 0.000000 0.000000 0.000000 0.000000 0.000000 0.000000 0.000000 0.000000 0.000000 0.000000
 0.000000 0.000000 0.000000 0.000000 0.000000 0.000000 0.220256 0.000000 0.388756 0.000000 0.000000 0.000000 0.390988 0.000000 0.000000 0.000000 0.000000 0.000000 0.000000 0.000000
the mean of prob-rank is 1.5263157894736843
the number of false negetive edges is 0
the number of probability greater than 0 is 4.0/edge
