20
 0.000000 0.000000 0.000000 0.000000 0.000000 0.000000 0.000000 0.000000 0.000000 0.496218 0.000000 0.000000 0.000000 0.000000 0.000000 0.000000 0.000000 0.007539 0.000000 0.496242
 0.000000 0.000000 0.000000 0.000000 0.000000 0.000001 0.000000 0.000012 0.000000 0.499987 0.000000 0.000000 0.000000 0.000000 0.000000 0.000000 0.000000 0.000001 0.500000 0.000000
 0.000000 0.000000 0.000000 0.000000 0.500000 0.000000 0.000000 0.000000 0.000000 0.000000 0.000000 0.000000 0.000000 0.500000 0.000000 0.000000 0.000000 0.000000 0.000000 0.000000
 0.000000 0.000000 0.000000 0.000000 0.385311 0.000000 0.000000 0.000000 0.391088 0.005102 0.000000 0.000000 0.000000 0.000000 0.000000 0.000000 0.000000 0.000000 0.000000 0.218499
 0.000000 0.000000 0.364507 0.359123 0.000000 0.000000 0.000000 0.000000 0.276219 0.000000 0.000000 0.000000 0.000000 0.000151 0.000000 0.000000 0.000000 0.000000 0.000000 0.000000
 0.000000 0.000001 0.000000 0.000000 0.000000 0.000000 0.000000 0.016288 0.000000 0.000000 0.000000 0.147149 0.270532 0.000000 0.278844 0.087764 0.000000 0.005965 0.193457 0.000000
 0.000000 0.000000 0.000000 0.000000 0.000000 0.000000 0.000000 0.000006 0.000000 0.000000 0.454929 0.000001 0.000000 0.000000 0.089687 0.452030 0.000000 0.003346 0.000001 0.000000
 0.000000 0.000009 0.000000 0.000000 0.000000 0.022525 0.000005 0.000000 0.000000 0.000000 0.397326 0.000000 0.000000 0.000000 0.039093 0.087492 0.000000 0.397974 0.055576 0.000000
 0.000000 0.000000 0.000000 0.367930 0.278812 0.000000 0.000000 0.000000 0.000000 0.000000 0.000000 0.000000 0.000000 0.000000 0.000000 0.000000 0.000000 0.000000 0.000000 0.353258
 0.470227 0.470237 0.000000 0.006135 0.000000 0.000000 0.000000 0.000000 0.000000 0.000000 0.000000 0.000000 0.000000 0.000000 0.000000 0.000000 0.000000 0.000000 0.000000 0.053400
 0.000000 0.000000 0.000000 0.000000 0.000000 0.000000 0.449911 0.456712 0.000000 0.000000 0.000000 0.000000 0.000000 0.000000 0.000000 0.000000 0.000000 0.093378 0.000000 0.000000
 0.000000 0.000000 0.000000 0.000000 0.000000 0.207955 0.000001 0.000000 0.000000 0.000000 0.000000 0.000000 0.407044 0.000000 0.000005 0.000001 0.384995 0.000000 0.000000 0.000000
 0.000000 0.000000 0.000000 0.000000 0.000000 0.361745 0.000000 0.000000 0.000000 0.000000 0.000000 0.385136 0.000000 0.000000 0.000000 0.000000 0.253118 0.000000 0.000000 0.000000
 0.000000 0.000000 0.499896 0.000000 0.000208 0.000000 0.000000 0.000000 0.000000 0.000000 0.000000 0.000000 0.000000 0.000000 0.000000 0.000000 0.499896 0.000000 0.000000 0.000000
 0.000000 0.000000 0.000000 0.000000 0.000000 0.347958 0.069630 0.035276 0.000000 0.000000 0.000000 0.000004 0.000000 0.000000 0.000000 0.359471 0.000000 0.186772 0.000889 0.000000
 0.000000 0.000000 0.000000 0.000000 0.000000 0.097502 0.312444 0.070289 0.000000 0.000000 0.000000 0.000001 0.000000 0.000000 0.320037 0.000000 0.000000 0.196683 0.003044 0.000000
 0.000000 0.000000 0.000000 0.000000 0.000000 0.000000 0.000000 0.000000 0.000000 0.000000 0.000000 0.363319 0.252455 0.384226 0.000000 0.000000 0.000000 0.000000 0.000000 0.000000
 0.004510 0.000000 0.000000 0.000000 0.000000 0.006147 0.002145 0.296553 0.000000 0.000000 0.060533 0.000000 0.000000 0.000000 0.154233 0.182430 0.000000 0.000000 0.292163 0.001285
 0.000000 0.356239 0.000000 0.000000 0.000000 0.239213 0.000001 0.049694 0.000000 0.000000 0.000000 0.000000 0.000000 0.000000 0.000881 0.003388 0.000000 0.350585 0.000000 0.000000
 0.379261 0.000000 0.000000 0.211891 0.000000 0.000000 0.000000 0.000000 0.364138 0.043068 0.000000 0.000000 0.000000 0.000000 0.000000 0.000000 0.000000 0.001641 0.000000 0.000000
the mean of prob-rank is 1.5789473684210527
the number of false negetive edges is 0
the number of probability greater than 0 is 4.85/edge
