20
 0.000000 0.000000 0.000000 0.000000 0.235487 0.000000 0.000000 0.000000 0.000000 0.000000 0.000000 0.000000 0.000000 0.000000 0.000000 0.000000 0.380936 0.000000 0.383577 0.000000
 0.000000 0.000000 0.000115 0.000000 0.000000 0.000000 0.191322 0.404020 0.404544 0.000000 0.000000 0.000000 0.000000 0.000000 0.000000 0.000000 0.000000 0.000000 0.000000 0.000000
 0.000000 0.000091 0.000000 0.000000 0.000000 0.000000 0.320109 0.000000 0.094342 0.000000 0.000000 0.000000 0.000000 0.000000 0.000000 0.234946 0.000000 0.037903 0.000000 0.312608
 0.000000 0.000000 0.000000 0.000000 0.402435 0.000000 0.000000 0.000000 0.000000 0.000000 0.000000 0.000000 0.000000 0.000003 0.404227 0.000000 0.193335 0.000000 0.000000 0.000000
 0.235281 0.000000 0.000000 0.381540 0.000000 0.000000 0.000000 0.000000 0.000000 0.000000 0.000000 0.000000 0.000000 0.000000 0.000000 0.000000 0.383179 0.000000 0.000000 0.000000
 0.000000 0.000000 0.000000 0.000000 0.000000 0.000000 0.000000 0.000000 0.000000 0.448943 0.000000 0.000000 0.451504 0.000000 0.000000 0.099553 0.000000 0.000000 0.000000 0.000000
 0.000000 0.133895 0.283076 0.000000 0.000000 0.000000 0.000000 0.000000 0.245847 0.000000 0.000000 0.000000 0.000000 0.000000 0.000000 0.053343 0.000000 0.278712 0.000000 0.005128
 0.000000 0.418766 0.000000 0.000000 0.000000 0.000000 0.000000 0.000000 0.000000 0.000000 0.000000 0.000000 0.000000 0.419309 0.000000 0.016507 0.000000 0.145418 0.000000 0.000000
 0.000000 0.316647 0.093308 0.000000 0.000000 0.000000 0.274963 0.000000 0.000000 0.306319 0.000000 0.000002 0.000000 0.000000 0.000195 0.000000 0.000000 0.000000 0.000000 0.008566
 0.000000 0.000000 0.000000 0.000000 0.000000 0.336145 0.000000 0.000000 0.327036 0.000000 0.000000 0.000000 0.000000 0.000000 0.000000 0.000000 0.000000 0.000000 0.000000 0.336819
 0.000000 0.000000 0.000000 0.000000 0.000000 0.000000 0.000000 0.000000 0.000000 0.000000 0.000000 0.000000 0.500000 0.000000 0.000000 0.000000 0.000000 0.000000 0.500000 0.000000
 0.000000 0.000000 0.000000 0.000000 0.000000 0.000000 0.000000 0.000000 0.000004 0.000000 0.000000 0.000000 0.000000 0.499998 0.499998 0.000000 0.000000 0.000000 0.000000 0.000000
 0.000000 0.000000 0.000000 0.000000 0.000000 0.499477 0.000000 0.000000 0.000000 0.000000 0.499477 0.000000 0.000000 0.000000 0.000000 0.001046 0.000000 0.000000 0.000000 0.000000
 0.000000 0.000000 0.000000 0.000003 0.000000 0.000000 0.000000 0.499998 0.000000 0.000000 0.000000 0.499998 0.000000 0.000000 0.000000 0.000000 0.000000 0.000000 0.000000 0.000000
 0.000000 0.000000 0.000000 0.499846 0.000000 0.000000 0.000000 0.000000 0.000307 0.000000 0.000000 0.499847 0.000000 0.000000 0.000000 0.000000 0.000000 0.000000 0.000000 0.000000
 0.000000 0.000000 0.236358 0.000000 0.000000 0.071016 0.060684 0.012679 0.000000 0.000000 0.000000 0.000000 0.000675 0.000000 0.000000 0.000000 0.000000 0.322080 0.000000 0.296508
 0.401870 0.000000 0.000000 0.193539 0.404590 0.000000 0.000000 0.000000 0.000000 0.000000 0.000000 0.000000 0.000000 0.000000 0.000000 0.000000 0.000000 0.000000 0.000000 0.000000
 0.000000 0.000000 0.048330 0.000000 0.000000 0.000000 0.401872 0.141574 0.000000 0.000000 0.000000 0.000000 0.000000 0.000000 0.000000 0.408224 0.000000 0.000000 0.000000 0.000000
 0.500000 0.000000 0.000000 0.000000 0.000000 0.000000 0.000000 0.000000 0.000000 0.000000 0.500000 0.000000 0.000000 0.000000 0.000000 0.000000 0.000000 0.000000 0.000000 0.000000
 0.000000 0.000000 0.332285 0.000000 0.000000 0.000000 0.006164 0.000000 0.009206 0.339056 0.000000 0.000000 0.000000 0.000000 0.000000 0.313289 0.000000 0.000000 0.000000 0.000000
the mean of prob-rank is 1.5789473684210527
the number of false negetive edges is 0
the number of probability greater than 0 is 3.9/edge
