20
 0.000000 0.000000 0.000000 0.000000 0.216327 0.000000 0.000000 0.000000 0.004486 0.000000 0.386606 0.000000 0.000000 0.000000 0.000000 0.000000 0.000000 0.000000 0.392581 0.000000
 0.000000 0.000000 0.000000 0.000012 0.000000 0.000000 0.000000 0.000000 0.000000 0.000000 0.000000 0.000000 0.000399 0.000000 0.000000 0.499869 0.499721 0.000000 0.000000 0.000000
 0.000000 0.000000 0.000000 0.000000 0.000000 0.000000 0.000000 0.462935 0.074028 0.000000 0.463036 0.000000 0.000000 0.000000 0.000000 0.000000 0.000000 0.000000 0.000000 0.000000
 0.000000 0.000012 0.000000 0.000000 0.000000 0.000000 0.000000 0.000000 0.000000 0.499993 0.000000 0.000000 0.499991 0.000000 0.000000 0.000000 0.000004 0.000000 0.000000 0.000000
 0.214121 0.000000 0.000000 0.000000 0.000000 0.000000 0.000000 0.000000 0.385244 0.000000 0.000006 0.000000 0.000000 0.014661 0.000000 0.000000 0.000000 0.000000 0.385968 0.000000
 0.000000 0.000000 0.000000 0.000000 0.000000 0.000000 0.000000 0.500000 0.000000 0.000000 0.000000 0.000000 0.000000 0.000000 0.000000 0.000000 0.000000 0.000000 0.000000 0.500000
 0.000000 0.000000 0.000000 0.000000 0.000000 0.000000 0.000000 0.000000 0.000000 0.500001 0.000000 0.000000 0.000000 0.499999 0.000000 0.000000 0.000000 0.000000 0.000000 0.000000
 0.000000 0.000000 0.450109 0.000000 0.000000 0.450526 0.000000 0.000000 0.094319 0.000000 0.005046 0.000000 0.000000 0.000000 0.000000 0.000000 0.000000 0.000000 0.000000 0.000000
 0.004818 0.000000 0.067361 0.000000 0.418010 0.000000 0.000000 0.088270 0.000000 0.000000 0.000000 0.000000 0.000000 0.421539 0.000000 0.000000 0.000000 0.000000 0.000001 0.000000
 0.000000 0.000000 0.000000 0.500000 0.000000 0.000000 0.500000 0.000000 0.000000 0.000000 0.000000 0.000000 0.000000 0.000000 0.000000 0.000000 0.000000 0.000000 0.000000 0.000000
 0.375287 0.000000 0.380820 0.000000 0.000006 0.000000 0.000000 0.004268 0.000000 0.000000 0.000000 0.000000 0.000000 0.000000 0.000000 0.000000 0.000000 0.000000 0.239619 0.000000
 0.000000 0.000000 0.000000 0.000000 0.000000 0.000000 0.000000 0.000000 0.000000 0.000000 0.000000 0.000000 0.000000 0.000000 0.499613 0.000000 0.000000 0.000557 0.000000 0.499830
 0.000000 0.000398 0.000000 0.499800 0.000000 0.000000 0.000000 0.000000 0.000000 0.000000 0.000000 0.000000 0.000000 0.000000 0.000000 0.000000 0.499802 0.000000 0.000000 0.000000
 0.000000 0.000000 0.000000 0.000000 0.018517 0.000000 0.490794 0.000000 0.490688 0.000000 0.000000 0.000000 0.000000 0.000000 0.000000 0.000000 0.000000 0.000000 0.000000 0.000000
 0.000000 0.000000 0.000000 0.000000 0.000000 0.000000 0.000000 0.000000 0.000000 0.000000 0.000000 0.457565 0.000000 0.000000 0.000000 0.084675 0.000000 0.457761 0.000000 0.000000
 0.000000 0.458817 0.000000 0.000000 0.000000 0.000000 0.000000 0.000000 0.000000 0.000000 0.000000 0.000000 0.000000 0.000000 0.084870 0.000000 0.000000 0.456314 0.000000 0.000000
 0.000000 0.499924 0.000000 0.000004 0.000000 0.000000 0.000000 0.000000 0.000000 0.000000 0.000000 0.000000 0.500072 0.000000 0.000000 0.000000 0.000000 0.000000 0.000000 0.000000
 0.000000 0.000000 0.000000 0.000000 0.000000 0.000000 0.000000 0.000000 0.000000 0.000000 0.000000 0.000559 0.000000 0.000000 0.501086 0.498355 0.000000 0.000000 0.000000 0.000000
 0.381380 0.000000 0.000000 0.000000 0.378817 0.000000 0.000000 0.000000 0.000001 0.000000 0.239802 0.000000 0.000000 0.000000 0.000000 0.000000 0.000000 0.000000 0.000000 0.000000
 0.000000 0.000000 0.000000 0.000000 0.000000 0.500000 0.000000 0.000000 0.000000 0.000000 0.000000 0.500000 0.000000 0.000000 0.000000 0.000000 0.000000 0.000000 0.000000 0.000000
the mean of prob-rank is 1.631578947368421
the number of false negetive edges is 0
the number of probability greater than 0 is 3.4/edge
