20
 0.000000 0.000000 0.000000 0.000000 0.499998 0.000000 0.000000 0.000000 0.000000 0.000000 0.000000 0.000000 0.000000 0.500002 0.000000 0.000000 0.000000 0.000000 0.000000 0.000000
 0.000000 0.000000 0.000000 0.461730 0.000000 0.000000 0.000000 0.000003 0.000000 0.000000 0.000000 0.000000 0.000000 0.000000 0.000000 0.460880 0.000000 0.000000 0.001163 0.076224
 0.000000 0.000000 0.000000 0.000000 0.000000 0.000005 0.000000 0.000000 0.000000 0.499995 0.000000 0.000000 0.500000 0.000000 0.000000 0.000000 0.000000 0.000000 0.000000 0.000000
 0.000000 0.341278 0.000000 0.000000 0.000000 0.000000 0.000000 0.000000 0.000000 0.000000 0.000000 0.000000 0.000011 0.000000 0.000000 0.052134 0.000000 0.319618 0.000000 0.286959
 0.499998 0.000000 0.000000 0.000000 0.000000 0.000000 0.000000 0.000000 0.000000 0.000000 0.000000 0.500002 0.000000 0.000000 0.000000 0.000000 0.000000 0.000000 0.000000 0.000000
 0.000000 0.000000 0.000004 0.000000 0.000000 0.000000 0.070421 0.000000 0.000000 0.000000 0.000000 0.000000 0.460844 0.000000 0.000000 0.000000 0.468731 0.000000 0.000000 0.000000
 0.000000 0.000000 0.000000 0.000000 0.000000 0.050002 0.000000 0.000000 0.331417 0.000000 0.000000 0.000000 0.002280 0.000000 0.328876 0.000000 0.000000 0.000003 0.000000 0.287422
 0.000000 0.000003 0.000000 0.000000 0.000000 0.000000 0.000000 0.000000 0.000000 0.000000 0.499997 0.000000 0.000000 0.000000 0.000000 0.500000 0.000000 0.000000 0.000000 0.000000
 0.000000 0.000000 0.000000 0.000000 0.000000 0.000000 0.451968 0.000000 0.000000 0.000000 0.000000 0.019418 0.000000 0.000000 0.000000 0.000000 0.000000 0.000000 0.453882 0.074732
 0.000000 0.000000 0.499997 0.000000 0.000000 0.000000 0.000000 0.000000 0.000000 0.000000 0.500003 0.000000 0.000000 0.000000 0.000000 0.000000 0.000000 0.000000 0.000000 0.000000
 0.000000 0.000000 0.000000 0.000000 0.000000 0.000000 0.000000 0.499999 0.000000 0.500001 0.000000 0.000000 0.000000 0.000000 0.000000 0.000000 0.000000 0.000000 0.000000 0.000000
 0.000000 0.000000 0.000000 0.000000 0.489529 0.000000 0.000000 0.000000 0.020944 0.000000 0.000000 0.000000 0.000000 0.000000 0.000000 0.000000 0.000000 0.000000 0.489527 0.000000
 0.000000 0.000000 0.386819 0.000012 0.000000 0.380310 0.002650 0.000000 0.000000 0.000000 0.000000 0.000000 0.000000 0.000000 0.001101 0.000000 0.000000 0.229107 0.000000 0.000000
 0.500000 0.000000 0.000000 0.000000 0.000000 0.000000 0.000000 0.000000 0.000000 0.000000 0.000000 0.000000 0.000000 0.000000 0.000000 0.000000 0.500000 0.000000 0.000000 0.000000
 0.000000 0.000000 0.000000 0.000000 0.000000 0.000000 0.342382 0.000000 0.000000 0.000000 0.000000 0.000000 0.000986 0.000000 0.000000 0.000000 0.000000 0.333571 0.000000 0.323060
 0.000000 0.464061 0.000000 0.071022 0.000000 0.000000 0.000000 0.464917 0.000000 0.000000 0.000000 0.000000 0.000000 0.000000 0.000000 0.000000 0.000000 0.000000 0.000000 0.000000
 0.000000 0.000000 0.000000 0.000000 0.000000 0.500000 0.000000 0.000000 0.000000 0.000000 0.000000 0.000000 0.000000 0.500000 0.000000 0.000000 0.000000 0.000000 0.000000 0.000000
 0.000000 0.000000 0.000000 0.274549 0.000000 0.000000 0.000003 0.000000 0.000000 0.000000 0.000000 0.000000 0.173631 0.000000 0.282225 0.000000 0.000000 0.000000 0.000000 0.269593
 0.000000 0.001255 0.000000 0.000000 0.000000 0.000000 0.000000 0.000000 0.498263 0.000000 0.000000 0.498261 0.000000 0.000000 0.000000 0.000000 0.000000 0.000000 0.000000 0.002221
 0.000000 0.042431 0.000000 0.216118 0.000000 0.000000 0.221968 0.000000 0.042319 0.000000 0.000000 0.000000 0.000000 0.000000 0.239648 0.000000 0.000000 0.236369 0.001146 0.000000
the mean of prob-rank is 1.631578947368421
the number of false negetive edges is 0
the number of probability greater than 0 is 3.7/edge
