20
 0.000000 0.000000 0.000000 0.000000 0.000000 0.000000 0.499940 0.000000 0.000000 0.000000 0.000000 0.000000 0.000020 0.000000 0.000000 0.000000 0.000000 0.500040 0.000000 0.000000
 0.000000 0.000000 0.000045 0.499159 0.000000 0.000036 0.000000 0.000000 0.000000 0.000000 0.000000 0.000000 0.000000 0.000000 0.498851 0.000000 0.001909 0.000000 0.000000 0.000000
 0.000000 0.000045 0.000000 0.002289 0.000000 0.494587 0.000000 0.000000 0.000000 0.000000 0.000000 0.001800 0.000000 0.000000 0.006528 0.494541 0.000000 0.000000 0.000209 0.000000
 0.000000 0.497182 0.002301 0.000000 0.000000 0.003371 0.000000 0.000000 0.000000 0.000000 0.497146 0.000000 0.000000 0.000000 0.000000 0.000000 0.000000 0.000000 0.000000 0.000000
 0.000000 0.000000 0.000000 0.000000 0.000000 0.000000 0.000000 0.000000 0.000000 0.000000 0.023450 0.000000 0.000000 0.000000 0.000000 0.000000 0.000000 0.482325 0.000000 0.494225
 0.000000 0.000036 0.498293 0.003378 0.000000 0.000000 0.000000 0.000000 0.000000 0.000000 0.000000 0.000000 0.000000 0.000000 0.000000 0.000000 0.000000 0.000000 0.498293 0.000000
 0.499616 0.000000 0.000000 0.000000 0.000000 0.000000 0.000000 0.000000 0.000000 0.000000 0.000000 0.000431 0.499715 0.000238 0.000000 0.000000 0.000000 0.000000 0.000000 0.000000
 0.000000 0.000000 0.000000 0.000000 0.000000 0.000000 0.000000 0.000000 0.000000 0.324841 0.000000 0.000000 0.000000 0.328236 0.000000 0.000000 0.346923 0.000000 0.000000 0.000000
 0.000000 0.000000 0.000000 0.000000 0.000000 0.000000 0.000000 0.000000 0.000000 0.000000 0.000000 0.000015 0.000000 0.499993 0.000000 0.499993 0.000000 0.000000 0.000000 0.000000
 0.000000 0.000000 0.000000 0.000000 0.000000 0.000000 0.000000 0.270359 0.000000 0.000000 0.000000 0.000000 0.000000 0.152516 0.287857 0.006507 0.282761 0.000000 0.000000 0.000000
 0.000000 0.000000 0.000000 0.489698 0.023237 0.000000 0.000000 0.000000 0.000000 0.000000 0.000000 0.000000 0.000000 0.000000 0.000000 0.000000 0.000000 0.000000 0.000526 0.486539
 0.000000 0.000000 0.001816 0.000000 0.000000 0.000000 0.000431 0.000000 0.000015 0.000000 0.000000 0.000000 0.498878 0.000000 0.000000 0.000000 0.000000 0.000000 0.498861 0.000000
 0.000020 0.000000 0.000000 0.000000 0.000000 0.000000 0.500019 0.000000 0.000000 0.000000 0.000000 0.499961 0.000000 0.000000 0.000000 0.000000 0.000000 0.000000 0.000000 0.000000
 0.000000 0.000000 0.000000 0.000000 0.000000 0.000000 0.000193 0.382063 0.403814 0.213301 0.000000 0.000000 0.000000 0.000000 0.000000 0.000629 0.000000 0.000000 0.000000 0.000000
 0.000000 0.355999 0.004702 0.000000 0.000000 0.000000 0.000000 0.000000 0.000000 0.355132 0.000000 0.000000 0.000000 0.000000 0.000000 0.001527 0.282641 0.000000 0.000000 0.000000
 0.000000 0.000000 0.492982 0.000000 0.000000 0.000000 0.000000 0.000000 0.493027 0.011111 0.000000 0.000000 0.000000 0.000768 0.002113 0.000000 0.000000 0.000000 0.000000 0.000000
 0.000000 0.001378 0.000000 0.000000 0.000000 0.000000 0.000000 0.360156 0.000000 0.352701 0.000000 0.000000 0.000000 0.000000 0.285765 0.000000 0.000000 0.000000 0.000000 0.000000
 0.376538 0.000000 0.000000 0.000000 0.367471 0.000000 0.000000 0.000000 0.000000 0.000000 0.000000 0.000000 0.000000 0.000000 0.000000 0.000000 0.000000 0.000000 0.000000 0.255990
 0.000000 0.000000 0.000211 0.000000 0.000000 0.499663 0.000000 0.000000 0.000000 0.000000 0.000537 0.499589 0.000000 0.000000 0.000000 0.000000 0.000000 0.000000 0.000000 0.000000
 0.000000 0.000000 0.000000 0.000000 0.374065 0.000000 0.000000 0.000000 0.000000 0.000000 0.371626 0.000000 0.000000 0.000000 0.000000 0.000000 0.000000 0.254309 0.000000 0.000000
the mean of prob-rank is 1.4736842105263157
the number of false negetive edges is 0
the number of probability greater than 0 is 4.1/edge
