20
 0.000000 0.000000 0.000000 0.000000 0.000000 0.000031 0.000000 0.000000 0.000000 0.000000 0.000000 0.499981 0.000000 0.000000 0.000000 0.000000 0.000011 0.499977 0.000000 0.000000
 0.000000 0.000000 0.000000 0.000000 0.000000 0.000000 0.000000 0.000000 0.009398 0.000000 0.000000 0.000000 0.478770 0.478474 0.000000 0.000000 0.000000 0.000000 0.033358 0.000000
 0.000000 0.000000 0.000000 0.000000 0.000000 0.000000 0.307575 0.349199 0.000000 0.000000 0.000000 0.000000 0.000000 0.000000 0.000000 0.000000 0.000000 0.000000 0.000000 0.343226
 0.000000 0.000000 0.000000 0.000000 0.500001 0.000000 0.000000 0.000000 0.000000 0.000000 0.499999 0.000000 0.000000 0.000000 0.000000 0.000000 0.000000 0.000000 0.000000 0.000000
 0.000000 0.000000 0.000000 0.500054 0.000000 0.000000 0.000000 0.000000 0.499946 0.000000 0.000000 0.000000 0.000000 0.000000 0.000000 0.000000 0.000000 0.000000 0.000000 0.000000
 0.000031 0.000000 0.000000 0.000000 0.000000 0.000000 0.000000 0.000000 0.000000 0.000000 0.499964 0.000000 0.000000 0.000000 0.000000 0.000000 0.500005 0.000000 0.000000 0.000000
 0.000000 0.000000 0.304473 0.000000 0.000000 0.000000 0.000000 0.343440 0.000000 0.002402 0.000000 0.000000 0.000000 0.001389 0.345677 0.000000 0.000000 0.000000 0.000000 0.002619
 0.000000 0.000000 0.403579 0.000000 0.000000 0.000000 0.400966 0.000000 0.000000 0.000000 0.000000 0.000000 0.000000 0.000000 0.000000 0.024352 0.000000 0.000000 0.000000 0.171103
 0.000000 0.009720 0.000000 0.000000 0.495085 0.000000 0.000000 0.000000 0.000000 0.000000 0.000000 0.000000 0.495189 0.000006 0.000000 0.000000 0.000000 0.000000 0.000000 0.000000
 0.000000 0.000000 0.000000 0.000000 0.000000 0.000000 0.003461 0.000000 0.000000 0.000000 0.000000 0.000000 0.000598 0.000000 0.000000 0.000000 0.000000 0.000000 0.497985 0.497956
 0.000000 0.000000 0.000000 0.500019 0.000000 0.499980 0.000000 0.000000 0.000000 0.000000 0.000000 0.000000 0.000000 0.000000 0.000000 0.000000 0.000000 0.000000 0.000000 0.000000
 0.499063 0.000000 0.000000 0.000000 0.000000 0.000000 0.000000 0.000000 0.000000 0.000000 0.000000 0.000000 0.000000 0.000000 0.000000 0.499043 0.000000 0.001894 0.000000 0.000000
 0.000000 0.499316 0.000000 0.000000 0.000000 0.000000 0.000000 0.000000 0.499313 0.000599 0.000000 0.000000 0.000000 0.000000 0.000000 0.000000 0.000000 0.000000 0.000772 0.000000
 0.000000 0.486763 0.000000 0.000000 0.000000 0.000000 0.001957 0.000000 0.000006 0.000000 0.000000 0.000000 0.000000 0.000000 0.024570 0.000000 0.000000 0.000000 0.486704 0.000000
 0.000000 0.000000 0.000000 0.000000 0.000000 0.000000 0.488502 0.000000 0.000000 0.000000 0.000000 0.000000 0.000000 0.024642 0.000000 0.486856 0.000000 0.000000 0.000000 0.000000
 0.000000 0.000000 0.000000 0.000000 0.000000 0.000000 0.000000 0.029335 0.000000 0.000000 0.000000 0.486142 0.000000 0.000000 0.484523 0.000000 0.000000 0.000000 0.000000 0.000000
 0.000011 0.000000 0.000000 0.000000 0.000000 0.499997 0.000000 0.000000 0.000000 0.000000 0.000000 0.000000 0.000000 0.000000 0.000000 0.000000 0.000000 0.499992 0.000000 0.000000
 0.499053 0.000000 0.000000 0.000000 0.000000 0.000000 0.000000 0.000000 0.000000 0.000000 0.000000 0.001894 0.000000 0.000000 0.000000 0.000000 0.499053 0.000000 0.000000 0.000000
 0.000000 0.033652 0.000000 0.000000 0.000000 0.000000 0.000001 0.000000 0.000000 0.482966 0.000000 0.000000 0.000747 0.482634 0.000000 0.000000 0.000000 0.000000 0.000000 0.000000
 0.000000 0.000000 0.407109 0.000000 0.000000 0.000000 0.003138 0.175604 0.000000 0.414149 0.000000 0.000000 0.000000 0.000000 0.000000 0.000000 0.000000 0.000000 0.000000 0.000000
the mean of prob-rank is 1.631578947368421
the number of false negetive edges is 0
the number of probability greater than 0 is 3.5/edge
