20
 0.000000 0.067072 0.000000 0.000000 0.000000 0.000000 0.464968 0.000000 0.000000 0.003081 0.000000 0.000000 0.000000 0.000000 0.000000 0.000000 0.000000 0.464879 0.000000 0.000000
 0.053032 0.000000 0.000000 0.367633 0.000190 0.000000 0.361654 0.000000 0.000000 0.000000 0.000000 0.019194 0.000000 0.197949 0.000000 0.000000 0.000000 0.000000 0.000000 0.000348
 0.000000 0.000000 0.000000 0.000000 0.000000 0.000000 0.000000 0.000000 0.000000 0.000000 0.079003 0.000000 0.326049 0.325192 0.115416 0.000000 0.154341 0.000000 0.000000 0.000000
 0.000000 0.467397 0.000000 0.000000 0.000000 0.000000 0.000000 0.000000 0.000000 0.000000 0.000000 0.467175 0.000000 0.065428 0.000000 0.000000 0.000000 0.000000 0.000000 0.000000
 0.000000 0.000181 0.000000 0.000000 0.000000 0.344125 0.000000 0.000001 0.000000 0.000000 0.000000 0.349428 0.000000 0.000000 0.000000 0.000000 0.000000 0.000000 0.000000 0.306265
 0.000000 0.000000 0.000000 0.000000 0.330950 0.000000 0.000000 0.310262 0.000000 0.000000 0.000000 0.022264 0.000000 0.000000 0.000000 0.000000 0.000000 0.000000 0.000000 0.336525
 0.353854 0.348097 0.000000 0.000000 0.000000 0.000000 0.000000 0.000000 0.000000 0.000000 0.000000 0.000000 0.000000 0.292873 0.000000 0.000000 0.000000 0.005175 0.000000 0.000000
 0.000000 0.000000 0.000000 0.000000 0.000001 0.326084 0.000000 0.000000 0.000000 0.000000 0.353687 0.000000 0.000000 0.000000 0.000000 0.000000 0.000000 0.000000 0.000000 0.320227
 0.000000 0.000000 0.000000 0.000000 0.000000 0.000000 0.000000 0.000000 0.000000 0.246818 0.000000 0.000000 0.000000 0.000000 0.000000 0.297109 0.000000 0.140675 0.315398 0.000000
 0.002431 0.000000 0.000000 0.000000 0.000000 0.000000 0.000000 0.000000 0.282990 0.000000 0.000000 0.000000 0.000000 0.000000 0.000000 0.364562 0.000000 0.350017 0.000000 0.000000
 0.000000 0.000000 0.092365 0.000000 0.000000 0.000000 0.000000 0.381398 0.000000 0.000000 0.000000 0.000000 0.157212 0.369025 0.000000 0.000000 0.000000 0.000000 0.000000 0.000000
 0.000000 0.024591 0.000000 0.470794 0.470355 0.031162 0.000000 0.000000 0.000000 0.000000 0.000000 0.000000 0.000000 0.000000 0.000000 0.000000 0.000000 0.000000 0.000000 0.003097
 0.000000 0.000000 0.414431 0.000000 0.000000 0.000000 0.000000 0.000000 0.000000 0.000000 0.170919 0.000000 0.000000 0.000000 0.414650 0.000000 0.000000 0.000000 0.000000 0.000000
 0.000000 0.155148 0.287234 0.040335 0.000000 0.000000 0.238487 0.000000 0.000000 0.000000 0.278796 0.000000 0.000000 0.000000 0.000000 0.000000 0.000000 0.000000 0.000000 0.000000
 0.000000 0.000000 0.150443 0.000000 0.000000 0.000000 0.000000 0.000000 0.000000 0.000000 0.000000 0.000000 0.425224 0.000000 0.000000 0.000000 0.424333 0.000000 0.000000 0.000000
 0.000000 0.000000 0.000000 0.000000 0.000000 0.000000 0.000000 0.000000 0.367219 0.392994 0.000000 0.000000 0.000000 0.000000 0.000000 0.000000 0.000000 0.000000 0.239787 0.000000
 0.000000 0.000000 0.191466 0.000000 0.000000 0.000000 0.000000 0.000000 0.000000 0.000000 0.000000 0.000000 0.000000 0.000000 0.403843 0.000000 0.000000 0.000000 0.404691 0.000000
 0.413675 0.000000 0.000000 0.000000 0.000000 0.000000 0.006051 0.000000 0.181863 0.394661 0.000000 0.000000 0.000000 0.000000 0.000000 0.000000 0.000000 0.000000 0.003750 0.000000
 0.000000 0.000000 0.000000 0.000000 0.000000 0.000000 0.000000 0.000000 0.378923 0.000000 0.000000 0.000000 0.000000 0.000000 0.000000 0.233082 0.384509 0.003485 0.000000 0.000000
 0.000000 0.000340 0.000000 0.000000 0.313913 0.358660 0.000000 0.324729 0.000000 0.000000 0.000000 0.002358 0.000000 0.000000 0.000000 0.000000 0.000000 0.000000 0.000000 0.000000
the mean of prob-rank is 1.5263157894736843
the number of false negetive edges is 0
the number of probability greater than 0 is 4.2/edge
