20
 0.000000 0.000000 0.000000 0.449023 0.000000 0.000000 0.000000 0.000000 0.000001 0.000000 0.000000 0.000000 0.000000 0.456800 0.000000 0.000000 0.094177 0.000000 0.000000 0.000000
 0.000000 0.000000 0.000000 0.231994 0.000000 0.000000 0.000000 0.000000 0.037959 0.000000 0.000000 0.068992 0.333515 0.000000 0.000000 0.000000 0.327540 0.000000 0.000000 0.000000
 0.000000 0.000000 0.000000 0.000000 0.150481 0.000000 0.000000 0.274886 0.000000 0.000000 0.289921 0.000000 0.000000 0.000000 0.000000 0.000000 0.000000 0.000000 0.284712 0.000000
 0.366476 0.257561 0.000000 0.000000 0.000010 0.000000 0.000000 0.000000 0.372798 0.000000 0.000000 0.000000 0.003120 0.000000 0.000000 0.000000 0.000035 0.000000 0.000000 0.000000
 0.000000 0.000000 0.112450 0.000006 0.000000 0.000000 0.000000 0.211932 0.000000 0.000000 0.000000 0.046181 0.166757 0.000000 0.084007 0.000000 0.000000 0.000000 0.216648 0.162019
 0.000000 0.000000 0.000000 0.000000 0.000000 0.000000 0.500001 0.000000 0.000000 0.000000 0.000000 0.000000 0.000000 0.000000 0.000000 0.000000 0.000000 0.499999 0.000000 0.000000
 0.000000 0.000000 0.000000 0.000000 0.000000 0.500000 0.000000 0.000000 0.000000 0.000000 0.000000 0.000000 0.000000 0.500000 0.000000 0.000000 0.000000 0.000000 0.000000 0.000000
 0.000000 0.000000 0.245289 0.000000 0.253071 0.000000 0.000000 0.000000 0.000000 0.000000 0.000140 0.258030 0.000000 0.000000 0.000000 0.000000 0.000000 0.000000 0.243470 0.000000
 0.000001 0.052864 0.000000 0.467644 0.000000 0.000000 0.000000 0.000000 0.000000 0.000000 0.000000 0.000000 0.012243 0.000000 0.000000 0.000000 0.467249 0.000000 0.000000 0.000000
 0.000000 0.000000 0.000000 0.000000 0.000000 0.000000 0.000000 0.000000 0.000000 0.000000 0.000000 0.000000 0.000000 0.000000 0.499985 0.000000 0.000000 0.500015 0.000000 0.000000
 0.000000 0.000000 0.499865 0.000000 0.000000 0.000000 0.000000 0.000270 0.000000 0.000000 0.000000 0.000000 0.000000 0.000000 0.000000 0.499865 0.000000 0.000000 0.000000 0.000000
 0.000000 0.082676 0.000000 0.000000 0.085780 0.000000 0.000000 0.401371 0.000000 0.000000 0.000000 0.000000 0.402420 0.000000 0.000000 0.000000 0.027754 0.000000 0.000000 0.000000
 0.000000 0.355026 0.000000 0.002992 0.275150 0.000000 0.000000 0.000000 0.009358 0.000000 0.000000 0.357474 0.000000 0.000000 0.000000 0.000000 0.000000 0.000000 0.000000 0.000000
 0.500000 0.000000 0.000000 0.000000 0.000000 0.000000 0.500000 0.000000 0.000000 0.000000 0.000000 0.000000 0.000000 0.000000 0.000000 0.000000 0.000000 0.000000 0.000000 0.000000
 0.000000 0.000000 0.000000 0.000000 0.162521 0.000000 0.000000 0.000000 0.000000 0.419108 0.000000 0.000000 0.000000 0.000000 0.000000 0.000000 0.000000 0.000000 0.000000 0.418370
 0.000000 0.000000 0.000000 0.000000 0.000000 0.000000 0.000000 0.000000 0.000000 0.000000 0.500131 0.000000 0.000000 0.000000 0.000000 0.000000 0.000000 0.000000 0.000000 0.499868
 0.091643 0.433556 0.000000 0.000042 0.000000 0.000000 0.000000 0.000000 0.444103 0.000000 0.000000 0.030656 0.000000 0.000000 0.000000 0.000000 0.000000 0.000000 0.000000 0.000000
 0.000000 0.000000 0.000000 0.000000 0.000000 0.499999 0.000000 0.000000 0.000000 0.500001 0.000000 0.000000 0.000000 0.000000 0.000000 0.000000 0.000000 0.000000 0.000000 0.000000
 0.000000 0.000000 0.335882 0.000000 0.342024 0.000000 0.000000 0.321886 0.000000 0.000000 0.000000 0.000000 0.000000 0.000000 0.000000 0.000000 0.000000 0.000000 0.000000 0.000209
 0.000000 0.000000 0.000000 0.000000 0.272327 0.000000 0.000000 0.000000 0.000000 0.000000 0.000000 0.000000 0.000000 0.000000 0.363490 0.363960 0.000000 0.000000 0.000223 0.000000
the mean of prob-rank is 1.8421052631578947
the number of false negetive edges is 0
the number of probability greater than 0 is 3.8/edge
