20
 0.000000 0.000000 0.499987 0.000000 0.000000 0.000000 0.000000 0.000000 0.000000 0.000000 0.000000 0.500013 0.000000 0.000000 0.000000 0.000000 0.000000 0.000000 0.000000 0.000000
 0.000000 0.000000 0.000000 0.499749 0.000000 0.000000 0.000000 0.000000 0.000000 0.000000 0.000000 0.000524 0.000000 0.000000 0.000000 0.000000 0.000000 0.000000 0.000000 0.499727
 0.499987 0.000000 0.000000 0.000000 0.000000 0.000000 0.000000 0.000000 0.000000 0.000000 0.000000 0.000000 0.000000 0.000000 0.000000 0.000000 0.000000 0.000000 0.500013 0.000000
 0.000000 0.499224 0.000000 0.000000 0.001566 0.000000 0.499210 0.000000 0.000000 0.000000 0.000000 0.000000 0.000000 0.000000 0.000000 0.000000 0.000000 0.000000 0.000000 0.000000
 0.000000 0.000000 0.000000 0.001566 0.000000 0.000000 0.000000 0.000000 0.000000 0.000000 0.000000 0.499177 0.000000 0.000000 0.000000 0.000000 0.499257 0.000000 0.000000 0.000000
 0.000000 0.000000 0.000000 0.000000 0.000000 0.000000 0.000000 0.414992 0.000000 0.000000 0.000000 0.000000 0.000000 0.000000 0.000000 0.416845 0.000000 0.168164 0.000000 0.000000
 0.000000 0.000000 0.000000 0.498856 0.000000 0.000000 0.000000 0.000000 0.000000 0.000000 0.000000 0.000000 0.000000 0.002276 0.000000 0.000000 0.498868 0.000000 0.000000 0.000000
 0.000000 0.000000 0.000000 0.000000 0.000000 0.344997 0.000000 0.000000 0.000000 0.000000 0.163066 0.000000 0.000000 0.000000 0.000000 0.153716 0.000000 0.337763 0.000000 0.000458
 0.000000 0.000000 0.000000 0.000000 0.000000 0.000000 0.000000 0.000000 0.000000 0.000000 0.000000 0.000000 0.000000 0.000000 0.000000 0.000000 0.000000 0.499998 0.500002 0.000000
 0.000000 0.000000 0.000000 0.000000 0.000000 0.000000 0.000000 0.000000 0.000000 0.000000 0.499855 0.000000 0.499934 0.000000 0.000206 0.000005 0.000000 0.000000 0.000000 0.000000
 0.000000 0.000000 0.000000 0.000000 0.000000 0.000000 0.000000 0.154954 0.000000 0.329246 0.000000 0.000000 0.001180 0.000020 0.267224 0.239944 0.000000 0.000000 0.000000 0.007433
 0.499778 0.000524 0.000000 0.000000 0.499698 0.000000 0.000000 0.000000 0.000000 0.000000 0.000000 0.000000 0.000000 0.000000 0.000000 0.000000 0.000000 0.000000 0.000000 0.000000
 0.000000 0.000000 0.000000 0.000000 0.000000 0.000000 0.000000 0.000000 0.000000 0.427025 0.001530 0.000000 0.000000 0.000000 0.160806 0.410640 0.000000 0.000000 0.000000 0.000000
 0.000000 0.000000 0.000000 0.000000 0.000000 0.000000 0.002276 0.000000 0.000000 0.000000 0.000030 0.000000 0.000000 0.000000 0.498848 0.000000 0.000000 0.000000 0.000000 0.498846
 0.000000 0.000000 0.000000 0.000000 0.000000 0.000000 0.000000 0.000000 0.000000 0.000189 0.370804 0.000000 0.172070 0.456938 0.000000 0.000000 0.000000 0.000000 0.000000 0.000000
 0.000000 0.000000 0.000000 0.000000 0.000000 0.319094 0.000000 0.141543 0.000000 0.000003 0.232509 0.000000 0.306850 0.000000 0.000000 0.000000 0.000000 0.000000 0.000000 0.000000
 0.000000 0.000000 0.000000 0.000000 0.500001 0.000000 0.499999 0.000000 0.000000 0.000000 0.000000 0.000000 0.000000 0.000000 0.000000 0.000000 0.000000 0.000000 0.000000 0.000000
 0.000000 0.000000 0.000000 0.000000 0.000000 0.169640 0.000000 0.409858 0.420502 0.000000 0.000000 0.000000 0.000000 0.000000 0.000000 0.000000 0.000000 0.000000 0.000000 0.000000
 0.000000 0.000000 0.500000 0.000000 0.000000 0.000000 0.000000 0.000000 0.500000 0.000000 0.000000 0.000000 0.000000 0.000000 0.000000 0.000000 0.000000 0.000000 0.000000 0.000000
 0.000000 0.494087 0.000000 0.000000 0.000000 0.000000 0.000000 0.000653 0.000000 0.000000 0.011153 0.000000 0.000000 0.494106 0.000000 0.000000 0.000000 0.000000 0.000000 0.000000
the mean of prob-rank is 1.5789473684210527
the number of false negetive edges is 0
the number of probability greater than 0 is 3.4/edge
