20
 0.000000 0.000000 0.000000 0.000000 0.500002 0.000000 0.000000 0.000000 0.000000 0.000000 0.000000 0.000000 0.000000 0.000000 0.000000 0.000000 0.000000 0.000000 0.499998 0.000000
 0.000000 0.000000 0.000000 0.000000 0.000000 0.000000 0.000000 0.143334 0.028668 0.000000 0.000000 0.226542 0.000000 0.226399 0.195039 0.000000 0.000000 0.000000 0.000000 0.180018
 0.000000 0.000000 0.000000 0.000000 0.000000 0.350268 0.000000 0.000000 0.000000 0.000000 0.000000 0.310524 0.000000 0.000000 0.000000 0.000000 0.000000 0.000000 0.000000 0.339209
 0.000000 0.000000 0.000000 0.000000 0.000000 0.000000 0.000000 0.000000 0.000000 0.000000 0.000000 0.000000 0.000000 0.000002 0.499999 0.499999 0.000000 0.000000 0.000000 0.000000
 0.469741 0.000000 0.000000 0.000000 0.000000 0.000000 0.000000 0.000000 0.061163 0.000000 0.000000 0.000000 0.000000 0.000000 0.000000 0.000000 0.469096 0.000000 0.000000 0.000000
 0.000000 0.000000 0.437492 0.000000 0.000000 0.000000 0.000000 0.010393 0.050764 0.380325 0.000000 0.000000 0.000000 0.121023 0.000000 0.000000 0.000000 0.000003 0.000000 0.000000
 0.000000 0.000000 0.000000 0.000000 0.000000 0.000000 0.000000 0.000000 0.000000 0.000000 0.000000 0.000000 0.499992 0.000000 0.000000 0.500008 0.000000 0.000000 0.000000 0.000000
 0.000000 0.180828 0.000000 0.000000 0.000000 0.007238 0.000000 0.000000 0.300049 0.000000 0.000000 0.000000 0.221894 0.289855 0.000137 0.000000 0.000000 0.000000 0.000000 0.000000
 0.000000 0.038015 0.000000 0.000000 0.041697 0.037159 0.000000 0.315381 0.000000 0.290086 0.000000 0.000000 0.000000 0.000011 0.000000 0.000000 0.025987 0.000000 0.251663 0.000000
 0.000000 0.000000 0.000000 0.000000 0.000000 0.313277 0.000000 0.000000 0.326431 0.000000 0.360293 0.000000 0.000000 0.000000 0.000000 0.000000 0.000000 0.000000 0.000000 0.000000
 0.000000 0.000000 0.000000 0.000000 0.000000 0.000000 0.000000 0.000000 0.000000 0.499968 0.000000 0.000000 0.000000 0.000000 0.000000 0.000000 0.000000 0.500032 0.000000 0.000000
 0.000000 0.332103 0.313863 0.000000 0.000000 0.000000 0.000000 0.000000 0.000000 0.000000 0.000000 0.000000 0.000000 0.000000 0.000000 0.000000 0.000000 0.000000 0.000000 0.354034
 0.000000 0.000000 0.000000 0.000000 0.000000 0.000000 0.344537 0.250933 0.000000 0.000000 0.000000 0.000000 0.000000 0.098995 0.000000 0.000000 0.000000 0.000000 0.305535 0.000000
 0.000000 0.273767 0.000000 0.000001 0.000000 0.080784 0.000000 0.277826 0.000010 0.000000 0.000000 0.000000 0.083906 0.000000 0.283706 0.000000 0.000000 0.000000 0.000000 0.000000
 0.000000 0.290553 0.000000 0.359770 0.000000 0.000000 0.000000 0.000162 0.000000 0.000000 0.000000 0.000000 0.000000 0.349515 0.000000 0.000000 0.000000 0.000000 0.000000 0.000000
 0.000000 0.000000 0.000000 0.500000 0.000000 0.000000 0.500000 0.000000 0.000000 0.000000 0.000000 0.000000 0.000000 0.000000 0.000000 0.000000 0.000000 0.000000 0.000000 0.000000
 0.000000 0.000000 0.000000 0.000000 0.480238 0.000000 0.000000 0.000000 0.039024 0.000000 0.000000 0.000000 0.000000 0.000000 0.000000 0.000000 0.000000 0.480739 0.000000 0.000000
 0.000000 0.000000 0.000000 0.000000 0.000000 0.000004 0.000000 0.000000 0.000000 0.000000 0.500063 0.000000 0.000000 0.000000 0.000000 0.000000 0.499933 0.000000 0.000000 0.000000
 0.374162 0.000000 0.000000 0.000000 0.000000 0.000000 0.000000 0.000000 0.294039 0.000000 0.000000 0.000000 0.331799 0.000000 0.000000 0.000000 0.000000 0.000000 0.000000 0.000000
 0.000000 0.274670 0.356849 0.000000 0.000000 0.000000 0.000000 0.000000 0.000000 0.000000 0.000000 0.368482 0.000000 0.000000 0.000000 0.000000 0.000000 0.000000 0.000000 0.000000
the mean of prob-rank is 1.736842105263158
the number of false negetive edges is 0
the number of probability greater than 0 is 3.8/edge
