20
 0.000000 0.500000 0.000000 0.000000 0.000000 0.000000 0.000000 0.500000 0.000000 0.000000 0.000000 0.000000 0.000000 0.000000 0.000000 0.000000 0.000000 0.000000 0.000000 0.000000
 0.500000 0.000000 0.000000 0.000000 0.000000 0.000000 0.000000 0.000000 0.000000 0.000000 0.000000 0.000000 0.500000 0.000000 0.000000 0.000000 0.000000 0.000000 0.000000 0.000000
 0.000000 0.000000 0.000000 0.000000 0.000000 0.000000 0.492654 0.000000 0.000000 0.000000 0.000000 0.000000 0.492587 0.000000 0.000000 0.000000 0.014759 0.000000 0.000000 0.000000
 0.000000 0.000000 0.000000 0.000000 0.002437 0.020026 0.000000 0.000000 0.200046 0.216496 0.004536 0.000000 0.000000 0.000000 0.000000 0.000000 0.256845 0.299302 0.000312 0.000000
 0.000000 0.000000 0.000000 0.004037 0.000000 0.000000 0.000000 0.000000 0.000013 0.004856 0.494370 0.000000 0.000000 0.000000 0.495734 0.000000 0.000000 0.000990 0.000000 0.000000
 0.000000 0.000000 0.000000 0.029627 0.000000 0.000000 0.000000 0.000000 0.439901 0.000000 0.000000 0.000000 0.000000 0.001000 0.000000 0.442748 0.013826 0.072900 0.000000 0.000000
 0.000000 0.000000 0.498825 0.000000 0.000000 0.000000 0.000000 0.000000 0.000000 0.000000 0.000000 0.000000 0.002463 0.000000 0.000000 0.000000 0.000000 0.000000 0.498712 0.000000
 0.500000 0.000000 0.000000 0.000000 0.000000 0.000000 0.000000 0.000000 0.000000 0.000000 0.000000 0.500000 0.000000 0.000000 0.000000 0.000000 0.000000 0.000000 0.000000 0.000000
 0.000000 0.000000 0.000000 0.233782 0.000009 0.347494 0.000000 0.000000 0.000000 0.000007 0.000000 0.000000 0.000000 0.000000 0.000000 0.000000 0.074779 0.343930 0.000000 0.000000
 0.000000 0.000000 0.000000 0.263082 0.003563 0.000000 0.000000 0.000000 0.000007 0.000000 0.363088 0.000000 0.000000 0.000000 0.000000 0.000000 0.000067 0.006996 0.363198 0.000000
 0.000000 0.000000 0.000000 0.007174 0.472088 0.000000 0.000000 0.000000 0.000000 0.472580 0.000000 0.000000 0.000000 0.000000 0.000000 0.000000 0.000000 0.000000 0.048158 0.000000
 0.000000 0.000000 0.000000 0.000000 0.000000 0.000000 0.000000 0.500000 0.000000 0.000000 0.000000 0.000000 0.000000 0.000000 0.000000 0.000000 0.000000 0.000000 0.000000 0.500000
 0.000000 0.495269 0.495199 0.000000 0.000000 0.000000 0.002445 0.000000 0.000000 0.000000 0.000000 0.000000 0.000000 0.000000 0.000000 0.000000 0.000000 0.000000 0.007087 0.000000
 0.000000 0.000000 0.000000 0.000000 0.000000 0.001128 0.000000 0.000000 0.000000 0.000000 0.000000 0.000000 0.000000 0.000000 0.499576 0.499274 0.000000 0.000000 0.000000 0.000023
 0.000000 0.000000 0.000000 0.000000 0.500000 0.000000 0.000000 0.000000 0.000000 0.000000 0.000000 0.000000 0.000000 0.500000 0.000000 0.000000 0.000000 0.000000 0.000000 0.000000
 0.000000 0.000000 0.000000 0.000000 0.000000 0.479501 0.000000 0.000000 0.000000 0.000000 0.000000 0.000000 0.000000 0.479263 0.000000 0.000000 0.040195 0.000000 0.000000 0.001041
 0.000000 0.000000 0.009537 0.273179 0.000000 0.009940 0.000000 0.000000 0.068057 0.000059 0.000000 0.000000 0.000000 0.000000 0.000000 0.026683 0.000000 0.294236 0.000000 0.318310
 0.000000 0.000000 0.000000 0.323263 0.000646 0.053221 0.000000 0.000000 0.317860 0.006218 0.000000 0.000000 0.000000 0.000000 0.000000 0.000000 0.298792 0.000000 0.000000 0.000000
 0.000000 0.000000 0.000000 0.000493 0.000000 0.000000 0.472605 0.000000 0.000000 0.472048 0.048089 0.000000 0.006765 0.000000 0.000000 0.000000 0.000000 0.000000 0.000000 0.000000
 0.000000 0.000000 0.000000 0.000000 0.000000 0.000000 0.000000 0.000000 0.000000 0.000000 0.000000 0.499469 0.000000 0.000023 0.000000 0.001085 0.499423 0.000000 0.000000 0.000000
the mean of prob-rank is 1.5263157894736843
the number of false negetive edges is 0
the number of probability greater than 0 is 4.4/edge
