20
 0.000000 0.000019 0.424581 0.055948 0.000000 0.000000 0.000000 0.000000 0.425217 0.000000 0.000000 0.000000 0.000000 0.077206 0.016856 0.000173 0.000000 0.000000 0.000000 0.000000
 0.000022 0.000000 0.482560 0.000000 0.000000 0.000000 0.000000 0.000000 0.000000 0.482112 0.000000 0.000000 0.030039 0.000440 0.000000 0.000000 0.000000 0.000000 0.000000 0.004828
 0.458799 0.459482 0.000000 0.000000 0.000000 0.000012 0.000042 0.000000 0.001464 0.000000 0.000000 0.000000 0.000000 0.009114 0.000000 0.067670 0.000680 0.000000 0.002737 0.000000
 0.056115 0.000000 0.000000 0.000000 0.001502 0.000000 0.000000 0.000000 0.082705 0.000000 0.000000 0.008227 0.000000 0.000000 0.426532 0.424919 0.000000 0.000000 0.000001 0.000000
 0.000000 0.000000 0.000000 0.001758 0.000000 0.000000 0.000000 0.499195 0.000159 0.000000 0.000000 0.000000 0.000000 0.000000 0.498888 0.000000 0.000000 0.000000 0.000000 0.000000
 0.000000 0.000000 0.000010 0.000000 0.000000 0.000000 0.413685 0.000000 0.000000 0.000000 0.000000 0.413253 0.000000 0.000000 0.000000 0.000000 0.155058 0.000000 0.017993 0.000000
 0.000000 0.000000 0.000034 0.000000 0.000000 0.372030 0.000000 0.000000 0.000000 0.000000 0.000000 0.011894 0.000000 0.000000 0.000000 0.000001 0.363675 0.000000 0.252366 0.000000
 0.000000 0.000000 0.000000 0.000000 0.500000 0.000000 0.000000 0.000000 0.000000 0.000000 0.500000 0.000000 0.000000 0.000000 0.000000 0.000000 0.000000 0.000000 0.000000 0.000000
 0.426128 0.000000 0.001358 0.082635 0.000136 0.000000 0.000000 0.000000 0.000000 0.000000 0.013355 0.000000 0.000000 0.425777 0.050612 0.000000 0.000000 0.000000 0.000000 0.000000
 0.000000 0.340277 0.000000 0.000000 0.000000 0.000000 0.000000 0.000000 0.000000 0.000000 0.063333 0.000000 0.000000 0.000032 0.000000 0.000000 0.000000 0.339265 0.000000 0.257092
 0.000000 0.000000 0.000000 0.000000 0.000000 0.000000 0.000000 0.451144 0.014138 0.083881 0.000000 0.000000 0.000000 0.450837 0.000000 0.000000 0.000000 0.000000 0.000000 0.000000
 0.000000 0.000000 0.000000 0.009411 0.000000 0.487301 0.015595 0.000000 0.000000 0.000000 0.000000 0.000000 0.487666 0.000000 0.000000 0.000000 0.000022 0.000000 0.000005 0.000000
 0.000000 0.025024 0.000000 0.000000 0.000000 0.000000 0.000000 0.000000 0.000000 0.000000 0.000000 0.401801 0.000000 0.000000 0.000000 0.000000 0.000000 0.183475 0.000000 0.389700
 0.082493 0.000415 0.009012 0.000000 0.000000 0.000000 0.000000 0.000000 0.453964 0.000043 0.454074 0.000000 0.000000 0.000000 0.000000 0.000000 0.000000 0.000000 0.000000 0.000000
 0.018040 0.000000 0.000000 0.455117 0.454837 0.000000 0.000000 0.000000 0.054050 0.000000 0.000000 0.000000 0.000000 0.000000 0.000000 0.017955 0.000000 0.000000 0.000000 0.000000
 0.000144 0.000000 0.052081 0.352331 0.000000 0.000000 0.000001 0.000000 0.000000 0.000000 0.000000 0.000000 0.000000 0.000000 0.013953 0.000000 0.227831 0.000000 0.353659 0.000000
 0.000000 0.000000 0.000494 0.000000 0.000000 0.125037 0.326099 0.000000 0.000000 0.000000 0.000000 0.000015 0.000000 0.000000 0.000000 0.214966 0.000000 0.000000 0.333389 0.000000
 0.000000 0.000000 0.000000 0.000000 0.000000 0.000000 0.000000 0.000000 0.000000 0.406148 0.000000 0.000000 0.186092 0.000000 0.000000 0.000000 0.000000 0.000000 0.000000 0.407760
 0.000000 0.000000 0.002184 0.000001 0.000000 0.015946 0.248707 0.000000 0.000000 0.000000 0.000000 0.000004 0.000000 0.000000 0.000000 0.366743 0.366415 0.000000 0.000000 0.000000
 0.000000 0.003659 0.000000 0.000000 0.000000 0.000000 0.000000 0.000000 0.000000 0.276063 0.000000 0.000000 0.354533 0.000000 0.000000 0.000000 0.000000 0.365746 0.000000 0.000000
the mean of prob-rank is 1.4736842105263157
the number of false negetive edges is 0
the number of probability greater than 0 is 5.4/edge
