20
 0.000000 0.000000 0.000000 0.000000 0.228411 0.000000 0.000000 0.000000 0.000000 0.000000 0.000000 0.375738 0.000000 0.382948 0.000000 0.000000 0.000000 0.000000 0.012902 0.000000
 0.000000 0.000000 0.015299 0.000425 0.000000 0.000000 0.000000 0.311985 0.000000 0.000000 0.000000 0.000000 0.297041 0.000000 0.000000 0.167664 0.000017 0.000000 0.000000 0.207568
 0.000000 0.015946 0.000000 0.000000 0.000000 0.313939 0.000000 0.000003 0.000000 0.000000 0.030559 0.000000 0.000000 0.000000 0.084851 0.000000 0.000000 0.230030 0.000000 0.324670
 0.000000 0.000470 0.000000 0.000000 0.000000 0.000000 0.000000 0.333313 0.048923 0.000000 0.000000 0.009109 0.263012 0.000000 0.345028 0.000000 0.000144 0.000000 0.000000 0.000000
 0.231591 0.000000 0.000000 0.000000 0.000000 0.000000 0.000000 0.000000 0.000000 0.000000 0.000000 0.388604 0.000000 0.000004 0.000000 0.000000 0.379800 0.000000 0.000000 0.000000
 0.000000 0.000000 0.323105 0.000000 0.000000 0.000000 0.000000 0.000000 0.000000 0.000000 0.333856 0.000000 0.000000 0.000000 0.000100 0.000000 0.000000 0.147769 0.000000 0.195170
 0.000000 0.000000 0.000000 0.000000 0.000000 0.000000 0.000000 0.000000 0.326098 0.295624 0.071660 0.000000 0.000000 0.000000 0.007263 0.000000 0.000000 0.264493 0.034862 0.000000
 0.000000 0.361741 0.000004 0.349380 0.000000 0.000000 0.000000 0.000000 0.000000 0.000000 0.000000 0.000000 0.283195 0.000000 0.000234 0.000346 0.000000 0.000000 0.000000 0.005101
 0.000000 0.000000 0.000000 0.043755 0.000000 0.000000 0.308590 0.000000 0.000000 0.185145 0.000000 0.144719 0.000000 0.181391 0.097738 0.000000 0.000000 0.000000 0.038661 0.000000
 0.000000 0.000000 0.000000 0.000000 0.000000 0.000000 0.266435 0.000000 0.176331 0.000000 0.000000 0.000000 0.000000 0.000000 0.000000 0.000000 0.000000 0.263271 0.293963 0.000000
 0.000000 0.000000 0.033828 0.000000 0.000000 0.359087 0.079084 0.000000 0.000000 0.000000 0.000000 0.000000 0.000000 0.000000 0.355080 0.000000 0.000000 0.164423 0.000000 0.008497
 0.388087 0.000000 0.000000 0.010455 0.395865 0.000000 0.000000 0.000000 0.185715 0.000000 0.000000 0.000000 0.000000 0.000226 0.000000 0.000000 0.019653 0.000000 0.000000 0.000000
 0.000000 0.246708 0.000000 0.197481 0.000000 0.000000 0.000000 0.202857 0.000000 0.000000 0.000000 0.000000 0.000000 0.000000 0.000000 0.245358 0.107596 0.000000 0.000000 0.000000
 0.390822 0.000000 0.000000 0.000000 0.000004 0.000000 0.000000 0.000000 0.230002 0.000000 0.000000 0.000223 0.000000 0.000000 0.000000 0.000000 0.000000 0.000000 0.378948 0.000000
 0.000000 0.000000 0.096492 0.369700 0.000000 0.000111 0.008235 0.000239 0.117096 0.000000 0.364770 0.000000 0.000000 0.000000 0.000000 0.000000 0.000000 0.000000 0.000000 0.043358
 0.000000 0.216239 0.000000 0.000000 0.000000 0.000000 0.000000 0.000385 0.000000 0.000000 0.000000 0.000000 0.381000 0.000000 0.000000 0.000000 0.402377 0.000000 0.000000 0.000000
 0.000000 0.000022 0.000000 0.000171 0.399975 0.000000 0.000000 0.000000 0.000000 0.000000 0.000000 0.020317 0.170030 0.000000 0.000000 0.409485 0.000000 0.000000 0.000000 0.000000
 0.000000 0.000000 0.156636 0.000000 0.000000 0.097767 0.179556 0.000000 0.000000 0.198307 0.101142 0.000000 0.000000 0.000000 0.000000 0.000000 0.000000 0.000000 0.050395 0.216197
 0.013668 0.000000 0.000000 0.000000 0.000000 0.000000 0.043420 0.000000 0.050884 0.406235 0.000000 0.000000 0.000000 0.393337 0.000000 0.000000 0.000000 0.092456 0.000000 0.000000
 0.000000 0.196938 0.295549 0.000000 0.000000 0.172624 0.000000 0.004174 0.000000 0.000000 0.006988 0.000000 0.000000 0.000000 0.034707 0.000000 0.000000 0.289020 0.000000 0.000000
the mean of prob-rank is 1.631578947368421
the number of false negetive edges is 0
the number of probability greater than 0 is 5.9/edge
