20
 0.000000 0.000000 0.000000 0.000000 0.000000 0.000000 0.000000 0.000000 0.000000 0.007653 0.000014 0.000000 0.001450 0.000043 0.000000 0.000000 0.494427 0.494364 0.000000 0.002049
 0.000000 0.000000 0.000000 0.000000 0.000000 0.499340 0.000000 0.000000 0.000000 0.000000 0.000000 0.001386 0.499274 0.000000 0.000000 0.000000 0.000000 0.000000 0.000000 0.000000
 0.000000 0.000000 0.000000 0.000000 0.000000 0.000000 0.000000 0.496954 0.000000 0.000000 0.000000 0.496939 0.000000 0.000000 0.000000 0.000000 0.000000 0.000000 0.006107 0.000000
 0.000000 0.000000 0.000000 0.000000 0.000000 0.000000 0.026795 0.000000 0.482303 0.009001 0.000000 0.000000 0.000000 0.000000 0.481901 0.000000 0.000000 0.000000 0.000000 0.000000
 0.000000 0.000000 0.000000 0.000000 0.000000 0.000000 0.000000 0.499940 0.000000 0.000000 0.000000 0.000000 0.000000 0.000000 0.000111 0.499948 0.000000 0.000000 0.000000 0.000000
 0.000000 0.500000 0.000000 0.000000 0.000000 0.000000 0.000000 0.000000 0.000000 0.000000 0.000000 0.000000 0.000000 0.000000 0.000000 0.000000 0.000000 0.000000 0.500000 0.000000
 0.000000 0.000000 0.000000 0.021351 0.000000 0.000000 0.000000 0.000000 0.383994 0.384045 0.063334 0.000000 0.000000 0.000676 0.000000 0.000000 0.000000 0.000000 0.000000 0.146600
 0.000000 0.000000 0.499998 0.000000 0.499991 0.000000 0.000000 0.000000 0.000002 0.000000 0.000000 0.000008 0.000000 0.000000 0.000000 0.000000 0.000000 0.000000 0.000000 0.000000
 0.000000 0.000000 0.000000 0.461715 0.000000 0.000000 0.461332 0.000002 0.000000 0.000000 0.000000 0.000000 0.000000 0.000000 0.076950 0.000000 0.000000 0.000000 0.000000 0.000000
 0.007547 0.000000 0.000000 0.009104 0.000000 0.000000 0.487445 0.000000 0.000000 0.000000 0.008118 0.000000 0.000000 0.000000 0.000000 0.000000 0.000000 0.000000 0.000000 0.487786
 0.000013 0.000000 0.000000 0.000000 0.000000 0.000000 0.074876 0.000000 0.000000 0.007561 0.000000 0.000001 0.000000 0.454349 0.000000 0.000000 0.000000 0.012836 0.000000 0.450364
 0.000000 0.001386 0.499305 0.000000 0.000000 0.000000 0.000000 0.000008 0.000000 0.000000 0.000001 0.000000 0.000000 0.000000 0.000000 0.000000 0.000000 0.000001 0.499299 0.000000
 0.001463 0.499235 0.000000 0.000000 0.000000 0.000000 0.000000 0.000000 0.000000 0.000000 0.000000 0.000000 0.000000 0.000000 0.000000 0.000000 0.499301 0.000000 0.000000 0.000000
 0.000043 0.000000 0.000000 0.000000 0.000000 0.000000 0.000878 0.000000 0.000000 0.000000 0.499539 0.000000 0.000000 0.000000 0.000000 0.000000 0.000000 0.499538 0.000000 0.000001
 0.000000 0.000000 0.000000 0.461288 0.000103 0.000000 0.000000 0.000000 0.076943 0.000000 0.000000 0.000000 0.000000 0.000000 0.000000 0.461666 0.000000 0.000000 0.000000 0.000000
 0.000000 0.000000 0.000000 0.000000 0.500004 0.000000 0.000000 0.000000 0.000000 0.000000 0.000000 0.000000 0.000000 0.000000 0.499995 0.000000 0.000000 0.000000 0.000000 0.000000
 0.490068 0.000000 0.000000 0.000000 0.000000 0.000000 0.000000 0.000000 0.000000 0.000000 0.000000 0.000000 0.490281 0.000000 0.000000 0.000000 0.000000 0.000000 0.000000 0.019651
 0.492895 0.000000 0.000000 0.000000 0.000000 0.000000 0.000000 0.000000 0.000000 0.000000 0.013932 0.000001 0.000000 0.493171 0.000000 0.000000 0.000000 0.000000 0.000000 0.000000
 0.000000 0.000000 0.006107 0.000000 0.000000 0.496957 0.000000 0.000000 0.000000 0.000000 0.000000 0.496936 0.000000 0.000000 0.000000 0.000000 0.000000 0.000000 0.000000 0.000000
 0.001714 0.000000 0.000000 0.000000 0.000000 0.000000 0.157830 0.000000 0.000000 0.413751 0.410122 0.000000 0.000000 0.000001 0.000000 0.000000 0.016583 0.000000 0.000000 0.000000
the mean of prob-rank is 1.5263157894736843
the number of false negetive edges is 0
the number of probability greater than 0 is 4.0/edge
