20
 0.000000 0.000000 0.000000 0.000000 0.000000 0.000000 0.000000 0.000000 0.353539 0.000000 0.322093 0.000000 0.000000 0.000000 0.000000 0.000000 0.000000 0.324368 0.000000 0.000000
 0.000000 0.000000 0.000000 0.001173 0.006848 0.000000 0.000000 0.010247 0.000000 0.000000 0.000004 0.000000 0.067083 0.422342 0.000000 0.068289 0.000000 0.000000 0.000406 0.423607
 0.000000 0.000000 0.000000 0.447059 0.000000 0.080381 0.000000 0.000000 0.000000 0.453892 0.000000 0.000000 0.000000 0.000000 0.000000 0.018668 0.000000 0.000000 0.000000 0.000000
 0.000000 0.001240 0.441238 0.000000 0.000020 0.000001 0.000000 0.000000 0.000000 0.000000 0.000008 0.109506 0.000000 0.000000 0.000000 0.447987 0.000000 0.000000 0.000000 0.000000
 0.000000 0.008014 0.000000 0.000022 0.000000 0.000000 0.000000 0.000000 0.000000 0.000000 0.000000 0.000000 0.000000 0.000000 0.000000 0.000965 0.000000 0.000000 0.495241 0.495758
 0.000000 0.000000 0.082586 0.000001 0.000000 0.000000 0.000000 0.000000 0.466350 0.000000 0.000000 0.000000 0.000000 0.000000 0.000000 0.451063 0.000000 0.000000 0.000000 0.000000
 0.000000 0.000000 0.000000 0.000000 0.000000 0.000000 0.000000 0.000000 0.000000 0.000000 0.000000 0.499941 0.000000 0.000000 0.500057 0.000001 0.000000 0.000000 0.000000 0.000000
 0.000000 0.010512 0.000000 0.000000 0.000000 0.000000 0.000000 0.000000 0.000000 0.000000 0.000000 0.000000 0.000000 0.131985 0.000000 0.000000 0.433156 0.000000 0.424248 0.000100
 0.499917 0.000000 0.000000 0.000000 0.000000 0.499985 0.000000 0.000000 0.000000 0.000000 0.000090 0.000000 0.000000 0.000000 0.000000 0.000008 0.000000 0.000000 0.000000 0.000000
 0.000000 0.000000 0.500002 0.000000 0.000000 0.000000 0.000000 0.000000 0.000000 0.000000 0.000000 0.000000 0.000000 0.000000 0.499998 0.000000 0.000000 0.000000 0.000000 0.000000
 0.275277 0.000003 0.000000 0.000005 0.000000 0.000000 0.000000 0.000000 0.000054 0.000000 0.000000 0.000000 0.288187 0.000000 0.000000 0.134654 0.000000 0.301820 0.000000 0.000000
 0.000000 0.000000 0.000000 0.108458 0.000000 0.000000 0.443597 0.000000 0.000000 0.000000 0.000000 0.000000 0.000000 0.000000 0.000000 0.005465 0.442481 0.000000 0.000000 0.000000
 0.000000 0.053621 0.000000 0.000000 0.000000 0.000000 0.000000 0.000000 0.000000 0.000000 0.322908 0.000000 0.000000 0.338600 0.000000 0.000000 0.000000 0.284871 0.000000 0.000000
 0.000000 0.432445 0.000000 0.000000 0.000000 0.000000 0.000000 0.131737 0.000000 0.000000 0.000000 0.000000 0.433742 0.000000 0.000000 0.000000 0.000000 0.002076 0.000000 0.000000
 0.000000 0.000000 0.000000 0.000000 0.000000 0.000000 0.500004 0.000000 0.000000 0.499996 0.000000 0.000000 0.000000 0.000000 0.000000 0.000000 0.000000 0.000000 0.000000 0.000000
 0.000000 0.061309 0.015641 0.380311 0.000740 0.367844 0.000001 0.000000 0.000006 0.000000 0.169462 0.004684 0.000000 0.000000 0.000000 0.000000 0.000000 0.000000 0.000000 0.000000
 0.000000 0.000000 0.000000 0.000000 0.000000 0.000000 0.000000 0.409566 0.000000 0.000000 0.000000 0.409762 0.000000 0.000000 0.000000 0.000000 0.000000 0.000000 0.180672 0.000000
 0.332109 0.000000 0.000000 0.000000 0.000000 0.000000 0.000000 0.000000 0.000000 0.000000 0.361579 0.000000 0.304579 0.001733 0.000000 0.000000 0.000000 0.000000 0.000000 0.000000
 0.000000 0.000392 0.000000 0.000000 0.408250 0.000000 0.000000 0.398982 0.000000 0.000000 0.000000 0.000000 0.000000 0.000000 0.000000 0.000000 0.179698 0.000000 0.000000 0.012678
 0.000000 0.492307 0.000000 0.000000 0.492308 0.000000 0.000000 0.000113 0.000000 0.000000 0.000000 0.000000 0.000000 0.000000 0.000000 0.000000 0.000000 0.000000 0.015272 0.000000
the mean of prob-rank is 1.5263157894736843
the number of false negetive edges is 0
the number of probability greater than 0 is 4.45/edge
