20
 0.000000 0.000000 0.000000 0.000000 0.347327 0.282655 0.000000 0.000000 0.000000 0.000000 0.000000 0.000000 0.000000 0.000000 0.370018 0.000000 0.000000 0.000000 0.000000 0.000000
 0.000000 0.000000 0.000000 0.000000 0.000000 0.016437 0.000000 0.000000 0.000000 0.000000 0.000000 0.000000 0.000000 0.000000 0.000000 0.491795 0.000000 0.000000 0.000000 0.491768
 0.000000 0.000000 0.000000 0.000000 0.000000 0.000000 0.000000 0.000000 0.000000 0.000000 0.500000 0.000000 0.500000 0.000000 0.000000 0.000000 0.000000 0.000000 0.000000 0.000000
 0.000000 0.000000 0.000000 0.000000 0.000000 0.000000 0.001354 0.000000 0.000000 0.000000 0.000000 0.000011 0.000000 0.499239 0.000000 0.000000 0.499397 0.000000 0.000000 0.000000
 0.343035 0.000000 0.000000 0.000000 0.000000 0.000005 0.000000 0.365437 0.000000 0.000000 0.000000 0.291524 0.000000 0.000000 0.000000 0.000000 0.000000 0.000000 0.000000 0.000000
 0.278485 0.012184 0.000000 0.000000 0.000005 0.000000 0.000000 0.000000 0.000000 0.344817 0.000000 0.364506 0.000000 0.000000 0.000000 0.000003 0.000000 0.000000 0.000000 0.000000
 0.000000 0.000000 0.000000 0.001334 0.000000 0.000000 0.000000 0.000000 0.000000 0.000000 0.000000 0.014964 0.000000 0.491800 0.000000 0.000000 0.000000 0.000000 0.491902 0.000000
 0.000000 0.000000 0.000000 0.000000 0.499994 0.000000 0.000000 0.000000 0.000000 0.000000 0.000000 0.000000 0.500006 0.000000 0.000000 0.000000 0.000000 0.000000 0.000000 0.000000
 0.000000 0.000000 0.000000 0.000000 0.000000 0.000000 0.000000 0.000000 0.000000 0.499999 0.000000 0.000000 0.000000 0.000000 0.000000 0.000000 0.000000 0.499998 0.000000 0.000003
 0.000000 0.000000 0.000000 0.000000 0.000000 0.347713 0.000000 0.000000 0.367622 0.000000 0.000000 0.000000 0.000000 0.000003 0.000000 0.000000 0.000000 0.000000 0.284662 0.000000
 0.000000 0.000000 0.500000 0.000000 0.000000 0.000000 0.000000 0.000000 0.000000 0.000000 0.000000 0.000000 0.000000 0.000000 0.000000 0.000000 0.500000 0.000000 0.000000 0.000000
 0.000000 0.000000 0.000000 0.000008 0.287317 0.360119 0.010953 0.000000 0.000000 0.000000 0.000000 0.000000 0.000000 0.000000 0.000000 0.000000 0.000000 0.000000 0.341602 0.000000
 0.000000 0.000000 0.500000 0.000000 0.000000 0.000000 0.000000 0.500000 0.000000 0.000000 0.000000 0.000000 0.000000 0.000000 0.000000 0.000000 0.000000 0.000000 0.000000 0.000000
 0.000000 0.000000 0.000000 0.479375 0.000000 0.000000 0.479272 0.000000 0.000000 0.000004 0.000000 0.000000 0.000000 0.000000 0.000000 0.000000 0.000000 0.000000 0.041349 0.000000
 0.500001 0.000000 0.000000 0.000000 0.000000 0.000000 0.000000 0.000000 0.000000 0.000000 0.000000 0.000000 0.000000 0.000000 0.000000 0.499999 0.000000 0.000000 0.000000 0.000000
 0.000000 0.499994 0.000000 0.000000 0.000000 0.000004 0.000000 0.000000 0.000000 0.000000 0.000000 0.000000 0.000000 0.000000 0.500002 0.000000 0.000000 0.000000 0.000000 0.000000
 0.000000 0.000000 0.000000 0.500000 0.000000 0.000000 0.000000 0.000000 0.000000 0.000000 0.500000 0.000000 0.000000 0.000000 0.000000 0.000000 0.000000 0.000000 0.000000 0.000000
 0.000000 0.000000 0.000000 0.000000 0.000000 0.000000 0.000000 0.000000 0.500000 0.000000 0.000000 0.000000 0.000000 0.000000 0.000000 0.000000 0.000000 0.000000 0.000000 0.500000
 0.000000 0.000000 0.000000 0.000000 0.000000 0.000000 0.355924 0.000000 0.000000 0.275693 0.000000 0.337682 0.000000 0.030701 0.000000 0.000000 0.000000 0.000000 0.000000 0.000000
 0.000000 0.499980 0.000000 0.000000 0.000000 0.000000 0.000000 0.000000 0.000003 0.000000 0.000000 0.000000 0.000000 0.000000 0.000000 0.000000 0.000000 0.500017 0.000000 0.000000
the mean of prob-rank is 1.631578947368421
the number of false negetive edges is 0
the number of probability greater than 0 is 3.2/edge
