20
 0.000000 0.002272 0.000000 0.000000 0.000000 0.000000 0.000000 0.033224 0.257350 0.000000 0.000000 0.000000 0.366119 0.000000 0.000000 0.341035 0.000000 0.000001 0.000000 0.000000
 0.002027 0.000000 0.000000 0.000000 0.000003 0.000000 0.000000 0.000000 0.028045 0.000000 0.000000 0.049933 0.316875 0.000000 0.000000 0.278085 0.000000 0.325032 0.000000 0.000000
 0.000000 0.000000 0.000000 0.000000 0.014653 0.000000 0.000000 0.000000 0.492748 0.000000 0.000000 0.000000 0.000000 0.000000 0.000000 0.000000 0.000000 0.000001 0.492597 0.000000
 0.000000 0.000000 0.000000 0.000000 0.000000 0.000000 0.000000 0.000000 0.000000 0.000000 0.000000 0.000000 0.000000 0.500000 0.500000 0.000000 0.000000 0.000000 0.000000 0.000000
 0.000000 0.000004 0.011857 0.000000 0.000000 0.068324 0.000000 0.395097 0.000000 0.000000 0.000000 0.398792 0.000000 0.000000 0.000000 0.000000 0.000000 0.125926 0.000000 0.000000
 0.000000 0.000000 0.000000 0.000000 0.078926 0.000000 0.000000 0.460397 0.000000 0.000000 0.000000 0.000000 0.000000 0.000000 0.000000 0.000000 0.000000 0.000000 0.000000 0.460677
 0.000000 0.000000 0.000000 0.000000 0.000000 0.000000 0.000000 0.000000 0.000000 0.000000 0.499998 0.000000 0.000000 0.000000 0.500002 0.000000 0.000000 0.000000 0.000000 0.000000
 0.029476 0.000000 0.000000 0.000000 0.321841 0.324654 0.000000 0.000000 0.000000 0.000000 0.000000 0.259433 0.000000 0.000000 0.000000 0.064597 0.000000 0.000000 0.000000 0.000000
 0.237017 0.028951 0.337162 0.000000 0.000000 0.000000 0.000000 0.000000 0.000000 0.000000 0.000000 0.000000 0.044999 0.000000 0.000000 0.000000 0.000000 0.330978 0.020893 0.000000
 0.000000 0.000000 0.000000 0.000000 0.000000 0.000000 0.000000 0.000000 0.000000 0.000000 0.000000 0.000000 0.000000 0.499998 0.000000 0.000000 0.000000 0.000000 0.000000 0.500002
 0.000000 0.000000 0.000000 0.000000 0.000000 0.000000 0.499998 0.000000 0.000000 0.000000 0.000000 0.000000 0.000000 0.000000 0.000000 0.000000 0.500002 0.000000 0.000000 0.000000
 0.000000 0.041949 0.000000 0.000000 0.274443 0.000000 0.000000 0.219175 0.000000 0.000000 0.000000 0.000000 0.000000 0.000000 0.000000 0.259208 0.000000 0.205225 0.000000 0.000000
 0.330426 0.320544 0.000000 0.000000 0.000000 0.000000 0.000000 0.000000 0.044096 0.000000 0.000000 0.000000 0.000000 0.000000 0.000000 0.273021 0.000000 0.031913 0.000000 0.000000
 0.000000 0.000000 0.000000 0.500002 0.000000 0.000000 0.000000 0.000000 0.000000 0.499998 0.000000 0.000000 0.000000 0.000000 0.000000 0.000000 0.000000 0.000000 0.000000 0.000000
 0.000000 0.000000 0.000000 0.500000 0.000000 0.000000 0.500000 0.000000 0.000000 0.000000 0.000000 0.000000 0.000000 0.000000 0.000000 0.000000 0.000000 0.000000 0.000000 0.000000
 0.248228 0.226870 0.000000 0.000000 0.000000 0.000000 0.000000 0.052996 0.000000 0.000000 0.000000 0.251717 0.220189 0.000000 0.000000 0.000000 0.000000 0.000000 0.000000 0.000000
 0.000000 0.000000 0.000000 0.000000 0.000000 0.000000 0.000000 0.000000 0.000000 0.000000 0.500000 0.000000 0.000000 0.000000 0.000000 0.000000 0.000000 0.000000 0.500000 0.000000
 0.000001 0.317215 0.000001 0.000000 0.100673 0.000000 0.000000 0.000000 0.312912 0.000000 0.000000 0.238409 0.030789 0.000000 0.000000 0.000000 0.000000 0.000000 0.000000 0.000000
 0.000000 0.000000 0.484852 0.000000 0.000000 0.000000 0.000000 0.000000 0.030055 0.000000 0.000000 0.000000 0.000000 0.000000 0.000000 0.000000 0.485093 0.000000 0.000000 0.000000
 0.000000 0.000000 0.000000 0.000000 0.000000 0.500000 0.000000 0.000000 0.000000 0.500000 0.000000 0.000000 0.000000 0.000000 0.000000 0.000000 0.000000 0.000000 0.000000 0.000000
the mean of prob-rank is 1.5789473684210527
the number of false negetive edges is 0
the number of probability greater than 0 is 3.7/edge
