20
 0.000000 0.000000 0.000000 0.000000 0.499997 0.000000 0.000000 0.499997 0.000000 0.000000 0.000000 0.000000 0.000000 0.000000 0.000000 0.000000 0.000000 0.000006 0.000000 0.000000
 0.000000 0.000000 0.000000 0.000000 0.000000 0.000000 0.000000 0.000000 0.475070 0.000000 0.454538 0.000000 0.000000 0.000000 0.000000 0.000000 0.000000 0.003612 0.000000 0.066780
 0.000000 0.000000 0.000000 0.000000 0.000000 0.000000 0.000000 0.000000 0.000000 0.498793 0.000000 0.000000 0.000000 0.000000 0.498825 0.000775 0.000000 0.001607 0.000000 0.000000
 0.000000 0.000000 0.000000 0.000000 0.000000 0.000000 0.000000 0.000000 0.000000 0.000000 0.000000 0.000000 0.000000 0.000000 0.313548 0.000000 0.000000 0.341740 0.000000 0.344713
 0.500002 0.000000 0.000000 0.000000 0.000000 0.000000 0.000000 0.000000 0.000000 0.000000 0.000000 0.000000 0.000000 0.000000 0.000000 0.499998 0.000000 0.000000 0.000000 0.000000
 0.000000 0.000000 0.000000 0.000000 0.000000 0.000000 0.000000 0.000000 0.000000 0.000000 0.000000 0.000000 0.499998 0.500002 0.000000 0.000000 0.000000 0.000000 0.000000 0.000000
 0.000000 0.000000 0.000000 0.000000 0.000000 0.000000 0.000000 0.000000 0.000000 0.000000 0.000000 0.000000 0.000000 0.499999 0.000000 0.000000 0.000000 0.000000 0.500001 0.000000
 0.500000 0.000000 0.000000 0.000000 0.000000 0.000000 0.000000 0.000000 0.000000 0.000000 0.000000 0.000000 0.000000 0.000000 0.000000 0.000000 0.000000 0.000000 0.500000 0.000000
 0.000000 0.366728 0.000000 0.000000 0.000000 0.000000 0.000000 0.000000 0.000000 0.000000 0.315337 0.005081 0.000010 0.000000 0.000000 0.000000 0.312843 0.000000 0.000000 0.000000
 0.000000 0.000000 0.499982 0.000000 0.000000 0.000000 0.000000 0.000000 0.000000 0.000000 0.000000 0.000000 0.000000 0.000000 0.000000 0.500018 0.000000 0.000000 0.000000 0.000000
 0.000000 0.283641 0.000000 0.000000 0.000000 0.000000 0.000000 0.000000 0.254910 0.000000 0.000000 0.251353 0.000000 0.000000 0.000000 0.000000 0.000000 0.210096 0.000000 0.000000
 0.000000 0.000000 0.000000 0.000000 0.000000 0.000000 0.000000 0.000000 0.004950 0.000000 0.302929 0.000000 0.334837 0.000000 0.000000 0.000000 0.357284 0.000000 0.000000 0.000000
 0.000000 0.000000 0.000000 0.000000 0.000000 0.341482 0.000000 0.000000 0.000010 0.000000 0.000000 0.320031 0.000000 0.000000 0.000000 0.000000 0.338477 0.000000 0.000000 0.000000
 0.000000 0.000000 0.000000 0.000000 0.000000 0.500001 0.499999 0.000000 0.000000 0.000000 0.000000 0.000000 0.000000 0.000000 0.000000 0.000000 0.000000 0.000000 0.000000 0.000000
 0.000000 0.000000 0.347760 0.316321 0.000000 0.000000 0.000000 0.000000 0.000000 0.000000 0.000000 0.000000 0.000000 0.000000 0.000000 0.000000 0.000000 0.013519 0.000000 0.322400
 0.000000 0.000000 0.000776 0.000000 0.499610 0.000000 0.000000 0.000000 0.000000 0.499614 0.000000 0.000000 0.000000 0.000000 0.000000 0.000000 0.000000 0.000000 0.000000 0.000000
 0.000000 0.000000 0.000000 0.000000 0.000000 0.000000 0.000000 0.000000 0.299925 0.000000 0.000000 0.351585 0.348489 0.000000 0.000000 0.000000 0.000000 0.000000 0.000000 0.000000
 0.000004 0.002804 0.001188 0.365597 0.000000 0.000000 0.000000 0.000000 0.000000 0.000000 0.261353 0.000000 0.000000 0.000000 0.014336 0.000000 0.000000 0.000000 0.000000 0.354718
 0.000000 0.000000 0.000000 0.000000 0.000000 0.000000 0.500000 0.500000 0.000000 0.000000 0.000000 0.000000 0.000000 0.000000 0.000000 0.000000 0.000000 0.000000 0.000000 0.000000
 0.000000 0.046400 0.000000 0.330086 0.000000 0.000000 0.000000 0.000000 0.000000 0.000000 0.000000 0.000000 0.000000 0.000000 0.306014 0.000000 0.000000 0.317501 0.000000 0.000000
the mean of prob-rank is 1.631578947368421
the number of false negetive edges is 0
the number of probability greater than 0 is 3.3/edge
