20
 0.000000 0.000000 0.000000 0.000000 0.464063 0.000000 0.463850 0.000000 0.000000 0.000000 0.000000 0.000000 0.000000 0.000000 0.000000 0.000000 0.072087 0.000000 0.000000 0.000000
 0.000000 0.000000 0.000000 0.000000 0.000000 0.000000 0.000000 0.000000 0.000000 0.307441 0.000000 0.000000 0.000000 0.000000 0.359079 0.332944 0.000000 0.000000 0.000000 0.000537
 0.000000 0.000000 0.000000 0.000000 0.000000 0.179069 0.408841 0.000000 0.000000 0.000000 0.000000 0.002193 0.000000 0.000000 0.000000 0.000000 0.409897 0.000000 0.000000 0.000000
 0.000000 0.000000 0.000000 0.000000 0.000005 0.000000 0.000000 0.000000 0.000000 0.000000 0.498582 0.000000 0.000000 0.498266 0.003147 0.000000 0.000000 0.000000 0.000000 0.000000
 0.480363 0.000000 0.000000 0.000005 0.000000 0.000000 0.039686 0.000000 0.000000 0.000000 0.478198 0.000000 0.000000 0.000000 0.000000 0.000000 0.001748 0.000000 0.000000 0.000000
 0.000000 0.000000 0.161628 0.000000 0.000000 0.000000 0.000000 0.000000 0.000000 0.344208 0.000000 0.369973 0.000000 0.045674 0.000000 0.000000 0.000000 0.000000 0.000000 0.078517
 0.413613 0.000000 0.412736 0.000000 0.034187 0.000000 0.000000 0.000000 0.000000 0.000000 0.045309 0.000000 0.000000 0.000000 0.000000 0.000000 0.094155 0.000000 0.000000 0.000000
 0.000000 0.000000 0.000000 0.000000 0.000000 0.000000 0.000000 0.000000 0.000000 0.000000 0.000000 0.000000 0.000000 0.000000 0.000000 0.000000 0.000000 0.500000 0.500000 0.000000
 0.000000 0.000000 0.000000 0.000000 0.000000 0.000000 0.000000 0.000000 0.000000 0.000000 0.000000 0.000000 0.357410 0.000000 0.000000 0.000000 0.349908 0.292682 0.000000 0.000000
 0.000000 0.302728 0.000000 0.000000 0.000000 0.329341 0.000000 0.000000 0.000000 0.000000 0.000000 0.000000 0.000000 0.010055 0.001319 0.002562 0.000000 0.000000 0.000000 0.353995
 0.000000 0.000000 0.000000 0.475062 0.472921 0.000000 0.052017 0.000000 0.000000 0.000000 0.000000 0.000000 0.000000 0.000000 0.000000 0.000000 0.000000 0.000000 0.000000 0.000000
 0.000000 0.000000 0.002668 0.000000 0.000000 0.498666 0.000000 0.000000 0.000000 0.000000 0.000000 0.000000 0.498666 0.000000 0.000000 0.000000 0.000000 0.000000 0.000000 0.000000
 0.000000 0.000000 0.000000 0.000000 0.000000 0.000000 0.000000 0.000000 0.499656 0.000000 0.000000 0.499656 0.000000 0.000000 0.000000 0.000000 0.000687 0.000000 0.000000 0.000000
 0.000000 0.000000 0.000000 0.464559 0.000000 0.057387 0.000000 0.000000 0.000000 0.013204 0.000000 0.000000 0.000000 0.000000 0.464849 0.000000 0.000000 0.000000 0.000000 0.000000
 0.000000 0.497209 0.000000 0.003142 0.000000 0.000000 0.000000 0.000000 0.000000 0.001854 0.000000 0.000000 0.000000 0.497795 0.000000 0.000000 0.000000 0.000000 0.000000 0.000000
 0.000000 0.322856 0.000000 0.000000 0.000000 0.000000 0.000000 0.000000 0.000000 0.002523 0.000000 0.000000 0.000000 0.000000 0.000000 0.000000 0.000000 0.000000 0.348612 0.326009
 0.065629 0.000000 0.422494 0.000000 0.001538 0.000000 0.096133 0.000000 0.413625 0.000000 0.000000 0.000000 0.000581 0.000000 0.000000 0.000000 0.000000 0.000000 0.000000 0.000000
 0.000000 0.000000 0.000000 0.000000 0.000000 0.000000 0.000000 0.371267 0.304029 0.000000 0.000000 0.000000 0.000000 0.000000 0.000000 0.000000 0.000000 0.000000 0.000000 0.324704
 0.000000 0.000000 0.000000 0.000000 0.000000 0.000000 0.000000 0.500001 0.000000 0.000000 0.000000 0.000000 0.000000 0.000000 0.000000 0.499999 0.000000 0.000000 0.000000 0.000000
 0.000000 0.000494 0.000000 0.000000 0.000000 0.070192 0.000000 0.000000 0.000000 0.330747 0.000000 0.000000 0.000000 0.000000 0.000000 0.309301 0.000000 0.289266 0.000000 0.000000
the mean of prob-rank is 1.5263157894736843
the number of false negetive edges is 0
the number of probability greater than 0 is 3.9/edge
