20
 0.000000 0.000000 0.000000 0.000000 0.000000 0.000000 0.230081 0.208056 0.000000 0.292964 0.000000 0.000000 0.000000 0.000000 0.000003 0.000000 0.000000 0.268897 0.000000 0.000000
 0.000000 0.000000 0.499999 0.000000 0.000000 0.000000 0.000000 0.000000 0.000000 0.500001 0.000000 0.000000 0.000000 0.000000 0.000000 0.000000 0.000000 0.000000 0.000000 0.000000
 0.000000 0.499994 0.000000 0.000000 0.000000 0.000000 0.000000 0.000010 0.000000 0.000000 0.000000 0.000000 0.000000 0.000000 0.000000 0.000000 0.000000 0.000000 0.499995 0.000000
 0.000000 0.000000 0.000000 0.000000 0.000000 0.316472 0.000000 0.013095 0.000000 0.000000 0.000001 0.000000 0.339618 0.001675 0.000000 0.000000 0.000000 0.000000 0.000000 0.329138
 0.000000 0.000000 0.000000 0.000000 0.000000 0.302071 0.000000 0.169249 0.000000 0.000000 0.000000 0.000000 0.000000 0.000000 0.000000 0.000000 0.216816 0.000000 0.311865 0.000000
 0.000000 0.000000 0.000000 0.310066 0.322620 0.000000 0.000000 0.332697 0.000000 0.000000 0.000088 0.000000 0.034528 0.000000 0.000000 0.000000 0.000000 0.000000 0.000000 0.000000
 0.217325 0.000000 0.000000 0.000000 0.000000 0.000000 0.000000 0.002516 0.000000 0.000000 0.224604 0.001087 0.000001 0.000000 0.252919 0.038507 0.000000 0.263040 0.000000 0.000000
 0.217411 0.000000 0.000006 0.011793 0.166148 0.305799 0.002783 0.000000 0.000000 0.001540 0.274863 0.000000 0.019653 0.000000 0.000000 0.000000 0.000000 0.000002 0.000000 0.000000
 0.000000 0.000000 0.000000 0.000000 0.000000 0.000000 0.000000 0.000000 0.000000 0.000000 0.000000 0.000000 0.000000 0.432270 0.000000 0.000000 0.438558 0.000000 0.000000 0.129172
 0.498734 0.498757 0.000000 0.000000 0.000000 0.000000 0.000000 0.002508 0.000000 0.000000 0.000000 0.000000 0.000000 0.000000 0.000000 0.000000 0.000000 0.000000 0.000000 0.000000
 0.000000 0.000000 0.000000 0.000001 0.000000 0.000074 0.226124 0.250134 0.000000 0.000000 0.000000 0.225669 0.265497 0.032501 0.000000 0.000000 0.000000 0.000000 0.000000 0.000000
 0.000000 0.000000 0.000000 0.000000 0.000000 0.000000 0.001419 0.000000 0.000000 0.000000 0.292535 0.000000 0.000128 0.344824 0.000000 0.361094 0.000000 0.000000 0.000000 0.000000
 0.000000 0.000000 0.000000 0.365953 0.000000 0.037974 0.000001 0.023516 0.000000 0.000000 0.349086 0.000129 0.000000 0.174254 0.000000 0.000000 0.000000 0.000000 0.000000 0.049086
 0.000000 0.000000 0.000000 0.001475 0.000000 0.000000 0.000000 0.000000 0.295041 0.000000 0.034919 0.285793 0.142388 0.000000 0.000000 0.000635 0.000000 0.000000 0.000000 0.239749
 0.000003 0.000000 0.000000 0.000000 0.000000 0.000000 0.325458 0.000000 0.000000 0.000000 0.000000 0.000000 0.000000 0.000000 0.000000 0.327100 0.000000 0.347438 0.000000 0.000000
 0.000000 0.000000 0.000000 0.000000 0.000000 0.000000 0.056262 0.000000 0.000000 0.000000 0.000000 0.404260 0.000000 0.000857 0.371402 0.000000 0.000000 0.167218 0.000000 0.000000
 0.000000 0.000000 0.000000 0.000000 0.261309 0.000000 0.000000 0.000000 0.375863 0.000000 0.000000 0.000000 0.000000 0.000000 0.000000 0.000000 0.000000 0.000000 0.000000 0.362828
 0.281748 0.000000 0.000000 0.000000 0.000000 0.000000 0.291787 0.000002 0.000000 0.000000 0.000000 0.000000 0.000000 0.000000 0.299508 0.126956 0.000000 0.000000 0.000000 0.000000
 0.000000 0.000000 0.500000 0.000000 0.500000 0.000000 0.000000 0.000000 0.000000 0.000000 0.000000 0.000000 0.000000 0.000000 0.000000 0.000000 0.000000 0.000000 0.000000 0.000000
 0.000000 0.000000 0.000000 0.306093 0.000000 0.000000 0.000000 0.000000 0.093121 0.000000 0.000000 0.000000 0.042364 0.253226 0.000000 0.000000 0.305195 0.000000 0.000000 0.000000
the mean of prob-rank is 2.0
the number of false negetive edges is 0
the number of probability greater than 0 is 5.0/edge
