20
 0.000000 0.217336 0.000000 0.000000 0.000000 0.000000 0.000000 0.000000 0.036848 0.000000 0.000000 0.000000 0.000000 0.377828 0.366005 0.000000 0.000000 0.000000 0.000000 0.001983
 0.188552 0.000000 0.000000 0.000010 0.000000 0.000000 0.000000 0.000000 0.000000 0.000000 0.186625 0.000000 0.327789 0.000000 0.000000 0.000000 0.000000 0.000000 0.000000 0.297024
 0.000000 0.000000 0.000000 0.000000 0.000000 0.014895 0.259294 0.002229 0.000000 0.301798 0.000000 0.001727 0.000000 0.000000 0.100362 0.000000 0.007833 0.000000 0.000000 0.311862
 0.000000 0.000011 0.000000 0.000000 0.000000 0.000000 0.000000 0.000000 0.000000 0.000000 0.037634 0.362429 0.360504 0.000000 0.000000 0.239422 0.000000 0.000000 0.000000 0.000000
 0.000000 0.000000 0.000000 0.000000 0.000000 0.000000 0.000000 0.000000 0.000000 0.000000 0.000000 0.000000 0.000000 0.000000 0.000000 0.000000 0.000000 0.500000 0.500000 0.000000
 0.000000 0.000000 0.023098 0.000000 0.000000 0.000000 0.000000 0.483614 0.482830 0.000000 0.000000 0.000000 0.000000 0.000000 0.010458 0.000000 0.000000 0.000000 0.000000 0.000000
 0.000000 0.000000 0.296277 0.000000 0.000000 0.000000 0.000000 0.000003 0.000000 0.356245 0.000000 0.000001 0.000000 0.000000 0.000000 0.000000 0.347474 0.000000 0.000000 0.000000
 0.000000 0.000000 0.003555 0.000000 0.000000 0.497557 0.000005 0.000000 0.000000 0.001323 0.000000 0.000000 0.000000 0.000000 0.000000 0.000000 0.497560 0.000000 0.000000 0.000000
 0.046529 0.000000 0.000001 0.000000 0.000000 0.476315 0.000000 0.000000 0.000000 0.000000 0.000000 0.000000 0.000000 0.000000 0.477095 0.000000 0.000000 0.000000 0.000000 0.000060
 0.000000 0.000000 0.346596 0.000000 0.000000 0.000000 0.358055 0.000952 0.000000 0.000000 0.000000 0.000009 0.000000 0.000000 0.000000 0.000000 0.166343 0.000039 0.128006 0.000000
 0.000000 0.214030 0.000000 0.038936 0.000000 0.000000 0.000000 0.000000 0.000000 0.000000 0.000000 0.000000 0.000205 0.375923 0.000000 0.370906 0.000000 0.000000 0.000000 0.000000
 0.000000 0.000000 0.002469 0.444928 0.000000 0.000000 0.000001 0.000000 0.000000 0.000011 0.000000 0.000000 0.032995 0.000000 0.000000 0.000007 0.000000 0.000000 0.443940 0.075650
 0.000000 0.397987 0.000000 0.394869 0.000000 0.000000 0.000000 0.000000 0.000000 0.000000 0.000217 0.029439 0.000000 0.000000 0.000000 0.000000 0.000000 0.000000 0.000000 0.177487
 0.500000 0.000000 0.000000 0.000000 0.000000 0.000000 0.000000 0.000000 0.000000 0.000000 0.500000 0.000000 0.000000 0.000000 0.000000 0.000000 0.000000 0.000000 0.000000 0.000000
 0.331716 0.000000 0.110199 0.000000 0.000000 0.007405 0.000000 0.000000 0.342431 0.000000 0.000000 0.000000 0.000000 0.000000 0.000000 0.000000 0.000000 0.000000 0.000000 0.208249
 0.000000 0.000000 0.000000 0.249068 0.000000 0.000000 0.000000 0.000000 0.000000 0.000000 0.372945 0.000006 0.000000 0.000000 0.000000 0.000000 0.000000 0.377982 0.000000 0.000000
 0.000000 0.000000 0.010191 0.000000 0.000000 0.000000 0.395637 0.405731 0.000000 0.188442 0.000000 0.000000 0.000000 0.000000 0.000000 0.000000 0.000000 0.000000 0.000000 0.000000
 0.000000 0.000000 0.000000 0.000000 0.499943 0.000000 0.000000 0.000000 0.000000 0.000055 0.000000 0.000000 0.000000 0.000000 0.000000 0.499933 0.000000 0.000000 0.000070 0.000000
 0.000000 0.000000 0.000000 0.000000 0.425027 0.000000 0.000000 0.000000 0.000000 0.151907 0.000000 0.423007 0.000000 0.000000 0.000000 0.000000 0.000000 0.000059 0.000000 0.000000
 0.001674 0.289020 0.318956 0.000000 0.000000 0.000000 0.000000 0.000000 0.000040 0.000000 0.000000 0.054094 0.142243 0.000000 0.193973 0.000000 0.000000 0.000000 0.000000 0.000000
the mean of prob-rank is 1.4210526315789473
the number of false negetive edges is 0
the number of probability greater than 0 is 4.8/edge
