20
 0.000000 0.498125 0.000000 0.000000 0.000000 0.000000 0.000000 0.498115 0.000000 0.000000 0.000000 0.000000 0.000000 0.003760 0.000000 0.000000 0.000000 0.000000 0.000000 0.000000
 0.500001 0.000000 0.000000 0.499997 0.000000 0.000000 0.000000 0.000002 0.000000 0.000000 0.000000 0.000000 0.000000 0.000000 0.000000 0.000000 0.000000 0.000000 0.000000 0.000000
 0.000000 0.000000 0.000000 0.000000 0.064496 0.435363 0.000000 0.432411 0.000000 0.000000 0.052858 0.000000 0.014816 0.000000 0.000001 0.000000 0.000000 0.000055 0.000000 0.000000
 0.000000 0.499998 0.000000 0.000000 0.000000 0.000000 0.000000 0.000000 0.000000 0.000000 0.000000 0.000000 0.000000 0.000000 0.500002 0.000000 0.000000 0.000000 0.000000 0.000000
 0.000000 0.000000 0.061220 0.000000 0.000000 0.409631 0.000000 0.075263 0.000000 0.000000 0.000000 0.000000 0.000000 0.413239 0.000000 0.000000 0.000000 0.040648 0.000000 0.000000
 0.000000 0.000000 0.357045 0.000000 0.353920 0.000000 0.000000 0.000017 0.007552 0.019292 0.004387 0.000000 0.000000 0.000000 0.000000 0.000000 0.000000 0.257787 0.000000 0.000000
 0.000000 0.000000 0.000000 0.000000 0.000000 0.000000 0.000000 0.000000 0.000000 0.000000 0.000000 0.000000 0.000000 0.000000 0.000000 0.000009 0.000000 0.000000 0.499995 0.499996
 0.451907 0.000002 0.448852 0.000000 0.082305 0.000022 0.000000 0.000000 0.000000 0.000000 0.000000 0.000000 0.000000 0.016913 0.000000 0.000000 0.000000 0.000000 0.000000 0.000000
 0.000000 0.000000 0.000000 0.000000 0.000000 0.010467 0.000000 0.000000 0.000000 0.494666 0.000000 0.000000 0.000000 0.000000 0.000000 0.000000 0.494868 0.000000 0.000000 0.000000
 0.000000 0.000000 0.000000 0.000000 0.000000 0.020472 0.000000 0.000000 0.378736 0.000000 0.000000 0.000000 0.000000 0.228414 0.000000 0.000000 0.000000 0.372378 0.000000 0.000000
 0.000000 0.000000 0.056920 0.000000 0.000000 0.005760 0.000000 0.000000 0.000000 0.000000 0.000000 0.000000 0.468497 0.000000 0.000000 0.468823 0.000000 0.000000 0.000000 0.000000
 0.000000 0.000000 0.000000 0.000000 0.000000 0.000000 0.000000 0.000000 0.000000 0.000000 0.000000 0.000000 0.000000 0.000000 0.000000 0.000000 0.500000 0.000000 0.500000 0.000000
 0.000000 0.000000 0.016734 0.000000 0.000000 0.000000 0.000000 0.000000 0.000000 0.000000 0.491397 0.000000 0.000000 0.000000 0.491740 0.000000 0.000000 0.000000 0.000000 0.000129
 0.002851 0.000000 0.000000 0.000000 0.377714 0.000000 0.000000 0.014136 0.000000 0.227711 0.000000 0.000000 0.000000 0.000000 0.000000 0.000000 0.000000 0.377588 0.000000 0.000000
 0.000000 0.000000 0.000001 0.499999 0.000000 0.000000 0.000000 0.000000 0.000000 0.000000 0.000000 0.000000 0.499999 0.000000 0.000000 0.000000 0.000000 0.000000 0.000000 0.000000
 0.000000 0.000000 0.000000 0.000000 0.000000 0.000000 0.000009 0.000000 0.000000 0.000000 0.499996 0.000000 0.000000 0.000000 0.000000 0.000000 0.000000 0.000000 0.000000 0.499994
 0.000000 0.000000 0.000000 0.000000 0.000000 0.000000 0.000000 0.000000 0.500000 0.000000 0.000000 0.500000 0.000000 0.000000 0.000000 0.000000 0.000000 0.000000 0.000000 0.000000
 0.000000 0.000000 0.000045 0.000000 0.035092 0.257587 0.000000 0.000000 0.000000 0.350636 0.000000 0.000000 0.000000 0.356640 0.000000 0.000000 0.000000 0.000000 0.000000 0.000000
 0.000000 0.000000 0.000000 0.000000 0.000000 0.000000 0.500000 0.000000 0.000000 0.000000 0.000000 0.500000 0.000000 0.000000 0.000000 0.000000 0.000000 0.000000 0.000000 0.000000
 0.000000 0.000000 0.000000 0.000000 0.000000 0.000000 0.499936 0.000000 0.000000 0.000000 0.000000 0.000000 0.000131 0.000000 0.000000 0.499933 0.000000 0.000000 0.000000 0.000000
the mean of prob-rank is 1.5263157894736843
the number of false negetive edges is 0
the number of probability greater than 0 is 3.8/edge
