20
 0.000000 0.000000 0.000000 0.000000 0.000000 0.000000 0.302702 0.000000 0.000000 0.000000 0.000000 0.000000 0.349020 0.000000 0.000000 0.000000 0.000000 0.000000 0.000000 0.348278
 0.000000 0.000000 0.000000 0.000000 0.000000 0.000000 0.000000 0.000000 0.000000 0.000000 0.000000 0.000000 0.000000 0.000000 0.500001 0.000000 0.000000 0.000000 0.499999 0.000000
 0.000000 0.000000 0.000000 0.000000 0.000000 0.000000 0.000000 0.000000 0.499999 0.000000 0.000000 0.000000 0.000000 0.000000 0.000000 0.500001 0.000000 0.000000 0.000000 0.000000
 0.000000 0.000000 0.000000 0.000000 0.000000 0.000000 0.000097 0.343874 0.000000 0.329188 0.000000 0.000000 0.000000 0.000000 0.326841 0.000000 0.000000 0.000000 0.000000 0.000000
 0.000000 0.000000 0.000000 0.000000 0.000000 0.000000 0.108659 0.000000 0.000000 0.033061 0.000000 0.387704 0.000000 0.000000 0.091475 0.379101 0.000000 0.000000 0.000000 0.000000
 0.000000 0.000000 0.000000 0.000000 0.000000 0.000000 0.000000 0.000000 0.000000 0.000000 0.500000 0.000000 0.000000 0.000000 0.000000 0.000000 0.500000 0.000000 0.000000 0.000000
 0.218218 0.000000 0.000000 0.000071 0.070878 0.000000 0.000000 0.110133 0.000000 0.250023 0.000000 0.166272 0.184404 0.000000 0.000000 0.000000 0.000000 0.000000 0.000000 0.000000
 0.000000 0.000000 0.000000 0.326593 0.000000 0.000000 0.142283 0.000000 0.000000 0.291678 0.000000 0.000000 0.201748 0.037588 0.000110 0.000000 0.000000 0.000000 0.000000 0.000000
 0.000000 0.000000 0.499999 0.000000 0.000000 0.000000 0.000000 0.000000 0.000000 0.000000 0.500001 0.000000 0.000000 0.000000 0.000000 0.000000 0.000000 0.000000 0.000000 0.000000
 0.000000 0.000000 0.000000 0.293514 0.026156 0.000000 0.303246 0.273829 0.000000 0.000000 0.000000 0.103256 0.000000 0.000000 0.000000 0.000000 0.000000 0.000000 0.000000 0.000000
 0.000000 0.000000 0.000000 0.000000 0.000000 0.500000 0.000000 0.000000 0.500000 0.000000 0.000000 0.000000 0.000000 0.000000 0.000000 0.000000 0.000000 0.000000 0.000000 0.000000
 0.000000 0.000000 0.000000 0.000000 0.287758 0.000000 0.189191 0.000000 0.000000 0.096868 0.000000 0.000000 0.000000 0.000000 0.248048 0.178135 0.000000 0.000000 0.000000 0.000000
 0.296577 0.000000 0.000000 0.000000 0.000000 0.000000 0.217361 0.184070 0.000000 0.000000 0.000000 0.000000 0.000000 0.291801 0.000000 0.000000 0.000000 0.000000 0.000000 0.010190
 0.000000 0.000000 0.000000 0.000000 0.000000 0.000000 0.000000 0.046458 0.000000 0.000000 0.000000 0.000000 0.395302 0.000000 0.000000 0.000000 0.000000 0.403833 0.000000 0.154407
 0.000000 0.328047 0.000000 0.311669 0.077399 0.000000 0.000000 0.000110 0.000000 0.000000 0.000000 0.282775 0.000000 0.000000 0.000000 0.000000 0.000000 0.000000 0.000000 0.000000
 0.000000 0.000000 0.385083 0.000000 0.376535 0.000000 0.000000 0.000000 0.000000 0.000000 0.000000 0.238382 0.000000 0.000000 0.000000 0.000000 0.000000 0.000000 0.000000 0.000000
 0.000000 0.000000 0.000000 0.000000 0.000000 0.500011 0.000000 0.000000 0.000000 0.000000 0.000000 0.000000 0.000000 0.000000 0.000000 0.000000 0.000000 0.000000 0.000000 0.499989
 0.000000 0.000000 0.000000 0.000000 0.000000 0.000000 0.000000 0.000000 0.000000 0.000000 0.000000 0.000000 0.000000 0.500000 0.000000 0.000000 0.000000 0.000000 0.500000 0.000000
 0.000000 0.499999 0.000000 0.000000 0.000000 0.000000 0.000000 0.000000 0.000000 0.000000 0.000000 0.000000 0.000000 0.000000 0.000000 0.000000 0.000000 0.500001 0.000000 0.000000
 0.412066 0.000000 0.000000 0.000000 0.000000 0.000000 0.000000 0.000000 0.000000 0.000000 0.000000 0.000000 0.014189 0.158701 0.000000 0.000000 0.415045 0.000000 0.000000 0.000000
the mean of prob-rank is 1.736842105263158
the number of false negetive edges is 0
the number of probability greater than 0 is 3.6/edge
