20
 0.000000 0.000000 0.000000 0.000010 0.000000 0.000019 0.000000 0.000000 0.020450 0.000000 0.445424 0.000000 0.443103 0.000000 0.000000 0.000000 0.000000 0.000000 0.090994 0.000000
 0.000000 0.000000 0.000000 0.000000 0.000000 0.000000 0.000000 0.000000 0.000000 0.000000 0.000000 0.352014 0.000000 0.000000 0.000000 0.000000 0.000000 0.337253 0.000000 0.310733
 0.000000 0.000000 0.000000 0.000000 0.500000 0.000000 0.500000 0.000000 0.000000 0.000000 0.000000 0.000000 0.000000 0.000000 0.000000 0.000000 0.000000 0.000000 0.000000 0.000000
 0.000011 0.000000 0.000000 0.000000 0.000000 0.499722 0.000000 0.000000 0.000000 0.000000 0.000000 0.000000 0.499647 0.000000 0.000000 0.000000 0.000000 0.000000 0.000619 0.000000
 0.000000 0.000000 0.500000 0.000000 0.000000 0.000000 0.000000 0.000000 0.000000 0.000000 0.000000 0.000000 0.000000 0.000000 0.000000 0.000000 0.500000 0.000000 0.000000 0.000000
 0.000018 0.000000 0.000000 0.412363 0.000000 0.000000 0.000000 0.000000 0.000000 0.000000 0.000000 0.000000 0.011194 0.000000 0.000000 0.000175 0.411397 0.000000 0.164854 0.000000
 0.000000 0.000000 0.484757 0.000000 0.000000 0.000000 0.000000 0.030551 0.000000 0.484692 0.000000 0.000000 0.000000 0.000000 0.000000 0.000000 0.000000 0.000000 0.000000 0.000000
 0.000000 0.000000 0.000000 0.000000 0.000000 0.000000 0.020655 0.000000 0.005529 0.327724 0.000000 0.000000 0.000000 0.000000 0.000000 0.302588 0.000000 0.000000 0.313340 0.030165
 0.015209 0.000000 0.000000 0.000000 0.000000 0.000000 0.000000 0.005589 0.000000 0.000000 0.000000 0.000000 0.000000 0.000000 0.000310 0.328368 0.000000 0.000000 0.321677 0.328848
 0.000000 0.000000 0.000000 0.000000 0.000000 0.000000 0.481582 0.481647 0.000000 0.000000 0.000000 0.001962 0.000000 0.000000 0.000000 0.000000 0.000000 0.000000 0.000000 0.034808
 0.500000 0.000000 0.000000 0.000000 0.000000 0.000000 0.000000 0.000000 0.000000 0.000000 0.000000 0.000000 0.000000 0.000000 0.500000 0.000000 0.000000 0.000000 0.000000 0.000000
 0.000000 0.345644 0.000000 0.000000 0.000000 0.000000 0.000000 0.000000 0.000000 0.001408 0.000000 0.000000 0.000000 0.000000 0.000000 0.000000 0.000000 0.315420 0.000000 0.337528
 0.469725 0.000000 0.000000 0.472116 0.000000 0.012818 0.000000 0.000000 0.000000 0.000000 0.000000 0.000000 0.000000 0.000000 0.000000 0.000000 0.045295 0.000000 0.000047 0.000000
 0.000000 0.000000 0.000000 0.000000 0.000000 0.000000 0.000000 0.000000 0.000000 0.000000 0.000000 0.000000 0.000000 0.000000 0.500000 0.000000 0.000000 0.500000 0.000000 0.000000
 0.000000 0.000000 0.000000 0.000000 0.000000 0.000000 0.000000 0.000000 0.000467 0.000000 0.499767 0.000000 0.000000 0.499766 0.000000 0.000000 0.000000 0.000000 0.000000 0.000000
 0.000000 0.000000 0.000000 0.000000 0.000000 0.000149 0.000000 0.323052 0.346826 0.000000 0.000000 0.000000 0.000000 0.000000 0.000000 0.000000 0.000000 0.000000 0.325097 0.004877
 0.000000 0.000000 0.000000 0.000000 0.477650 0.476531 0.000000 0.000000 0.000000 0.000000 0.000000 0.000000 0.045819 0.000000 0.000000 0.000000 0.000000 0.000000 0.000000 0.000000
 0.000000 0.325752 0.000000 0.000000 0.000000 0.000000 0.000000 0.000000 0.000000 0.000000 0.000000 0.310278 0.000000 0.340009 0.000000 0.000000 0.000000 0.000000 0.000000 0.023960
 0.059013 0.000000 0.000000 0.000358 0.000000 0.115486 0.000000 0.276196 0.280512 0.000000 0.000000 0.000000 0.000028 0.000000 0.000000 0.268407 0.000000 0.000000 0.000000 0.000000
 0.000000 0.284691 0.000000 0.000000 0.000000 0.000000 0.000000 0.029685 0.320156 0.023307 0.000000 0.314939 0.000000 0.000000 0.000000 0.004495 0.000000 0.022727 0.000000 0.000000
the mean of prob-rank is 1.6842105263157894
the number of false negetive edges is 0
the number of probability greater than 0 is 4.2/edge
