20
 0.000000 0.000000 0.000000 0.000000 0.000000 0.000025 0.000000 0.000000 0.000000 0.499989 0.000005 0.000000 0.000000 0.000000 0.000000 0.000000 0.000000 0.000000 0.000000 0.499980
 0.000000 0.000000 0.000000 0.000000 0.000000 0.000000 0.000000 0.000000 0.500000 0.000000 0.000000 0.000000 0.000000 0.000000 0.500000 0.000000 0.000000 0.000000 0.000000 0.000000
 0.000000 0.000000 0.000000 0.500000 0.000000 0.000000 0.000000 0.000000 0.500000 0.000000 0.000000 0.000000 0.000000 0.000000 0.000000 0.000000 0.000000 0.000000 0.000000 0.000000
 0.000000 0.000000 0.500000 0.000000 0.000000 0.000000 0.000000 0.000000 0.000000 0.000000 0.000000 0.000000 0.500000 0.000000 0.000000 0.000000 0.000000 0.000000 0.000000 0.000000
 0.000000 0.000000 0.000000 0.000000 0.000000 0.000000 0.000000 0.000035 0.000000 0.000000 0.381114 0.246010 0.000000 0.000248 0.372593 0.000000 0.000000 0.000000 0.000000 0.000000
 0.000025 0.000000 0.000000 0.000000 0.000000 0.000000 0.493741 0.000000 0.000000 0.001123 0.000000 0.011269 0.000000 0.000000 0.000000 0.000000 0.000000 0.493842 0.000001 0.000000
 0.000000 0.000000 0.000000 0.000000 0.000000 0.499392 0.000000 0.000000 0.000000 0.000005 0.000000 0.000000 0.000000 0.000000 0.000000 0.000000 0.000000 0.001055 0.499548 0.000000
 0.000000 0.000000 0.000000 0.000000 0.000045 0.000000 0.000000 0.000000 0.000000 0.000000 0.000003 0.499976 0.000000 0.499976 0.000000 0.000000 0.000000 0.000000 0.000000 0.000000
 0.000000 0.500000 0.500000 0.000000 0.000000 0.000000 0.000000 0.000000 0.000000 0.000000 0.000000 0.000000 0.000000 0.000000 0.000000 0.000000 0.000000 0.000000 0.000000 0.000000
 0.499510 0.000000 0.000000 0.000000 0.000000 0.001135 0.000005 0.000000 0.000000 0.000000 0.000000 0.000000 0.000000 0.000000 0.000000 0.000000 0.000000 0.000000 0.499349 0.000000
 0.000004 0.000000 0.000000 0.000000 0.355896 0.000000 0.000000 0.000002 0.000000 0.000000 0.000000 0.345029 0.000000 0.000000 0.299069 0.000000 0.000000 0.000000 0.000000 0.000000
 0.000000 0.000000 0.000000 0.000000 0.244694 0.008651 0.000000 0.379148 0.000000 0.000000 0.367501 0.000000 0.000000 0.000007 0.000000 0.000000 0.000000 0.000000 0.000000 0.000000
 0.000000 0.000000 0.000000 0.500001 0.000000 0.000000 0.000000 0.000000 0.000000 0.000000 0.000000 0.000000 0.000000 0.000000 0.000000 0.000000 0.499999 0.000000 0.000000 0.000000
 0.000000 0.000000 0.000000 0.000000 0.000325 0.000000 0.000000 0.499833 0.000000 0.000000 0.000000 0.000009 0.000000 0.000000 0.000000 0.499833 0.000000 0.000000 0.000000 0.000000
 0.000000 0.354909 0.000000 0.000000 0.346908 0.000000 0.000000 0.000000 0.000000 0.000000 0.298183 0.000000 0.000000 0.000000 0.000000 0.000000 0.000000 0.000000 0.000000 0.000000
 0.000000 0.000000 0.000000 0.000000 0.000000 0.000000 0.000000 0.000000 0.000000 0.000000 0.000000 0.000000 0.000000 0.500027 0.000000 0.000000 0.000000 0.499973 0.000000 0.000000
 0.000000 0.000000 0.000000 0.000000 0.000000 0.000000 0.000000 0.000000 0.000000 0.000000 0.000000 0.000000 0.499999 0.000000 0.000000 0.000000 0.000000 0.000000 0.000000 0.500001
 0.000000 0.000000 0.000000 0.000000 0.000000 0.499473 0.001055 0.000000 0.000000 0.000000 0.000000 0.000000 0.000000 0.000000 0.000000 0.499472 0.000000 0.000000 0.000000 0.000000
 0.000000 0.000000 0.000000 0.000000 0.000000 0.000001 0.500080 0.000000 0.000000 0.499919 0.000000 0.000000 0.000000 0.000000 0.000000 0.000000 0.000000 0.000000 0.000000 0.000000
 0.499995 0.000000 0.000000 0.000000 0.000000 0.000000 0.000000 0.000000 0.000000 0.000000 0.000000 0.000000 0.000000 0.000000 0.000000 0.000000 0.500005 0.000000 0.000000 0.000000
the mean of prob-rank is 1.5789473684210527
the number of false negetive edges is 0
the number of probability greater than 0 is 3.2/edge
