20
 0.000000 0.000000 0.000000 0.000013 0.000000 0.000000 0.000000 0.000000 0.000000 0.000000 0.000000 0.000000 0.189022 0.000000 0.006004 0.000412 0.000000 0.000000 0.404776 0.399772
 0.000000 0.000000 0.000000 0.000000 0.000000 0.000000 0.000000 0.495352 0.000000 0.495368 0.000000 0.007075 0.000000 0.000000 0.002205 0.000000 0.000000 0.000000 0.000000 0.000000
 0.000000 0.000000 0.000000 0.000000 0.000000 0.000000 0.000000 0.377485 0.000000 0.000000 0.000000 0.000000 0.000000 0.244027 0.000000 0.000000 0.378488 0.000000 0.000000 0.000000
 0.000014 0.000000 0.000000 0.000000 0.422028 0.425535 0.000000 0.000000 0.000000 0.000000 0.000000 0.033982 0.000000 0.000000 0.075130 0.000000 0.000000 0.000105 0.043206 0.000000
 0.000000 0.000000 0.000000 0.415226 0.000000 0.000000 0.000000 0.000000 0.000000 0.000000 0.000000 0.418677 0.000000 0.000000 0.166097 0.000000 0.000000 0.000000 0.000000 0.000000
 0.000000 0.000000 0.000000 0.472335 0.000000 0.000000 0.000000 0.000000 0.000000 0.000000 0.000000 0.000000 0.000000 0.000000 0.000000 0.000000 0.000000 0.471487 0.056178 0.000000
 0.000000 0.000000 0.000000 0.000000 0.000000 0.000000 0.000000 0.000000 0.000000 0.000000 0.423190 0.000000 0.074940 0.000000 0.000000 0.440115 0.000000 0.061747 0.000000 0.000008
 0.000000 0.430970 0.429842 0.000000 0.000000 0.000000 0.000000 0.000000 0.000000 0.000000 0.000000 0.000541 0.000000 0.000000 0.000000 0.000000 0.138646 0.000000 0.000000 0.000000
 0.000000 0.000000 0.000000 0.000000 0.000000 0.000000 0.000000 0.000000 0.000000 0.000000 0.385080 0.000000 0.000000 0.375891 0.000000 0.000000 0.000000 0.000000 0.000000 0.239029
 0.000000 0.459902 0.000000 0.000000 0.000000 0.000000 0.000000 0.000000 0.000000 0.000000 0.000000 0.083093 0.000000 0.000000 0.457005 0.000000 0.000000 0.000000 0.000000 0.000000
 0.000000 0.000000 0.000000 0.000000 0.000000 0.000000 0.417993 0.000000 0.434563 0.000000 0.000000 0.000000 0.000000 0.147444 0.000000 0.000000 0.000000 0.000000 0.000000 0.000000
 0.000000 0.006317 0.000000 0.035321 0.442291 0.000000 0.000000 0.000555 0.000000 0.079911 0.000000 0.000000 0.000000 0.000000 0.435606 0.000000 0.000000 0.000000 0.000000 0.000000
 0.176935 0.000000 0.000000 0.000000 0.000000 0.000000 0.064990 0.000000 0.000000 0.000000 0.000000 0.000000 0.000000 0.000000 0.000000 0.377296 0.000000 0.000000 0.000001 0.380777
 0.000000 0.000000 0.222002 0.000000 0.000000 0.000000 0.000000 0.000000 0.335996 0.000000 0.116787 0.000000 0.000000 0.000000 0.000000 0.000000 0.325214 0.000000 0.000000 0.000000
 0.005727 0.001731 0.000000 0.068670 0.154303 0.000000 0.000000 0.000000 0.000000 0.386498 0.000000 0.383069 0.000000 0.000000 0.000000 0.000000 0.000000 0.000000 0.000000 0.000001
 0.000428 0.000000 0.000000 0.000000 0.000000 0.000000 0.423041 0.000000 0.000000 0.000000 0.000000 0.000000 0.418180 0.000000 0.000000 0.000000 0.000000 0.143531 0.009513 0.005308
 0.000000 0.000000 0.441269 0.000000 0.000000 0.000000 0.000000 0.141955 0.000000 0.000000 0.000000 0.000000 0.000000 0.416776 0.000000 0.000000 0.000000 0.000000 0.000000 0.000000
 0.000000 0.000000 0.000000 0.000100 0.000000 0.403273 0.056680 0.000000 0.000000 0.000000 0.000000 0.000000 0.000000 0.000000 0.000000 0.137070 0.000000 0.000000 0.402878 0.000000
 0.444580 0.000000 0.000000 0.045472 0.000000 0.053267 0.000000 0.000000 0.000000 0.000000 0.000000 0.000000 0.000001 0.000000 0.000000 0.010071 0.000000 0.446610 0.000000 0.000000
 0.375478 0.000000 0.000000 0.000000 0.000000 0.000000 0.000007 0.000000 0.237643 0.000000 0.000000 0.000000 0.382067 0.000000 0.000001 0.004805 0.000000 0.000000 0.000000 0.000000
the mean of prob-rank is 1.5789473684210527
the number of false negetive edges is 0
the number of probability greater than 0 is 4.4/edge
