20
 0.000000 0.000000 0.000000 0.409052 0.000000 0.074803 0.000000 0.000000 0.000000 0.000000 0.000000 0.000000 0.000000 0.000000 0.000000 0.114211 0.000000 0.401934 0.000000 0.000000
 0.000000 0.000000 0.000000 0.000000 0.002388 0.016792 0.490379 0.000000 0.000000 0.490436 0.000000 0.000000 0.000000 0.000000 0.000003 0.000000 0.000002 0.000000 0.000000 0.000000
 0.000000 0.000000 0.000000 0.000000 0.008185 0.000000 0.000000 0.000000 0.306615 0.000000 0.299867 0.144280 0.000000 0.230694 0.000000 0.000000 0.000000 0.000000 0.000000 0.010359
 0.319607 0.000000 0.000000 0.000000 0.000000 0.301520 0.000000 0.000000 0.000000 0.000000 0.000000 0.000000 0.000000 0.000000 0.000000 0.000003 0.289748 0.089123 0.000000 0.000000
 0.000000 0.002209 0.012112 0.000000 0.000000 0.000000 0.000000 0.447418 0.012234 0.000000 0.003194 0.446956 0.000000 0.066367 0.000000 0.000000 0.009511 0.000000 0.000000 0.000000
 0.073064 0.013683 0.000000 0.376936 0.000000 0.000000 0.002391 0.000000 0.000000 0.000000 0.000000 0.000000 0.000000 0.000000 0.000002 0.394508 0.139416 0.000000 0.000000 0.000000
 0.000000 0.486028 0.000000 0.000000 0.000000 0.002908 0.000000 0.000000 0.000000 0.024938 0.000000 0.000000 0.000000 0.000000 0.486124 0.000002 0.000000 0.000000 0.000000 0.000000
 0.000000 0.000000 0.000000 0.000000 0.367683 0.000000 0.000000 0.000000 0.000000 0.000000 0.000000 0.000000 0.000000 0.000000 0.000000 0.000000 0.313684 0.318632 0.000000 0.000000
 0.000000 0.000000 0.291440 0.000000 0.007858 0.000000 0.000000 0.000000 0.000000 0.000000 0.206429 0.234525 0.000000 0.259749 0.000000 0.000000 0.000000 0.000000 0.000000 0.000000
 0.000000 0.487476 0.000000 0.000000 0.000000 0.000000 0.025009 0.000000 0.000000 0.000000 0.000000 0.000000 0.000000 0.000000 0.000000 0.000000 0.000000 0.000000 0.487515 0.000000
 0.000000 0.000000 0.282296 0.000000 0.002032 0.000000 0.000000 0.000000 0.204452 0.000000 0.000000 0.000004 0.007141 0.215432 0.000000 0.000000 0.000000 0.000000 0.000000 0.288644
 0.000000 0.000000 0.144334 0.000000 0.302147 0.000000 0.000000 0.000000 0.246829 0.000000 0.000004 0.000000 0.000000 0.306686 0.000000 0.000000 0.000000 0.000000 0.000000 0.000000
 0.000000 0.000000 0.000000 0.000000 0.000000 0.000000 0.000000 0.000000 0.000000 0.000000 0.012219 0.000000 0.000000 0.000000 0.000000 0.000000 0.000000 0.000000 0.493891 0.493891
 0.000000 0.000000 0.212773 0.000000 0.041364 0.000000 0.000000 0.000000 0.252045 0.000000 0.211063 0.282755 0.000000 0.000000 0.000000 0.000000 0.000000 0.000000 0.000000 0.000000
 0.000000 0.000003 0.000000 0.000000 0.000000 0.000002 0.500287 0.000000 0.000000 0.000000 0.000000 0.000000 0.000000 0.000000 0.000000 0.499709 0.000000 0.000000 0.000000 0.000000
 0.123230 0.000000 0.000000 0.000004 0.000000 0.435787 0.000002 0.000000 0.000000 0.000000 0.000000 0.000000 0.000000 0.000000 0.440977 0.000000 0.000000 0.000000 0.000000 0.000000
 0.000000 0.000001 0.000000 0.298985 0.006915 0.115078 0.000000 0.277529 0.000000 0.000000 0.000000 0.000000 0.000000 0.000000 0.000000 0.000000 0.000000 0.301491 0.000000 0.000000
 0.324246 0.000000 0.000000 0.092018 0.000000 0.000000 0.000000 0.282070 0.000000 0.000000 0.000000 0.000000 0.000000 0.000000 0.000000 0.000000 0.301666 0.000000 0.000000 0.000000
 0.000000 0.000000 0.000000 0.000000 0.000000 0.000000 0.000000 0.000000 0.000000 0.500000 0.000000 0.000000 0.500000 0.000000 0.000000 0.000000 0.000000 0.000000 0.000000 0.000000
 0.000000 0.000000 0.016613 0.000000 0.000000 0.000000 0.000000 0.000000 0.000000 0.000000 0.491690 0.000000 0.491698 0.000000 0.000000 0.000000 0.000000 0.000000 0.000000 0.000000
the mean of prob-rank is 1.5263157894736843
the number of false negetive edges is 0
the number of probability greater than 0 is 4.8/edge
