20
 0.000000 0.000000 0.000000 0.000000 0.000000 0.000000 0.000000 0.000000 0.000000 0.000000 0.500017 0.000000 0.000000 0.499981 0.000002 0.000000 0.000000 0.000000 0.000000 0.000000
 0.000000 0.000000 0.000000 0.000000 0.499998 0.000000 0.000000 0.000000 0.000000 0.000000 0.000000 0.000000 0.000000 0.000000 0.000000 0.000000 0.000000 0.000000 0.500002 0.000000
 0.000000 0.000000 0.000000 0.000000 0.232897 0.000000 0.000000 0.000000 0.000000 0.000000 0.000000 0.165253 0.000000 0.291595 0.000000 0.000000 0.000000 0.310255 0.000000 0.000000
 0.000000 0.000000 0.000000 0.000000 0.000000 0.000000 0.000000 0.000000 0.000000 0.000000 0.000000 0.000000 0.107124 0.000000 0.000000 0.448022 0.000000 0.000000 0.000000 0.444855
 0.000000 0.365261 0.274180 0.000000 0.000000 0.000000 0.000000 0.000000 0.000000 0.000000 0.000000 0.360558 0.000000 0.000000 0.000000 0.000000 0.000000 0.000000 0.000000 0.000000
 0.000000 0.000000 0.000000 0.000000 0.000000 0.000000 0.000000 0.000000 0.499997 0.500002 0.000000 0.000000 0.000000 0.000000 0.000000 0.000000 0.000000 0.000000 0.000000 0.000000
 0.000000 0.000000 0.000000 0.000000 0.000000 0.000000 0.000000 0.002813 0.000000 0.000000 0.000000 0.000000 0.392583 0.000000 0.365486 0.194581 0.044537 0.000000 0.000000 0.000000
 0.000000 0.000000 0.000000 0.000000 0.000000 0.000000 0.002168 0.000000 0.000000 0.000000 0.000000 0.219879 0.000000 0.009370 0.036258 0.274485 0.303090 0.069179 0.000001 0.085569
 0.000000 0.000000 0.000000 0.000000 0.000000 0.499997 0.000000 0.000000 0.000000 0.000000 0.000000 0.000000 0.500003 0.000000 0.000000 0.000000 0.000000 0.000000 0.000000 0.000000
 0.000000 0.000000 0.000000 0.000000 0.000000 0.499944 0.000000 0.000000 0.000000 0.000000 0.499914 0.000000 0.000000 0.000000 0.000141 0.000000 0.000000 0.000000 0.000000 0.000000
 0.497404 0.000000 0.000000 0.000000 0.000000 0.000000 0.000000 0.000000 0.000000 0.497374 0.000000 0.000000 0.000000 0.000000 0.005223 0.000000 0.000000 0.000000 0.000000 0.000000
 0.000000 0.000000 0.168526 0.000000 0.312335 0.000000 0.000000 0.229362 0.000000 0.000000 0.000000 0.000000 0.000000 0.000000 0.000000 0.000000 0.000000 0.289748 0.000030 0.000000
 0.000000 0.000000 0.000000 0.105871 0.000000 0.000000 0.441673 0.000000 0.442782 0.000000 0.000000 0.000000 0.000000 0.000000 0.000000 0.009675 0.000000 0.000000 0.000000 0.000000
 0.309503 0.000000 0.290898 0.000000 0.000000 0.000000 0.000000 0.009562 0.000000 0.000000 0.000000 0.000000 0.000000 0.000000 0.114082 0.000000 0.000000 0.275956 0.000000 0.000000
 0.000001 0.000000 0.000000 0.000000 0.000000 0.000000 0.382117 0.049186 0.000000 0.000116 0.004320 0.000000 0.000000 0.151659 0.000000 0.001432 0.411168 0.000001 0.000000 0.000000
 0.000000 0.000000 0.000000 0.390152 0.000000 0.000000 0.192892 0.353051 0.000000 0.000000 0.000000 0.000000 0.008525 0.000000 0.001358 0.000000 0.054020 0.000000 0.000000 0.000003
 0.000000 0.000000 0.000000 0.000000 0.000000 0.000000 0.050293 0.444078 0.000000 0.000000 0.000000 0.000000 0.000000 0.000000 0.444094 0.061535 0.000000 0.000000 0.000000 0.000000
 0.000000 0.000000 0.329444 0.000000 0.000000 0.000000 0.000000 0.075138 0.000000 0.000000 0.000000 0.301693 0.000000 0.293725 0.000000 0.000000 0.000000 0.000000 0.000000 0.000000
 0.000000 0.500304 0.000000 0.000000 0.000000 0.000000 0.000000 0.000001 0.000000 0.000000 0.000000 0.000047 0.000000 0.000000 0.000000 0.000000 0.000000 0.000000 0.000000 0.499648
 0.000000 0.000000 0.000000 0.436697 0.000000 0.000000 0.000000 0.124070 0.000000 0.000000 0.000000 0.000000 0.000000 0.000000 0.000000 0.000003 0.000000 0.000000 0.439229 0.000000
the mean of prob-rank is 1.736842105263158
the number of false negetive edges is 0
the number of probability greater than 0 is 4.1/edge
