20
 0.000000 0.021585 0.000000 0.000000 0.000000 0.000000 0.000000 0.000000 0.000000 0.000000 0.489185 0.000000 0.000000 0.000000 0.000000 0.000000 0.000000 0.000000 0.000000 0.489229
 0.021575 0.000000 0.000000 0.000000 0.000000 0.000000 0.000000 0.000000 0.000000 0.489000 0.000000 0.000000 0.000000 0.000000 0.000000 0.000000 0.000469 0.000000 0.000000 0.488955
 0.000000 0.000000 0.000000 0.000000 0.000000 0.000000 0.000000 0.500000 0.000000 0.000000 0.000000 0.000000 0.000000 0.000000 0.000000 0.000000 0.000000 0.500000 0.000000 0.000000
 0.000000 0.000000 0.000000 0.000000 0.000000 0.000000 0.000054 0.000000 0.000000 0.000000 0.000000 0.000000 0.000000 0.499964 0.499981 0.000001 0.000000 0.000000 0.000000 0.000000
 0.000000 0.000000 0.000000 0.000000 0.000000 0.497547 0.000000 0.000000 0.000000 0.000000 0.000125 0.497567 0.000000 0.000000 0.000000 0.000000 0.004760 0.000000 0.000000 0.000000
 0.000000 0.000000 0.000000 0.000000 0.499873 0.000000 0.000000 0.000000 0.499900 0.000000 0.000000 0.000000 0.000000 0.000000 0.000226 0.000000 0.000000 0.000000 0.000000 0.000000
 0.000000 0.000000 0.000000 0.000054 0.000000 0.000000 0.000000 0.000000 0.000000 0.000000 0.000000 0.000000 0.000000 0.499814 0.000000 0.000229 0.000000 0.000000 0.499903 0.000000
 0.000000 0.000000 0.500000 0.000000 0.000000 0.000000 0.000000 0.000000 0.500000 0.000000 0.000000 0.000000 0.000000 0.000000 0.000000 0.000000 0.000000 0.000000 0.000000 0.000000
 0.000000 0.000000 0.000000 0.000000 0.000000 0.500000 0.000000 0.500000 0.000000 0.000000 0.000000 0.000000 0.000000 0.000000 0.000000 0.000000 0.000000 0.000000 0.000000 0.000000
 0.000000 0.481278 0.000000 0.000000 0.000000 0.000000 0.000000 0.000000 0.000000 0.000000 0.000000 0.000000 0.032084 0.000000 0.000000 0.000000 0.000000 0.000000 0.480540 0.006098
 0.499914 0.000000 0.000000 0.000000 0.000126 0.000000 0.000000 0.000000 0.000000 0.000000 0.000000 0.000000 0.000000 0.000000 0.000000 0.000000 0.000002 0.499959 0.000000 0.000000
 0.000000 0.000000 0.000000 0.000000 0.499997 0.000000 0.000000 0.000000 0.000000 0.000000 0.000000 0.000000 0.000000 0.000000 0.000000 0.000000 0.500003 0.000000 0.000000 0.000000
 0.000000 0.000000 0.000000 0.000000 0.000000 0.000000 0.000000 0.000000 0.000000 0.031407 0.000000 0.000000 0.000000 0.000000 0.000000 0.471121 0.470681 0.000000 0.026790 0.000000
 0.000000 0.000000 0.000000 0.499993 0.000000 0.000000 0.499891 0.000000 0.000000 0.000000 0.000000 0.000000 0.000000 0.000000 0.000025 0.000091 0.000000 0.000000 0.000000 0.000000
 0.000000 0.000000 0.000000 0.499808 0.000000 0.000226 0.000000 0.000000 0.000000 0.000000 0.000000 0.000000 0.000000 0.000025 0.000000 0.499785 0.000155 0.000000 0.000000 0.000000
 0.000000 0.000000 0.000000 0.000001 0.000000 0.000000 0.000228 0.000000 0.000000 0.000000 0.000000 0.000000 0.499233 0.000091 0.499223 0.000000 0.001189 0.000000 0.000036 0.000000
 0.000000 0.000477 0.000000 0.000000 0.004755 0.000000 0.000000 0.000000 0.000000 0.000000 0.000002 0.496954 0.496476 0.000000 0.000154 0.001183 0.000000 0.000000 0.000000 0.000000
 0.000000 0.000000 0.500000 0.000000 0.000000 0.000000 0.000000 0.000000 0.000000 0.000000 0.500000 0.000000 0.000000 0.000000 0.000000 0.000000 0.000000 0.000000 0.000000 0.000000
 0.000000 0.000000 0.000000 0.000000 0.000000 0.000000 0.486509 0.000000 0.000000 0.485790 0.000000 0.000000 0.027666 0.000000 0.000000 0.000035 0.000000 0.000000 0.000000 0.000000
 0.496876 0.496829 0.000000 0.000000 0.000000 0.000000 0.000000 0.000000 0.000000 0.006296 0.000000 0.000000 0.000000 0.000000 0.000000 0.000000 0.000000 0.000000 0.000000 0.000000
the mean of prob-rank is 1.5789473684210527
the number of false negetive edges is 0
the number of probability greater than 0 is 3.6/edge
