20
 0.000000 0.000000 0.000000 0.000000 0.000000 0.000000 0.499984 0.000000 0.000000 0.000000 0.000000 0.000000 0.000000 0.000000 0.000000 0.000000 0.500015 0.000000 0.000001 0.000000
 0.000000 0.000000 0.000000 0.000000 0.000000 0.000000 0.000000 0.000000 0.000000 0.000000 0.000000 0.000000 0.499994 0.499997 0.000000 0.000000 0.000000 0.000000 0.000009 0.000000
 0.000000 0.000000 0.000000 0.000000 0.000000 0.000000 0.500000 0.000000 0.000000 0.000000 0.000000 0.000000 0.000000 0.000000 0.000000 0.000000 0.000000 0.000000 0.500000 0.000000
 0.000000 0.000000 0.000000 0.000000 0.000000 0.000000 0.000000 0.000000 0.000000 0.350612 0.000000 0.000000 0.000000 0.000000 0.000000 0.000000 0.331662 0.000000 0.000000 0.317726
 0.000000 0.000000 0.000000 0.000000 0.000000 0.000000 0.000000 0.412506 0.000000 0.000000 0.000000 0.412503 0.000000 0.000000 0.000000 0.000000 0.000000 0.174991 0.000000 0.000000
 0.000000 0.000000 0.000000 0.000000 0.000000 0.000000 0.000000 0.000000 0.000000 0.000000 0.362889 0.000000 0.000000 0.000000 0.185199 0.095637 0.000000 0.356275 0.000000 0.000000
 0.499983 0.000000 0.500014 0.000000 0.000000 0.000000 0.000000 0.000000 0.000000 0.000000 0.000000 0.000000 0.000000 0.000000 0.000000 0.000000 0.000000 0.000000 0.000004 0.000000
 0.000000 0.000000 0.000000 0.000000 0.355198 0.000000 0.000000 0.000000 0.000000 0.000000 0.000000 0.000000 0.000000 0.000000 0.345793 0.000000 0.000000 0.299009 0.000000 0.000000
 0.000000 0.000000 0.000000 0.000000 0.000000 0.000000 0.000000 0.000000 0.000000 0.000000 0.034694 0.000000 0.482677 0.000000 0.000000 0.482629 0.000000 0.000000 0.000000 0.000000
 0.000000 0.000000 0.000000 0.362006 0.000000 0.000000 0.000000 0.000000 0.000000 0.000000 0.000000 0.297988 0.000000 0.000000 0.000000 0.000000 0.000000 0.000000 0.000000 0.340006
 0.000000 0.000000 0.000000 0.000000 0.000000 0.482473 0.000000 0.000000 0.034704 0.000000 0.000000 0.000000 0.000000 0.000000 0.000000 0.482822 0.000000 0.000000 0.000000 0.000000
 0.000000 0.000000 0.000000 0.000000 0.362528 0.000000 0.000000 0.000000 0.000000 0.298420 0.000000 0.000000 0.000000 0.000000 0.000000 0.000000 0.000000 0.000000 0.000000 0.339052
 0.000000 0.499474 0.000000 0.000000 0.000000 0.000000 0.000000 0.000000 0.499476 0.000000 0.000000 0.000000 0.000000 0.001050 0.000000 0.000000 0.000000 0.000000 0.000000 0.000000
 0.000000 0.499517 0.000000 0.000000 0.000000 0.000000 0.000000 0.000000 0.000000 0.000000 0.000000 0.000000 0.001050 0.000000 0.000000 0.000000 0.000000 0.000000 0.499433 0.000000
 0.000000 0.000000 0.000000 0.000000 0.000000 0.205346 0.000000 0.391996 0.000000 0.000000 0.000000 0.000000 0.000000 0.000000 0.000000 0.000000 0.000000 0.402658 0.000000 0.000000
 0.000000 0.000000 0.000000 0.000000 0.000000 0.116361 0.000000 0.000000 0.441797 0.000000 0.441842 0.000000 0.000000 0.000000 0.000000 0.000000 0.000000 0.000000 0.000000 0.000000
 0.356942 0.000000 0.000000 0.337650 0.000000 0.000000 0.000000 0.000000 0.000000 0.000000 0.000000 0.000000 0.000000 0.000000 0.000000 0.000000 0.000000 0.000000 0.000000 0.305408
 0.000000 0.000000 0.000000 0.000000 0.130645 0.302136 0.000000 0.259251 0.000000 0.000000 0.000000 0.000000 0.000000 0.000000 0.307968 0.000000 0.000000 0.000000 0.000000 0.000000
 0.000001 0.000009 0.500035 0.000000 0.000000 0.000000 0.000004 0.000000 0.000000 0.000000 0.000000 0.000000 0.000000 0.499952 0.000000 0.000000 0.000000 0.000000 0.000000 0.000000
 0.000000 0.000000 0.000000 0.249212 0.000000 0.000000 0.000000 0.000000 0.000000 0.258292 0.000000 0.257195 0.000000 0.000000 0.000000 0.000000 0.235301 0.000000 0.000000 0.000000
the mean of prob-rank is 1.6842105263157894
the number of false negetive edges is 0
the number of probability greater than 0 is 3.1/edge
