20
 0.000000 0.000006 0.000000 0.000000 0.000000 0.000000 0.000000 0.000000 0.000000 0.000000 0.000000 0.000000 0.000000 0.000000 0.000000 0.444213 0.441677 0.000000 0.000000 0.114104
 0.000007 0.000000 0.000000 0.000000 0.000000 0.000000 0.000000 0.000000 0.000000 0.000000 0.000000 0.000000 0.000000 0.000000 0.000000 0.500102 0.000000 0.499891 0.000000 0.000000
 0.000000 0.000000 0.000000 0.000000 0.000000 0.000000 0.000000 0.000000 0.000000 0.000000 0.000000 0.000000 0.500015 0.000000 0.499985 0.000000 0.000000 0.000000 0.000000 0.000000
 0.000000 0.000000 0.000000 0.000000 0.000000 0.000000 0.000000 0.000000 0.000000 0.000000 0.000000 0.000000 0.000000 0.000000 0.000000 0.000000 0.394237 0.000000 0.210171 0.395592
 0.000000 0.000000 0.000000 0.000000 0.000000 0.000000 0.000000 0.000000 0.493130 0.011066 0.495804 0.000000 0.000000 0.000000 0.000000 0.000000 0.000000 0.000000 0.000000 0.000000
 0.000000 0.000000 0.000000 0.000000 0.000000 0.000000 0.000000 0.500001 0.000000 0.000000 0.000000 0.000000 0.499999 0.000000 0.000000 0.000000 0.000000 0.000000 0.000000 0.000000
 0.000000 0.000000 0.000000 0.000000 0.000000 0.000000 0.000000 0.499993 0.000000 0.000000 0.000000 0.500007 0.000000 0.000000 0.000000 0.000000 0.000000 0.000000 0.000000 0.000000
 0.000000 0.000000 0.000000 0.000000 0.000000 0.500007 0.499993 0.000000 0.000000 0.000000 0.000000 0.000000 0.000000 0.000000 0.000000 0.000000 0.000000 0.000000 0.000000 0.000000
 0.000000 0.000000 0.000000 0.000000 0.498631 0.000000 0.000000 0.000000 0.000000 0.000000 0.000000 0.000000 0.000000 0.501369 0.000000 0.000000 0.000000 0.000000 0.000000 0.000000
 0.000000 0.000000 0.000000 0.000000 0.008081 0.000000 0.000000 0.000000 0.000000 0.000000 0.362066 0.000000 0.000000 0.000000 0.000000 0.000000 0.000000 0.000000 0.354471 0.275382
 0.000000 0.000000 0.000000 0.000000 0.499771 0.000000 0.000000 0.000000 0.000000 0.499806 0.000000 0.000000 0.000000 0.000000 0.000000 0.000000 0.000320 0.000000 0.000103 0.000000
 0.000000 0.000000 0.000000 0.000000 0.000000 0.000000 0.500002 0.000000 0.000000 0.000000 0.000000 0.000000 0.000000 0.499998 0.000000 0.000000 0.000000 0.000000 0.000000 0.000000
 0.000000 0.000000 0.500001 0.000000 0.000000 0.499999 0.000000 0.000000 0.000000 0.000000 0.000000 0.000000 0.000000 0.000000 0.000000 0.000000 0.000000 0.000000 0.000000 0.000000
 0.000000 0.000000 0.000000 0.000000 0.000000 0.000000 0.000000 0.000000 0.500002 0.000000 0.000000 0.499998 0.000000 0.000000 0.000000 0.000000 0.000000 0.000000 0.000000 0.000000
 0.000000 0.000000 0.499985 0.000000 0.000000 0.000000 0.000000 0.000000 0.000000 0.000000 0.000000 0.000000 0.000000 0.000000 0.000000 0.000000 0.000000 0.500015 0.000000 0.000000
 0.476639 0.476644 0.000000 0.000000 0.000000 0.000000 0.000000 0.000000 0.000000 0.000000 0.000000 0.000000 0.000000 0.000000 0.000000 0.000000 0.046717 0.000000 0.000000 0.000000
 0.339913 0.000000 0.000000 0.340697 0.000000 0.000000 0.000000 0.000000 0.000000 0.000000 0.000219 0.000000 0.000000 0.000000 0.000000 0.033507 0.000000 0.000000 0.285188 0.000477
 0.000000 0.499895 0.000000 0.000000 0.000000 0.000000 0.000000 0.000000 0.000000 0.000000 0.000000 0.000000 0.000000 0.000000 0.500105 0.000000 0.000000 0.000000 0.000000 0.000000
 0.000000 0.000000 0.000000 0.159366 0.000000 0.000000 0.000000 0.000000 0.000000 0.293671 0.000062 0.000000 0.000000 0.000000 0.000000 0.000000 0.250233 0.000000 0.000000 0.296669
 0.085398 0.000000 0.000000 0.332462 0.000000 0.000000 0.000000 0.000000 0.000000 0.252866 0.000000 0.000000 0.000000 0.000000 0.000000 0.000000 0.000463 0.000000 0.328810 0.000000
the mean of prob-rank is 1.4210526315789473
the number of false negetive edges is 0
the number of probability greater than 0 is 3.0/edge
