20
 0.000000 0.000000 0.000000 0.000000 0.000000 0.000000 0.000000 0.000000 0.073485 0.024704 0.000000 0.000000 0.000000 0.000000 0.000000 0.000000 0.000000 0.448907 0.000000 0.452904
 0.000000 0.000000 0.000000 0.000000 0.000000 0.000000 0.097622 0.450826 0.000000 0.000000 0.000000 0.000000 0.000000 0.000000 0.000000 0.000000 0.000000 0.000000 0.451551 0.000000
 0.000000 0.000000 0.000000 0.000000 0.000000 0.000000 0.485752 0.000018 0.000000 0.000000 0.000000 0.000000 0.000000 0.000000 0.000000 0.004436 0.000000 0.023784 0.486010 0.000000
 0.000000 0.000000 0.000000 0.000000 0.000000 0.005739 0.000000 0.000000 0.000000 0.011910 0.127821 0.384871 0.000000 0.024553 0.386538 0.017909 0.000000 0.040660 0.000000 0.000000
 0.000000 0.000000 0.000000 0.000000 0.000000 0.499010 0.000000 0.000000 0.000000 0.001692 0.000000 0.000000 0.499298 0.000000 0.000000 0.000000 0.000000 0.000000 0.000000 0.000000
 0.000000 0.000000 0.000000 0.007365 0.496174 0.000000 0.000000 0.000000 0.000000 0.000000 0.496461 0.000000 0.000000 0.000000 0.000000 0.000000 0.000000 0.000000 0.000000 0.000000
 0.000000 0.081822 0.378267 0.000000 0.000000 0.000000 0.000000 0.020763 0.000000 0.000000 0.000000 0.000000 0.000000 0.140943 0.000000 0.378205 0.000000 0.000000 0.000000 0.000000
 0.000000 0.399409 0.000015 0.000000 0.000000 0.000000 0.021947 0.000000 0.000000 0.000000 0.398580 0.035948 0.000000 0.143363 0.000000 0.000000 0.000000 0.000000 0.000738 0.000000
 0.073480 0.000000 0.000000 0.000000 0.000000 0.000000 0.000000 0.000000 0.000000 0.023158 0.000000 0.000000 0.000000 0.000000 0.000000 0.000000 0.451382 0.000000 0.000000 0.451979
 0.025633 0.000000 0.000000 0.014468 0.001593 0.000000 0.000000 0.000000 0.024030 0.000000 0.000000 0.000000 0.000000 0.000000 0.469931 0.000000 0.000001 0.464344 0.000000 0.000000
 0.000000 0.000000 0.000000 0.128304 0.000000 0.388301 0.000000 0.386872 0.000000 0.000000 0.000000 0.096523 0.000000 0.000000 0.000000 0.000000 0.000000 0.000000 0.000000 0.000000
 0.000000 0.000000 0.000000 0.426394 0.000000 0.000000 0.000000 0.038511 0.000000 0.000000 0.106534 0.000000 0.000000 0.428560 0.000000 0.000000 0.000000 0.000000 0.000000 0.000000
 0.000000 0.000000 0.000000 0.000000 0.499748 0.000000 0.000000 0.000000 0.000000 0.000000 0.000000 0.000000 0.000000 0.000000 0.000000 0.000000 0.499748 0.000000 0.000000 0.000503
 0.000000 0.000000 0.000000 0.022817 0.000000 0.000000 0.133872 0.128824 0.000000 0.000000 0.000000 0.359470 0.000000 0.000000 0.000000 0.355017 0.000000 0.000000 0.000000 0.000000
 0.000000 0.000000 0.000000 0.475538 0.000000 0.000000 0.000000 0.000000 0.000000 0.475903 0.000000 0.000000 0.000000 0.000000 0.000000 0.000000 0.000000 0.048559 0.000000 0.000000
 0.000000 0.000000 0.004143 0.021014 0.000000 0.000000 0.453606 0.000000 0.000000 0.000000 0.000000 0.000000 0.000000 0.448285 0.000000 0.000000 0.000000 0.072952 0.000000 0.000000
 0.000000 0.000000 0.000000 0.000000 0.000000 0.000000 0.000000 0.000000 0.434140 0.000001 0.000000 0.000000 0.435579 0.000000 0.000000 0.000000 0.000000 0.000000 0.000000 0.130280
 0.413666 0.000000 0.020424 0.043867 0.000000 0.000000 0.000000 0.000000 0.000000 0.412385 0.000000 0.000000 0.000000 0.000000 0.042584 0.067074 0.000000 0.000000 0.000000 0.000000
 0.000000 0.499540 0.499539 0.000000 0.000000 0.000000 0.000000 0.000921 0.000000 0.000000 0.000000 0.000000 0.000000 0.000000 0.000000 0.000000 0.000000 0.000000 0.000000 0.000000
 0.435139 0.000000 0.000000 0.000000 0.000000 0.000000 0.000000 0.000000 0.434275 0.000000 0.000000 0.000000 0.000438 0.000000 0.000000 0.000000 0.130148 0.000000 0.000000 0.000000
the mean of prob-rank is 1.5263157894736843
the number of false negetive edges is 0
the number of probability greater than 0 is 4.5/edge
