20
 0.000000 0.000000 0.000000 0.000000 0.475571 0.046613 0.000000 0.000000 0.002028 0.475788 0.000000 0.000000 0.000000 0.000000 0.000000 0.000000 0.000000 0.000000 0.000000 0.000000
 0.000000 0.000000 0.000000 0.000000 0.000000 0.000000 0.000000 0.000000 0.000000 0.000000 0.450683 0.103625 0.000000 0.000000 0.000000 0.000000 0.000000 0.000000 0.000000 0.445691
 0.000000 0.000000 0.000000 0.000000 0.000000 0.000000 0.000000 0.000000 0.000000 0.000000 0.500000 0.000000 0.500000 0.000000 0.000000 0.000000 0.000000 0.000000 0.000000 0.000000
 0.000000 0.000000 0.000000 0.000000 0.000000 0.000000 0.009111 0.495398 0.000000 0.000000 0.000000 0.000082 0.000000 0.000000 0.000000 0.000000 0.000000 0.000000 0.495409 0.000000
 0.479198 0.000000 0.000000 0.000000 0.000000 0.000000 0.000000 0.000000 0.479150 0.000000 0.000000 0.004566 0.000000 0.000000 0.000000 0.000000 0.000000 0.000000 0.000000 0.037086
 0.044189 0.000000 0.000000 0.000000 0.000000 0.000000 0.000000 0.016966 0.451045 0.000000 0.000000 0.432256 0.000000 0.000000 0.000000 0.000000 0.000000 0.000000 0.055544 0.000000
 0.000000 0.000000 0.000000 0.008969 0.000000 0.000000 0.000000 0.016176 0.000000 0.000000 0.000000 0.000000 0.000000 0.487170 0.000000 0.000000 0.487685 0.000000 0.000000 0.000000
 0.000000 0.000000 0.000000 0.485368 0.000000 0.018257 0.016100 0.000000 0.000000 0.000000 0.000000 0.000000 0.000000 0.000000 0.000000 0.000000 0.480266 0.000000 0.000009 0.000000
 0.002127 0.000000 0.000000 0.000000 0.498740 0.499016 0.000000 0.000000 0.000000 0.000000 0.000000 0.000117 0.000000 0.000000 0.000000 0.000000 0.000000 0.000000 0.000000 0.000000
 0.500014 0.000000 0.000000 0.000000 0.000000 0.000000 0.000000 0.000000 0.000000 0.000000 0.000000 0.000000 0.000000 0.000000 0.499986 0.000000 0.000000 0.000000 0.000000 0.000000
 0.000000 0.498992 0.499116 0.000000 0.000000 0.000000 0.000000 0.000000 0.000000 0.000000 0.000000 0.000000 0.000000 0.000000 0.001485 0.000000 0.000000 0.000000 0.000000 0.000407
 0.000000 0.092442 0.000000 0.000066 0.003830 0.385393 0.000000 0.000000 0.000094 0.000000 0.000000 0.000000 0.000000 0.000000 0.000000 0.000000 0.000000 0.000000 0.399318 0.118856
 0.000000 0.000000 0.500000 0.000000 0.000000 0.000000 0.000000 0.000000 0.000000 0.000000 0.000000 0.000000 0.000000 0.000000 0.000000 0.500000 0.000000 0.000000 0.000000 0.000000
 0.000000 0.000000 0.000000 0.000000 0.000000 0.000000 0.472689 0.000000 0.000000 0.000000 0.000000 0.000000 0.000000 0.000000 0.000000 0.000000 0.054125 0.473186 0.000000 0.000000
 0.000000 0.000000 0.000000 0.000000 0.000000 0.000000 0.000000 0.000000 0.000000 0.499244 0.001486 0.000000 0.000000 0.000000 0.000000 0.000000 0.000000 0.000000 0.000000 0.499270
 0.000000 0.000000 0.000000 0.000000 0.000000 0.000000 0.000000 0.000000 0.000000 0.000000 0.000000 0.000000 0.500000 0.000000 0.000000 0.000000 0.000000 0.500000 0.000000 0.000000
 0.000000 0.000000 0.000000 0.000000 0.000000 0.000000 0.475319 0.470313 0.000000 0.000000 0.000000 0.000000 0.000000 0.054369 0.000000 0.000000 0.000000 0.000000 0.000000 0.000000
 0.000000 0.000000 0.000000 0.000000 0.000000 0.000000 0.000000 0.000000 0.000000 0.000000 0.000000 0.000000 0.000000 0.499998 0.000000 0.500002 0.000000 0.000000 0.000000 0.000000
 0.000000 0.000000 0.000000 0.472560 0.000000 0.058193 0.000000 0.000009 0.000000 0.000000 0.000000 0.469238 0.000000 0.000000 0.000000 0.000000 0.000000 0.000000 0.000000 0.000000
 0.000000 0.418505 0.000000 0.000000 0.032745 0.000000 0.000000 0.000000 0.000000 0.000000 0.000345 0.125108 0.000000 0.000000 0.423297 0.000000 0.000000 0.000000 0.000000 0.000000
the mean of prob-rank is 1.4736842105263157
the number of false negetive edges is 0
the number of probability greater than 0 is 3.6/edge
