20
 0.000000 0.000000 0.000000 0.000000 0.000000 0.000000 0.000439 0.000000 0.000000 0.009642 0.000000 0.000000 0.466534 0.000000 0.055021 0.000000 0.468365 0.000000 0.000000 0.000000
 0.000000 0.000000 0.000000 0.499153 0.000000 0.000000 0.000000 0.499153 0.000000 0.001694 0.000000 0.000000 0.000000 0.000000 0.000000 0.000000 0.000000 0.000000 0.000000 0.000000
 0.000000 0.000000 0.000000 0.499240 0.000000 0.000000 0.000000 0.000000 0.000000 0.001522 0.000000 0.499238 0.000000 0.000000 0.000000 0.000000 0.000000 0.000000 0.000000 0.000000
 0.000000 0.496212 0.496212 0.000000 0.000000 0.000000 0.000000 0.000000 0.000000 0.007576 0.000000 0.000000 0.000000 0.000000 0.000000 0.000000 0.000000 0.000000 0.000000 0.000000
 0.000000 0.000000 0.000000 0.000000 0.000000 0.000000 0.000000 0.000000 0.000000 0.000000 0.500000 0.000000 0.000000 0.500000 0.000000 0.000000 0.000000 0.000000 0.000000 0.000000
 0.000000 0.000000 0.000000 0.000000 0.000000 0.000000 0.000000 0.000000 0.313423 0.308726 0.000000 0.000009 0.000000 0.000000 0.165272 0.000000 0.212569 0.000000 0.000000 0.000000
 0.000408 0.000000 0.000000 0.000000 0.000000 0.000000 0.000000 0.000000 0.000000 0.130559 0.000000 0.000000 0.000000 0.000000 0.000000 0.434949 0.000000 0.000000 0.000000 0.434085
 0.000000 0.500000 0.000000 0.000000 0.000000 0.000000 0.000000 0.000000 0.000000 0.000000 0.000000 0.000000 0.000000 0.000000 0.000000 0.000000 0.000000 0.000000 0.500000 0.000000
 0.000000 0.000000 0.000000 0.000000 0.000000 0.463684 0.000000 0.000000 0.000000 0.000000 0.000000 0.071724 0.000000 0.000000 0.464592 0.000000 0.000000 0.000000 0.000000 0.000000
 0.008578 0.001414 0.001270 0.006362 0.000000 0.407983 0.125015 0.000000 0.000000 0.000000 0.000000 0.415148 0.000000 0.000000 0.000000 0.000000 0.034230 0.000000 0.000000 0.000000
 0.000000 0.000000 0.000000 0.000000 0.500002 0.000000 0.000000 0.000000 0.000000 0.000000 0.000000 0.000000 0.000000 0.000000 0.000000 0.499998 0.000000 0.000000 0.000000 0.000000
 0.000000 0.000000 0.465088 0.000000 0.000000 0.000013 0.000000 0.000000 0.071513 0.463386 0.000000 0.000000 0.000000 0.000000 0.000000 0.000000 0.000000 0.000000 0.000000 0.000000
 0.419334 0.000000 0.000000 0.000000 0.000000 0.000000 0.000000 0.000000 0.000000 0.000000 0.000000 0.000000 0.000000 0.000000 0.159685 0.000000 0.000000 0.420980 0.000000 0.000000
 0.000000 0.000000 0.000000 0.000000 0.500000 0.000000 0.000000 0.000000 0.000000 0.000000 0.000000 0.000000 0.000000 0.000000 0.000000 0.000000 0.000000 0.000000 0.500000 0.000000
 0.039130 0.000000 0.000000 0.000000 0.000000 0.174599 0.000000 0.000000 0.331759 0.000000 0.000000 0.000000 0.126349 0.000000 0.000000 0.000000 0.328162 0.000000 0.000000 0.000000
 0.000000 0.000000 0.000000 0.000000 0.000000 0.000000 0.484644 0.000000 0.000000 0.000000 0.484866 0.000000 0.000000 0.000000 0.000000 0.000000 0.000000 0.000000 0.000000 0.030490
 0.364762 0.000000 0.000000 0.000000 0.000000 0.245914 0.000000 0.000000 0.000000 0.029965 0.000000 0.000000 0.000000 0.000000 0.359359 0.000000 0.000000 0.000000 0.000000 0.000000
 0.000000 0.000000 0.000000 0.000000 0.000000 0.000000 0.000000 0.000000 0.000000 0.000000 0.000000 0.000000 0.500000 0.000000 0.000000 0.000000 0.000000 0.000000 0.000000 0.500000
 0.000000 0.000000 0.000000 0.000000 0.000000 0.000000 0.000000 0.500000 0.000000 0.000000 0.000000 0.000000 0.000000 0.500000 0.000000 0.000000 0.000000 0.000000 0.000000 0.000000
 0.000000 0.000000 0.000000 0.000000 0.000000 0.000000 0.484146 0.000000 0.000000 0.000000 0.000000 0.000000 0.000000 0.000000 0.000000 0.030519 0.000000 0.485335 0.000000 0.000000
the mean of prob-rank is 1.5789473684210527
the number of false negetive edges is 0
the number of probability greater than 0 is 3.4/edge
