20
 0.000000 0.000000 0.000000 0.442582 0.000000 0.108955 0.000000 0.000000 0.000000 0.000000 0.000000 0.000000 0.000000 0.000000 0.000000 0.000000 0.000000 0.005857 0.442606 0.000000
 0.000000 0.000000 0.000000 0.000000 0.000000 0.494503 0.000000 0.000000 0.000000 0.000000 0.000000 0.000000 0.000000 0.000000 0.011258 0.494238 0.000000 0.000000 0.000000 0.000000
 0.000000 0.000000 0.000000 0.000984 0.000000 0.000000 0.000000 0.000000 0.000000 0.000000 0.499511 0.000000 0.000000 0.000000 0.000000 0.000000 0.000000 0.499504 0.000000 0.000000
 0.499342 0.000000 0.000985 0.000000 0.000000 0.000000 0.000000 0.000000 0.000000 0.000000 0.000000 0.000000 0.000000 0.000000 0.000000 0.000000 0.000000 0.499673 0.000000 0.000000
 0.000000 0.000000 0.000000 0.000000 0.000000 0.000000 0.000257 0.000000 0.462891 0.075118 0.000000 0.000000 0.000000 0.461734 0.000000 0.000000 0.000000 0.000000 0.000000 0.000000
 0.082648 0.335941 0.000000 0.000000 0.000000 0.000000 0.000000 0.000000 0.000000 0.000000 0.000000 0.000000 0.000000 0.000000 0.230106 0.009718 0.007642 0.000000 0.333946 0.000000
 0.000000 0.000000 0.000000 0.000000 0.000197 0.000000 0.000000 0.000000 0.000016 0.000000 0.000000 0.334978 0.000000 0.354939 0.000469 0.000786 0.308611 0.000000 0.000003 0.000000
 0.000000 0.000000 0.000000 0.000000 0.000000 0.000000 0.000000 0.000000 0.034214 0.482527 0.000000 0.000000 0.483258 0.000000 0.000000 0.000000 0.000000 0.000000 0.000000 0.000000
 0.000000 0.000000 0.000000 0.000000 0.483059 0.000000 0.000022 0.034200 0.000000 0.000000 0.000000 0.000000 0.482717 0.000001 0.000000 0.000000 0.000000 0.000000 0.000000 0.000000
 0.000000 0.000000 0.000000 0.000000 0.075103 0.000000 0.000000 0.462099 0.000000 0.000000 0.000000 0.000000 0.000000 0.000000 0.000000 0.000000 0.000000 0.000000 0.000000 0.462799
 0.000000 0.000000 0.500000 0.000000 0.000000 0.000000 0.000000 0.000000 0.000000 0.000000 0.000000 0.000000 0.000000 0.000000 0.000000 0.000000 0.000000 0.000000 0.000000 0.500000
 0.000000 0.000000 0.000000 0.000000 0.000000 0.000000 0.259116 0.000000 0.000000 0.000000 0.000000 0.000000 0.000000 0.000108 0.223997 0.258807 0.257972 0.000000 0.000000 0.000000
 0.000000 0.000000 0.000000 0.000000 0.000000 0.000000 0.000000 0.427867 0.427563 0.000000 0.000000 0.000000 0.000000 0.000000 0.000000 0.000000 0.144570 0.000000 0.000000 0.000000
 0.000000 0.000000 0.000000 0.000000 0.437033 0.000000 0.438128 0.000000 0.000000 0.000000 0.000000 0.000172 0.000000 0.000000 0.000000 0.003160 0.000000 0.000000 0.121507 0.000000
 0.000000 0.006706 0.000000 0.000000 0.000000 0.201764 0.000389 0.000000 0.000000 0.000000 0.000000 0.240320 0.000000 0.000000 0.000000 0.256256 0.294564 0.000000 0.000000 0.000000
 0.000000 0.327195 0.000000 0.000000 0.000000 0.009470 0.000725 0.000000 0.000000 0.000000 0.000000 0.308592 0.000000 0.002361 0.284796 0.000000 0.000000 0.000000 0.066861 0.000000
 0.000000 0.000000 0.000000 0.000000 0.000000 0.007176 0.274308 0.000000 0.000000 0.000000 0.000000 0.296430 0.106598 0.000000 0.315487 0.000000 0.000000 0.000000 0.000000 0.000000
 0.006569 0.000000 0.496709 0.496716 0.000000 0.000000 0.000000 0.000000 0.000000 0.000000 0.000000 0.000000 0.000000 0.000000 0.000000 0.000000 0.000000 0.000000 0.000007 0.000000
 0.403788 0.000000 0.000000 0.000000 0.000000 0.401633 0.000003 0.000000 0.000000 0.000000 0.000000 0.000000 0.000000 0.112052 0.000000 0.082518 0.000000 0.000005 0.000000 0.000000
 0.000000 0.000000 0.000000 0.000000 0.000000 0.000000 0.000000 0.000000 0.000000 0.500000 0.500000 0.000000 0.000000 0.000000 0.000000 0.000000 0.000000 0.000000 0.000000 0.000000
the mean of prob-rank is 1.631578947368421
the number of false negetive edges is 0
the number of probability greater than 0 is 4.3/edge
