20
 0.000000 0.000000 0.000000 0.000000 0.000000 0.000000 0.000000 0.000000 0.000021 0.000004 0.000000 0.499789 0.000000 0.000000 0.000000 0.000000 0.000000 0.000000 0.499719 0.000468
 0.000000 0.000000 0.000000 0.000000 0.000000 0.000008 0.000000 0.000000 0.000000 0.000000 0.000000 0.000000 0.000000 0.499994 0.000000 0.499998 0.000000 0.000000 0.000000 0.000000
 0.000000 0.000000 0.000000 0.000000 0.499985 0.000031 0.499985 0.000000 0.000000 0.000000 0.000000 0.000000 0.000000 0.000000 0.000000 0.000000 0.000000 0.000000 0.000000 0.000000
 0.000000 0.000000 0.000000 0.000000 0.000000 0.000000 0.000000 0.000000 0.000000 0.000000 0.500000 0.000000 0.000000 0.500000 0.000000 0.000000 0.000000 0.000000 0.000000 0.000000
 0.000000 0.000000 0.500000 0.000000 0.000000 0.500000 0.000000 0.000000 0.000000 0.000000 0.000000 0.000000 0.000000 0.000000 0.000000 0.000000 0.000000 0.000000 0.000000 0.000000
 0.000000 0.000008 0.000031 0.000000 0.499981 0.000000 0.000000 0.000000 0.000000 0.000000 0.000000 0.000000 0.000000 0.000000 0.000000 0.499981 0.000000 0.000000 0.000000 0.000000
 0.000000 0.000000 0.452335 0.000000 0.000000 0.000000 0.000000 0.096853 0.000000 0.000000 0.000000 0.000000 0.000000 0.000000 0.000000 0.000000 0.450691 0.000000 0.000000 0.000121
 0.000000 0.000000 0.000000 0.000000 0.000000 0.000000 0.096706 0.000000 0.000004 0.000000 0.000000 0.000000 0.000000 0.000000 0.000000 0.000000 0.451648 0.000000 0.000000 0.451642
 0.000019 0.000000 0.000000 0.000000 0.000000 0.000000 0.000000 0.000004 0.000000 0.000000 0.000000 0.000000 0.452296 0.000000 0.000000 0.000000 0.090652 0.000000 0.000622 0.456408
 0.000003 0.000000 0.000000 0.000000 0.000000 0.000000 0.000000 0.000000 0.000000 0.000000 0.000000 0.000038 0.000000 0.000000 0.437393 0.000000 0.000000 0.432178 0.130388 0.000000
 0.000000 0.000000 0.000000 0.499998 0.000000 0.000000 0.000000 0.000000 0.000000 0.000000 0.000000 0.500001 0.000000 0.000000 0.000000 0.000000 0.000000 0.000000 0.000000 0.000001
 0.461065 0.000000 0.000000 0.000000 0.000000 0.000000 0.000000 0.000000 0.000000 0.000040 0.461065 0.000000 0.000000 0.000000 0.000000 0.000000 0.000000 0.000000 0.068329 0.009502
 0.000000 0.000000 0.000000 0.000000 0.000000 0.000000 0.000000 0.000000 0.493117 0.000000 0.000000 0.000000 0.000000 0.000000 0.006123 0.000000 0.000000 0.498674 0.002087 0.000000
 0.000000 0.499999 0.000000 0.500001 0.000000 0.000000 0.000000 0.000000 0.000000 0.000000 0.000000 0.000000 0.000000 0.000000 0.000000 0.000000 0.000000 0.000000 0.000000 0.000000
 0.000000 0.000000 0.000000 0.000000 0.000000 0.000000 0.000000 0.000000 0.000000 0.459523 0.000000 0.000000 0.005646 0.000000 0.000000 0.000000 0.000000 0.076618 0.458214 0.000000
 0.000000 0.500000 0.000000 0.000000 0.000000 0.500000 0.000000 0.000000 0.000000 0.000000 0.000000 0.000000 0.000000 0.000000 0.000000 0.000000 0.000000 0.000000 0.000000 0.000000
 0.000000 0.000000 0.000000 0.000000 0.000000 0.000000 0.434796 0.436380 0.086483 0.000000 0.000000 0.000000 0.000000 0.000000 0.000000 0.000000 0.000000 0.000000 0.000000 0.042342
 0.000000 0.000000 0.000000 0.000000 0.000000 0.000000 0.000000 0.000000 0.000000 0.458408 0.000000 0.000000 0.464237 0.000000 0.077355 0.000000 0.000000 0.000000 0.000000 0.000000
 0.408447 0.000000 0.000000 0.000000 0.000000 0.000000 0.000000 0.000000 0.000555 0.121691 0.000000 0.060539 0.001709 0.000000 0.407057 0.000000 0.000000 0.000000 0.000000 0.000000
 0.000443 0.000000 0.000000 0.000000 0.000000 0.000000 0.000127 0.472444 0.471408 0.000000 0.000001 0.009737 0.000000 0.000000 0.000000 0.000000 0.045841 0.000000 0.000000 0.000000
the mean of prob-rank is 1.4210526315789473
the number of false negetive edges is 0
the number of probability greater than 0 is 3.8/edge
