20
 0.000000 0.000000 0.000000 0.002094 0.000000 0.000000 0.000000 0.000000 0.000000 0.000000 0.138959 0.000000 0.357854 0.000000 0.000000 0.000000 0.000000 0.354318 0.146775 0.000000
 0.000000 0.000000 0.000000 0.000000 0.000000 0.000991 0.000000 0.000000 0.000000 0.000000 0.499315 0.000000 0.000000 0.000012 0.000000 0.499682 0.000000 0.000000 0.000000 0.000000
 0.000000 0.000000 0.000000 0.262141 0.000000 0.000000 0.000000 0.000000 0.000000 0.208669 0.183967 0.000000 0.000000 0.000000 0.000000 0.000000 0.000000 0.071948 0.273275 0.000000
 0.002479 0.000000 0.402161 0.000000 0.000000 0.000000 0.000000 0.000000 0.000000 0.423682 0.000000 0.000000 0.039991 0.000000 0.000000 0.000000 0.000000 0.002997 0.128689 0.000000
 0.000000 0.000000 0.000000 0.000000 0.000000 0.000008 0.171415 0.411753 0.000000 0.000000 0.000000 0.416823 0.000000 0.000000 0.000000 0.000000 0.000000 0.000000 0.000000 0.000000
 0.000000 0.000715 0.000000 0.000000 0.000007 0.000000 0.360784 0.000000 0.000000 0.000000 0.000000 0.358651 0.000000 0.000000 0.000000 0.279842 0.000000 0.000000 0.000000 0.000000
 0.000000 0.000000 0.000000 0.000000 0.172821 0.420243 0.000000 0.000000 0.000000 0.000000 0.000000 0.000002 0.406934 0.000000 0.000000 0.000000 0.000000 0.000000 0.000000 0.000000
 0.000000 0.000000 0.000000 0.000000 0.437248 0.000000 0.000000 0.000000 0.442621 0.000000 0.000000 0.120131 0.000000 0.000000 0.000000 0.000000 0.000000 0.000000 0.000000 0.000000
 0.000000 0.000000 0.000000 0.000000 0.000000 0.000000 0.000000 0.500003 0.000000 0.000000 0.000000 0.000000 0.000000 0.000000 0.499997 0.000000 0.000000 0.000000 0.000000 0.000000
 0.000000 0.000000 0.274741 0.363613 0.000000 0.000000 0.000000 0.000000 0.000000 0.000000 0.027284 0.000000 0.000000 0.334348 0.000000 0.000000 0.000000 0.000000 0.000014 0.000000
 0.095940 0.246897 0.164588 0.000000 0.000000 0.000000 0.000000 0.000000 0.000000 0.018540 0.000000 0.000000 0.156284 0.000001 0.000000 0.146317 0.000000 0.163424 0.008008 0.000000
 0.000000 0.000000 0.000000 0.000000 0.441404 0.438796 0.000002 0.119798 0.000000 0.000000 0.000000 0.000000 0.000000 0.000000 0.000000 0.000000 0.000000 0.000000 0.000000 0.000000
 0.350300 0.000000 0.000000 0.033066 0.000000 0.000000 0.339219 0.000000 0.000000 0.000000 0.221583 0.000000 0.000000 0.000000 0.000000 0.000000 0.000000 0.011557 0.044276 0.000000
 0.000000 0.000009 0.000000 0.000000 0.000000 0.000000 0.000000 0.000000 0.000000 0.330137 0.000002 0.000000 0.000000 0.000000 0.000000 0.310817 0.000000 0.000000 0.000000 0.359035
 0.000000 0.000000 0.000000 0.000000 0.000000 0.000000 0.000000 0.000000 0.499994 0.000000 0.000000 0.000000 0.000000 0.000000 0.000000 0.000000 0.500006 0.000000 0.000000 0.000000
 0.000000 0.309258 0.000000 0.000000 0.000000 0.239876 0.000000 0.000000 0.000000 0.000000 0.183139 0.000000 0.000000 0.267725 0.000000 0.000000 0.000002 0.000000 0.000000 0.000000
 0.000000 0.000000 0.000000 0.000000 0.000000 0.000000 0.000000 0.000000 0.000000 0.000000 0.000000 0.000000 0.000000 0.000000 0.500017 0.000003 0.000000 0.000000 0.000000 0.499980
 0.336392 0.000000 0.088516 0.002404 0.000000 0.000000 0.000000 0.000000 0.000000 0.000000 0.224727 0.000000 0.011209 0.000000 0.000000 0.000000 0.000000 0.000000 0.336753 0.000000
 0.143737 0.000000 0.346789 0.106449 0.000000 0.000000 0.000000 0.000000 0.000000 0.000014 0.011359 0.000000 0.044295 0.000000 0.000000 0.000000 0.000000 0.347357 0.000000 0.000000
 0.000000 0.000000 0.000000 0.000000 0.000000 0.000000 0.000000 0.000000 0.000000 0.000000 0.000000 0.000000 0.000000 0.500023 0.000000 0.000000 0.499977 0.000000 0.000000 0.000000
the mean of prob-rank is 1.6842105263157894
the number of false negetive edges is 0
the number of probability greater than 0 is 4.6/edge
