20
 0.000000 0.000000 0.346872 0.000000 0.000000 0.000000 0.000000 0.000000 0.000000 0.000000 0.000000 0.304219 0.000000 0.000000 0.000000 0.000000 0.341422 0.000000 0.000000 0.007487
 0.000000 0.000000 0.000000 0.000019 0.000000 0.000000 0.000000 0.000000 0.000000 0.000000 0.319210 0.332369 0.000000 0.348379 0.000000 0.000000 0.000000 0.000019 0.000004 0.000000
 0.500000 0.000000 0.000000 0.000000 0.000000 0.000000 0.000000 0.000000 0.000000 0.000000 0.000000 0.000000 0.000000 0.000000 0.000000 0.000000 0.000000 0.500000 0.000000 0.000000
 0.000000 0.000027 0.000000 0.000000 0.000000 0.000000 0.000000 0.000000 0.000837 0.000000 0.000000 0.000000 0.000000 0.496195 0.006805 0.000000 0.000000 0.000000 0.496136 0.000000
 0.000000 0.000000 0.000000 0.000000 0.000000 0.000000 0.498519 0.000000 0.498449 0.000000 0.000000 0.000000 0.003032 0.000000 0.000000 0.000000 0.000000 0.000000 0.000000 0.000000
 0.000000 0.000000 0.000000 0.000000 0.000000 0.000000 0.000000 0.000000 0.000000 0.000000 0.500000 0.000000 0.000000 0.000000 0.000000 0.000000 0.000000 0.000000 0.000000 0.500000
 0.000000 0.000000 0.000000 0.000000 0.497930 0.000000 0.000000 0.000000 0.003970 0.000000 0.000000 0.000000 0.497832 0.000000 0.000267 0.000000 0.000000 0.000000 0.000000 0.000000
 0.000000 0.000000 0.000000 0.000000 0.000000 0.000000 0.000000 0.000000 0.000000 0.499999 0.000000 0.000000 0.000000 0.000000 0.000000 0.000000 0.000000 0.000000 0.500001 0.000000
 0.000000 0.000000 0.000000 0.000839 0.497561 0.000000 0.003968 0.000000 0.000000 0.000000 0.000000 0.000000 0.000000 0.000000 0.497632 0.000000 0.000000 0.000000 0.000000 0.000000
 0.000000 0.000000 0.000000 0.000000 0.000000 0.000000 0.000000 0.500000 0.000000 0.000000 0.000000 0.000000 0.000000 0.000000 0.000000 0.500000 0.000000 0.000000 0.000000 0.000000
 0.000000 0.316878 0.000000 0.000000 0.000000 0.345834 0.000000 0.000000 0.000000 0.000000 0.000000 0.324353 0.000000 0.000000 0.000000 0.000000 0.001351 0.000000 0.011584 0.000000
 0.247106 0.268804 0.000000 0.000000 0.000000 0.000000 0.000000 0.000000 0.000000 0.000000 0.264252 0.000000 0.000000 0.000000 0.000000 0.000000 0.219838 0.000000 0.000000 0.000000
 0.000000 0.000000 0.000000 0.000000 0.003032 0.000000 0.498434 0.000000 0.000000 0.000000 0.000000 0.000000 0.000000 0.000000 0.000000 0.498534 0.000000 0.000000 0.000000 0.000000
 0.000000 0.486973 0.000000 0.486969 0.000000 0.000000 0.000000 0.000000 0.000000 0.000000 0.000000 0.000000 0.000000 0.000000 0.000000 0.000000 0.000000 0.026057 0.000000 0.000000
 0.000000 0.000000 0.000000 0.006809 0.000000 0.000000 0.000266 0.000000 0.496479 0.000000 0.000000 0.000000 0.000000 0.000000 0.000000 0.000000 0.000000 0.496445 0.000000 0.000000
 0.000000 0.000000 0.000000 0.000000 0.000000 0.000000 0.000000 0.000000 0.000000 0.499999 0.000000 0.000000 0.500001 0.000000 0.000000 0.000000 0.000000 0.000000 0.000000 0.000000
 0.355686 0.000000 0.000000 0.000000 0.000000 0.000000 0.000000 0.000000 0.000000 0.000000 0.001412 0.281955 0.000000 0.000000 0.000000 0.000000 0.000000 0.000000 0.000000 0.360947
 0.000000 0.000027 0.486974 0.000000 0.000000 0.000000 0.000000 0.000000 0.000000 0.000000 0.000000 0.000000 0.000000 0.026057 0.486941 0.000000 0.000000 0.000000 0.000000 0.000000
 0.000000 0.000005 0.000000 0.491730 0.000000 0.000000 0.000000 0.491792 0.000000 0.000000 0.016472 0.000000 0.000000 0.000000 0.000000 0.000000 0.000000 0.000000 0.000000 0.000000
 0.010683 0.000000 0.000000 0.000000 0.000000 0.494944 0.000000 0.000000 0.000000 0.000000 0.000000 0.000000 0.000000 0.000000 0.000000 0.000000 0.494373 0.000000 0.000000 0.000000
the mean of prob-rank is 1.4736842105263157
the number of false negetive edges is 0
the number of probability greater than 0 is 3.5/edge
