20
 0.000000 0.000000 0.000000 0.015984 0.491777 0.000000 0.000000 0.492239 0.000000 0.000000 0.000000 0.000000 0.000000 0.000000 0.000000 0.000000 0.000000 0.000000 0.000000 0.000000
 0.000000 0.000000 0.003803 0.498110 0.000000 0.000000 0.000000 0.000000 0.000000 0.498087 0.000000 0.000000 0.000000 0.000000 0.000000 0.000000 0.000000 0.000000 0.000000 0.000000
 0.000000 0.003803 0.000000 0.498095 0.498102 0.000000 0.000000 0.000000 0.000000 0.000000 0.000000 0.000000 0.000000 0.000000 0.000000 0.000000 0.000000 0.000000 0.000000 0.000000
 0.015976 0.492015 0.492009 0.000000 0.000000 0.000000 0.000000 0.000000 0.000000 0.000000 0.000000 0.000000 0.000000 0.000000 0.000000 0.000000 0.000000 0.000000 0.000000 0.000000
 0.439344 0.000000 0.439756 0.000000 0.000000 0.120900 0.000000 0.000000 0.000000 0.000000 0.000000 0.000000 0.000000 0.000000 0.000000 0.000000 0.000000 0.000000 0.000000 0.000000
 0.000000 0.000000 0.000000 0.000000 0.088994 0.000000 0.000000 0.000000 0.318433 0.004167 0.232355 0.000000 0.000000 0.012028 0.000000 0.000000 0.000000 0.000000 0.020321 0.323702
 0.000000 0.000000 0.000000 0.000000 0.000000 0.000000 0.000000 0.000000 0.043701 0.000000 0.000000 0.000000 0.000000 0.000000 0.000000 0.478419 0.000000 0.000000 0.000000 0.477881
 0.500009 0.000000 0.000000 0.000000 0.000000 0.000000 0.000000 0.000000 0.000000 0.000000 0.000000 0.499991 0.000000 0.000000 0.000000 0.000000 0.000000 0.000000 0.000000 0.000000
 0.000000 0.000000 0.000000 0.000000 0.000000 0.369064 0.034270 0.000000 0.000000 0.000000 0.375173 0.212363 0.000000 0.000000 0.000000 0.009131 0.000000 0.000000 0.000000 0.000000
 0.000000 0.488115 0.000000 0.000000 0.000000 0.006284 0.000000 0.000000 0.000000 0.000000 0.000000 0.000000 0.000000 0.000000 0.000000 0.000000 0.017464 0.000000 0.488137 0.000000
 0.000000 0.000000 0.000000 0.000000 0.000000 0.265543 0.000000 0.000000 0.369940 0.000000 0.000000 0.364517 0.000000 0.000000 0.000000 0.000000 0.000000 0.000000 0.000000 0.000000
 0.000000 0.000000 0.000000 0.000000 0.000000 0.000000 0.000000 0.391936 0.221859 0.000000 0.386205 0.000000 0.000000 0.000000 0.000000 0.000000 0.000000 0.000000 0.000000 0.000000
 0.000000 0.000000 0.000000 0.000000 0.000000 0.000000 0.000000 0.000000 0.000000 0.000000 0.000000 0.000000 0.000000 0.392410 0.400093 0.207498 0.000000 0.000000 0.000000 0.000000
 0.000000 0.000000 0.000000 0.000000 0.000000 0.014811 0.000000 0.000000 0.000000 0.000000 0.000000 0.000000 0.390961 0.000000 0.192859 0.000000 0.000000 0.398606 0.000000 0.002763
 0.000000 0.000000 0.000000 0.000000 0.000000 0.000000 0.000000 0.000000 0.000000 0.000000 0.000000 0.000000 0.404289 0.195604 0.000000 0.399766 0.000334 0.000008 0.000000 0.000000
 0.000000 0.000000 0.000000 0.000000 0.000000 0.000000 0.387118 0.000000 0.009422 0.000000 0.000000 0.000000 0.200768 0.000000 0.382787 0.000000 0.000000 0.000000 0.000000 0.019905
 0.000000 0.000000 0.000000 0.000000 0.000000 0.000000 0.000000 0.000000 0.000000 0.017568 0.000000 0.000000 0.000000 0.000000 0.000406 0.000000 0.000000 0.491028 0.490999 0.000000
 0.000000 0.000000 0.000000 0.000000 0.000000 0.000000 0.000000 0.000000 0.000000 0.000000 0.000000 0.000000 0.000000 0.499989 0.000010 0.000000 0.500001 0.000000 0.000000 0.000000
 0.000000 0.000000 0.000000 0.000000 0.000000 0.030433 0.000000 0.000000 0.000000 0.484798 0.000000 0.000000 0.000000 0.000000 0.000000 0.000000 0.484769 0.000000 0.000000 0.000000
 0.000000 0.000000 0.000000 0.000000 0.000000 0.486091 0.485546 0.000000 0.000000 0.000000 0.000000 0.000000 0.000000 0.003369 0.000000 0.024995 0.000000 0.000000 0.000000 0.000000
the mean of prob-rank is 1.5789473684210527
the number of false negetive edges is 0
the number of probability greater than 0 is 3.7/edge
