20
 0.000000 0.000000 0.000000 0.000000 0.000000 0.000000 0.000000 0.000000 0.000000 0.000000 0.000000 0.000449 0.499776 0.000000 0.000000 0.000000 0.000000 0.000000 0.499774 0.000001
 0.000000 0.000000 0.418422 0.000000 0.000000 0.000000 0.000000 0.160926 0.000000 0.000000 0.420651 0.000000 0.000000 0.000000 0.000000 0.000000 0.000000 0.000000 0.000000 0.000000
 0.000000 0.314839 0.000000 0.000000 0.000000 0.128624 0.000000 0.000000 0.000000 0.000000 0.167852 0.000000 0.000000 0.297146 0.000000 0.000000 0.000000 0.091539 0.000000 0.000000
 0.000000 0.000000 0.000000 0.000000 0.358913 0.000000 0.000000 0.000000 0.004014 0.000000 0.000000 0.000000 0.000000 0.000000 0.375755 0.261309 0.000009 0.000000 0.000000 0.000000
 0.000000 0.000000 0.000000 0.278631 0.000000 0.000000 0.000000 0.000000 0.289729 0.000000 0.000000 0.000000 0.000000 0.000000 0.176260 0.000000 0.255380 0.000000 0.000000 0.000000
 0.000000 0.000000 0.168880 0.000000 0.000000 0.000000 0.000000 0.000000 0.000000 0.000000 0.000000 0.000000 0.000000 0.415578 0.000000 0.000000 0.000000 0.415542 0.000000 0.000000
 0.000000 0.000000 0.000000 0.000000 0.000000 0.000000 0.000000 0.000020 0.000003 0.499963 0.000000 0.000000 0.499993 0.000000 0.000000 0.000020 0.000002 0.000000 0.000000 0.000000
 0.000000 0.161091 0.000000 0.000000 0.000000 0.000000 0.000017 0.000000 0.000000 0.000000 0.419111 0.000000 0.000000 0.000000 0.000000 0.419781 0.000000 0.000000 0.000000 0.000000
 0.000000 0.000000 0.000000 0.005158 0.479560 0.000000 0.000002 0.000000 0.000000 0.032336 0.000000 0.000000 0.000000 0.000000 0.000105 0.000000 0.482838 0.000000 0.000000 0.000000
 0.000000 0.000000 0.000000 0.000000 0.000000 0.000000 0.483798 0.000000 0.032403 0.000000 0.000000 0.000000 0.000003 0.000000 0.000000 0.000000 0.483797 0.000000 0.000000 0.000000
 0.000000 0.395941 0.209972 0.000000 0.000000 0.000000 0.000000 0.394087 0.000000 0.000000 0.000000 0.000000 0.000000 0.000000 0.000000 0.000000 0.000000 0.000000 0.000000 0.000000
 0.000449 0.000000 0.000000 0.000000 0.000000 0.000000 0.000000 0.000000 0.000000 0.000000 0.000000 0.000000 0.000000 0.000000 0.000000 0.000000 0.000000 0.000000 0.499797 0.499753
 0.499313 0.000000 0.000000 0.000000 0.000000 0.000000 0.499312 0.000000 0.000000 0.000003 0.000000 0.000000 0.000000 0.001372 0.000000 0.000000 0.000000 0.000000 0.000000 0.000000
 0.000000 0.000000 0.386162 0.000000 0.000000 0.411334 0.000000 0.000000 0.000000 0.000000 0.000000 0.000000 0.001130 0.000000 0.000000 0.000000 0.000000 0.078150 0.000000 0.123224
 0.000000 0.000000 0.000000 0.395622 0.239051 0.000000 0.000000 0.000000 0.000086 0.000000 0.000000 0.000000 0.000000 0.000000 0.000000 0.365241 0.000001 0.000000 0.000000 0.000000
 0.000000 0.000000 0.000000 0.265876 0.000000 0.000000 0.000016 0.381146 0.000000 0.000000 0.000000 0.000000 0.000000 0.000000 0.352963 0.000000 0.000000 0.000000 0.000000 0.000000
 0.000000 0.000000 0.000000 0.000008 0.304463 0.000000 0.000001 0.000000 0.347775 0.347752 0.000000 0.000000 0.000000 0.000000 0.000001 0.000000 0.000000 0.000000 0.000000 0.000000
 0.000000 0.000000 0.116675 0.000000 0.000000 0.403393 0.000000 0.000000 0.000000 0.000000 0.000000 0.000000 0.000000 0.076647 0.000000 0.000000 0.000000 0.000000 0.000000 0.403284
 0.499999 0.000000 0.000000 0.000000 0.000000 0.000000 0.000000 0.000000 0.000000 0.000000 0.000000 0.500001 0.000000 0.000000 0.000000 0.000000 0.000000 0.000000 0.000000 0.000000
 0.000001 0.000000 0.000000 0.000000 0.000000 0.000000 0.000000 0.000000 0.000000 0.000000 0.000000 0.434909 0.000000 0.130298 0.000000 0.000000 0.000000 0.434792 0.000000 0.000000
the mean of prob-rank is 1.5789473684210527
the number of false negetive edges is 0
the number of probability greater than 0 is 4.0/edge
