20
 0.000000 0.000000 0.000000 0.000000 0.000000 0.000000 0.000000 0.145915 0.000000 0.000000 0.176033 0.000000 0.000000 0.336426 0.341626 0.000000 0.000000 0.000000 0.000000 0.000000
 0.000000 0.000000 0.000000 0.000000 0.000001 0.125987 0.000000 0.165326 0.000000 0.008740 0.000000 0.000000 0.002508 0.184881 0.000000 0.000000 0.000322 0.238949 0.273287 0.000000
 0.000000 0.000000 0.000000 0.000000 0.000000 0.000000 0.000000 0.000000 0.000000 0.000000 0.000000 0.500000 0.000000 0.000000 0.000000 0.500000 0.000000 0.000000 0.000000 0.000000
 0.000000 0.000000 0.000000 0.000000 0.334734 0.000000 0.354338 0.000000 0.000000 0.272343 0.000000 0.000000 0.038585 0.000000 0.000000 0.000000 0.000000 0.000000 0.000000 0.000000
 0.000000 0.000001 0.000000 0.304028 0.000000 0.020605 0.029979 0.000000 0.318777 0.000004 0.000000 0.000000 0.269121 0.000000 0.000000 0.000000 0.000000 0.000000 0.057484 0.000000
 0.000000 0.129612 0.000000 0.000000 0.017934 0.000000 0.000075 0.002974 0.272716 0.208042 0.000000 0.000000 0.086409 0.000000 0.000000 0.000000 0.000000 0.000000 0.282237 0.000000
 0.000000 0.000000 0.000000 0.435594 0.040576 0.000117 0.000000 0.000000 0.000000 0.090176 0.000000 0.000000 0.433494 0.000000 0.000000 0.000000 0.000000 0.000000 0.000043 0.000000
 0.113141 0.159715 0.000000 0.000000 0.000000 0.002793 0.000000 0.000000 0.248916 0.000000 0.000000 0.000000 0.000000 0.210552 0.264883 0.000000 0.000000 0.000000 0.000000 0.000000
 0.000000 0.000000 0.000000 0.000000 0.339984 0.334177 0.000000 0.324812 0.000000 0.000000 0.000000 0.000000 0.000003 0.000000 0.000000 0.000000 0.000000 0.000000 0.001024 0.000000
 0.000000 0.008732 0.000000 0.209077 0.000004 0.202033 0.056314 0.000000 0.000000 0.000000 0.000000 0.000000 0.213309 0.000000 0.000000 0.000000 0.000029 0.265314 0.037977 0.007211
 0.197788 0.000000 0.000000 0.000000 0.000000 0.000000 0.000000 0.000000 0.000000 0.000000 0.000000 0.384029 0.000000 0.379648 0.034165 0.000000 0.004370 0.000000 0.000000 0.000000
 0.000000 0.000000 0.494062 0.000000 0.000000 0.000000 0.000000 0.000000 0.000000 0.000000 0.494035 0.000000 0.000000 0.000000 0.003121 0.000000 0.008782 0.000000 0.000000 0.000000
 0.000000 0.002645 0.000000 0.031264 0.240078 0.088564 0.285718 0.000000 0.000002 0.225132 0.000000 0.000000 0.000000 0.000000 0.000000 0.000000 0.000000 0.000017 0.126581 0.000000
 0.286028 0.195837 0.000000 0.000000 0.000000 0.000000 0.000000 0.230865 0.000000 0.000000 0.287270 0.000000 0.000000 0.000000 0.000000 0.000000 0.000000 0.000000 0.000000 0.000000
 0.477262 0.000000 0.000000 0.000000 0.000000 0.000000 0.000000 0.477243 0.000000 0.000000 0.042479 0.003016 0.000000 0.000000 0.000000 0.000000 0.000000 0.000000 0.000000 0.000000
 0.000000 0.000000 0.500000 0.000000 0.000000 0.000000 0.000000 0.000000 0.000000 0.000000 0.000000 0.000000 0.000000 0.000000 0.000000 0.000000 0.000000 0.000000 0.000000 0.500000
 0.000000 0.000578 0.000000 0.000000 0.000000 0.000000 0.000000 0.000000 0.000000 0.000053 0.005606 0.008759 0.000000 0.000000 0.000000 0.000000 0.000000 0.492371 0.000000 0.492633
 0.000000 0.306826 0.000000 0.000000 0.000000 0.000000 0.000000 0.000000 0.000000 0.341001 0.000000 0.000000 0.000021 0.000000 0.000000 0.000000 0.352017 0.000000 0.000135 0.000000
 0.000000 0.361841 0.000000 0.000000 0.064392 0.363240 0.000035 0.000000 0.001076 0.050330 0.000000 0.000000 0.158945 0.000000 0.000000 0.000000 0.000000 0.000140 0.000000 0.000000
 0.000000 0.000000 0.000000 0.000000 0.000000 0.000000 0.000000 0.000000 0.000000 0.012985 0.000000 0.000000 0.000000 0.000000 0.000000 0.493558 0.493457 0.000000 0.000000 0.000000
the mean of prob-rank is 1.6842105263157894
the number of false negetive edges is 0
the number of probability greater than 0 is 5.5/edge
