20
 0.000000 0.000000 0.000000 0.000000 0.000000 0.000000 0.000000 0.000000 0.500000 0.000000 0.000000 0.000000 0.500000 0.000000 0.000000 0.000000 0.000000 0.000000 0.000000 0.000000
 0.000000 0.000000 0.000000 0.000000 0.000000 0.500002 0.000000 0.000000 0.000000 0.000000 0.000000 0.000000 0.000000 0.499998 0.000000 0.000000 0.000000 0.000000 0.000000 0.000000
 0.000000 0.000000 0.000000 0.000000 0.000000 0.000000 0.499732 0.000000 0.000000 0.000000 0.000000 0.499678 0.000000 0.000000 0.000000 0.000000 0.000000 0.000000 0.000590 0.000000
 0.000000 0.000000 0.000000 0.000000 0.000000 0.000000 0.000000 0.000000 0.000000 0.000000 0.000000 0.000000 0.347958 0.282897 0.362630 0.000000 0.006515 0.000000 0.000000 0.000000
 0.000000 0.000000 0.000000 0.000000 0.000000 0.000000 0.000000 0.393524 0.000000 0.000000 0.000000 0.000000 0.000000 0.000000 0.000000 0.390702 0.000000 0.000000 0.215774 0.000000
 0.000000 0.500043 0.000000 0.000000 0.000000 0.000000 0.000000 0.000000 0.000000 0.000000 0.000000 0.000000 0.000000 0.000000 0.000000 0.000000 0.499957 0.000000 0.000000 0.000000
 0.000000 0.000000 0.500000 0.000000 0.000000 0.000000 0.000000 0.000000 0.500000 0.000000 0.000000 0.000001 0.000000 0.000000 0.000000 0.000000 0.000000 0.000000 0.000000 0.000000
 0.000000 0.000000 0.000000 0.000000 0.361208 0.000000 0.000000 0.000000 0.000000 0.000000 0.000000 0.000000 0.000000 0.000000 0.000000 0.029444 0.000000 0.000000 0.358715 0.250633
 0.500000 0.000000 0.000000 0.000000 0.000000 0.000000 0.500000 0.000000 0.000000 0.000000 0.000000 0.000000 0.000000 0.000000 0.000000 0.000000 0.000000 0.000000 0.000000 0.000000
 0.000000 0.000000 0.000000 0.000000 0.000000 0.000000 0.000000 0.000000 0.000000 0.000000 0.500000 0.000000 0.000000 0.000000 0.000000 0.000000 0.000000 0.500000 0.000000 0.000000
 0.000000 0.000000 0.000000 0.000000 0.000000 0.000000 0.000000 0.000000 0.000000 0.500010 0.000000 0.000000 0.000000 0.000000 0.000000 0.000000 0.499990 0.000000 0.000000 0.000000
 0.000000 0.000000 0.381929 0.000000 0.000000 0.000000 0.000001 0.000000 0.000000 0.000000 0.000000 0.000000 0.000000 0.000000 0.000000 0.000000 0.000000 0.000000 0.238388 0.379683
 0.372618 0.000000 0.000000 0.357542 0.000000 0.000000 0.000000 0.000000 0.000000 0.000000 0.000000 0.000000 0.000000 0.000000 0.269840 0.000000 0.000000 0.000000 0.000000 0.000000
 0.000000 0.351306 0.000000 0.274066 0.000000 0.000000 0.000000 0.000000 0.000000 0.000000 0.000000 0.000000 0.000000 0.000000 0.346941 0.000000 0.027687 0.000000 0.000000 0.000000
 0.000000 0.000000 0.000000 0.368767 0.000000 0.000000 0.000000 0.000000 0.000000 0.000000 0.000000 0.000000 0.267051 0.364182 0.000000 0.000000 0.000000 0.000000 0.000000 0.000000
 0.000000 0.000000 0.000000 0.000000 0.478622 0.000000 0.000000 0.039298 0.000000 0.000000 0.000000 0.000000 0.000000 0.000000 0.000000 0.000000 0.000000 0.482080 0.000000 0.000000
 0.000000 0.000000 0.000000 0.008570 0.000000 0.476889 0.000000 0.000000 0.000000 0.000000 0.476951 0.000000 0.000000 0.037590 0.000000 0.000000 0.000000 0.000000 0.000000 0.000000
 0.000000 0.000000 0.000000 0.000000 0.000000 0.000000 0.000000 0.000000 0.000000 0.500000 0.000000 0.000000 0.000000 0.000000 0.000000 0.500000 0.000000 0.000000 0.000000 0.000000
 0.000000 0.000000 0.000373 0.000000 0.173149 0.000000 0.000000 0.313608 0.000000 0.000000 0.000000 0.197083 0.000000 0.000000 0.000000 0.000000 0.000000 0.000000 0.000000 0.315787
 0.000000 0.000000 0.000000 0.000000 0.000000 0.000000 0.000000 0.258149 0.000000 0.000000 0.000000 0.369812 0.000000 0.000000 0.000000 0.000000 0.000000 0.000000 0.372039 0.000000
the mean of prob-rank is 1.4210526315789473
the number of false negetive edges is 0
the number of probability greater than 0 is 2.9/edge
