20
 0.000000 0.000000 0.307945 0.000000 0.000000 0.000000 0.000000 0.000000 0.000000 0.334361 0.000000 0.000000 0.000000 0.000000 0.357694 0.000000 0.000000 0.000000 0.000000 0.000000
 0.000000 0.000000 0.000000 0.028472 0.000000 0.000000 0.041861 0.000000 0.000000 0.000000 0.000000 0.000000 0.000000 0.000000 0.000000 0.465123 0.000000 0.000000 0.464544 0.000000
 0.302241 0.000000 0.000000 0.000000 0.000000 0.349123 0.000000 0.000000 0.000000 0.348636 0.000000 0.000000 0.000000 0.000000 0.000000 0.000000 0.000000 0.000000 0.000000 0.000000
 0.000000 0.029376 0.000000 0.000000 0.000000 0.000000 0.478553 0.000000 0.000000 0.000000 0.000000 0.000000 0.479923 0.000000 0.000000 0.007096 0.000000 0.000000 0.005052 0.000000
 0.000000 0.000000 0.000000 0.000000 0.000000 0.000000 0.000000 0.500000 0.500000 0.000000 0.000000 0.000000 0.000000 0.000000 0.000000 0.000000 0.000000 0.000000 0.000000 0.000000
 0.000000 0.000000 0.440166 0.000000 0.000000 0.000000 0.000000 0.000000 0.000000 0.116176 0.000000 0.000000 0.000000 0.000000 0.000000 0.000000 0.443658 0.000000 0.000000 0.000000
 0.000000 0.043112 0.000000 0.477667 0.000000 0.000000 0.000000 0.000000 0.000000 0.000000 0.000000 0.000000 0.000187 0.000000 0.000000 0.000000 0.000000 0.000000 0.479035 0.000000
 0.000000 0.000000 0.000000 0.000000 0.496854 0.000000 0.000000 0.000000 0.002064 0.000000 0.474664 0.026419 0.000000 0.000000 0.000000 0.000000 0.000000 0.000000 0.000000 0.000000
 0.000000 0.000000 0.000000 0.000000 0.498964 0.000000 0.000000 0.002072 0.000000 0.000000 0.000000 0.000000 0.000000 0.000000 0.000000 0.000000 0.000000 0.498963 0.000000 0.000000
 0.323818 0.000000 0.344014 0.000000 0.000000 0.090925 0.000000 0.000000 0.000000 0.000000 0.241243 0.000000 0.000000 0.000000 0.000000 0.000000 0.000000 0.000000 0.000000 0.000000
 0.000000 0.000000 0.000000 0.000000 0.000000 0.000000 0.000000 0.355167 0.000000 0.258280 0.000000 0.371736 0.000000 0.000000 0.014817 0.000000 0.000000 0.000000 0.000000 0.000000
 0.000000 0.000000 0.000000 0.000000 0.000000 0.000000 0.000000 0.025899 0.000000 0.000000 0.487028 0.000000 0.000000 0.000000 0.487073 0.000000 0.000000 0.000000 0.000000 0.000000
 0.000000 0.000000 0.000000 0.499902 0.000000 0.000000 0.000195 0.000000 0.000000 0.000000 0.000000 0.000000 0.000000 0.000000 0.000000 0.000000 0.000000 0.000000 0.000000 0.499903
 0.000000 0.000000 0.000000 0.000000 0.000000 0.000000 0.000000 0.000000 0.000000 0.000000 0.000000 0.000000 0.000000 0.000000 0.000000 0.000000 0.000000 0.499999 0.000000 0.500001
 0.489621 0.000000 0.000000 0.000000 0.000000 0.000000 0.000000 0.000000 0.000000 0.000000 0.019561 0.490796 0.000000 0.000000 0.000000 0.000000 0.000022 0.000000 0.000000 0.000000
 0.000000 0.495631 0.000000 0.007328 0.000000 0.000000 0.000000 0.000000 0.000000 0.000000 0.000000 0.000000 0.000000 0.000000 0.000000 0.000000 0.495615 0.000000 0.001426 0.000000
 0.000000 0.000000 0.000000 0.000000 0.000000 0.488928 0.000000 0.000000 0.000000 0.000000 0.000000 0.000000 0.000000 0.000000 0.000022 0.488916 0.000000 0.000000 0.022134 0.000000
 0.000000 0.000000 0.000000 0.000000 0.000000 0.000000 0.000000 0.000000 0.500000 0.000000 0.000000 0.000000 0.000000 0.499999 0.000000 0.000000 0.000000 0.000000 0.000000 0.000000
 0.000000 0.485428 0.000000 0.005116 0.000000 0.000000 0.486055 0.000000 0.000000 0.000000 0.000000 0.000000 0.000000 0.000000 0.000000 0.001398 0.022003 0.000000 0.000000 0.000000
 0.000000 0.000000 0.000000 0.000000 0.000000 0.000000 0.000000 0.000000 0.000000 0.000000 0.000000 0.000000 0.500000 0.500000 0.000000 0.000000 0.000000 0.000000 0.000000 0.000000
the mean of prob-rank is 1.5789473684210527
the number of false negetive edges is 0
the number of probability greater than 0 is 3.4/edge
