20
 0.000000 0.000000 0.000000 0.000000 0.000000 0.000000 0.000000 0.007647 0.000000 0.000000 0.496185 0.000000 0.000000 0.000000 0.000000 0.000000 0.496167 0.000000 0.000000 0.000000
 0.000000 0.000000 0.000000 0.000000 0.000000 0.000000 0.000000 0.000000 0.000000 0.000000 0.000000 0.000000 0.000000 0.000000 0.500000 0.000000 0.000000 0.000000 0.500000 0.000000
 0.000000 0.000000 0.000000 0.000000 0.000000 0.000000 0.370076 0.000000 0.000000 0.000000 0.000000 0.000537 0.000000 0.000000 0.000000 0.286644 0.000000 0.000000 0.000000 0.342742
 0.000000 0.000000 0.000000 0.000000 0.000000 0.000000 0.000000 0.000000 0.500000 0.000000 0.000000 0.000000 0.000000 0.000000 0.500000 0.000000 0.000000 0.000000 0.000000 0.000000
 0.000000 0.000000 0.000000 0.000000 0.000000 0.341998 0.000000 0.000000 0.000000 0.000001 0.000000 0.000000 0.298362 0.359638 0.000000 0.000000 0.000000 0.000000 0.000000 0.000000
 0.000000 0.000000 0.000000 0.000000 0.436765 0.000000 0.000000 0.000000 0.000000 0.002501 0.000000 0.000000 0.000000 0.082529 0.000000 0.000000 0.000000 0.018912 0.459293 0.000000
 0.000000 0.000000 0.302780 0.000000 0.000000 0.000000 0.000000 0.000000 0.000000 0.000000 0.000000 0.263610 0.000000 0.000000 0.000000 0.070324 0.284877 0.000000 0.000000 0.078409
 0.004988 0.000000 0.000000 0.000000 0.000000 0.000000 0.000000 0.000000 0.000000 0.323293 0.321693 0.000000 0.129699 0.220328 0.000000 0.000000 0.000000 0.000000 0.000000 0.000000
 0.000000 0.000000 0.000000 0.406392 0.000000 0.000000 0.000000 0.000000 0.000000 0.000000 0.000000 0.000000 0.000000 0.000000 0.000000 0.000000 0.000000 0.402835 0.000000 0.190773
 0.000000 0.000000 0.000000 0.000000 0.000002 0.002247 0.000000 0.412205 0.000000 0.000000 0.000000 0.000000 0.410268 0.000000 0.000000 0.000004 0.000000 0.175275 0.000000 0.000000
 0.395071 0.000000 0.000000 0.000000 0.000000 0.000000 0.000000 0.392684 0.000000 0.000000 0.000000 0.212245 0.000000 0.000000 0.000000 0.000000 0.000000 0.000000 0.000000 0.000000
 0.000000 0.000000 0.000440 0.000000 0.000000 0.000000 0.264035 0.000000 0.000000 0.000000 0.162926 0.000000 0.000000 0.000000 0.000000 0.301257 0.271342 0.000000 0.000000 0.000000
 0.000000 0.000000 0.000000 0.000000 0.257955 0.000000 0.000000 0.124603 0.000000 0.309131 0.000000 0.000000 0.000000 0.308311 0.000000 0.000000 0.000000 0.000000 0.000000 0.000000
 0.000000 0.000000 0.000000 0.000000 0.350629 0.063004 0.000000 0.238695 0.000000 0.000000 0.000000 0.000000 0.347673 0.000000 0.000000 0.000000 0.000000 0.000000 0.000000 0.000000
 0.000000 0.500000 0.000000 0.500000 0.000000 0.000000 0.000000 0.000000 0.000000 0.000000 0.000000 0.000000 0.000000 0.000000 0.000000 0.000000 0.000000 0.000000 0.000000 0.000000
 0.000000 0.000000 0.221520 0.000000 0.000000 0.000000 0.066425 0.000000 0.000000 0.000003 0.000000 0.284099 0.000000 0.000000 0.000000 0.000000 0.000000 0.161201 0.000000 0.266752
 0.352651 0.000000 0.000000 0.000000 0.000000 0.000000 0.331811 0.000000 0.000000 0.000000 0.000000 0.315538 0.000000 0.000000 0.000000 0.000000 0.000000 0.000000 0.000000 0.000000
 0.000000 0.000000 0.000000 0.000000 0.000000 0.013707 0.000000 0.000000 0.329959 0.141386 0.000000 0.000000 0.000000 0.000000 0.000000 0.187623 0.000000 0.000000 0.000000 0.327326
 0.000000 0.500000 0.000000 0.000000 0.000000 0.500000 0.000000 0.000000 0.000000 0.000000 0.000000 0.000000 0.000000 0.000000 0.000000 0.000000 0.000000 0.000000 0.000000 0.000000
 0.000000 0.000000 0.259380 0.000000 0.000000 0.000000 0.072527 0.000000 0.131472 0.000000 0.000000 0.000000 0.000000 0.000000 0.000000 0.261221 0.000000 0.275400 0.000000 0.000000
the mean of prob-rank is 2.0526315789473686
the number of false negetive edges is 0
the number of probability greater than 0 is 3.9/edge
