20
 0.000000 0.000000 0.000000 0.000000 0.000000 0.495850 0.000000 0.000000 0.000000 0.495908 0.000000 0.000000 0.000000 0.005622 0.000000 0.000000 0.000000 0.002105 0.000000 0.000515
 0.000000 0.000000 0.000000 0.000000 0.309350 0.000000 0.000000 0.000000 0.000000 0.000000 0.000002 0.000007 0.000000 0.245284 0.258782 0.000000 0.001117 0.000000 0.000000 0.185459
 0.000000 0.000000 0.000000 0.203916 0.000000 0.000000 0.000000 0.396971 0.000000 0.000000 0.000000 0.000000 0.398905 0.000000 0.000000 0.000208 0.000000 0.000000 0.000000 0.000000
 0.000000 0.000000 0.204042 0.000000 0.000000 0.000000 0.000000 0.399378 0.000000 0.000000 0.396580 0.000000 0.000000 0.000000 0.000000 0.000000 0.000000 0.000000 0.000000 0.000000
 0.000000 0.435212 0.000000 0.000000 0.000000 0.000000 0.000000 0.000000 0.000000 0.000000 0.000000 0.436775 0.000000 0.000000 0.000000 0.000000 0.000000 0.000000 0.000000 0.128013
 0.484331 0.000000 0.000000 0.000000 0.000000 0.000000 0.000000 0.000000 0.000000 0.003170 0.000000 0.000000 0.000000 0.028111 0.000000 0.000000 0.000000 0.484388 0.000000 0.000000
 0.000000 0.000000 0.000000 0.000000 0.000000 0.000000 0.000000 0.000000 0.500000 0.000000 0.500000 0.000000 0.000000 0.000000 0.000000 0.000000 0.000000 0.000000 0.000000 0.000000
 0.000000 0.000000 0.415340 0.417601 0.000000 0.000000 0.000000 0.000000 0.000000 0.000000 0.166951 0.000000 0.000109 0.000000 0.000000 0.000000 0.000000 0.000000 0.000000 0.000000
 0.000000 0.000000 0.000000 0.000000 0.000000 0.000000 0.500000 0.000000 0.000000 0.000000 0.000000 0.000000 0.000000 0.000000 0.000000 0.000000 0.000000 0.000000 0.500000 0.000000
 0.489442 0.000000 0.000000 0.000000 0.000000 0.003204 0.000000 0.000000 0.000000 0.000000 0.000000 0.000000 0.000000 0.000000 0.000000 0.000000 0.000000 0.017957 0.000000 0.489397
 0.000000 0.000002 0.000000 0.414971 0.000000 0.000000 0.417957 0.167070 0.000000 0.000000 0.000000 0.000000 0.000000 0.000000 0.000000 0.000000 0.000000 0.000000 0.000000 0.000000
 0.000000 0.000011 0.000000 0.000000 0.499995 0.000000 0.000000 0.000000 0.000000 0.000000 0.000000 0.000000 0.000000 0.000000 0.000000 0.000000 0.499995 0.000000 0.000000 0.000000
 0.000000 0.000000 0.486306 0.000000 0.000000 0.000000 0.000000 0.000127 0.000000 0.000000 0.000000 0.000000 0.000000 0.000000 0.027204 0.486364 0.000000 0.000000 0.000000 0.000000
 0.003002 0.209227 0.000000 0.000000 0.000000 0.015369 0.000000 0.000000 0.000000 0.000000 0.000000 0.000000 0.000000 0.000000 0.250037 0.000000 0.000000 0.260897 0.000000 0.261469
 0.000000 0.254481 0.000000 0.000000 0.000000 0.000000 0.000000 0.000000 0.000000 0.000000 0.000000 0.000000 0.017066 0.288255 0.000000 0.303923 0.000000 0.136275 0.000000 0.000000
 0.000000 0.000000 0.000239 0.000000 0.000000 0.000000 0.000000 0.000000 0.000000 0.000000 0.000000 0.000000 0.459286 0.000000 0.457483 0.000000 0.000000 0.082992 0.000000 0.000000
 0.000000 0.001795 0.000000 0.000000 0.000000 0.000000 0.000000 0.000000 0.000000 0.000000 0.000000 0.499102 0.000000 0.000000 0.000000 0.000000 0.000000 0.000000 0.499102 0.000000
 0.001600 0.000000 0.000000 0.000000 0.000000 0.376922 0.000000 0.000000 0.000000 0.013829 0.000000 0.000000 0.000000 0.371336 0.168245 0.068069 0.000000 0.000000 0.000000 0.000000
 0.000000 0.000000 0.000000 0.000000 0.000000 0.000000 0.000000 0.000000 0.500000 0.000000 0.000000 0.000000 0.000000 0.000000 0.000000 0.000000 0.500000 0.000000 0.000000 0.000000
 0.000361 0.207510 0.000000 0.000000 0.101811 0.000000 0.000000 0.000000 0.000000 0.347343 0.000000 0.000000 0.000000 0.342975 0.000000 0.000000 0.000000 0.000000 0.000000 0.000000
the mean of prob-rank is 1.736842105263158
the number of false negetive edges is 0
the number of probability greater than 0 is 4.0/edge
