20
 0.000000 0.000000 0.000000 0.000000 0.000000 0.000000 0.000000 0.000000 0.000000 0.000000 0.255095 0.093461 0.000000 0.000000 0.312805 0.000000 0.000000 0.000000 0.338638 0.000000
 0.000000 0.000000 0.000000 0.000000 0.000000 0.498339 0.000000 0.003304 0.000000 0.000000 0.000000 0.000000 0.000000 0.498337 0.000020 0.000000 0.000000 0.000000 0.000000 0.000000
 0.000000 0.000000 0.000000 0.000000 0.000000 0.340753 0.000000 0.000000 0.000000 0.000000 0.000000 0.000000 0.000000 0.000000 0.284460 0.000000 0.029358 0.345430 0.000000 0.000000
 0.000000 0.000000 0.000000 0.000000 0.000000 0.000000 0.000000 0.000000 0.000000 0.000000 0.000000 0.000000 0.500000 0.000000 0.000000 0.500000 0.000000 0.000000 0.000000 0.000000
 0.000000 0.000000 0.000000 0.000000 0.000000 0.000000 0.000000 0.000000 0.000000 0.000000 0.000000 0.000000 0.500001 0.000000 0.000000 0.000000 0.000000 0.000000 0.000000 0.499999
 0.000000 0.342403 0.337684 0.000000 0.000000 0.000000 0.000000 0.000000 0.000000 0.000000 0.000000 0.000000 0.000000 0.000000 0.014892 0.000000 0.284806 0.020215 0.000000 0.000000
 0.000000 0.000000 0.000000 0.000000 0.000000 0.000000 0.000000 0.500000 0.000000 0.000000 0.000000 0.000000 0.000000 0.000000 0.000000 0.500000 0.000000 0.000000 0.000000 0.000000
 0.000000 0.003304 0.000000 0.000000 0.000000 0.000000 0.498355 0.000000 0.000000 0.000000 0.000000 0.000000 0.000000 0.498341 0.000000 0.000000 0.000000 0.000000 0.000000 0.000000
 0.000000 0.000000 0.000000 0.000000 0.000000 0.000000 0.000000 0.000000 0.000000 0.499995 0.000000 0.000000 0.000000 0.000004 0.000000 0.000000 0.000000 0.000000 0.000000 0.500001
 0.000000 0.000000 0.000000 0.000000 0.000000 0.000000 0.000000 0.000000 0.499951 0.000000 0.000000 0.000091 0.000000 0.000000 0.000000 0.000000 0.000000 0.000000 0.499957 0.000000
 0.278205 0.000000 0.000000 0.000000 0.000000 0.000000 0.000000 0.000000 0.000000 0.000000 0.000000 0.369295 0.000000 0.000000 0.352500 0.000000 0.000000 0.000000 0.000000 0.000000
 0.093211 0.000000 0.000000 0.000000 0.000000 0.000000 0.000000 0.000000 0.000000 0.000062 0.337710 0.000000 0.000000 0.000000 0.308807 0.000000 0.260202 0.000004 0.000004 0.000000
 0.000000 0.000000 0.000000 0.500000 0.500000 0.000000 0.000000 0.000000 0.000000 0.000000 0.000000 0.000000 0.000000 0.000000 0.000000 0.000000 0.000000 0.000000 0.000000 0.000000
 0.000000 0.500002 0.000000 0.000000 0.000000 0.000000 0.000000 0.499993 0.000004 0.000000 0.000000 0.000000 0.000000 0.000000 0.000000 0.000000 0.000000 0.000000 0.000000 0.000000
 0.236932 0.000010 0.211173 0.000000 0.000000 0.011156 0.000000 0.000000 0.000000 0.000000 0.244820 0.234533 0.000000 0.000000 0.000000 0.000000 0.033047 0.028330 0.000000 0.000000
 0.000000 0.000000 0.000000 0.500000 0.000000 0.000000 0.500000 0.000000 0.000000 0.000000 0.000000 0.000000 0.000000 0.000000 0.000000 0.000000 0.000000 0.000000 0.000000 0.000000
 0.000000 0.000000 0.030173 0.000000 0.000000 0.295374 0.000000 0.000000 0.000000 0.000000 0.000000 0.273592 0.000000 0.000000 0.045751 0.000000 0.000000 0.355110 0.000000 0.000000
 0.000000 0.000000 0.460874 0.000000 0.000000 0.027216 0.000000 0.000000 0.000000 0.000000 0.000000 0.000006 0.000000 0.000000 0.050915 0.000000 0.460989 0.000000 0.000000 0.000000
 0.499997 0.000000 0.000000 0.000000 0.000000 0.000000 0.000000 0.000000 0.000000 0.499997 0.000000 0.000006 0.000000 0.000000 0.000000 0.000000 0.000000 0.000000 0.000000 0.000000
 0.000000 0.000000 0.000000 0.000000 0.499999 0.000000 0.000000 0.000000 0.500001 0.000000 0.000000 0.000000 0.000000 0.000000 0.000000 0.000000 0.000000 0.000000 0.000000 0.000000
the mean of prob-rank is 1.736842105263158
the number of false negetive edges is 0
the number of probability greater than 0 is 3.6/edge
