20
 0.000000 0.000000 0.000000 0.500018 0.000000 0.000000 0.000000 0.000016 0.000000 0.000000 0.000000 0.000000 0.499958 0.000006 0.000000 0.000000 0.000000 0.000002 0.000000 0.000000
 0.000000 0.000000 0.022801 0.000000 0.438179 0.000856 0.000000 0.000017 0.000000 0.046144 0.000000 0.438591 0.000000 0.006342 0.000000 0.000008 0.045438 0.000000 0.001624 0.000000
 0.000000 0.019586 0.000000 0.000000 0.000000 0.376769 0.000000 0.000000 0.000000 0.000000 0.000000 0.366620 0.000000 0.000000 0.000000 0.235730 0.000000 0.000000 0.001293 0.000001
 0.424671 0.000000 0.000000 0.000000 0.000000 0.000000 0.000000 0.031715 0.000000 0.000000 0.000000 0.000000 0.000000 0.417269 0.000000 0.000000 0.000000 0.126345 0.000000 0.000000
 0.000000 0.427137 0.000000 0.000000 0.000000 0.000000 0.427722 0.000000 0.000000 0.000000 0.000000 0.000000 0.000000 0.000000 0.000000 0.000000 0.145141 0.000000 0.000000 0.000000
 0.000000 0.000798 0.408820 0.000000 0.000000 0.000000 0.000000 0.000000 0.000000 0.000000 0.044245 0.000086 0.000000 0.000000 0.000005 0.135072 0.000044 0.000000 0.408241 0.002688
 0.000000 0.000000 0.000000 0.000000 0.499999 0.000000 0.000000 0.000000 0.000000 0.500001 0.000000 0.000000 0.000000 0.000000 0.000000 0.000000 0.000000 0.000000 0.000000 0.000000
 0.000013 0.000015 0.000000 0.029371 0.000000 0.000000 0.000000 0.000000 0.186093 0.000425 0.000000 0.000589 0.000003 0.392349 0.000000 0.000000 0.000000 0.391141 0.000000 0.000000
 0.000000 0.000000 0.000000 0.000000 0.000000 0.000000 0.000000 0.192501 0.000000 0.400692 0.000000 0.000000 0.000000 0.000178 0.000000 0.000000 0.000000 0.406628 0.000000 0.000000
 0.000000 0.049437 0.000000 0.000000 0.000000 0.000000 0.470090 0.000508 0.462996 0.000000 0.000000 0.000000 0.000000 0.011895 0.000000 0.000000 0.000000 0.005074 0.000000 0.000000
 0.000000 0.000000 0.000000 0.000000 0.000000 0.040559 0.000000 0.000000 0.000000 0.000000 0.000000 0.000000 0.000000 0.000000 0.000000 0.009560 0.374896 0.000000 0.259907 0.315078
 0.000000 0.404278 0.393417 0.000000 0.000000 0.000085 0.000000 0.000606 0.000000 0.000000 0.000000 0.000000 0.000084 0.192230 0.000000 0.009279 0.000002 0.000000 0.000019 0.000000
 0.356848 0.000000 0.000000 0.000000 0.000000 0.000000 0.000000 0.000003 0.000000 0.000000 0.000000 0.000074 0.000000 0.097098 0.000127 0.268957 0.000000 0.000000 0.000000 0.276893
 0.000004 0.005220 0.000000 0.354856 0.000000 0.000000 0.000000 0.360287 0.000158 0.009138 0.000000 0.171648 0.098257 0.000000 0.000000 0.000033 0.000000 0.000397 0.000000 0.000000
 0.000000 0.000000 0.000000 0.000000 0.000000 0.000007 0.000000 0.000000 0.000000 0.000000 0.000000 0.000000 0.000178 0.000000 0.000000 0.499907 0.000000 0.000000 0.000000 0.499908
 0.000000 0.000006 0.226704 0.000000 0.000000 0.119716 0.000000 0.000000 0.000000 0.000000 0.009243 0.008316 0.273164 0.000033 0.362472 0.000000 0.000000 0.000000 0.000272 0.000073
 0.000000 0.042671 0.000000 0.000000 0.139826 0.000044 0.000000 0.000000 0.000000 0.000000 0.412062 0.000002 0.000000 0.000000 0.000000 0.000000 0.000000 0.000000 0.405395 0.000000
 0.000002 0.000000 0.000000 0.129160 0.000000 0.000000 0.000000 0.431761 0.433915 0.004686 0.000000 0.000000 0.000000 0.000477 0.000000 0.000000 0.000000 0.000000 0.000000 0.000000
 0.000000 0.001379 0.001279 0.000000 0.000000 0.372020 0.000000 0.000000 0.000000 0.000000 0.258372 0.000017 0.000000 0.000000 0.000000 0.000280 0.366652 0.000000 0.000000 0.000000
 0.000000 0.000000 0.000001 0.000000 0.000000 0.002506 0.000000 0.000000 0.000000 0.000000 0.320404 0.000000 0.295780 0.000000 0.381232 0.000077 0.000000 0.000000 0.000000 0.000000
the mean of prob-rank is 1.9473684210526316
the number of false negetive edges is 0
the number of probability greater than 0 is 6.3/edge
