20
 0.000000 0.000000 0.000000 0.000000 0.000000 0.000000 0.000000 0.000000 0.499999 0.000000 0.000000 0.000000 0.000000 0.500001 0.000000 0.000000 0.000000 0.000000 0.000000 0.000000
 0.000000 0.000000 0.000000 0.000000 0.499992 0.000000 0.000000 0.000003 0.000000 0.000000 0.000000 0.000000 0.499997 0.000008 0.000000 0.000000 0.000000 0.000000 0.000000 0.000000
 0.000000 0.000000 0.000000 0.000000 0.000000 0.000000 0.000000 0.000000 0.000000 0.000000 0.000000 0.443946 0.000002 0.435845 0.000000 0.000000 0.000000 0.120207 0.000000 0.000000
 0.000000 0.000000 0.000000 0.000000 0.000000 0.000000 0.000000 0.344716 0.000000 0.000000 0.322731 0.000000 0.000327 0.000000 0.332223 0.000000 0.000000 0.000000 0.000000 0.000003
 0.000000 0.499969 0.000000 0.000000 0.000000 0.000000 0.000005 0.499807 0.000096 0.000000 0.000000 0.000000 0.000122 0.000000 0.000000 0.000000 0.000000 0.000000 0.000000 0.000000
 0.000000 0.000000 0.000000 0.000000 0.000000 0.000000 0.000000 0.000000 0.000000 0.000000 0.000000 0.000000 0.493833 0.000000 0.001655 0.000000 0.010591 0.493921 0.000000 0.000000
 0.000000 0.000000 0.000000 0.000000 0.000005 0.000000 0.000000 0.000000 0.000000 0.000000 0.000000 0.000000 0.000000 0.000000 0.000000 0.499997 0.000000 0.000000 0.499997 0.000000
 0.000000 0.000003 0.000000 0.499746 0.499580 0.000000 0.000000 0.000000 0.000000 0.000000 0.000176 0.000000 0.000495 0.000000 0.000000 0.000000 0.000000 0.000000 0.000000 0.000000
 0.499951 0.000000 0.000000 0.000000 0.000096 0.000000 0.000000 0.000000 0.000000 0.499953 0.000000 0.000000 0.000000 0.000000 0.000000 0.000000 0.000000 0.000000 0.000000 0.000000
 0.000000 0.000000 0.000000 0.000000 0.000000 0.000000 0.000000 0.000000 0.500004 0.000000 0.000000 0.000000 0.000000 0.000000 0.000000 0.499996 0.000000 0.000000 0.000000 0.000000
 0.000000 0.000000 0.000000 0.277149 0.000000 0.000000 0.000000 0.000104 0.000000 0.000000 0.000000 0.000000 0.000000 0.000000 0.277273 0.000000 0.246617 0.000000 0.000000 0.198857
 0.000000 0.000000 0.464526 0.000000 0.000000 0.000000 0.000000 0.000000 0.000000 0.000000 0.000000 0.000000 0.000000 0.072862 0.000000 0.000000 0.000000 0.462612 0.000000 0.000000
 0.000000 0.499498 0.000002 0.000474 0.000122 0.499409 0.000000 0.000495 0.000000 0.000000 0.000000 0.000000 0.000000 0.000000 0.000000 0.000000 0.000000 0.000000 0.000000 0.000000
 0.467591 0.000007 0.459059 0.000000 0.000000 0.000000 0.000000 0.000000 0.000000 0.000000 0.000000 0.073342 0.000000 0.000000 0.000000 0.000000 0.000000 0.000000 0.000000 0.000000
 0.000000 0.000000 0.000000 0.331902 0.000000 0.001154 0.000000 0.000000 0.000000 0.000000 0.322563 0.000000 0.000000 0.000000 0.000000 0.000000 0.344382 0.000000 0.000000 0.000000
 0.000000 0.000000 0.000000 0.000000 0.000000 0.000000 0.500002 0.000000 0.000000 0.499998 0.000000 0.000000 0.000000 0.000000 0.000000 0.000000 0.000000 0.000000 0.000000 0.000000
 0.000000 0.000000 0.000000 0.000000 0.000000 0.007581 0.000000 0.000000 0.000000 0.000000 0.294546 0.000000 0.000000 0.000000 0.353560 0.000000 0.000000 0.000000 0.000000 0.344312
 0.000000 0.000000 0.119458 0.000000 0.000000 0.441180 0.000000 0.000000 0.000000 0.000000 0.000000 0.439362 0.000000 0.000000 0.000000 0.000000 0.000000 0.000000 0.000000 0.000000
 0.000000 0.000000 0.000000 0.000000 0.000000 0.000000 0.499998 0.000000 0.000000 0.000000 0.000000 0.000000 0.000000 0.000000 0.000000 0.000000 0.000000 0.000000 0.000000 0.500001
 0.000000 0.000000 0.000000 0.000004 0.000000 0.000000 0.000000 0.000000 0.000000 0.000000 0.253912 0.000000 0.000000 0.000000 0.000000 0.000000 0.368098 0.000000 0.377986 0.000000
the mean of prob-rank is 1.631578947368421
the number of false negetive edges is 0
the number of probability greater than 0 is 3.7/edge
