20
 0.000000 0.000000 0.000000 0.000024 0.000000 0.000000 0.000000 0.000000 0.000000 0.000000 0.499989 0.000000 0.000000 0.499987 0.000000 0.000000 0.000000 0.000000 0.000000 0.000000
 0.000000 0.000000 0.000000 0.000000 0.000000 0.000000 0.000000 0.000000 0.000000 0.319362 0.002494 0.000000 0.000000 0.358470 0.000000 0.000000 0.000000 0.000000 0.319673 0.000000
 0.000000 0.000000 0.000000 0.500000 0.000000 0.000000 0.500000 0.000000 0.000000 0.000000 0.000000 0.000000 0.000000 0.000000 0.000000 0.000000 0.000000 0.000000 0.000000 0.000000
 0.000024 0.000000 0.499995 0.000000 0.000000 0.000000 0.000000 0.000000 0.000000 0.000000 0.499981 0.000000 0.000000 0.000000 0.000000 0.000000 0.000000 0.000000 0.000000 0.000000
 0.000000 0.000000 0.000000 0.000000 0.000000 0.000000 0.000000 0.497215 0.000000 0.000000 0.000000 0.000000 0.000000 0.000000 0.000000 0.000000 0.000000 0.000000 0.005619 0.497166
 0.000000 0.000000 0.000000 0.000000 0.000000 0.000000 0.000193 0.000000 0.495471 0.000000 0.000000 0.000000 0.008849 0.000000 0.000000 0.000000 0.495487 0.000000 0.000000 0.000000
 0.000000 0.000000 0.499930 0.000000 0.000000 0.000194 0.000000 0.000000 0.000000 0.000000 0.000000 0.000000 0.000000 0.000000 0.000000 0.499876 0.000000 0.000000 0.000000 0.000000
 0.000000 0.000000 0.000000 0.000000 0.367297 0.000000 0.000000 0.000000 0.000000 0.270269 0.000000 0.000000 0.000000 0.000000 0.000000 0.000000 0.000000 0.000000 0.362433 0.000000
 0.000000 0.000000 0.000000 0.000000 0.000000 0.493712 0.000000 0.000000 0.000000 0.000000 0.000000 0.000000 0.493728 0.000000 0.000000 0.012561 0.000000 0.000000 0.000000 0.000000
 0.000000 0.339079 0.000000 0.000000 0.000000 0.000000 0.000000 0.280222 0.000000 0.000000 0.000078 0.000000 0.000000 0.000000 0.000000 0.000000 0.000000 0.000000 0.380621 0.000000
 0.498224 0.003465 0.000000 0.498209 0.000000 0.000000 0.000000 0.000000 0.000000 0.000102 0.000000 0.000000 0.000000 0.000000 0.000000 0.000000 0.000000 0.000000 0.000000 0.000000
 0.000000 0.000000 0.000000 0.000000 0.000000 0.000000 0.000000 0.000000 0.000000 0.000000 0.000000 0.000000 0.000000 0.000000 0.000000 0.000000 0.000000 0.500000 0.000000 0.500000
 0.000000 0.000000 0.000000 0.000000 0.000000 0.008851 0.000000 0.000000 0.495592 0.000000 0.000000 0.000000 0.000000 0.000000 0.000000 0.495557 0.000000 0.000000 0.000000 0.000000
 0.499948 0.499656 0.000000 0.000000 0.000000 0.000000 0.000000 0.000000 0.000000 0.000000 0.000000 0.000000 0.000000 0.000000 0.000000 0.000396 0.000000 0.000000 0.000000 0.000000
 0.000000 0.000000 0.000000 0.000000 0.000000 0.000000 0.000000 0.000000 0.000000 0.000000 0.000000 0.000000 0.000000 0.000000 0.000000 0.000000 0.500000 0.500000 0.000000 0.000000
 0.000000 0.000000 0.000000 0.000000 0.000000 0.000000 0.493517 0.000000 0.012557 0.000000 0.000000 0.000000 0.493536 0.000391 0.000000 0.000000 0.000000 0.000000 0.000000 0.000000
 0.000000 0.000000 0.000000 0.000000 0.000000 0.500000 0.000000 0.000000 0.000000 0.000000 0.000000 0.000000 0.000000 0.000000 0.500000 0.000000 0.000000 0.000000 0.000000 0.000000
 0.000000 0.000000 0.000000 0.000000 0.000000 0.000000 0.000000 0.000000 0.000000 0.000000 0.000000 0.500000 0.000000 0.000000 0.500000 0.000000 0.000000 0.000000 0.000000 0.000000
 0.000000 0.306411 0.000000 0.000000 0.003885 0.000000 0.000000 0.339247 0.000000 0.343616 0.000000 0.000000 0.000000 0.000000 0.000000 0.000000 0.000000 0.000000 0.000000 0.006840
 0.000000 0.000000 0.000000 0.000000 0.495050 0.000000 0.000000 0.000000 0.000000 0.000000 0.000000 0.495099 0.000000 0.000000 0.000000 0.000000 0.000000 0.000000 0.009850 0.000000
the mean of prob-rank is 1.631578947368421
the number of false negetive edges is 0
the number of probability greater than 0 is 3.1/edge
