20
 0.000000 0.000044 0.000000 0.000000 0.000000 0.000000 0.478264 0.000000 0.478038 0.000000 0.000000 0.000000 0.043572 0.000082 0.000000 0.000000 0.000000 0.000000 0.000000 0.000000
 0.000043 0.000000 0.000000 0.000000 0.000000 0.000000 0.000000 0.000000 0.000000 0.000559 0.000000 0.000000 0.083668 0.457861 0.456477 0.000000 0.000000 0.000000 0.000000 0.001392
 0.000000 0.000000 0.000000 0.000000 0.165441 0.000000 0.000000 0.000000 0.000000 0.000000 0.000000 0.310387 0.000000 0.000000 0.000000 0.000000 0.000000 0.272746 0.251426 0.000000
 0.000000 0.000000 0.000000 0.000000 0.000000 0.000000 0.000000 0.000000 0.000000 0.000000 0.359349 0.000000 0.000000 0.000000 0.000000 0.333831 0.306820 0.000000 0.000000 0.000000
 0.000000 0.000000 0.164142 0.000000 0.000000 0.000000 0.000000 0.000000 0.000000 0.000002 0.000000 0.000051 0.000000 0.000000 0.000000 0.264767 0.285975 0.000000 0.285063 0.000000
 0.000000 0.000000 0.000000 0.000000 0.000000 0.000000 0.000000 0.481491 0.000000 0.000000 0.000000 0.000000 0.000000 0.481424 0.037085 0.000000 0.000000 0.000000 0.000000 0.000000
 0.483433 0.000000 0.000000 0.000000 0.000000 0.000000 0.000000 0.000000 0.000000 0.000000 0.000000 0.000000 0.482160 0.000000 0.000000 0.000000 0.000000 0.013733 0.000000 0.020674
 0.000000 0.000000 0.000000 0.000000 0.000000 0.500000 0.000000 0.000000 0.500000 0.000000 0.000000 0.000000 0.000000 0.000000 0.000000 0.000000 0.000000 0.000000 0.000000 0.000000
 0.490620 0.000000 0.000000 0.000000 0.000000 0.000000 0.000000 0.490852 0.000000 0.000000 0.000000 0.000000 0.000000 0.018528 0.000000 0.000000 0.000000 0.000000 0.000000 0.000000
 0.000000 0.000432 0.000000 0.000000 0.000002 0.000000 0.000000 0.000000 0.000000 0.000000 0.000000 0.000000 0.001284 0.000000 0.000000 0.000000 0.000000 0.349558 0.294727 0.353996
 0.000000 0.000000 0.000000 0.499994 0.000000 0.000000 0.000000 0.000000 0.000000 0.000000 0.000000 0.000000 0.000000 0.000000 0.500004 0.000001 0.000000 0.000000 0.000000 0.000000
 0.000000 0.000000 0.368689 0.000000 0.000061 0.000000 0.000000 0.000000 0.000000 0.000000 0.000000 0.000000 0.000000 0.000000 0.000000 0.000000 0.000000 0.364223 0.267028 0.000000
 0.040054 0.080341 0.000000 0.000000 0.000000 0.000000 0.438496 0.000000 0.000000 0.001595 0.000000 0.000000 0.000000 0.000002 0.000000 0.000000 0.000000 0.000000 0.000000 0.439512
 0.000084 0.490728 0.000000 0.000000 0.000000 0.490661 0.000000 0.000000 0.018524 0.000000 0.000000 0.000000 0.000003 0.000000 0.000000 0.000000 0.000000 0.000000 0.000000 0.000000
 0.000000 0.480703 0.000000 0.000000 0.000000 0.037137 0.000000 0.000000 0.000000 0.000000 0.482160 0.000000 0.000000 0.000000 0.000000 0.000000 0.000000 0.000000 0.000000 0.000000
 0.000000 0.000000 0.000000 0.333114 0.308301 0.000000 0.000000 0.000000 0.000000 0.000000 0.000001 0.000000 0.000000 0.000000 0.000000 0.000000 0.358584 0.000000 0.000000 0.000000
 0.000000 0.000000 0.000000 0.306855 0.333749 0.000000 0.000000 0.000000 0.000000 0.000000 0.000000 0.000000 0.000000 0.000000 0.000000 0.359396 0.000000 0.000000 0.000000 0.000000
 0.000000 0.000000 0.236893 0.000000 0.000000 0.000000 0.007658 0.000000 0.000000 0.266205 0.000000 0.266320 0.000000 0.000000 0.000000 0.000000 0.000000 0.000000 0.222644 0.000278
 0.000000 0.000000 0.196687 0.000000 0.224765 0.000000 0.000000 0.000000 0.000000 0.202157 0.000000 0.175859 0.000000 0.000000 0.000000 0.000000 0.000000 0.200532 0.000000 0.000000
 0.000000 0.001486 0.000000 0.000000 0.000000 0.000000 0.020896 0.000000 0.000000 0.488635 0.000000 0.000000 0.488478 0.000000 0.000000 0.000000 0.000000 0.000505 0.000000 0.000000
the mean of prob-rank is 1.9473684210526316
the number of false negetive edges is 0
the number of probability greater than 0 is 4.3/edge
