20
 0.000000 0.000000 0.000000 0.000000 0.000000 0.000000 0.000000 0.000000 0.000000 0.497021 0.005443 0.497339 0.000000 0.000000 0.000000 0.000000 0.000197 0.000000 0.000000 0.000000
 0.000000 0.000000 0.337663 0.349507 0.000000 0.000000 0.000000 0.004713 0.006564 0.000000 0.000000 0.000000 0.001980 0.000000 0.000000 0.000002 0.000277 0.000000 0.000000 0.299293
 0.000000 0.394143 0.000000 0.197886 0.000000 0.407968 0.000000 0.000000 0.000000 0.000000 0.000000 0.000000 0.000000 0.000000 0.000000 0.000000 0.000000 0.000000 0.000000 0.000002
 0.000000 0.412104 0.199893 0.000000 0.000000 0.000000 0.000000 0.000000 0.000001 0.000000 0.000000 0.000000 0.000000 0.000000 0.000000 0.005676 0.000000 0.000000 0.000000 0.382326
 0.000000 0.000000 0.000000 0.000000 0.000000 0.000000 0.000000 0.000000 0.000000 0.000000 0.000000 0.000000 0.469477 0.000000 0.061113 0.000000 0.000000 0.469388 0.000022 0.000000
 0.000000 0.000000 0.500000 0.000000 0.000000 0.000000 0.500000 0.000000 0.000000 0.000000 0.000000 0.000000 0.000000 0.000000 0.000000 0.000000 0.000000 0.000000 0.000000 0.000000
 0.000000 0.000000 0.000000 0.000000 0.000000 0.500000 0.000000 0.000000 0.000000 0.000000 0.500000 0.000000 0.000000 0.000000 0.000000 0.000000 0.000000 0.000000 0.000000 0.000000
 0.000000 0.005988 0.000000 0.000000 0.000000 0.000000 0.000000 0.000000 0.000000 0.000000 0.000000 0.000000 0.000000 0.000000 0.000000 0.444092 0.000000 0.107874 0.442046 0.000000
 0.000000 0.009306 0.000000 0.000002 0.000000 0.000000 0.000000 0.000000 0.000000 0.000000 0.495195 0.000020 0.000000 0.000000 0.000000 0.000000 0.495477 0.000000 0.000000 0.000000
 0.379656 0.000000 0.000000 0.000000 0.000000 0.000000 0.000000 0.000000 0.000000 0.000000 0.000000 0.000000 0.377896 0.000000 0.040284 0.000000 0.000000 0.000000 0.202163 0.000000
 0.005443 0.000000 0.000000 0.000000 0.000000 0.000000 0.497371 0.000000 0.497088 0.000000 0.000000 0.000001 0.000000 0.000000 0.000000 0.000000 0.000098 0.000000 0.000000 0.000000
 0.500003 0.000000 0.000000 0.000000 0.000000 0.000000 0.000000 0.000000 0.000020 0.000000 0.000001 0.000000 0.000000 0.000000 0.000000 0.000000 0.499976 0.000000 0.000000 0.000000
 0.000000 0.002272 0.000000 0.000000 0.400926 0.000000 0.000000 0.000000 0.000000 0.398812 0.000000 0.000000 0.000000 0.000000 0.186391 0.000000 0.000000 0.011599 0.000000 0.000000
 0.000000 0.000000 0.000000 0.000000 0.000000 0.000000 0.000000 0.000000 0.000000 0.000000 0.000000 0.000000 0.000000 0.000000 0.000000 0.500000 0.000000 0.000000 0.000000 0.500000
 0.000000 0.000000 0.000000 0.000000 0.048365 0.000000 0.000000 0.000000 0.000000 0.039398 0.000000 0.000000 0.172729 0.000000 0.000000 0.000000 0.000000 0.367968 0.371540 0.000000
 0.000000 0.000003 0.000000 0.006840 0.000000 0.000000 0.000000 0.496578 0.000000 0.000000 0.000000 0.000000 0.000000 0.496579 0.000000 0.000000 0.000000 0.000000 0.000000 0.000000
 0.000198 0.000396 0.000000 0.000000 0.000000 0.000000 0.000000 0.000000 0.499667 0.000000 0.000098 0.499641 0.000000 0.000000 0.000000 0.000000 0.000000 0.000000 0.000000 0.000000
 0.000000 0.000000 0.000000 0.000000 0.424984 0.000000 0.000000 0.103252 0.000000 0.000000 0.000000 0.000000 0.012298 0.000000 0.420978 0.000000 0.000000 0.000000 0.038487 0.000000
 0.000000 0.000000 0.000000 0.000000 0.000018 0.000000 0.000000 0.380192 0.000000 0.203255 0.000000 0.000000 0.000000 0.000000 0.381951 0.000000 0.000000 0.034584 0.000000 0.000000
 0.000000 0.307581 0.000002 0.333231 0.000000 0.000000 0.000000 0.000000 0.000000 0.000000 0.000000 0.000000 0.000000 0.359186 0.000000 0.000000 0.000000 0.000000 0.000000 0.000000
the mean of prob-rank is 1.631578947368421
the number of false negetive edges is 0
the number of probability greater than 0 is 4.2/edge
