20
 0.000000 0.000000 0.000000 0.000000 0.000000 0.000000 0.489876 0.000002 0.000000 0.000000 0.000000 0.000000 0.000000 0.000000 0.000000 0.000000 0.490569 0.019552 0.000000 0.000000
 0.000000 0.000000 0.000000 0.000000 0.000000 0.000000 0.000000 0.000000 0.016678 0.328473 0.000000 0.000000 0.337588 0.000000 0.000000 0.000000 0.000000 0.000000 0.317261 0.000000
 0.000000 0.000000 0.000000 0.000000 0.000000 0.000000 0.044577 0.000000 0.000000 0.088604 0.000000 0.433420 0.000000 0.000000 0.000000 0.000000 0.000000 0.000000 0.000000 0.433399
 0.000000 0.000000 0.000000 0.000000 0.000000 0.000000 0.388792 0.000000 0.000000 0.400845 0.210320 0.000000 0.000000 0.000000 0.000000 0.000000 0.000002 0.000041 0.000000 0.000000
 0.000000 0.000000 0.000000 0.000000 0.000000 0.000000 0.000000 0.499522 0.000000 0.000000 0.000000 0.000000 0.000000 0.000000 0.000000 0.499521 0.000957 0.000000 0.000000 0.000000
 0.000000 0.000000 0.000000 0.000000 0.000000 0.000000 0.000000 0.000000 0.000000 0.000000 0.000000 0.499999 0.000000 0.000000 0.500001 0.000000 0.000000 0.000000 0.000000 0.000000
 0.333749 0.000000 0.034374 0.318442 0.000000 0.000000 0.000000 0.000000 0.000000 0.268185 0.000000 0.000000 0.000000 0.000000 0.000000 0.000000 0.045250 0.000000 0.000000 0.000000
 0.000002 0.000000 0.000000 0.000000 0.492509 0.000000 0.000000 0.000000 0.000000 0.000000 0.000000 0.000000 0.000000 0.492509 0.000000 0.000000 0.014980 0.000000 0.000000 0.000000
 0.000000 0.017996 0.000000 0.000000 0.000000 0.000000 0.000000 0.000000 0.000000 0.247125 0.364616 0.000000 0.000000 0.000000 0.000000 0.000000 0.000000 0.000000 0.370262 0.000000
 0.000000 0.201696 0.043073 0.206982 0.000000 0.000000 0.169074 0.000000 0.140631 0.000000 0.162990 0.000000 0.000012 0.000000 0.000000 0.000000 0.000000 0.000000 0.000004 0.075537
 0.000000 0.000000 0.000000 0.181491 0.000000 0.000000 0.000000 0.000000 0.346754 0.272384 0.000000 0.000000 0.000000 0.000000 0.000000 0.000000 0.000000 0.000080 0.199292 0.000000
 0.000000 0.000000 0.484007 0.000000 0.000000 0.484020 0.000000 0.000000 0.000000 0.000000 0.000000 0.000000 0.016989 0.000000 0.000019 0.000000 0.000000 0.000000 0.000000 0.014965
 0.000000 0.487282 0.000000 0.000000 0.000000 0.000000 0.000000 0.000000 0.000000 0.000029 0.000000 0.017385 0.000000 0.000000 0.000000 0.000000 0.000000 0.000000 0.000000 0.495304
 0.000000 0.000000 0.000000 0.000000 0.000000 0.000000 0.000000 0.500000 0.000000 0.000000 0.000000 0.000000 0.000000 0.000000 0.500000 0.000000 0.000000 0.000000 0.000000 0.000000
 0.000000 0.000000 0.000000 0.000000 0.000000 0.499990 0.000000 0.000000 0.000000 0.000000 0.000000 0.000020 0.000000 0.499990 0.000000 0.000000 0.000000 0.000000 0.000000 0.000000
 0.000000 0.000000 0.000000 0.000000 0.499999 0.000000 0.000000 0.000000 0.000000 0.000000 0.000000 0.000000 0.000000 0.000000 0.000000 0.000000 0.000000 0.500001 0.000000 0.000000
 0.461437 0.000000 0.000000 0.000002 0.000884 0.000000 0.062473 0.014035 0.000000 0.000000 0.000000 0.000000 0.000000 0.000000 0.000000 0.000000 0.000000 0.461170 0.000000 0.000000
 0.019541 0.000000 0.000000 0.000050 0.000000 0.000000 0.000000 0.000000 0.000000 0.000000 0.000111 0.000000 0.000000 0.000000 0.000000 0.490291 0.490007 0.000000 0.000000 0.000000
 0.000000 0.371229 0.000000 0.000000 0.000000 0.000000 0.000000 0.000000 0.401517 0.000008 0.227246 0.000000 0.000000 0.000000 0.000000 0.000000 0.000000 0.000000 0.000000 0.000000
 0.000000 0.000000 0.418495 0.000000 0.000000 0.000000 0.000000 0.000000 0.000000 0.150039 0.000000 0.012940 0.418526 0.000000 0.000000 0.000000 0.000000 0.000000 0.000000 0.000000
the mean of prob-rank is 1.631578947368421
the number of false negetive edges is 0
the number of probability greater than 0 is 4.2/edge
