20
 0.000000 0.000000 0.000000 0.500036 0.499964 0.000000 0.000000 0.000000 0.000000 0.000000 0.000000 0.000000 0.000000 0.000000 0.000000 0.000000 0.000000 0.000000 0.000000 0.000000
 0.000000 0.000000 0.000000 0.000000 0.000000 0.157636 0.000001 0.000000 0.305504 0.000000 0.000000 0.000000 0.000000 0.000000 0.314021 0.222838 0.000000 0.000000 0.000000 0.000000
 0.000000 0.000000 0.000000 0.000000 0.000000 0.000000 0.477839 0.000000 0.000000 0.000000 0.008235 0.000000 0.000000 0.000000 0.000000 0.000000 0.477740 0.000000 0.036186 0.000000
 0.500000 0.000000 0.000000 0.000000 0.000000 0.500000 0.000000 0.000000 0.000000 0.000000 0.000000 0.000000 0.000000 0.000000 0.000000 0.000000 0.000000 0.000000 0.000000 0.000000
 0.499964 0.000000 0.000000 0.000000 0.000000 0.000000 0.000000 0.500036 0.000000 0.000000 0.000000 0.000000 0.000000 0.000000 0.000000 0.000000 0.000000 0.000000 0.000000 0.000000
 0.000000 0.205032 0.000000 0.408436 0.000000 0.000000 0.000000 0.000000 0.386533 0.000000 0.000000 0.000000 0.000000 0.000000 0.000000 0.000000 0.000000 0.000000 0.000000 0.000000
 0.000000 0.000002 0.499988 0.000000 0.000000 0.000000 0.000000 0.000000 0.000000 0.000000 0.000000 0.000018 0.000000 0.499992 0.000000 0.000000 0.000000 0.000000 0.000000 0.000000
 0.000000 0.000000 0.000000 0.000000 0.348506 0.000000 0.000000 0.000000 0.262240 0.000000 0.000000 0.125170 0.000000 0.000000 0.000000 0.264085 0.000000 0.000000 0.000000 0.000000
 0.000000 0.266752 0.000000 0.000000 0.000000 0.259485 0.000000 0.206319 0.000000 0.000000 0.000000 0.000000 0.000000 0.000000 0.000000 0.267444 0.000000 0.000000 0.000000 0.000000
 0.000000 0.000000 0.000000 0.000000 0.000000 0.000000 0.000000 0.000000 0.000000 0.000000 0.000000 0.449133 0.009068 0.092606 0.000000 0.000000 0.000000 0.449192 0.000000 0.000000
 0.000000 0.000000 0.008547 0.000000 0.000000 0.000000 0.000000 0.000000 0.000000 0.000000 0.000000 0.000000 0.000000 0.000000 0.000000 0.000000 0.000000 0.000000 0.495538 0.495915
 0.000000 0.000000 0.000000 0.000000 0.000000 0.000000 0.000015 0.151186 0.000000 0.420573 0.000000 0.000000 0.016530 0.000000 0.000000 0.411659 0.000000 0.000036 0.000000 0.000000
 0.000000 0.000000 0.000000 0.000000 0.000000 0.000000 0.000000 0.000000 0.000000 0.009738 0.000000 0.018956 0.000000 0.482278 0.000000 0.000000 0.006300 0.482728 0.000000 0.000000
 0.000000 0.000000 0.000000 0.000000 0.000000 0.000000 0.446849 0.000000 0.000000 0.092055 0.000000 0.000000 0.446433 0.000000 0.000000 0.000000 0.000000 0.014664 0.000000 0.000000
 0.000000 0.500000 0.000000 0.000000 0.000000 0.000000 0.000000 0.000000 0.000000 0.000000 0.000000 0.000000 0.000000 0.000000 0.000000 0.000000 0.000000 0.000000 0.000000 0.500000
 0.000000 0.207449 0.000000 0.000000 0.000000 0.000000 0.000000 0.221520 0.285143 0.000000 0.000000 0.285888 0.000000 0.000000 0.000000 0.000000 0.000000 0.000000 0.000000 0.000000
 0.000000 0.000000 0.496705 0.000000 0.000000 0.000000 0.000000 0.000000 0.000000 0.000000 0.000000 0.000000 0.006484 0.000000 0.000000 0.000000 0.000000 0.000000 0.496812 0.000000
 0.000000 0.000000 0.000000 0.000000 0.000000 0.000000 0.000000 0.000000 0.000000 0.491721 0.000000 0.000042 0.492089 0.016148 0.000000 0.000000 0.000000 0.000000 0.000000 0.000000
 0.000000 0.000000 0.036496 0.000000 0.000000 0.000000 0.000000 0.000000 0.000000 0.000000 0.481569 0.000000 0.000000 0.000000 0.000000 0.000000 0.481935 0.000000 0.000000 0.000000
 0.000000 0.000000 0.000000 0.000000 0.000000 0.000000 0.000000 0.000000 0.000000 0.000000 0.500000 0.000000 0.000000 0.000000 0.500000 0.000000 0.000000 0.000000 0.000000 0.000000
the mean of prob-rank is 1.736842105263158
the number of false negetive edges is 0
the number of probability greater than 0 is 3.5/edge
