20
 0.000000 0.099744 0.000000 0.434785 0.005866 0.000000 0.000000 0.000000 0.000000 0.018820 0.000000 0.000000 0.000000 0.000000 0.000000 0.433976 0.000000 0.000000 0.000000 0.006810
 0.098540 0.000000 0.000000 0.000000 0.428554 0.000000 0.000000 0.000000 0.000000 0.000000 0.000000 0.001136 0.000000 0.000067 0.000000 0.042166 0.000000 0.000000 0.000000 0.429538
 0.000000 0.000000 0.000000 0.000000 0.000000 0.070337 0.056874 0.091352 0.000000 0.000000 0.000000 0.000000 0.000000 0.000000 0.000000 0.000000 0.000000 0.387875 0.393562 0.000000
 0.499546 0.000000 0.000000 0.000000 0.001104 0.000000 0.000000 0.000000 0.000000 0.499350 0.000000 0.000000 0.000000 0.000000 0.000000 0.000000 0.000000 0.000000 0.000000 0.000000
 0.006387 0.472306 0.000000 0.001046 0.000000 0.000000 0.000000 0.000000 0.046238 0.000000 0.000000 0.473391 0.000000 0.000000 0.000000 0.000000 0.000000 0.000000 0.000000 0.000630
 0.000000 0.000000 0.071910 0.000000 0.000000 0.000000 0.402359 0.129542 0.002060 0.000000 0.000000 0.000000 0.000000 0.000000 0.000000 0.000000 0.394128 0.000001 0.000000 0.000000
 0.000000 0.000000 0.067733 0.000000 0.000000 0.468698 0.000000 0.463559 0.000000 0.000000 0.000000 0.000000 0.000000 0.000011 0.000000 0.000000 0.000000 0.000000 0.000000 0.000000
 0.000000 0.000000 0.076287 0.000000 0.000000 0.105814 0.325054 0.000000 0.000000 0.000000 0.000000 0.000000 0.000000 0.322804 0.000000 0.000000 0.000000 0.170042 0.000000 0.000000
 0.000000 0.000000 0.000000 0.000000 0.046299 0.002427 0.000000 0.000000 0.000000 0.000000 0.000000 0.473883 0.000000 0.003381 0.000000 0.000000 0.474011 0.000000 0.000000 0.000000
 0.021188 0.000000 0.000000 0.489310 0.000000 0.000000 0.000000 0.000000 0.000000 0.000000 0.000000 0.000000 0.489502 0.000000 0.000000 0.000000 0.000000 0.000000 0.000000 0.000000
 0.000000 0.000000 0.000000 0.000000 0.000000 0.000000 0.000000 0.000000 0.000000 0.000000 0.000000 0.000000 0.000000 0.000000 0.397439 0.159797 0.000000 0.046010 0.396754 0.000000
 0.000000 0.001320 0.000000 0.000000 0.499407 0.000000 0.000000 0.000000 0.499272 0.000000 0.000000 0.000000 0.000000 0.000000 0.000000 0.000000 0.000000 0.000000 0.000000 0.000000
 0.000000 0.000000 0.000000 0.000000 0.000000 0.000000 0.000000 0.000000 0.000000 0.499998 0.000000 0.000000 0.000000 0.000000 0.499999 0.000002 0.000000 0.000000 0.000000 0.000000
 0.000000 0.000067 0.000000 0.000000 0.000000 0.000000 0.000010 0.424115 0.003080 0.000000 0.000000 0.000000 0.000000 0.000000 0.000000 0.001029 0.138273 0.431807 0.000000 0.001620
 0.000000 0.000000 0.000000 0.000000 0.000000 0.000000 0.000000 0.000000 0.000000 0.000000 0.499631 0.000000 0.499711 0.000000 0.000000 0.000658 0.000000 0.000000 0.000000 0.000000
 0.393314 0.038682 0.000000 0.000000 0.000000 0.000000 0.000000 0.000000 0.000000 0.000000 0.158408 0.000000 0.000002 0.000939 0.000519 0.000000 0.000000 0.014417 0.000000 0.393718
 0.000000 0.000000 0.000000 0.000000 0.000000 0.425931 0.000000 0.000000 0.434828 0.000000 0.000000 0.000000 0.000000 0.139241 0.000000 0.000000 0.000000 0.000000 0.000000 0.000000
 0.000000 0.000000 0.309151 0.000000 0.000000 0.000001 0.000000 0.162294 0.000000 0.000000 0.036308 0.000000 0.000000 0.313683 0.000000 0.011477 0.000000 0.000000 0.167086 0.000000
 0.000000 0.000000 0.395136 0.000000 0.000000 0.000000 0.000000 0.000000 0.000000 0.000000 0.394392 0.000000 0.000000 0.000000 0.000000 0.000000 0.000000 0.210472 0.000000 0.000000
 0.007754 0.495071 0.000000 0.000000 0.000659 0.000000 0.000000 0.000000 0.000000 0.000000 0.000000 0.000000 0.000000 0.001857 0.000000 0.494658 0.000000 0.000000 0.000000 0.000000
the mean of prob-rank is 1.5263157894736843
the number of false negetive edges is 0
the number of probability greater than 0 is 4.7/edge
