20
 0.000000 0.000000 0.499442 0.000000 0.500134 0.000000 0.000000 0.000424 0.000000 0.000000 0.000000 0.000000 0.000000 0.000000 0.000000 0.000000 0.000000 0.000000 0.000000 0.000000
 0.000000 0.000000 0.000000 0.125348 0.000000 0.017356 0.000001 0.000000 0.000000 0.000000 0.000000 0.000000 0.055788 0.000000 0.000000 0.000000 0.401839 0.000000 0.399668 0.000000
 0.402327 0.000000 0.000000 0.000000 0.000004 0.000000 0.000000 0.000000 0.000000 0.000000 0.000000 0.000000 0.399894 0.000000 0.000000 0.000000 0.000000 0.000020 0.197755 0.000000
 0.000000 0.131161 0.000000 0.000000 0.000000 0.029786 0.420418 0.000000 0.000000 0.000000 0.000000 0.000000 0.000000 0.000000 0.000000 0.000000 0.418634 0.000000 0.000000 0.000000
 0.499998 0.000000 0.000005 0.000000 0.000000 0.000000 0.000000 0.499997 0.000000 0.000000 0.000000 0.000000 0.000000 0.000000 0.000000 0.000000 0.000000 0.000000 0.000000 0.000000
 0.000000 0.015036 0.000000 0.024661 0.000000 0.000000 0.347857 0.000000 0.000000 0.000000 0.000000 0.000000 0.000000 0.000000 0.000000 0.347432 0.212352 0.000000 0.000000 0.052662
 0.000000 0.000001 0.000000 0.463734 0.000000 0.463447 0.000000 0.000000 0.000000 0.000000 0.000000 0.000000 0.000741 0.000000 0.000000 0.000000 0.000000 0.000000 0.000000 0.072077
 0.000424 0.000000 0.000000 0.000000 0.499787 0.000000 0.000000 0.000000 0.000000 0.000000 0.000000 0.000000 0.000000 0.000000 0.000000 0.000000 0.000000 0.499789 0.000000 0.000000
 0.000000 0.000000 0.000000 0.000000 0.000000 0.000000 0.000000 0.000000 0.000000 0.421152 0.000000 0.157814 0.000000 0.000000 0.421034 0.000000 0.000000 0.000000 0.000000 0.000000
 0.000000 0.000000 0.000000 0.000000 0.000000 0.000000 0.000000 0.000000 0.477709 0.000000 0.000000 0.012291 0.027959 0.000000 0.004910 0.000000 0.000000 0.000000 0.000000 0.477131
 0.000000 0.000000 0.000000 0.000000 0.000000 0.000000 0.000000 0.000000 0.000000 0.000000 0.000000 0.500000 0.000000 0.500000 0.000000 0.000000 0.000000 0.000000 0.000000 0.000000
 0.000000 0.000000 0.000000 0.000000 0.000000 0.000000 0.000000 0.000000 0.156710 0.010760 0.418205 0.000000 0.000000 0.000000 0.000000 0.000000 0.000000 0.000000 0.000000 0.414326
 0.000000 0.063349 0.452915 0.000000 0.000000 0.000000 0.000729 0.000000 0.000000 0.026706 0.000000 0.000000 0.000000 0.000000 0.000000 0.000000 0.000000 0.000000 0.456302 0.000000
 0.000000 0.000000 0.000000 0.000000 0.000000 0.000000 0.000000 0.000000 0.000000 0.000000 0.500001 0.000000 0.000000 0.000000 0.000000 0.499999 0.000000 0.000000 0.000000 0.000000
 0.000000 0.000000 0.000000 0.000000 0.000000 0.000000 0.000000 0.000000 0.497374 0.005114 0.000000 0.000000 0.000000 0.000000 0.000000 0.000000 0.000000 0.497512 0.000000 0.000000
 0.000000 0.000000 0.000000 0.000000 0.000000 0.438339 0.000000 0.000000 0.000000 0.000000 0.000000 0.000000 0.000000 0.439206 0.000000 0.000000 0.000000 0.000000 0.000000 0.122455
 0.000000 0.383786 0.000000 0.382105 0.000000 0.234108 0.000000 0.000000 0.000000 0.000000 0.000000 0.000000 0.000000 0.000000 0.000000 0.000000 0.000000 0.000000 0.000000 0.000000
 0.000000 0.000000 0.000024 0.000000 0.000000 0.000000 0.000000 0.499988 0.000000 0.000000 0.000000 0.000000 0.000000 0.000000 0.499988 0.000000 0.000000 0.000000 0.000000 0.000000
 0.000000 0.400169 0.197489 0.000000 0.000000 0.000000 0.000000 0.000000 0.000000 0.000000 0.000000 0.000000 0.402343 0.000000 0.000000 0.000000 0.000000 0.000000 0.000000 0.000000
 0.000000 0.000000 0.000000 0.000000 0.000000 0.058748 0.060352 0.000000 0.000000 0.387879 0.000000 0.384747 0.000000 0.000000 0.000000 0.108275 0.000000 0.000000 0.000000 0.000000
the mean of prob-rank is 1.5263157894736843
the number of false negetive edges is 0
the number of probability greater than 0 is 3.7/edge
