20
 0.000000 0.000000 0.000000 0.000000 0.000000 0.000000 0.147091 0.000000 0.282442 0.288015 0.000000 0.000000 0.000000 0.000000 0.000000 0.000000 0.000000 0.000000 0.000000 0.282453
 0.000000 0.000000 0.000000 0.000000 0.000000 0.000000 0.000000 0.000000 0.000000 0.000000 0.376804 0.000000 0.366180 0.000000 0.000000 0.257016 0.000000 0.000000 0.000000 0.000000
 0.000000 0.000000 0.000000 0.000000 0.469111 0.000000 0.000000 0.000000 0.019666 0.000000 0.000000 0.000000 0.000000 0.000000 0.045526 0.000000 0.000000 0.000006 0.465691 0.000000
 0.000000 0.000000 0.000000 0.000000 0.000000 0.470888 0.055046 0.000000 0.003101 0.000000 0.000000 0.000000 0.000000 0.470965 0.000000 0.000000 0.000000 0.000000 0.000000 0.000000
 0.000000 0.000000 0.499902 0.000000 0.000000 0.000000 0.000000 0.000000 0.000000 0.000000 0.000000 0.000000 0.000000 0.000000 0.499915 0.000000 0.000014 0.000164 0.000004 0.000000
 0.000000 0.000000 0.000000 0.499926 0.000000 0.000000 0.000000 0.500009 0.000000 0.000000 0.000000 0.000000 0.000000 0.000065 0.000000 0.000000 0.000000 0.000000 0.000000 0.000000
 0.144723 0.000000 0.000000 0.033121 0.000000 0.000000 0.000000 0.000000 0.281784 0.000000 0.000000 0.000000 0.000000 0.283360 0.000000 0.000000 0.000000 0.000000 0.000000 0.257012
 0.000000 0.000000 0.000000 0.000000 0.000000 0.500000 0.000000 0.000000 0.000000 0.000000 0.000000 0.000000 0.000000 0.000000 0.000000 0.500000 0.000000 0.000000 0.000000 0.000000
 0.309960 0.000000 0.013250 0.002081 0.000000 0.000000 0.314298 0.000000 0.000000 0.000000 0.000000 0.000000 0.000000 0.000000 0.000000 0.000000 0.000000 0.000000 0.044334 0.316076
 0.500003 0.000000 0.000000 0.000000 0.000000 0.000000 0.000000 0.000000 0.000000 0.000000 0.000000 0.499997 0.000000 0.000000 0.000000 0.000000 0.000000 0.000000 0.000000 0.000000
 0.000000 0.354921 0.000000 0.000000 0.000000 0.000000 0.000000 0.000000 0.000000 0.000000 0.000000 0.000000 0.299433 0.000000 0.000000 0.345645 0.000000 0.000000 0.000000 0.000000
 0.000000 0.000000 0.000000 0.000000 0.000000 0.000000 0.000000 0.000000 0.000000 0.499997 0.000000 0.000000 0.000000 0.000000 0.000000 0.000000 0.000000 0.500003 0.000000 0.000000
 0.000000 0.345167 0.000000 0.000000 0.000000 0.000000 0.000000 0.000000 0.000000 0.000000 0.299652 0.000000 0.000000 0.000000 0.000000 0.000000 0.355181 0.000000 0.000000 0.000000
 0.000000 0.000000 0.000000 0.499983 0.000000 0.000065 0.499952 0.000000 0.000000 0.000000 0.000000 0.000000 0.000000 0.000000 0.000000 0.000000 0.000000 0.000000 0.000000 0.000000
 0.000000 0.000000 0.046363 0.000000 0.477750 0.000000 0.000000 0.000000 0.000000 0.000000 0.000000 0.000000 0.000000 0.000000 0.000000 0.000000 0.475884 0.000003 0.000000 0.000000
 0.000000 0.256817 0.000000 0.000000 0.000000 0.000000 0.000000 0.376511 0.000000 0.000000 0.366672 0.000000 0.000000 0.000000 0.000000 0.000000 0.000000 0.000000 0.000000 0.000000
 0.000000 0.000000 0.000000 0.000000 0.000014 0.000000 0.000000 0.000000 0.000000 0.000000 0.000000 0.000000 0.500971 0.000000 0.499015 0.000000 0.000000 0.000000 0.000000 0.000000
 0.000000 0.000000 0.000006 0.000000 0.000164 0.000000 0.000000 0.000000 0.000000 0.000000 0.000000 0.499914 0.000000 0.000000 0.000003 0.000000 0.000000 0.000000 0.499913 0.000000
 0.000000 0.000000 0.465233 0.000000 0.000003 0.000000 0.000000 0.000000 0.065737 0.000000 0.000000 0.000000 0.000000 0.000000 0.000000 0.000000 0.000000 0.468660 0.000000 0.000367
 0.339523 0.000000 0.000000 0.000000 0.000000 0.000000 0.313997 0.000000 0.346209 0.000000 0.000000 0.000000 0.000000 0.000000 0.000000 0.000000 0.000000 0.000000 0.000271 0.000000
the mean of prob-rank is 1.631578947368421
the number of false negetive edges is 0
the number of probability greater than 0 is 3.7/edge
