20
 0.000000 0.000000 0.000000 0.000000 0.499964 0.000000 0.000000 0.000000 0.000000 0.000000 0.000000 0.000000 0.000058 0.000000 0.000000 0.000000 0.000000 0.000001 0.000000 0.499977
 0.000000 0.000000 0.000000 0.000000 0.499547 0.000000 0.000912 0.000000 0.000000 0.000000 0.000000 0.000000 0.499541 0.000000 0.000000 0.000000 0.000000 0.000000 0.000000 0.000000
 0.000000 0.000000 0.000000 0.000000 0.000000 0.000000 0.000000 0.000000 0.000000 0.001737 0.497747 0.000000 0.000000 0.000000 0.000000 0.000000 0.002744 0.000000 0.497772 0.000001
 0.000000 0.000000 0.000000 0.000000 0.000000 0.500000 0.000000 0.000000 0.000000 0.000000 0.000000 0.000000 0.000000 0.000000 0.000000 0.000000 0.000000 0.500000 0.000000 0.000000
 0.499981 0.499995 0.000000 0.000000 0.000000 0.000000 0.000000 0.000000 0.000000 0.000000 0.000000 0.000000 0.000024 0.000000 0.000000 0.000000 0.000000 0.000000 0.000000 0.000000
 0.000000 0.000000 0.000000 0.500000 0.000000 0.000000 0.000000 0.000000 0.000000 0.000000 0.000000 0.000000 0.000000 0.000000 0.500000 0.000000 0.000000 0.000000 0.000000 0.000000
 0.000000 0.000912 0.000000 0.000000 0.000000 0.000000 0.000000 0.000000 0.499798 0.000000 0.000000 0.000000 0.000000 0.000000 0.000000 0.000000 0.499290 0.000000 0.000000 0.000000
 0.000000 0.000000 0.000000 0.000000 0.000000 0.000000 0.000000 0.000000 0.000000 0.000000 0.000000 0.382315 0.000000 0.000000 0.000001 0.376446 0.000000 0.000000 0.241238 0.000000
 0.000000 0.000000 0.000000 0.000000 0.000000 0.000000 0.500000 0.000000 0.000000 0.000000 0.000000 0.000000 0.000000 0.000000 0.000000 0.500000 0.000000 0.000000 0.000000 0.000000
 0.000000 0.000000 0.001724 0.000000 0.000000 0.000000 0.000000 0.000000 0.000000 0.000000 0.493991 0.000000 0.000000 0.494233 0.000012 0.000000 0.000000 0.000000 0.000000 0.010040
 0.000000 0.000000 0.480872 0.000000 0.000000 0.000000 0.000000 0.000000 0.000000 0.480660 0.000000 0.000000 0.000000 0.018236 0.001003 0.000000 0.000000 0.000000 0.019229 0.000000
 0.000000 0.000000 0.000000 0.000000 0.000000 0.000000 0.000000 0.365967 0.000000 0.000000 0.000000 0.000000 0.000000 0.000000 0.000000 0.189293 0.085608 0.000000 0.359132 0.000000
 0.000058 0.499957 0.000000 0.000000 0.000024 0.000000 0.000000 0.000000 0.000000 0.000000 0.000000 0.000000 0.000000 0.000000 0.000000 0.000000 0.000000 0.499961 0.000000 0.000000
 0.000000 0.000000 0.000000 0.000000 0.000000 0.000000 0.000000 0.000000 0.000000 0.490707 0.018608 0.000000 0.000000 0.000000 0.490684 0.000000 0.000000 0.000000 0.000000 0.000000
 0.000000 0.000000 0.000000 0.000000 0.000000 0.499484 0.000000 0.000001 0.000000 0.000012 0.001042 0.000000 0.000000 0.499461 0.000000 0.000000 0.000000 0.000000 0.000000 0.000000
 0.000000 0.000000 0.000000 0.000000 0.000000 0.000000 0.000000 0.393562 0.399697 0.000000 0.000000 0.206740 0.000000 0.000000 0.000000 0.000000 0.000000 0.000000 0.000000 0.000000
 0.000000 0.000000 0.002355 0.000000 0.000000 0.000000 0.426864 0.000000 0.000000 0.000000 0.000000 0.099955 0.000000 0.000000 0.000000 0.000000 0.000000 0.000000 0.045185 0.425641
 0.000001 0.000000 0.000000 0.500000 0.000000 0.000000 0.000000 0.000000 0.000000 0.000000 0.000000 0.000000 0.499999 0.000000 0.000000 0.000000 0.000000 0.000000 0.000000 0.000000
 0.000000 0.000000 0.362575 0.000000 0.000000 0.000000 0.000000 0.228782 0.000000 0.000000 0.014498 0.355805 0.000000 0.000000 0.000000 0.000000 0.038341 0.000000 0.000000 0.000000
 0.495923 0.000000 0.000001 0.000000 0.000000 0.000000 0.000000 0.000000 0.000000 0.010074 0.000000 0.000000 0.000000 0.000000 0.000000 0.000000 0.494002 0.000000 0.000000 0.000000
the mean of prob-rank is 1.5789473684210527
the number of false negetive edges is 0
the number of probability greater than 0 is 3.65/edge
