20
 0.000000 0.000000 0.000000 0.000000 0.000000 0.000000 0.000000 0.000000 0.062497 0.468844 0.000000 0.000000 0.000000 0.000000 0.000000 0.000000 0.000000 0.000000 0.000000 0.468659
 0.000000 0.000000 0.000000 0.348824 0.000000 0.000000 0.318198 0.000000 0.000000 0.000000 0.000000 0.000000 0.000000 0.332978 0.000000 0.000000 0.000000 0.000000 0.000000 0.000000
 0.000000 0.000000 0.000000 0.000000 0.000000 0.000000 0.000000 0.036762 0.466215 0.467421 0.000000 0.000000 0.000000 0.029602 0.000000 0.000000 0.000000 0.000000 0.000000 0.000000
 0.000000 0.500000 0.000000 0.000000 0.000000 0.000000 0.000000 0.000000 0.000000 0.000000 0.000000 0.000000 0.000000 0.000000 0.000000 0.000000 0.500000 0.000000 0.000000 0.000000
 0.000000 0.000000 0.000000 0.000000 0.000000 0.000000 0.000000 0.436579 0.130916 0.000000 0.000000 0.000000 0.000000 0.000000 0.000000 0.432505 0.000000 0.000000 0.000000 0.000000
 0.000000 0.000000 0.000000 0.000000 0.000000 0.000000 0.000000 0.000000 0.000000 0.000000 0.000000 0.000000 0.000000 0.000000 0.500000 0.000000 0.000000 0.500000 0.000000 0.000000
 0.000000 0.321214 0.000000 0.000000 0.000000 0.000000 0.000000 0.326664 0.000000 0.000000 0.000000 0.000000 0.000000 0.352122 0.000000 0.000000 0.000000 0.000000 0.000000 0.000000
 0.000000 0.000000 0.026492 0.000000 0.336489 0.000000 0.312480 0.000000 0.000379 0.000000 0.000000 0.000000 0.000000 0.324160 0.000000 0.000000 0.000000 0.000000 0.000000 0.000000
 0.054860 0.000000 0.410489 0.000000 0.123281 0.000000 0.000000 0.000463 0.000000 0.000000 0.000000 0.000000 0.000000 0.000000 0.000000 0.410871 0.000000 0.000000 0.000000 0.000036
 0.500000 0.000000 0.500000 0.000000 0.000000 0.000000 0.000000 0.000000 0.000000 0.000000 0.000000 0.000000 0.000000 0.000000 0.000000 0.000000 0.000000 0.000000 0.000000 0.000000
 0.000000 0.000000 0.000000 0.000000 0.000000 0.000000 0.000000 0.000000 0.000000 0.000000 0.000000 0.359688 0.295747 0.000000 0.000000 0.000000 0.000000 0.000000 0.344566 0.000000
 0.000000 0.000000 0.000000 0.000000 0.000000 0.000000 0.000000 0.000000 0.000000 0.000000 0.371426 0.000000 0.350505 0.000000 0.000000 0.000000 0.000000 0.000000 0.278069 0.000000
 0.000000 0.000000 0.000000 0.000000 0.000000 0.000000 0.000000 0.000000 0.000000 0.000000 0.297274 0.341180 0.000000 0.000000 0.000000 0.000000 0.000000 0.361546 0.000000 0.000000
 0.000000 0.320302 0.021250 0.000000 0.000000 0.000000 0.335536 0.322912 0.000000 0.000000 0.000000 0.000000 0.000000 0.000000 0.000000 0.000000 0.000000 0.000000 0.000000 0.000000
 0.000000 0.000000 0.000000 0.000000 0.000000 0.475050 0.000000 0.000000 0.000000 0.000000 0.000000 0.000000 0.000000 0.000000 0.000000 0.050035 0.000000 0.000000 0.000000 0.474915
 0.000000 0.000000 0.000000 0.000000 0.450789 0.000000 0.000000 0.000000 0.454759 0.000000 0.000000 0.000000 0.000000 0.000000 0.047977 0.000000 0.000000 0.000000 0.000000 0.046474
 0.000000 0.000000 0.000000 0.500000 0.000000 0.000000 0.000000 0.000000 0.000000 0.000000 0.000000 0.000000 0.000000 0.000000 0.000000 0.000000 0.000000 0.000000 0.500000 0.000000
 0.000000 0.000000 0.000000 0.000000 0.000000 0.500000 0.000000 0.000000 0.000000 0.000000 0.000000 0.000000 0.500000 0.000000 0.000000 0.000000 0.000000 0.000000 0.000000 0.000000
 0.000000 0.000000 0.000000 0.000000 0.000000 0.000000 0.000000 0.000000 0.000000 0.000000 0.353933 0.276601 0.000000 0.000000 0.000000 0.000000 0.369466 0.000000 0.000000 0.000000
 0.475678 0.000000 0.000000 0.000000 0.000000 0.000000 0.000000 0.000000 0.000041 0.000000 0.000000 0.000000 0.000000 0.000000 0.475730 0.048551 0.000000 0.000000 0.000000 0.000000
the mean of prob-rank is 1.6842105263157894
the number of false negetive edges is 0
the number of probability greater than 0 is 3.2/edge
