20
 0.000000 0.000000 0.000000 0.484073 0.000000 0.000000 0.000000 0.000000 0.000000 0.000000 0.000000 0.000000 0.000000 0.000000 0.000000 0.482139 0.033788 0.000000 0.000000 0.000000
 0.000000 0.000000 0.000000 0.000000 0.000000 0.294828 0.032646 0.000000 0.060451 0.311737 0.000000 0.000000 0.000000 0.000010 0.000000 0.000000 0.000184 0.000000 0.300144 0.000000
 0.000000 0.000000 0.000000 0.000000 0.416454 0.164676 0.000000 0.000000 0.000000 0.000000 0.000000 0.418712 0.000000 0.000000 0.000000 0.000000 0.000000 0.000000 0.000000 0.000158
 0.345060 0.000000 0.000000 0.000000 0.000000 0.000000 0.038809 0.001188 0.000000 0.000001 0.000690 0.000000 0.000000 0.000000 0.000000 0.279297 0.334731 0.000000 0.000000 0.000224
 0.000000 0.000000 0.461055 0.000000 0.000000 0.005715 0.000000 0.000000 0.000000 0.032215 0.000000 0.000000 0.000000 0.000000 0.000000 0.000000 0.037460 0.000000 0.000000 0.463554
 0.000000 0.196678 0.082000 0.000000 0.002570 0.000000 0.106182 0.000000 0.163600 0.180883 0.000000 0.203848 0.000000 0.000000 0.000000 0.000000 0.020857 0.000000 0.043376 0.000005
 0.000000 0.025601 0.000000 0.027558 0.000000 0.124821 0.000000 0.244788 0.000425 0.243305 0.001130 0.000000 0.000000 0.029233 0.004911 0.000000 0.138164 0.000000 0.159954 0.000109
 0.000000 0.000000 0.000000 0.001562 0.000000 0.000000 0.453352 0.000000 0.000000 0.000093 0.077642 0.000000 0.001810 0.011606 0.453897 0.000000 0.000034 0.000000 0.000004 0.000000
 0.000000 0.069163 0.000000 0.000000 0.000000 0.280586 0.000621 0.000000 0.000000 0.000844 0.000000 0.292008 0.000090 0.000190 0.000000 0.000000 0.000000 0.000019 0.356479 0.000000
 0.000000 0.325478 0.000000 0.000001 0.022678 0.283101 0.323936 0.000067 0.000770 0.000000 0.000000 0.000000 0.000000 0.000006 0.000000 0.000000 0.037743 0.000000 0.006221 0.000000
 0.000000 0.000000 0.000000 0.000936 0.000000 0.000000 0.002159 0.080097 0.000000 0.000000 0.000000 0.000000 0.447432 0.000544 0.000259 0.468273 0.000000 0.000299 0.000000 0.000000
 0.000000 0.000000 0.357869 0.000000 0.000000 0.349892 0.000000 0.000000 0.292239 0.000000 0.000000 0.000000 0.000000 0.000000 0.000000 0.000000 0.000000 0.000000 0.000000 0.000000
 0.000000 0.000000 0.000000 0.000000 0.000000 0.000000 0.000000 0.001743 0.000110 0.000000 0.417795 0.000000 0.000000 0.133488 0.009620 0.000000 0.000000 0.437231 0.000012 0.000000
 0.000000 0.000012 0.000000 0.000000 0.000000 0.000000 0.046903 0.010054 0.000209 0.000008 0.000457 0.000000 0.120050 0.000000 0.393113 0.000000 0.000000 0.374309 0.054885 0.000000
 0.000000 0.000000 0.000000 0.000000 0.000000 0.000000 0.009801 0.489136 0.000000 0.000000 0.000271 0.000000 0.010762 0.489006 0.000000 0.000000 0.000000 0.000000 0.001024 0.000000
 0.354990 0.000000 0.000000 0.288488 0.000000 0.000000 0.000000 0.000000 0.000000 0.000000 0.356522 0.000000 0.000000 0.000000 0.000000 0.000000 0.000000 0.000000 0.000000 0.000000
 0.024064 0.000203 0.000000 0.334439 0.027869 0.034499 0.194406 0.000026 0.000000 0.039888 0.000000 0.000000 0.000000 0.000000 0.000000 0.000000 0.000000 0.000000 0.000001 0.344607
 0.000000 0.000000 0.000000 0.000000 0.000000 0.000000 0.000001 0.000000 0.000026 0.000000 0.000313 0.000000 0.491292 0.467670 0.000000 0.000000 0.000000 0.000000 0.040699 0.000000
 0.000000 0.313679 0.000000 0.000000 0.000000 0.067955 0.213170 0.000003 0.325626 0.006227 0.000000 0.000000 0.000009 0.045589 0.000684 0.000000 0.000001 0.027057 0.000000 0.000000
 0.000000 0.000000 0.000188 0.000324 0.499812 0.000012 0.000222 0.000000 0.000000 0.000000 0.000000 0.000000 0.000000 0.000000 0.000000 0.000000 0.499441 0.000000 0.000000 0.000000
the mean of prob-rank is 1.6842105263157894
the number of false negetive edges is 0
the number of probability greater than 0 is 7.1/edge
