20
 0.000000 0.000000 0.000000 0.000000 0.499959 0.000000 0.000702 0.000000 0.000000 0.000000 0.000000 0.000000 0.000000 0.499338 0.000000 0.000000 0.000000 0.000000 0.000000 0.000000
 0.000000 0.000000 0.000000 0.000000 0.499998 0.000000 0.000002 0.000000 0.000000 0.000000 0.000000 0.000000 0.000000 0.000000 0.000000 0.000000 0.000000 0.500000 0.000000 0.000000
 0.000000 0.000000 0.000000 0.000000 0.000000 0.000000 0.000000 0.499997 0.000000 0.000000 0.000000 0.000000 0.000000 0.000000 0.000000 0.000000 0.500003 0.000000 0.000000 0.000000
 0.000000 0.000000 0.000000 0.000000 0.000000 0.000000 0.000000 0.000000 0.000000 0.000000 0.000000 0.000613 0.030215 0.000000 0.484897 0.484192 0.000000 0.000000 0.000083 0.000000
 0.499998 0.499997 0.000000 0.000000 0.000000 0.000000 0.000000 0.000000 0.000000 0.000000 0.000000 0.000000 0.000000 0.000000 0.000000 0.000000 0.000000 0.000005 0.000000 0.000000
 0.000000 0.000000 0.000000 0.000000 0.000000 0.000000 0.000000 0.000000 0.013377 0.441787 0.000000 0.000000 0.000000 0.000000 0.000000 0.000000 0.460415 0.000000 0.084421 0.000000
 0.000702 0.000002 0.000000 0.000000 0.000000 0.000000 0.000000 0.000000 0.000000 0.000000 0.499605 0.000310 0.000000 0.000000 0.000000 0.000000 0.000000 0.499372 0.000000 0.000010
 0.000000 0.000000 0.330438 0.000000 0.000000 0.000000 0.000000 0.000000 0.000000 0.000000 0.000000 0.000000 0.304519 0.000000 0.000000 0.088966 0.000000 0.000000 0.276078 0.000000
 0.000000 0.000000 0.000000 0.000000 0.000000 0.014354 0.000000 0.000000 0.000000 0.491610 0.000000 0.000000 0.000000 0.494036 0.000000 0.000000 0.000000 0.000000 0.000000 0.000000
 0.000000 0.000000 0.000000 0.000000 0.000000 0.327696 0.000000 0.000000 0.339846 0.000000 0.000000 0.000001 0.000000 0.022257 0.000000 0.000000 0.000000 0.000000 0.097923 0.212278
 0.000000 0.000000 0.000000 0.000000 0.000000 0.000000 0.346879 0.000000 0.000000 0.000000 0.000000 0.338030 0.000000 0.000000 0.120836 0.000000 0.000000 0.000000 0.000000 0.194255
 0.000000 0.000000 0.000000 0.000473 0.000000 0.000000 0.000232 0.000000 0.000000 0.000001 0.364259 0.000000 0.000000 0.000000 0.249681 0.000000 0.000000 0.000000 0.011563 0.373791
 0.000000 0.000000 0.000000 0.022987 0.000000 0.000000 0.000000 0.339963 0.000000 0.000000 0.000000 0.000000 0.000000 0.000000 0.000003 0.368869 0.000000 0.000000 0.268177 0.000000
 0.483911 0.000000 0.000000 0.000000 0.000000 0.000000 0.000000 0.000000 0.484513 0.031576 0.000000 0.000000 0.000000 0.000000 0.000000 0.000000 0.000000 0.000000 0.000000 0.000000
 0.000000 0.000000 0.000000 0.311088 0.000000 0.000000 0.000000 0.000000 0.000000 0.000000 0.108368 0.207795 0.000003 0.000000 0.000000 0.000000 0.000000 0.077210 0.276742 0.018795
 0.000000 0.000000 0.000000 0.440338 0.000000 0.000000 0.000000 0.118726 0.000000 0.000000 0.000000 0.000000 0.440935 0.000000 0.000000 0.000000 0.000000 0.000000 0.000001 0.000000
 0.000000 0.000000 0.500008 0.000000 0.000000 0.499992 0.000000 0.000000 0.000000 0.000000 0.000000 0.000000 0.000000 0.000000 0.000000 0.000000 0.000000 0.000000 0.000000 0.000000
 0.000000 0.444892 0.000000 0.000000 0.000004 0.000000 0.444685 0.000000 0.000000 0.000000 0.000000 0.000000 0.000000 0.000000 0.110419 0.000000 0.000000 0.000000 0.000000 0.000000
 0.000000 0.000000 0.000000 0.000044 0.000000 0.047436 0.000000 0.216150 0.000000 0.074179 0.000000 0.008003 0.188073 0.000000 0.230150 0.000001 0.000000 0.000000 0.000000 0.235964
 0.000000 0.000000 0.000000 0.000000 0.000000 0.000000 0.000006 0.000000 0.000000 0.197067 0.177551 0.317048 0.000000 0.000000 0.019155 0.000000 0.000000 0.000000 0.289172 0.000000
the mean of prob-rank is 1.4736842105263157
the number of false negetive edges is 0
the number of probability greater than 0 is 4.35/edge
