20
 0.000000 0.000000 0.000000 0.000000 0.000000 0.000061 0.000000 0.000000 0.000000 0.000000 0.000000 0.499969 0.000000 0.499970 0.000000 0.000000 0.000000 0.000000 0.000000 0.000000
 0.000000 0.000000 0.500000 0.000000 0.000000 0.000000 0.000000 0.000000 0.000000 0.000000 0.000000 0.000000 0.000000 0.000000 0.000000 0.000000 0.000000 0.000000 0.000000 0.500000
 0.000000 0.500000 0.000000 0.000000 0.000000 0.000000 0.000000 0.000000 0.000000 0.000000 0.000000 0.500000 0.000000 0.000000 0.000000 0.000000 0.000000 0.000000 0.000000 0.000000
 0.000000 0.000000 0.000000 0.000000 0.000000 0.000000 0.047101 0.000000 0.000000 0.000000 0.000000 0.000000 0.000000 0.000000 0.000000 0.474363 0.000000 0.478536 0.000000 0.000000
 0.000000 0.000000 0.000000 0.000000 0.000000 0.000000 0.000000 0.000000 0.000000 0.000000 0.000000 0.000000 0.000335 0.000000 0.000000 0.000000 0.499821 0.000000 0.000025 0.499820
 0.000057 0.000000 0.000000 0.000000 0.000000 0.000000 0.000000 0.470666 0.000000 0.000000 0.059964 0.000000 0.000000 0.469314 0.000000 0.000000 0.000000 0.000000 0.000000 0.000000
 0.000000 0.000000 0.000000 0.046895 0.000000 0.000000 0.000000 0.000000 0.000000 0.000000 0.476455 0.000000 0.002833 0.000000 0.473816 0.000000 0.000000 0.000000 0.000000 0.000000
 0.000000 0.000000 0.000000 0.000000 0.000000 0.494923 0.000000 0.000000 0.494927 0.000000 0.001973 0.000000 0.000000 0.000000 0.000000 0.008177 0.000000 0.000000 0.000000 0.000000
 0.000000 0.000000 0.000000 0.000000 0.000000 0.000000 0.000000 0.421491 0.000000 0.421055 0.000000 0.000000 0.000000 0.000000 0.000000 0.157455 0.000000 0.000000 0.000000 0.000000
 0.000000 0.000000 0.000000 0.000000 0.000000 0.000000 0.000000 0.000000 0.469839 0.000000 0.000000 0.000000 0.000000 0.060792 0.000000 0.469369 0.000000 0.000000 0.000000 0.000000
 0.000000 0.000000 0.000000 0.000000 0.000000 0.059843 0.469728 0.001872 0.000000 0.000000 0.000000 0.000000 0.467996 0.000000 0.000000 0.000000 0.000000 0.000000 0.000000 0.000560
 0.499971 0.000000 0.499973 0.000000 0.000000 0.000000 0.000000 0.000000 0.000000 0.000000 0.000000 0.000000 0.000000 0.000056 0.000000 0.000000 0.000000 0.000000 0.000000 0.000000
 0.000000 0.000000 0.000000 0.000000 0.000316 0.000000 0.002811 0.000000 0.000000 0.000000 0.470983 0.000000 0.000000 0.000000 0.053162 0.000000 0.000000 0.000000 0.472727 0.000000
 0.470260 0.000000 0.000000 0.000000 0.000000 0.468904 0.000000 0.000000 0.000000 0.060784 0.000000 0.000052 0.000000 0.000000 0.000000 0.000000 0.000000 0.000000 0.000000 0.000000
 0.000000 0.000000 0.000000 0.000000 0.000000 0.000000 0.471997 0.000000 0.000000 0.000000 0.000000 0.000000 0.053376 0.000000 0.000000 0.000000 0.000000 0.474627 0.000000 0.000000
 0.000000 0.000000 0.000000 0.416616 0.000000 0.000000 0.000000 0.006944 0.157006 0.419434 0.000000 0.000000 0.000000 0.000000 0.000000 0.000000 0.000000 0.000000 0.000000 0.000000
 0.000000 0.000000 0.000000 0.000000 0.500000 0.000000 0.000000 0.000000 0.000000 0.000000 0.000000 0.000000 0.000000 0.000000 0.000000 0.000000 0.000000 0.000000 0.500000 0.000000
 0.000000 0.000000 0.000000 0.499995 0.000000 0.000000 0.000000 0.000000 0.000000 0.000000 0.000000 0.000000 0.000000 0.000000 0.500005 0.000000 0.000000 0.000000 0.000000 0.000000
 0.000000 0.000000 0.000000 0.000000 0.000025 0.000000 0.000000 0.000000 0.000000 0.000000 0.000000 0.000000 0.499988 0.000000 0.000000 0.000000 0.499988 0.000000 0.000000 0.000000
 0.000000 0.499703 0.000000 0.000000 0.499701 0.000000 0.000000 0.000000 0.000000 0.000000 0.000596 0.000000 0.000000 0.000000 0.000000 0.000000 0.000000 0.000000 0.000000 0.000000
the mean of prob-rank is 1.4736842105263157
the number of false negetive edges is 0
the number of probability greater than 0 is 3.3/edge
