20
 0.000719 0.216878 0.000000 0.000006 0.000000 0.217041 0.000000 0.000000 0.000000 0.000022 0.000000 0.011545 0.000000 0.263851 0.004547 0.010795 0.194592 0.026414 0.000000 0.053589
 0.198782 0.000000 0.127083 0.000331 0.000000 0.234511 0.000000 0.000000 0.000000 0.000000 0.226320 0.000000 0.000000 0.037780 0.170864 0.002564 0.000000 0.000000 0.001762 0.000002
 0.000000 0.144333 0.000000 0.000000 0.000062 0.000000 0.274660 0.000000 0.000000 0.000000 0.129787 0.000000 0.000000 0.000000 0.000000 0.000000 0.000000 0.000000 0.211269 0.239889
 0.000010 0.000626 0.000000 0.000000 0.000071 0.000000 0.000000 0.059818 0.000000 0.000000 0.010420 0.023819 0.000000 0.000000 0.449437 0.455799 0.000000 0.000000 0.000000 0.000000
 0.000000 0.000000 0.000053 0.000036 0.000000 0.000000 0.197703 0.176825 0.000000 0.000000 0.192014 0.000000 0.051136 0.000000 0.152197 0.000000 0.000000 0.000000 0.230036 0.000000
 0.237475 0.279948 0.000000 0.000000 0.000000 0.000000 0.000000 0.000000 0.000000 0.000000 0.000000 0.000000 0.000000 0.281286 0.000000 0.000000 0.000000 0.000000 0.000000 0.201292
 0.000000 0.000000 0.360994 0.000000 0.306221 0.000000 0.000000 0.000000 0.000000 0.000000 0.000000 0.000000 0.000000 0.000000 0.000000 0.000000 0.000000 0.000000 0.332785 0.000000
 0.000000 0.000000 0.000000 0.045661 0.264302 0.000000 0.000000 0.000000 0.000000 0.000000 0.000000 0.000000 0.347781 0.000000 0.013251 0.329005 0.000000 0.000000 0.000000 0.000000
 0.000000 0.000000 0.000000 0.000000 0.000000 0.000000 0.000000 0.000000 0.000000 0.238374 0.000000 0.000000 0.000000 0.000000 0.000000 0.000000 0.379253 0.382373 0.000000 0.000000
 0.000032 0.000000 0.000000 0.000000 0.000000 0.000000 0.000000 0.000000 0.239499 0.000000 0.000000 0.376426 0.000000 0.000000 0.000000 0.000000 0.384042 0.000000 0.000000 0.000000
 0.000000 0.230685 0.116479 0.005628 0.203080 0.000000 0.000000 0.000000 0.000000 0.000000 0.000000 0.000000 0.000000 0.000000 0.241898 0.000046 0.000000 0.000000 0.202185 0.000000
 0.015174 0.000000 0.000000 0.018099 0.000000 0.000000 0.000000 0.000000 0.000000 0.339777 0.000000 0.000000 0.346773 0.029007 0.000000 0.251169 0.000000 0.000000 0.000000 0.000000
 0.000000 0.000000 0.000000 0.000000 0.098931 0.000000 0.000000 0.450154 0.000000 0.000000 0.000000 0.450913 0.000000 0.000000 0.000000 0.000002 0.000000 0.000000 0.000000 0.000000
 0.401919 0.062788 0.000000 0.000000 0.000000 0.391607 0.000000 0.000000 0.000000 0.000000 0.000000 0.033620 0.000000 0.000000 0.000000 0.000000 0.067107 0.016401 0.000000 0.026556
 0.004965 0.203581 0.000000 0.283763 0.188161 0.000000 0.000000 0.010960 0.000000 0.000000 0.282764 0.000000 0.000000 0.000000 0.000000 0.025806 0.000000 0.000000 0.000000 0.000000
 0.014566 0.003775 0.000000 0.355585 0.000000 0.000000 0.000000 0.336244 0.000000 0.000000 0.000066 0.257876 0.000001 0.000000 0.031886 0.000000 0.000000 0.000000 0.000000 0.000000
 0.250571 0.000000 0.000000 0.000000 0.000000 0.000000 0.000000 0.000000 0.336981 0.339634 0.000000 0.000000 0.000000 0.056728 0.000000 0.000000 0.000000 0.016086 0.000000 0.000000
 0.045755 0.000000 0.000000 0.000000 0.000000 0.000000 0.000000 0.000000 0.457048 0.000000 0.000000 0.000000 0.000000 0.018651 0.000000 0.000000 0.021639 0.000000 0.000000 0.456907
 0.000000 0.002079 0.219422 0.000000 0.281551 0.000000 0.262968 0.000000 0.000000 0.000000 0.233980 0.000000 0.000000 0.000000 0.000000 0.000000 0.000000 0.000000 0.000000 0.000000
 0.071528 0.000003 0.307584 0.000000 0.000000 0.245552 0.000000 0.000000 0.000000 0.000000 0.000000 0.000000 0.000000 0.023269 0.000000 0.000000 0.000000 0.352063 0.000000 0.000000
the mean of prob-rank is 1.8421052631578947
the number of false negetive edges is 0
the number of probability greater than 0 is 6.15/edge
