20
 0.000000 0.000000 0.000000 0.000000 0.500000 0.000000 0.000000 0.000000 0.000000 0.000000 0.500000 0.000000 0.000000 0.000000 0.000000 0.000000 0.000000 0.000000 0.000000 0.000000
 0.000000 0.000000 0.500000 0.000000 0.000000 0.000000 0.000000 0.000000 0.000000 0.000000 0.000000 0.000000 0.000000 0.000000 0.000000 0.000000 0.000000 0.500000 0.000000 0.000000
 0.000000 0.374122 0.000000 0.000000 0.000000 0.000000 0.000000 0.258269 0.000000 0.000000 0.000000 0.000000 0.000000 0.000000 0.000000 0.000000 0.000000 0.000000 0.367609 0.000000
 0.000000 0.000000 0.000000 0.000000 0.000000 0.000000 0.000000 0.000000 0.000844 0.499578 0.000000 0.000000 0.000000 0.000000 0.000000 0.000000 0.000000 0.000000 0.000000 0.499579
 0.494960 0.000000 0.000000 0.000000 0.000000 0.000000 0.000000 0.000000 0.000000 0.000000 0.000000 0.000000 0.000000 0.000000 0.000000 0.494655 0.000000 0.000000 0.010385 0.000000
 0.000000 0.000000 0.000000 0.000000 0.000000 0.000000 0.000000 0.000000 0.444735 0.000000 0.000000 0.000000 0.000000 0.000000 0.444686 0.000000 0.000000 0.000000 0.000000 0.110580
 0.000000 0.000000 0.000000 0.000000 0.000000 0.000000 0.000000 0.331722 0.000000 0.335261 0.000000 0.000000 0.000000 0.000000 0.000000 0.000000 0.000000 0.000000 0.333017 0.000000
 0.000000 0.000000 0.254051 0.000000 0.000000 0.000000 0.364126 0.000000 0.000000 0.000000 0.000000 0.000000 0.000000 0.000000 0.000000 0.000000 0.000000 0.013811 0.368012 0.000000
 0.000000 0.000000 0.000000 0.000788 0.000000 0.466425 0.000000 0.000000 0.000000 0.000000 0.000000 0.000000 0.000000 0.000000 0.066364 0.000000 0.000000 0.000000 0.000000 0.466423
 0.000000 0.000000 0.000000 0.499995 0.000000 0.000000 0.499997 0.000000 0.000000 0.000000 0.000000 0.000000 0.000000 0.000000 0.000000 0.000000 0.000000 0.000000 0.000008 0.000000
 0.500001 0.000000 0.000000 0.000000 0.000000 0.000000 0.000000 0.000000 0.000000 0.000000 0.000000 0.000000 0.499999 0.000000 0.000000 0.000000 0.000000 0.000000 0.000000 0.000000
 0.000000 0.000000 0.000000 0.000000 0.000000 0.000000 0.000000 0.000000 0.000000 0.000000 0.000000 0.000000 0.000000 0.000000 0.499994 0.000000 0.500006 0.000000 0.000000 0.000000
 0.000000 0.000000 0.000000 0.000000 0.000000 0.000000 0.000000 0.000000 0.000000 0.000000 0.499999 0.000000 0.000000 0.000000 0.000000 0.000000 0.500001 0.000000 0.000000 0.000000
 0.000000 0.000000 0.000000 0.000000 0.000000 0.000000 0.000000 0.000000 0.000000 0.000000 0.000000 0.000000 0.000000 0.000000 0.000000 0.499988 0.000000 0.500012 0.000000 0.000000
 0.000000 0.000000 0.000000 0.000000 0.000000 0.466770 0.000000 0.000000 0.066420 0.000000 0.000000 0.466810 0.000000 0.000000 0.000000 0.000000 0.000000 0.000000 0.000000 0.000000
 0.000000 0.000000 0.000000 0.000000 0.499858 0.000000 0.000000 0.000000 0.000000 0.000000 0.000000 0.000000 0.000000 0.500142 0.000000 0.000000 0.000000 0.000000 0.000000 0.000000
 0.000000 0.000000 0.000000 0.000000 0.000000 0.000000 0.000000 0.000000 0.000000 0.000000 0.000000 0.500000 0.500000 0.000000 0.000000 0.000000 0.000000 0.000000 0.000000 0.000000
 0.000000 0.490579 0.000000 0.000000 0.000000 0.000000 0.000000 0.018411 0.000000 0.000000 0.000000 0.000000 0.000000 0.490579 0.000000 0.000000 0.000000 0.000000 0.000431 0.000000
 0.000000 0.000000 0.327773 0.000000 0.006999 0.000000 0.331348 0.333581 0.000000 0.000006 0.000000 0.000000 0.000000 0.000000 0.000000 0.000000 0.000000 0.000293 0.000000 0.000000
 0.000000 0.000000 0.000000 0.444713 0.000000 0.110575 0.000000 0.000000 0.444712 0.000000 0.000000 0.000000 0.000000 0.000000 0.000000 0.000000 0.000000 0.000000 0.000000 0.000000
the mean of prob-rank is 1.6842105263157894
the number of false negetive edges is 0
the number of probability greater than 0 is 2.9/edge
