20
 0.000000 0.293054 0.000000 0.000000 0.000000 0.217835 0.000000 0.000000 0.000000 0.000000 0.000000 0.141536 0.000000 0.000000 0.000000 0.000000 0.000000 0.347574 0.000000 0.000000
 0.312758 0.000000 0.000000 0.000000 0.000000 0.370938 0.000000 0.000000 0.023293 0.000000 0.000000 0.293011 0.000000 0.000000 0.000000 0.000000 0.000000 0.000000 0.000000 0.000000
 0.000000 0.000000 0.000000 0.000000 0.000000 0.000000 0.000000 0.084279 0.000000 0.000000 0.000000 0.000000 0.000000 0.457052 0.000000 0.458669 0.000000 0.000000 0.000000 0.000000
 0.000000 0.000000 0.000000 0.000000 0.000000 0.000000 0.000000 0.000000 0.000000 0.500024 0.000000 0.000000 0.000000 0.000000 0.000000 0.000000 0.000000 0.000000 0.000000 0.499975
 0.000000 0.000000 0.000000 0.000000 0.000000 0.000000 0.500000 0.000000 0.000000 0.500000 0.000000 0.000000 0.000000 0.000000 0.000000 0.000000 0.000000 0.000000 0.000000 0.000000
 0.238788 0.381001 0.000000 0.000000 0.000000 0.000000 0.000000 0.000000 0.380209 0.000000 0.000000 0.000000 0.000001 0.000000 0.000000 0.000000 0.000000 0.000000 0.000000 0.000000
 0.000000 0.000000 0.000000 0.000000 0.500002 0.000000 0.000000 0.000000 0.000000 0.000000 0.499998 0.000000 0.000000 0.000000 0.000000 0.000000 0.000000 0.000000 0.000000 0.000000
 0.000000 0.000000 0.081105 0.000000 0.000000 0.000000 0.000000 0.000000 0.000000 0.000000 0.000000 0.000000 0.000000 0.044357 0.439564 0.000000 0.000000 0.000000 0.000000 0.434974
 0.000000 0.029252 0.000000 0.000000 0.000000 0.464868 0.000000 0.000000 0.000000 0.000000 0.000000 0.039475 0.465842 0.000000 0.000000 0.000000 0.000562 0.000000 0.000000 0.000000
 0.000000 0.000000 0.000000 0.500000 0.500000 0.000000 0.000000 0.000000 0.000000 0.000000 0.000000 0.000000 0.000000 0.000000 0.000000 0.000000 0.000000 0.000000 0.000000 0.000000
 0.000000 0.000000 0.000000 0.000000 0.000000 0.000000 0.499998 0.000000 0.000000 0.000000 0.000000 0.000000 0.000000 0.000000 0.000000 0.000000 0.000000 0.000000 0.500002 0.000000
 0.126450 0.245286 0.000000 0.000000 0.000000 0.000000 0.000000 0.000000 0.026314 0.000000 0.000000 0.000000 0.015893 0.304531 0.281526 0.000000 0.000000 0.000000 0.000000 0.000000
 0.000000 0.000000 0.000000 0.000000 0.000000 0.000001 0.000000 0.000000 0.487632 0.000000 0.000000 0.024958 0.000000 0.000004 0.000000 0.000000 0.487404 0.000000 0.000000 0.000000
 0.000000 0.000000 0.401422 0.000000 0.000000 0.000000 0.000000 0.040483 0.000000 0.000000 0.000000 0.395066 0.000003 0.000000 0.163026 0.000000 0.000000 0.000000 0.000000 0.000000
 0.000000 0.000000 0.000000 0.000000 0.000000 0.000000 0.000000 0.320480 0.000000 0.000000 0.000000 0.291760 0.000000 0.130234 0.000000 0.000000 0.000000 0.000000 0.000000 0.257526
 0.000000 0.000000 0.500000 0.000000 0.000000 0.000000 0.000000 0.000000 0.000000 0.000000 0.000000 0.000000 0.000000 0.000000 0.000000 0.000000 0.500000 0.000000 0.000000 0.000000
 0.000000 0.000000 0.000000 0.000000 0.000000 0.000000 0.000000 0.000000 0.000603 0.000000 0.000000 0.000000 0.499581 0.000000 0.000000 0.499816 0.000000 0.000000 0.000000 0.000000
 0.500000 0.000000 0.000000 0.000000 0.000000 0.000000 0.000000 0.000000 0.000000 0.000000 0.000000 0.000000 0.000000 0.000000 0.000000 0.000000 0.000000 0.000000 0.500000 0.000000
 0.000000 0.000000 0.000000 0.000000 0.000000 0.000000 0.000000 0.000000 0.000000 0.000000 0.500000 0.000000 0.000000 0.000000 0.000000 0.000000 0.000000 0.500000 0.000000 0.000000
 0.000000 0.000000 0.000000 0.358954 0.000000 0.000000 0.000000 0.353769 0.000000 0.000000 0.000000 0.000000 0.000000 0.000000 0.287277 0.000000 0.000000 0.000000 0.000000 0.000000
the mean of prob-rank is 1.5789473684210527
the number of false negetive edges is 0
the number of probability greater than 0 is 3.3/edge
