20
 0.000000 0.000309 0.000015 0.000000 0.000000 0.000000 0.000014 0.002288 0.000000 0.000000 0.000000 0.000000 0.499052 0.000000 0.000000 0.000001 0.000028 0.000000 0.498293 0.000000
 0.000194 0.000000 0.000000 0.000000 0.000000 0.000000 0.000000 0.313421 0.000000 0.000000 0.000000 0.000000 0.229212 0.000000 0.000000 0.291359 0.000000 0.000000 0.165814 0.000000
 0.000012 0.000000 0.000000 0.000000 0.000000 0.000000 0.000000 0.000000 0.000000 0.000000 0.000000 0.000000 0.000000 0.000000 0.412518 0.000000 0.000000 0.175938 0.411532 0.000000
 0.000000 0.000000 0.000000 0.000000 0.000000 0.000000 0.425179 0.000000 0.000000 0.000072 0.437330 0.137419 0.000000 0.000000 0.000000 0.000000 0.000000 0.000000 0.000000 0.000000
 0.000000 0.000000 0.000000 0.000000 0.000000 0.000000 0.249039 0.000000 0.000000 0.000000 0.000000 0.318031 0.000000 0.000000 0.000000 0.000000 0.165277 0.000000 0.000000 0.267653
 0.000000 0.000000 0.000000 0.000000 0.000000 0.000000 0.000000 0.000000 0.000000 0.357691 0.277864 0.000000 0.000000 0.356099 0.000000 0.000000 0.000000 0.008345 0.000000 0.000000
 0.000007 0.000000 0.000000 0.252555 0.205434 0.000000 0.000000 0.000000 0.000000 0.000000 0.000000 0.154939 0.000000 0.000000 0.000000 0.000000 0.140268 0.000000 0.000000 0.246798
 0.001770 0.386152 0.000000 0.000000 0.000000 0.000000 0.000000 0.000000 0.000000 0.000000 0.000000 0.000000 0.381579 0.000000 0.000000 0.230498 0.000000 0.000000 0.000000 0.000000
 0.000000 0.000000 0.000000 0.000000 0.000000 0.000000 0.000000 0.000000 0.000000 0.199575 0.000000 0.000000 0.000000 0.000000 0.399892 0.000000 0.000000 0.400533 0.000000 0.000000
 0.000000 0.000000 0.000000 0.000060 0.000000 0.371108 0.000000 0.000000 0.184944 0.000000 0.000000 0.000000 0.000000 0.000000 0.079983 0.000000 0.000000 0.363904 0.000000 0.000000
 0.000000 0.000000 0.000000 0.356081 0.000000 0.281495 0.000000 0.000000 0.000000 0.000000 0.000000 0.000000 0.000000 0.362425 0.000000 0.000000 0.000000 0.000000 0.000000 0.000000
 0.000000 0.000000 0.000000 0.116377 0.374032 0.000000 0.220901 0.000000 0.000000 0.000000 0.000000 0.000000 0.000000 0.000000 0.000000 0.285414 0.003277 0.000000 0.000000 0.000000
 0.360359 0.263535 0.000000 0.000000 0.000000 0.000000 0.000000 0.356086 0.000000 0.000000 0.000000 0.000000 0.000000 0.000000 0.000000 0.019311 0.000000 0.000000 0.000710 0.000000
 0.000000 0.000000 0.000000 0.000000 0.000000 0.367961 0.000000 0.000000 0.000000 0.000000 0.369667 0.000000 0.000000 0.000000 0.000000 0.000000 0.000000 0.262372 0.000000 0.000000
 0.000000 0.000000 0.422042 0.000000 0.000000 0.000000 0.000000 0.000000 0.421746 0.091027 0.000000 0.000000 0.000000 0.000000 0.000000 0.000000 0.000000 0.065185 0.000000 0.000000
 0.000000 0.283362 0.000000 0.000000 0.000000 0.000000 0.000000 0.181949 0.000000 0.000000 0.000000 0.230793 0.016335 0.000000 0.000000 0.000000 0.273927 0.000000 0.000000 0.013634
 0.000019 0.000000 0.000000 0.000000 0.174590 0.000000 0.179623 0.000000 0.000000 0.000000 0.000000 0.002943 0.000000 0.000000 0.000000 0.304266 0.000000 0.000000 0.000000 0.338559
 0.000000 0.000000 0.129363 0.000000 0.000000 0.007082 0.000000 0.000000 0.303588 0.297646 0.000000 0.000000 0.000000 0.215473 0.046848 0.000000 0.000000 0.000000 0.000000 0.000000
 0.395249 0.209421 0.394550 0.000000 0.000000 0.000000 0.000000 0.000000 0.000000 0.000000 0.000000 0.000000 0.000780 0.000000 0.000000 0.000000 0.000000 0.000000 0.000000 0.000000
 0.000000 0.000000 0.000000 0.000000 0.296841 0.000000 0.331810 0.000000 0.000000 0.000000 0.000000 0.000000 0.000000 0.000000 0.000000 0.015899 0.355450 0.000000 0.000000 0.000000
the mean of prob-rank is 1.6842105263157894
the number of false negetive edges is 0
the number of probability greater than 0 is 4.6/edge
