20
 0.000000 0.000000 0.000000 0.000000 0.000000 0.000000 0.322845 0.000000 0.000000 0.000000 0.000000 0.000000 0.000000 0.000000 0.000000 0.343420 0.000000 0.000000 0.000000 0.333735
 0.000000 0.000000 0.000000 0.000000 0.500000 0.000000 0.000000 0.000000 0.000000 0.000000 0.000000 0.000000 0.000000 0.000000 0.000000 0.000000 0.000000 0.500000 0.000000 0.000000
 0.000000 0.000000 0.000000 0.302342 0.000000 0.000000 0.129000 0.284893 0.000000 0.000000 0.000000 0.000000 0.269481 0.000000 0.014284 0.000000 0.000000 0.000000 0.000000 0.000000
 0.000000 0.000000 0.350986 0.000000 0.000000 0.000000 0.352553 0.296461 0.000000 0.000000 0.000000 0.000000 0.000000 0.000000 0.000000 0.000000 0.000000 0.000000 0.000000 0.000000
 0.000000 0.500000 0.000000 0.000000 0.000000 0.000000 0.000000 0.000000 0.000000 0.000000 0.000000 0.000000 0.000000 0.000000 0.000000 0.000000 0.500000 0.000000 0.000000 0.000000
 0.000000 0.000000 0.000000 0.000000 0.000000 0.000000 0.000001 0.000000 0.000000 0.000000 0.000000 0.000000 0.000000 0.499875 0.499651 0.000000 0.000000 0.000000 0.000000 0.000473
 0.264408 0.000000 0.118601 0.279210 0.000000 0.000001 0.000000 0.000554 0.192563 0.000000 0.000000 0.000000 0.000000 0.000000 0.108637 0.036027 0.000000 0.000000 0.000000 0.000000
 0.000000 0.000000 0.220024 0.197227 0.000000 0.000000 0.000466 0.000000 0.199676 0.000000 0.229693 0.000000 0.151916 0.000000 0.000000 0.000000 0.000000 0.000005 0.000993 0.000000
 0.000000 0.000000 0.000000 0.000000 0.000000 0.000000 0.199272 0.245986 0.000000 0.000000 0.000000 0.000000 0.000000 0.000000 0.000000 0.263721 0.291021 0.000000 0.000000 0.000000
 0.000000 0.000000 0.000000 0.000000 0.000000 0.000000 0.000000 0.000000 0.000000 0.000000 0.000000 0.319270 0.246769 0.000000 0.249244 0.000000 0.000000 0.000000 0.184717 0.000000
 0.000000 0.000000 0.000000 0.000000 0.000000 0.000000 0.000000 0.354050 0.000000 0.000000 0.000000 0.000000 0.000000 0.000000 0.000000 0.000000 0.000000 0.364179 0.281771 0.000000
 0.000000 0.000000 0.000000 0.000000 0.000000 0.000000 0.000000 0.000000 0.000000 0.365413 0.000000 0.000000 0.291689 0.000000 0.021839 0.000000 0.000000 0.000000 0.321059 0.000000
 0.000000 0.000000 0.186914 0.000000 0.000000 0.000000 0.000000 0.136437 0.000000 0.163813 0.000000 0.169181 0.000000 0.000000 0.144392 0.000000 0.000000 0.000000 0.199263 0.000000
 0.000000 0.000000 0.000000 0.000000 0.000000 0.499972 0.000000 0.000000 0.000000 0.000000 0.000000 0.000000 0.000000 0.000000 0.000126 0.000000 0.000000 0.000000 0.000000 0.499902
 0.000000 0.000000 0.015813 0.000000 0.000000 0.338523 0.130813 0.000000 0.000000 0.264084 0.000000 0.020218 0.230463 0.000086 0.000000 0.000000 0.000000 0.000000 0.000000 0.000000
 0.345404 0.000000 0.000000 0.000000 0.000000 0.000000 0.044244 0.000000 0.312961 0.000000 0.000000 0.000000 0.000000 0.000000 0.000000 0.000000 0.000000 0.000000 0.000000 0.297391
 0.000000 0.000000 0.000000 0.000000 0.500034 0.000000 0.000000 0.000000 0.499966 0.000000 0.000000 0.000000 0.000000 0.000000 0.000000 0.000000 0.000000 0.000000 0.000000 0.000000
 0.000000 0.499995 0.000000 0.000000 0.000000 0.000000 0.000000 0.000010 0.000000 0.000000 0.499995 0.000000 0.000000 0.000000 0.000000 0.000000 0.000000 0.000000 0.000000 0.000000
 0.000000 0.000000 0.000000 0.000000 0.000000 0.000000 0.000000 0.001325 0.000000 0.182156 0.243883 0.276627 0.296008 0.000000 0.000000 0.000000 0.000000 0.000000 0.000000 0.000000
 0.342955 0.000000 0.000000 0.000000 0.000000 0.000334 0.000000 0.000000 0.000000 0.000000 0.000000 0.000000 0.000000 0.352860 0.000000 0.303851 0.000000 0.000000 0.000000 0.000000
the mean of prob-rank is 2.0526315789473686
the number of false negetive edges is 0
the number of probability greater than 0 is 4.15/edge
