20
 0.000000 0.000000 0.000004 0.000000 0.069630 0.464195 0.466170 0.000000 0.000000 0.000000 0.000000 0.000000 0.000000 0.000000 0.000000 0.000000 0.000000 0.000000 0.000000 0.000000
 0.000000 0.000000 0.000000 0.000000 0.000000 0.000000 0.000000 0.000000 0.335710 0.000000 0.346759 0.001149 0.000000 0.291873 0.000000 0.008308 0.016201 0.000000 0.000000 0.000000
 0.000004 0.000000 0.000000 0.000000 0.000000 0.000000 0.000000 0.000000 0.000000 0.000000 0.000000 0.000000 0.000000 0.000000 0.498962 0.000000 0.000000 0.000338 0.500696 0.000000
 0.000000 0.000000 0.000000 0.000000 0.000000 0.000000 0.000000 0.000295 0.000000 0.499882 0.000000 0.000000 0.499823 0.000000 0.000000 0.000000 0.000000 0.000000 0.000000 0.000000
 0.069521 0.000000 0.000000 0.000000 0.000000 0.465447 0.000000 0.000000 0.000000 0.000000 0.000000 0.465033 0.000000 0.000000 0.000000 0.000000 0.000000 0.000000 0.000000 0.000000
 0.411350 0.000000 0.000000 0.000000 0.413110 0.000000 0.000000 0.000000 0.000000 0.000000 0.000000 0.000001 0.000000 0.000000 0.000000 0.173349 0.002190 0.000000 0.000000 0.000000
 0.482924 0.000000 0.000000 0.000000 0.000000 0.000000 0.000000 0.035242 0.000000 0.000000 0.000000 0.000000 0.000000 0.000000 0.000002 0.000000 0.000000 0.000000 0.481832 0.000000
 0.000000 0.000000 0.000000 0.000285 0.000000 0.000000 0.035294 0.000000 0.000000 0.000000 0.000000 0.000000 0.000001 0.000000 0.481671 0.000000 0.000000 0.482749 0.000000 0.000000
 0.000000 0.350501 0.000000 0.000000 0.000000 0.000000 0.000000 0.000000 0.000000 0.000000 0.284719 0.000000 0.000000 0.000000 0.000000 0.001733 0.363047 0.000000 0.000000 0.000000
 0.000000 0.000000 0.000000 0.499809 0.000000 0.000000 0.000000 0.000000 0.000000 0.000000 0.001032 0.000000 0.000000 0.499159 0.000000 0.000000 0.000000 0.000000 0.000000 0.000000
 0.000000 0.373750 0.000000 0.000000 0.000000 0.000000 0.000000 0.000000 0.293930 0.000774 0.000000 0.000000 0.000000 0.324667 0.000000 0.000000 0.006879 0.000000 0.000000 0.000000
 0.000000 0.001572 0.000000 0.000000 0.475173 0.000001 0.000000 0.000000 0.000000 0.000000 0.000000 0.000000 0.000000 0.000000 0.000000 0.470313 0.000000 0.017968 0.000000 0.034973
 0.000000 0.000000 0.000000 0.499972 0.000000 0.000000 0.000000 0.000001 0.000000 0.000000 0.000000 0.000000 0.000000 0.000000 0.000000 0.000000 0.000000 0.000000 0.000000 0.500027
 0.000000 0.310270 0.000000 0.000000 0.000000 0.000000 0.000000 0.000000 0.000000 0.369163 0.320207 0.000000 0.000000 0.000000 0.000000 0.000000 0.000000 0.000000 0.000000 0.000360
 0.000000 0.000000 0.429028 0.000000 0.000000 0.000000 0.000002 0.429510 0.000000 0.000000 0.000000 0.000000 0.000000 0.000000 0.000000 0.000000 0.000000 0.000000 0.141459 0.000000
 0.000000 0.009805 0.000000 0.000000 0.000000 0.172195 0.000000 0.000000 0.001959 0.000000 0.000000 0.405802 0.000000 0.000000 0.000000 0.000000 0.410238 0.000000 0.000000 0.000000
 0.000000 0.022509 0.000000 0.000000 0.000000 0.002561 0.000000 0.000000 0.483104 0.000000 0.008867 0.000000 0.000000 0.000000 0.000000 0.482959 0.000000 0.000000 0.000000 0.000000
 0.000000 0.000000 0.000330 0.000000 0.000000 0.000000 0.000000 0.490108 0.000000 0.000000 0.000000 0.018551 0.000000 0.000000 0.000000 0.000000 0.000000 0.000000 0.000000 0.491010
 0.000000 0.000000 0.429544 0.000000 0.000000 0.000000 0.429317 0.000000 0.000000 0.000000 0.000000 0.000000 0.000000 0.000000 0.141139 0.000000 0.000000 0.000000 0.000000 0.000000
 0.000000 0.000000 0.000000 0.000000 0.000000 0.000000 0.000000 0.000000 0.000000 0.000000 0.000000 0.035448 0.482048 0.000470 0.000000 0.000000 0.000000 0.482035 0.000000 0.000000
the mean of prob-rank is 1.4210526315789473
the number of false negetive edges is 0
the number of probability greater than 0 is 4.0/edge
