20
 0.000000 0.000000 0.000000 0.000000 0.000000 0.000000 0.000000 0.000000 0.000000 0.000000 0.000000 0.000000 0.000000 0.000000 0.500000 0.000000 0.000000 0.000000 0.000000 0.500000
 0.000000 0.000000 0.000000 0.000003 0.000000 0.000000 0.000000 0.000000 0.000000 0.000000 0.499998 0.000000 0.000000 0.000000 0.000000 0.000000 0.000000 0.499999 0.000000 0.000000
 0.000000 0.000000 0.000000 0.404052 0.000000 0.000000 0.000000 0.000000 0.402262 0.007238 0.000000 0.000000 0.000000 0.000000 0.000000 0.000000 0.000000 0.186448 0.000000 0.000000
 0.000000 0.000003 0.463989 0.000000 0.000000 0.000000 0.000000 0.000000 0.000000 0.463984 0.000000 0.000000 0.000000 0.000000 0.000000 0.000000 0.000000 0.072025 0.000000 0.000000
 0.000000 0.000000 0.000000 0.000000 0.000000 0.364419 0.000000 0.000000 0.259929 0.000000 0.000000 0.000000 0.000000 0.375651 0.000000 0.000000 0.000000 0.000000 0.000000 0.000000
 0.000000 0.000000 0.000000 0.000000 0.343680 0.000000 0.000000 0.000000 0.302018 0.000000 0.000000 0.000000 0.000030 0.000000 0.000000 0.354273 0.000000 0.000000 0.000000 0.000000
 0.000000 0.000000 0.000000 0.000000 0.000000 0.000000 0.000000 0.000000 0.000000 0.000000 0.000000 0.021440 0.476206 0.000000 0.000000 0.475985 0.026369 0.000000 0.000000 0.000000
 0.000000 0.000000 0.000000 0.000000 0.000000 0.000000 0.000000 0.000000 0.003557 0.498224 0.000000 0.000000 0.000000 0.498219 0.000000 0.000000 0.000000 0.000000 0.000000 0.000000
 0.000000 0.000000 0.278027 0.000000 0.193235 0.238074 0.000000 0.001994 0.000000 0.000000 0.000000 0.000000 0.000000 0.000000 0.000000 0.022831 0.000000 0.265839 0.000000 0.000000
 0.000000 0.000000 0.008862 0.494730 0.000000 0.000000 0.000000 0.494736 0.000000 0.000000 0.000000 0.000000 0.000000 0.001672 0.000000 0.000000 0.000000 0.000000 0.000000 0.000000
 0.000000 0.478604 0.000000 0.000000 0.000000 0.000000 0.000000 0.000000 0.000000 0.000000 0.000000 0.000000 0.000000 0.000000 0.000000 0.000000 0.000000 0.042791 0.478605 0.000000
 0.000000 0.000000 0.000000 0.000000 0.000000 0.000000 0.021923 0.000000 0.000000 0.000000 0.000000 0.000000 0.486964 0.000000 0.004177 0.000000 0.486936 0.000000 0.000000 0.000000
 0.000000 0.000000 0.000000 0.000000 0.000000 0.000039 0.471070 0.000000 0.000000 0.000000 0.000000 0.471114 0.000000 0.000000 0.000000 0.057776 0.000000 0.000000 0.000000 0.000000
 0.000000 0.000000 0.000000 0.000000 0.499159 0.000000 0.000000 0.499154 0.000000 0.001687 0.000000 0.000000 0.000000 0.000000 0.000000 0.000000 0.000000 0.000000 0.000000 0.000000
 0.497865 0.000000 0.000000 0.000000 0.000000 0.000000 0.000000 0.000000 0.000000 0.000000 0.000000 0.004271 0.000000 0.000000 0.000000 0.000000 0.497864 0.000000 0.000000 0.000000
 0.000000 0.000000 0.000000 0.000000 0.000000 0.453755 0.453502 0.000000 0.037096 0.000000 0.000000 0.000000 0.055647 0.000000 0.000000 0.000000 0.000000 0.000000 0.000000 0.000000
 0.000000 0.000000 0.000000 0.000000 0.000000 0.000000 0.026939 0.000000 0.000000 0.000000 0.000000 0.486517 0.000000 0.000000 0.486544 0.000000 0.000000 0.000000 0.000000 0.000000
 0.000000 0.376222 0.173605 0.058401 0.000000 0.000000 0.000000 0.000000 0.358135 0.000000 0.033637 0.000000 0.000000 0.000000 0.000000 0.000000 0.000000 0.000000 0.000000 0.000000
 0.000000 0.000000 0.000000 0.000000 0.000000 0.000000 0.000000 0.000000 0.000000 0.000000 0.500000 0.000000 0.000000 0.000000 0.000000 0.000000 0.000000 0.000000 0.000000 0.500000
 0.500000 0.000000 0.000000 0.000000 0.000000 0.000000 0.000000 0.000000 0.000000 0.000000 0.000000 0.000000 0.000000 0.000000 0.000000 0.000000 0.000000 0.000000 0.500000 0.000000
the mean of prob-rank is 1.6842105263157894
the number of false negetive edges is 0
the number of probability greater than 0 is 3.5/edge
