20
 0.000000 0.000000 0.000000 0.420154 0.000000 0.416119 0.000000 0.000000 0.000000 0.000000 0.000000 0.000000 0.000000 0.000000 0.000000 0.000000 0.000000 0.000227 0.163500 0.000000
 0.000000 0.000000 0.000000 0.000000 0.000026 0.000000 0.000000 0.499989 0.000000 0.000000 0.000000 0.000000 0.000000 0.000000 0.499984 0.000000 0.000000 0.000000 0.000000 0.000000
 0.000000 0.000000 0.000000 0.022953 0.000000 0.087256 0.448096 0.000000 0.000000 0.000000 0.000000 0.000000 0.000000 0.000002 0.000000 0.000000 0.000000 0.000000 0.000000 0.441693
 0.460368 0.000000 0.023582 0.000000 0.000000 0.055902 0.460149 0.000000 0.000000 0.000000 0.000000 0.000000 0.000000 0.000000 0.000000 0.000000 0.000000 0.000000 0.000000 0.000000
 0.000000 0.000019 0.000000 0.000000 0.000000 0.000000 0.000000 0.361785 0.000000 0.000000 0.369036 0.000001 0.269159 0.000000 0.000000 0.000000 0.000000 0.000000 0.000000 0.000000
 0.350957 0.000000 0.069004 0.043029 0.000000 0.000000 0.003136 0.000000 0.000000 0.000422 0.000000 0.000000 0.341100 0.000000 0.000000 0.000000 0.000000 0.000000 0.000000 0.192352
 0.000000 0.000000 0.497915 0.497679 0.000000 0.004406 0.000000 0.000000 0.000000 0.000000 0.000000 0.000000 0.000000 0.000000 0.000000 0.000000 0.000000 0.000000 0.000000 0.000000
 0.000000 0.347216 0.000000 0.000000 0.340394 0.000000 0.000000 0.000000 0.000000 0.000003 0.000000 0.000000 0.000304 0.000000 0.000001 0.312083 0.000000 0.000000 0.000000 0.000000
 0.000000 0.000000 0.000000 0.000000 0.000000 0.000000 0.000000 0.000000 0.000000 0.000000 0.000000 0.000000 0.000000 0.499994 0.000000 0.000000 0.000004 0.000000 0.000000 0.500002
 0.000000 0.000000 0.000000 0.000000 0.000000 0.000594 0.000000 0.000004 0.000000 0.000000 0.000000 0.000000 0.499746 0.000000 0.000000 0.499654 0.000000 0.000002 0.000000 0.000000
 0.000000 0.000000 0.000000 0.000000 0.492931 0.000000 0.000000 0.000000 0.000000 0.000000 0.000000 0.000000 0.014324 0.000000 0.000000 0.000000 0.492745 0.000000 0.000000 0.000000
 0.000000 0.000000 0.000000 0.000000 0.000001 0.000000 0.000000 0.000000 0.000000 0.000000 0.000000 0.000000 0.000000 0.000000 0.351274 0.031301 0.000000 0.277043 0.340380 0.000000
 0.000000 0.000000 0.000000 0.000000 0.267749 0.353367 0.000000 0.000321 0.000000 0.367099 0.010668 0.000000 0.000000 0.000000 0.000000 0.000003 0.000792 0.000000 0.000000 0.000000
 0.000000 0.000000 0.000002 0.000000 0.000000 0.000000 0.000000 0.000000 0.479699 0.000000 0.000000 0.000000 0.000000 0.000000 0.000000 0.000000 0.479710 0.000000 0.000000 0.040588
 0.000000 0.499996 0.000000 0.000000 0.000000 0.000000 0.000000 0.000002 0.000000 0.000000 0.000000 0.500002 0.000000 0.000000 0.000000 0.000000 0.000000 0.000000 0.000000 0.000000
 0.000000 0.000000 0.000000 0.000000 0.000000 0.000000 0.000000 0.316723 0.000000 0.352309 0.000000 0.031400 0.000003 0.000000 0.000000 0.000000 0.000000 0.299565 0.000000 0.000000
 0.000000 0.000000 0.000000 0.000000 0.000000 0.000000 0.000000 0.000000 0.000004 0.000000 0.499365 0.000000 0.001078 0.499554 0.000000 0.000000 0.000000 0.000000 0.000000 0.000000
 0.000204 0.000000 0.000000 0.000000 0.000000 0.000000 0.000000 0.000000 0.000000 0.000002 0.000000 0.298817 0.000000 0.000000 0.000000 0.322096 0.000000 0.000000 0.378882 0.000000
 0.165022 0.000000 0.000000 0.000000 0.000000 0.000000 0.000000 0.000000 0.000000 0.000000 0.000000 0.410913 0.000000 0.000000 0.000000 0.000000 0.000000 0.424065 0.000000 0.000000
 0.000000 0.000000 0.377214 0.000000 0.000000 0.207727 0.000000 0.000000 0.382680 0.000000 0.000000 0.000000 0.000000 0.032379 0.000000 0.000000 0.000000 0.000000 0.000000 0.000000
the mean of prob-rank is 1.631578947368421
the number of false negetive edges is 0
the number of probability greater than 0 is 4.4/edge
