20
 0.000000 0.000000 0.000317 0.000000 0.000000 0.000000 0.000000 0.499842 0.000000 0.000000 0.000000 0.000000 0.000000 0.000000 0.000000 0.000000 0.000000 0.000000 0.000000 0.499841
 0.000000 0.000000 0.000000 0.449482 0.000011 0.000000 0.035957 0.000000 0.000000 0.000000 0.000000 0.000000 0.000000 0.000000 0.000000 0.000000 0.065760 0.000000 0.000000 0.448790
 0.000243 0.000000 0.000000 0.000000 0.000000 0.000000 0.380087 0.383840 0.000000 0.000000 0.000000 0.000000 0.000000 0.000000 0.183460 0.000000 0.000000 0.052370 0.000000 0.000000
 0.000000 0.499998 0.000000 0.000000 0.500001 0.000000 0.000000 0.000000 0.000000 0.000000 0.000000 0.000000 0.000000 0.000000 0.000000 0.000000 0.000000 0.000000 0.000000 0.000000
 0.000000 0.000013 0.000000 0.499996 0.000000 0.000000 0.000000 0.000000 0.000000 0.499991 0.000000 0.000000 0.000000 0.000000 0.000000 0.000000 0.000000 0.000000 0.000000 0.000000
 0.000000 0.000000 0.000000 0.000000 0.000000 0.000000 0.000000 0.000000 0.058938 0.000000 0.000000 0.000001 0.471291 0.000000 0.000000 0.469771 0.000000 0.000000 0.000000 0.000000
 0.000000 0.036227 0.448424 0.000000 0.000000 0.000000 0.000000 0.013928 0.000000 0.000000 0.001835 0.000000 0.000000 0.000000 0.000000 0.000000 0.452754 0.000000 0.000000 0.046831
 0.492436 0.000000 0.492419 0.000000 0.000000 0.000000 0.015145 0.000000 0.000000 0.000000 0.000000 0.000000 0.000000 0.000000 0.000000 0.000000 0.000000 0.000000 0.000000 0.000000
 0.000000 0.000000 0.000000 0.000000 0.000000 0.059296 0.000000 0.000000 0.000000 0.000001 0.000000 0.474155 0.466548 0.000000 0.000000 0.000000 0.000000 0.000000 0.000000 0.000000
 0.000000 0.000000 0.000000 0.000000 0.499997 0.000000 0.000000 0.000000 0.000001 0.000000 0.000000 0.500002 0.000000 0.000000 0.000000 0.000000 0.000000 0.000000 0.000000 0.000000
 0.000000 0.000000 0.000000 0.000000 0.000000 0.000000 0.001193 0.000000 0.000000 0.000000 0.000000 0.000000 0.000000 0.239492 0.283360 0.054615 0.293486 0.001275 0.126579 0.000000
 0.000000 0.000000 0.000000 0.000000 0.000000 0.000001 0.000000 0.000000 0.499999 0.500000 0.000000 0.000000 0.000000 0.000000 0.000000 0.000000 0.000000 0.000000 0.000000 0.000000
 0.000000 0.000000 0.000000 0.000000 0.000000 0.392880 0.000000 0.000000 0.386579 0.000000 0.000000 0.000000 0.000000 0.001593 0.000000 0.075910 0.000000 0.143039 0.000000 0.000000
 0.000000 0.000000 0.000000 0.000000 0.000000 0.000000 0.000000 0.000000 0.000000 0.000000 0.211281 0.000000 0.001053 0.000000 0.110933 0.245934 0.000000 0.185522 0.245277 0.000000
 0.000000 0.000000 0.127325 0.000000 0.000000 0.000000 0.000000 0.000000 0.000000 0.000000 0.256510 0.000000 0.000000 0.113830 0.000000 0.000000 0.000000 0.266399 0.235936 0.000000
 0.000000 0.000000 0.000000 0.000000 0.000000 0.340180 0.000000 0.000000 0.000000 0.000000 0.063337 0.000000 0.065940 0.323290 0.000000 0.000000 0.206529 0.000723 0.000000 0.000000
 0.000000 0.053230 0.000000 0.000000 0.000000 0.000000 0.363746 0.000000 0.000000 0.000000 0.362846 0.000000 0.000000 0.000000 0.000000 0.220178 0.000000 0.000000 0.000000 0.000000
 0.000000 0.000000 0.042742 0.000000 0.000000 0.000000 0.000000 0.000000 0.000000 0.000000 0.001357 0.000000 0.114058 0.223866 0.313277 0.000664 0.000000 0.000000 0.304036 0.000000
 0.000000 0.000000 0.000000 0.000000 0.000000 0.000000 0.000000 0.000000 0.000000 0.000000 0.133123 0.000000 0.000000 0.292402 0.274107 0.000000 0.000000 0.300368 0.000000 0.000000
 0.475767 0.475034 0.000000 0.000000 0.000000 0.000000 0.049200 0.000000 0.000000 0.000000 0.000000 0.000000 0.000000 0.000000 0.000000 0.000000 0.000000 0.000000 0.000000 0.000000
the mean of prob-rank is 1.5263157894736843
the number of false negetive edges is 0
the number of probability greater than 0 is 4.2/edge
