20
 0.000000 0.000000 0.000000 0.000000 0.000000 0.000000 0.499999 0.000000 0.000000 0.499999 0.000000 0.000000 0.000000 0.000000 0.000000 0.000000 0.000000 0.000000 0.000002 0.000000
 0.000000 0.000000 0.000000 0.104257 0.005555 0.000000 0.000003 0.353901 0.000000 0.000000 0.004949 0.000000 0.000000 0.000000 0.000064 0.343771 0.000000 0.042710 0.000000 0.144791
 0.000000 0.000000 0.000000 0.000000 0.000000 0.000000 0.000000 0.000000 0.500000 0.000000 0.000000 0.000000 0.500000 0.000000 0.000000 0.000000 0.000000 0.000000 0.000000 0.000000
 0.000000 0.128261 0.000000 0.000000 0.002413 0.000407 0.000000 0.000000 0.433739 0.000000 0.000000 0.000000 0.000000 0.000000 0.000000 0.000000 0.000000 0.000000 0.000000 0.435179
 0.000000 0.007766 0.000000 0.002742 0.000000 0.000000 0.000000 0.000000 0.000000 0.000000 0.494719 0.000000 0.494773 0.000000 0.000000 0.000000 0.000000 0.000000 0.000000 0.000000
 0.000000 0.000000 0.000000 0.000411 0.000000 0.000000 0.000000 0.000000 0.051975 0.000000 0.000000 0.079461 0.000000 0.439520 0.000000 0.000016 0.000000 0.000000 0.000000 0.428617
 0.461682 0.000003 0.000000 0.000000 0.000000 0.000000 0.000000 0.000000 0.000000 0.000000 0.000000 0.000000 0.000000 0.000000 0.000000 0.460982 0.000000 0.077332 0.000000 0.000000
 0.000000 0.361634 0.000000 0.000000 0.000000 0.000000 0.000000 0.000000 0.000000 0.000000 0.000000 0.004260 0.000000 0.000000 0.000000 0.257914 0.000000 0.353854 0.000000 0.022338
 0.000000 0.000000 0.465371 0.463605 0.000000 0.055031 0.000000 0.000000 0.000000 0.000000 0.000000 0.000000 0.000000 0.015993 0.000000 0.000000 0.000000 0.000000 0.000000 0.000000
 0.487870 0.000000 0.000000 0.000000 0.000000 0.000000 0.000000 0.000000 0.000000 0.000000 0.000000 0.000000 0.000000 0.000000 0.000000 0.024288 0.000000 0.000000 0.487842 0.000000
 0.000000 0.006944 0.000000 0.000000 0.496501 0.000000 0.000000 0.000000 0.000000 0.000000 0.000000 0.000000 0.000000 0.000000 0.496556 0.000000 0.000000 0.000000 0.000000 0.000000
 0.000000 0.000000 0.000000 0.000000 0.000000 0.080535 0.000000 0.005247 0.000000 0.000000 0.000000 0.000000 0.000000 0.443953 0.000000 0.015445 0.000000 0.444407 0.000000 0.010413
 0.000000 0.000000 0.500000 0.000000 0.500000 0.000000 0.000000 0.000000 0.000000 0.000000 0.000000 0.000000 0.000000 0.000000 0.000000 0.000000 0.000000 0.000000 0.000000 0.000000
 0.000000 0.000000 0.000000 0.000000 0.000000 0.436995 0.000000 0.000000 0.015018 0.000000 0.000000 0.435520 0.000000 0.000000 0.000000 0.000000 0.000000 0.112467 0.000000 0.000000
 0.000000 0.000091 0.000000 0.000000 0.000000 0.000000 0.000000 0.000000 0.000000 0.000000 0.499957 0.000000 0.000000 0.000000 0.000000 0.000000 0.499952 0.000000 0.000000 0.000000
 0.000000 0.283190 0.000000 0.000000 0.000000 0.000011 0.291097 0.207920 0.000000 0.014514 0.000000 0.010108 0.000000 0.000000 0.000000 0.000000 0.000000 0.190921 0.000000 0.002240
 0.000000 0.000000 0.000000 0.000000 0.000000 0.000000 0.000000 0.000000 0.000000 0.000000 0.000000 0.000000 0.000000 0.000000 0.499998 0.000000 0.000000 0.000000 0.500002 0.000000
 0.000000 0.037991 0.000000 0.000000 0.000000 0.000000 0.052730 0.308032 0.000000 0.000000 0.000000 0.314063 0.000000 0.081019 0.000000 0.206160 0.000000 0.000000 0.000000 0.000005
 0.000002 0.000000 0.000000 0.000000 0.000000 0.000000 0.000000 0.000000 0.000000 0.499984 0.000000 0.000000 0.000000 0.000000 0.000000 0.000000 0.500014 0.000000 0.000000 0.000000
 0.000000 0.165191 0.000000 0.403572 0.000000 0.393748 0.000000 0.024941 0.000000 0.000000 0.000000 0.009439 0.000000 0.000000 0.000000 0.003103 0.000000 0.000006 0.000000 0.000000
the mean of prob-rank is 1.5789473684210527
the number of false negetive edges is 0
the number of probability greater than 0 is 4.5/edge
