20
 0.000000 0.000000 0.000000 0.000000 0.000000 0.000000 0.000000 0.000000 0.000248 0.000000 0.499876 0.000000 0.499876 0.000000 0.000000 0.000000 0.000000 0.000000 0.000000 0.000000
 0.000000 0.000000 0.000000 0.390221 0.000000 0.000000 0.000000 0.000000 0.391792 0.217987 0.000000 0.000000 0.000000 0.000000 0.000000 0.000000 0.000000 0.000000 0.000000 0.000000
 0.000000 0.000000 0.000000 0.000000 0.302084 0.000000 0.000000 0.000000 0.000000 0.000000 0.000000 0.000000 0.000000 0.016591 0.000000 0.000000 0.000000 0.333587 0.347737 0.000000
 0.000000 0.400623 0.000000 0.000000 0.000000 0.197140 0.000000 0.000000 0.000000 0.402237 0.000000 0.000000 0.000000 0.000000 0.000000 0.000000 0.000000 0.000000 0.000000 0.000000
 0.000000 0.000000 0.304370 0.000000 0.000000 0.000000 0.000000 0.000000 0.000000 0.000000 0.000000 0.000000 0.000000 0.002983 0.000000 0.000000 0.001846 0.350194 0.000000 0.340607
 0.000000 0.000000 0.000000 0.197297 0.000000 0.000000 0.000000 0.000000 0.000000 0.400146 0.000000 0.000000 0.000000 0.000000 0.000000 0.000000 0.402557 0.000000 0.000000 0.000000
 0.000000 0.000000 0.000000 0.000000 0.000000 0.000000 0.000000 0.499061 0.000000 0.000000 0.000000 0.000000 0.000000 0.001876 0.499063 0.000000 0.000000 0.000000 0.000000 0.000000
 0.000000 0.000000 0.000000 0.000000 0.000000 0.000000 0.500000 0.000000 0.000000 0.000000 0.000000 0.000000 0.000000 0.000000 0.000000 0.500000 0.000000 0.000000 0.000000 0.000000
 0.000248 0.499876 0.000000 0.000000 0.000000 0.000000 0.000000 0.000000 0.000000 0.000000 0.000000 0.000000 0.499876 0.000000 0.000000 0.000000 0.000000 0.000000 0.000000 0.000000
 0.000000 0.218156 0.000000 0.392096 0.000000 0.389748 0.000000 0.000000 0.000000 0.000000 0.000000 0.000000 0.000000 0.000000 0.000000 0.000000 0.000000 0.000000 0.000000 0.000000
 0.499988 0.000000 0.000000 0.000000 0.000000 0.000000 0.000000 0.000000 0.000000 0.000000 0.000000 0.499987 0.000000 0.000000 0.000000 0.000026 0.000000 0.000000 0.000000 0.000000
 0.000000 0.000000 0.000000 0.000000 0.000000 0.000000 0.000000 0.000000 0.000000 0.000000 0.499999 0.000000 0.000000 0.000000 0.000000 0.500000 0.000000 0.000000 0.000000 0.000000
 0.500000 0.000000 0.000000 0.000000 0.000000 0.000000 0.000000 0.000000 0.500000 0.000000 0.000000 0.000000 0.000000 0.000000 0.000000 0.000000 0.000000 0.000000 0.000000 0.000000
 0.000000 0.000000 0.018565 0.000000 0.003313 0.000000 0.001463 0.000000 0.000000 0.000000 0.000000 0.000000 0.000000 0.000000 0.000000 0.000000 0.388997 0.198938 0.000000 0.388724
 0.000000 0.000000 0.000000 0.000000 0.000000 0.000000 0.500000 0.000000 0.000000 0.000000 0.000000 0.000000 0.000000 0.000000 0.000000 0.000000 0.000000 0.000000 0.500000 0.000000
 0.000000 0.000000 0.000000 0.000000 0.000000 0.000000 0.000000 0.499986 0.000000 0.000000 0.000026 0.499988 0.000000 0.000000 0.000000 0.000000 0.000000 0.000000 0.000000 0.000000
 0.000000 0.000000 0.000000 0.000000 0.002549 0.483759 0.000000 0.000000 0.000000 0.000000 0.000000 0.000000 0.000000 0.483623 0.000000 0.000000 0.000000 0.000000 0.000000 0.030069
 0.000000 0.000000 0.292528 0.000000 0.304784 0.000000 0.000000 0.000000 0.000000 0.000000 0.000000 0.000000 0.000000 0.155904 0.000000 0.000000 0.000000 0.000000 0.000000 0.246784
 0.000000 0.000000 0.500000 0.000000 0.000000 0.000000 0.000000 0.000000 0.000000 0.000000 0.000000 0.000000 0.000000 0.000000 0.500000 0.000000 0.000000 0.000000 0.000000 0.000000
 0.000000 0.000000 0.000000 0.000000 0.341988 0.000000 0.000000 0.000000 0.000000 0.000000 0.000000 0.000000 0.000000 0.351443 0.000000 0.000000 0.021866 0.284702 0.000000 0.000000
the mean of prob-rank is 1.8421052631578947
the number of false negetive edges is 0
the number of probability greater than 0 is 3.2/edge
