20
 0.000000 0.000000 0.000000 0.000000 0.000000 0.000000 0.020875 0.000000 0.000000 0.001330 0.000000 0.000000 0.000001 0.000000 0.488911 0.488883 0.000000 0.000000 0.000000 0.000000
 0.000000 0.000000 0.000000 0.000000 0.000000 0.285338 0.000000 0.000000 0.000000 0.000000 0.000000 0.000000 0.000000 0.303132 0.000000 0.000000 0.000000 0.000000 0.208449 0.203080
 0.000000 0.000000 0.000000 0.000000 0.000000 0.165312 0.000000 0.416943 0.000000 0.000000 0.000000 0.000000 0.000000 0.000000 0.000000 0.000000 0.000000 0.417745 0.000000 0.000000
 0.000000 0.000000 0.000000 0.000000 0.000000 0.000000 0.000000 0.000000 0.500000 0.000000 0.000000 0.000000 0.000000 0.000000 0.000000 0.000000 0.500000 0.000000 0.000000 0.000000
 0.000000 0.000000 0.000000 0.000000 0.000000 0.000000 0.000000 0.000000 0.000000 0.000000 0.499843 0.499871 0.000000 0.000000 0.000286 0.000000 0.000000 0.000000 0.000000 0.000000
 0.000000 0.295331 0.124158 0.000000 0.000000 0.000000 0.000000 0.313738 0.000000 0.000012 0.000000 0.000000 0.000000 0.176883 0.000000 0.000000 0.000000 0.000000 0.089878 0.000000
 0.012830 0.000000 0.000000 0.000000 0.000000 0.000000 0.000000 0.000000 0.000000 0.202797 0.000000 0.000000 0.000000 0.000000 0.000000 0.300557 0.000000 0.000000 0.288920 0.194896
 0.000000 0.000000 0.475867 0.000000 0.000000 0.476765 0.000000 0.000000 0.000000 0.047350 0.000000 0.000000 0.000000 0.000000 0.000000 0.000000 0.000000 0.000010 0.000008 0.000000
 0.000000 0.000000 0.000000 0.384608 0.000000 0.000000 0.000000 0.000000 0.000000 0.372812 0.000000 0.000000 0.000000 0.000000 0.000000 0.000000 0.000000 0.242579 0.000000 0.000000
 0.000768 0.000000 0.000000 0.000000 0.000000 0.000011 0.190596 0.028053 0.273811 0.000000 0.000000 0.000000 0.000000 0.000000 0.000000 0.000000 0.000000 0.270363 0.236397 0.000000
 0.000000 0.000000 0.000000 0.000000 0.479907 0.000000 0.000000 0.000000 0.000000 0.000000 0.000000 0.000000 0.479918 0.000000 0.040175 0.000000 0.000000 0.000000 0.000000 0.000000
 0.000000 0.000000 0.000000 0.000000 0.500000 0.000000 0.000000 0.000000 0.000000 0.000000 0.000000 0.000000 0.000000 0.000000 0.000000 0.000000 0.500000 0.000000 0.000000 0.000000
 0.000001 0.000000 0.000000 0.000000 0.000000 0.000000 0.000000 0.000000 0.000000 0.000000 0.491689 0.000000 0.000000 0.000000 0.491231 0.017079 0.000000 0.000000 0.000000 0.000000
 0.000000 0.327201 0.000000 0.000000 0.000000 0.184468 0.000000 0.000000 0.000000 0.000000 0.000000 0.000000 0.000000 0.000000 0.000000 0.000000 0.000000 0.000000 0.185443 0.302888
 0.479529 0.000000 0.000000 0.000000 0.000274 0.000000 0.000000 0.000000 0.000000 0.000000 0.040150 0.000000 0.479173 0.000000 0.000000 0.000874 0.000000 0.000000 0.000000 0.000000
 0.490954 0.000000 0.000000 0.000000 0.000000 0.000000 0.491093 0.000000 0.000000 0.000000 0.000000 0.000000 0.017058 0.000000 0.000895 0.000000 0.000000 0.000000 0.000000 0.000000
 0.000000 0.000000 0.000000 0.500000 0.000000 0.000000 0.000000 0.000000 0.000000 0.000000 0.000000 0.500000 0.000000 0.000000 0.000000 0.000000 0.000000 0.000000 0.000000 0.000000
 0.000000 0.000000 0.386420 0.000000 0.000000 0.000000 0.000000 0.000008 0.243722 0.369851 0.000000 0.000000 0.000000 0.000000 0.000000 0.000000 0.000000 0.000000 0.000000 0.000000
 0.000000 0.159347 0.000000 0.000000 0.000000 0.066382 0.222755 0.000004 0.000000 0.193928 0.000000 0.000000 0.000000 0.131333 0.000000 0.000000 0.000000 0.000000 0.000000 0.226252
 0.000000 0.208026 0.000000 0.000000 0.000000 0.000000 0.201353 0.000000 0.000000 0.000000 0.000000 0.000000 0.000000 0.287442 0.000000 0.000000 0.000000 0.000000 0.303179 0.000000
the mean of prob-rank is 1.4736842105263157
the number of false negetive edges is 0
the number of probability greater than 0 is 4.1/edge
