20
 0.000000 0.000000 0.000000 0.499996 0.000000 0.500004 0.000000 0.000000 0.000000 0.000000 0.000000 0.000000 0.000000 0.000000 0.000000 0.000000 0.000000 0.000000 0.000000 0.000000
 0.000000 0.000000 0.000000 0.000000 0.462450 0.000000 0.000000 0.000000 0.000000 0.000000 0.000000 0.044462 0.000000 0.000000 0.001417 0.000000 0.462969 0.000000 0.028702 0.000000
 0.000000 0.000000 0.000000 0.000000 0.029123 0.000000 0.000000 0.000000 0.000000 0.000000 0.000000 0.000000 0.000000 0.484067 0.484082 0.000000 0.002728 0.000000 0.000000 0.000000
 0.500038 0.000000 0.000000 0.000000 0.000000 0.000000 0.000000 0.499937 0.000000 0.000000 0.000000 0.000000 0.000000 0.000000 0.000000 0.000000 0.000000 0.000000 0.000025 0.000000
 0.000000 0.273292 0.016460 0.000000 0.000000 0.000000 0.000000 0.000003 0.000000 0.000000 0.268931 0.181418 0.000000 0.000000 0.000000 0.000000 0.028136 0.000000 0.042316 0.189444
 0.500000 0.000000 0.000000 0.000000 0.000000 0.000000 0.500000 0.000000 0.000000 0.000000 0.000000 0.000000 0.000000 0.000000 0.000000 0.000000 0.000000 0.000000 0.000000 0.000000
 0.000000 0.000000 0.000000 0.000000 0.000000 0.500123 0.000000 0.000000 0.000000 0.000000 0.000000 0.000000 0.000000 0.000000 0.000000 0.499877 0.000000 0.000000 0.000000 0.000000
 0.000000 0.000000 0.000000 0.422412 0.000004 0.000000 0.000000 0.000000 0.000000 0.000000 0.188552 0.000000 0.000000 0.000000 0.000000 0.000000 0.000000 0.000000 0.389032 0.000000
 0.000000 0.000000 0.000000 0.000000 0.000000 0.000000 0.000000 0.000000 0.000000 0.008190 0.000000 0.000000 0.495907 0.000000 0.000000 0.000000 0.000000 0.495903 0.000000 0.000000
 0.000000 0.000000 0.000000 0.000000 0.000000 0.000000 0.000000 0.000000 0.008190 0.000000 0.000000 0.000000 0.495905 0.000000 0.000000 0.495905 0.000000 0.000000 0.000000 0.000000
 0.000000 0.000000 0.000000 0.000000 0.396162 0.000000 0.000000 0.179865 0.000000 0.000000 0.000000 0.019336 0.000000 0.000000 0.000000 0.000000 0.000000 0.000000 0.005457 0.399179
 0.000000 0.034470 0.000000 0.000000 0.237998 0.000000 0.000000 0.000000 0.000000 0.000000 0.017220 0.000000 0.000000 0.000000 0.000000 0.000000 0.000000 0.000000 0.358873 0.351439
 0.000000 0.000000 0.000000 0.000000 0.000000 0.000000 0.000000 0.000000 0.499983 0.499983 0.000000 0.000000 0.000000 0.000000 0.000000 0.000000 0.000000 0.000034 0.000000 0.000000
 0.000000 0.000000 0.499992 0.000000 0.000000 0.000000 0.000000 0.000000 0.000000 0.000000 0.000000 0.000000 0.000000 0.000000 0.000001 0.000000 0.000000 0.500007 0.000000 0.000000
 0.000000 0.001528 0.499245 0.000000 0.000000 0.000000 0.000000 0.000000 0.000000 0.000000 0.000000 0.000000 0.000000 0.000001 0.000000 0.000000 0.499227 0.000000 0.000000 0.000000
 0.000000 0.000000 0.000000 0.000000 0.000000 0.000000 0.499877 0.000000 0.000000 0.500123 0.000000 0.000000 0.000000 0.000000 0.000000 0.000000 0.000000 0.000000 0.000000 0.000000
 0.000000 0.474286 0.002673 0.000000 0.048775 0.000000 0.000000 0.000000 0.000000 0.000000 0.000000 0.000000 0.000000 0.000000 0.474267 0.000000 0.000000 0.000000 0.000000 0.000000
 0.000000 0.000000 0.000000 0.000000 0.000000 0.000000 0.000000 0.000000 0.499982 0.000000 0.000000 0.000000 0.000034 0.499984 0.000000 0.000000 0.000000 0.000000 0.000000 0.000000
 0.000000 0.020069 0.000000 0.000016 0.050066 0.000000 0.000000 0.298061 0.000000 0.000000 0.004383 0.323658 0.000000 0.000000 0.000000 0.000000 0.000000 0.000000 0.000000 0.303747
 0.000000 0.000000 0.000000 0.000000 0.192321 0.000000 0.000000 0.000000 0.000000 0.000000 0.275093 0.271958 0.000000 0.000000 0.000000 0.000000 0.000000 0.000000 0.260628 0.000000
the mean of prob-rank is 1.5263157894736843
the number of false negetive edges is 0
the number of probability greater than 0 is 3.7/edge
