20
 0.000000 0.427308 0.000000 0.000000 0.000000 0.000000 0.000000 0.036213 0.000000 0.428991 0.000000 0.000000 0.000000 0.027382 0.000006 0.000000 0.000000 0.080100 0.000000 0.000000
 0.454342 0.000000 0.000000 0.000000 0.000000 0.000000 0.000000 0.000000 0.000000 0.000000 0.000000 0.000000 0.089527 0.000000 0.000000 0.000000 0.000000 0.456131 0.000000 0.000000
 0.000000 0.000000 0.000000 0.002695 0.000000 0.498506 0.000000 0.000000 0.000000 0.000000 0.000000 0.000000 0.000000 0.000000 0.000000 0.000000 0.000000 0.000000 0.000306 0.498493
 0.000000 0.000000 0.002576 0.000000 0.000001 0.476390 0.000000 0.000000 0.000000 0.000000 0.000000 0.000000 0.000000 0.000000 0.000000 0.044602 0.476432 0.000000 0.000000 0.000000
 0.000000 0.000000 0.000000 0.000001 0.000000 0.000000 0.000000 0.000000 0.000000 0.000000 0.495700 0.000000 0.008641 0.000000 0.000000 0.495659 0.000000 0.000000 0.000000 0.000000
 0.000000 0.000000 0.497501 0.497406 0.000000 0.000000 0.000000 0.000000 0.000000 0.000000 0.000000 0.000000 0.000000 0.000000 0.000000 0.000000 0.000159 0.000000 0.004934 0.000001
 0.000000 0.000000 0.000000 0.000000 0.000000 0.000000 0.000000 0.000000 0.457624 0.002056 0.000000 0.000000 0.000000 0.000000 0.083550 0.000000 0.000000 0.456770 0.000000 0.000000
 0.038655 0.000000 0.000000 0.000000 0.000000 0.000000 0.000000 0.000000 0.000000 0.046199 0.000000 0.000000 0.000007 0.457218 0.457921 0.000000 0.000000 0.000000 0.000000 0.000000
 0.000000 0.000000 0.000000 0.000000 0.000000 0.000000 0.500002 0.000000 0.000000 0.000000 0.000000 0.000000 0.000000 0.000000 0.000000 0.000000 0.000000 0.000000 0.499997 0.000001
 0.475484 0.000000 0.000000 0.000000 0.000000 0.000000 0.002137 0.047971 0.000000 0.000000 0.000000 0.000000 0.000000 0.000000 0.474408 0.000000 0.000000 0.000000 0.000000 0.000000
 0.000000 0.000000 0.000000 0.000000 0.494581 0.000000 0.000000 0.000000 0.000000 0.000000 0.000000 0.494561 0.010823 0.000000 0.000000 0.000035 0.000000 0.000000 0.000000 0.000000
 0.000000 0.000000 0.000000 0.000000 0.000000 0.000000 0.000000 0.000000 0.000000 0.000000 0.498856 0.000000 0.002267 0.000000 0.000000 0.000000 0.498877 0.000000 0.000000 0.000000
 0.000000 0.087634 0.000000 0.000000 0.007783 0.000000 0.000000 0.000007 0.000000 0.000000 0.009771 0.002029 0.000000 0.446492 0.000000 0.446284 0.000000 0.000000 0.000000 0.000000
 0.029072 0.000000 0.000000 0.000000 0.000000 0.000000 0.000000 0.454762 0.000000 0.000000 0.000000 0.000000 0.455463 0.000000 0.000000 0.060703 0.000000 0.000000 0.000000 0.000000
 0.000007 0.000000 0.000000 0.000000 0.000000 0.000000 0.083045 0.454857 0.000000 0.453830 0.000000 0.000000 0.000000 0.000000 0.000000 0.000000 0.000000 0.000000 0.000000 0.008261
 0.000000 0.000000 0.000000 0.042044 0.449117 0.000000 0.000000 0.000000 0.000000 0.000000 0.000032 0.000000 0.448945 0.059862 0.000000 0.000000 0.000000 0.000000 0.000000 0.000001
 0.000000 0.000000 0.000000 0.499895 0.000000 0.000160 0.000000 0.000000 0.000000 0.000000 0.000000 0.499946 0.000000 0.000000 0.000000 0.000000 0.000000 0.000000 0.000000 0.000000
 0.085460 0.457697 0.000000 0.000000 0.000000 0.000000 0.456843 0.000000 0.000000 0.000000 0.000000 0.000000 0.000000 0.000000 0.000000 0.000000 0.000000 0.000000 0.000000 0.000000
 0.000000 0.000000 0.000305 0.000000 0.000000 0.004933 0.000000 0.000000 0.497408 0.000000 0.000000 0.000000 0.000000 0.000000 0.000000 0.000000 0.000000 0.000000 0.000000 0.497354
 0.000000 0.000000 0.495521 0.000000 0.000000 0.000001 0.000000 0.000000 0.000001 0.000000 0.000000 0.000000 0.000000 0.000000 0.009000 0.000001 0.000000 0.000000 0.495476 0.000000
the mean of prob-rank is 1.5263157894736843
the number of false negetive edges is 0
the number of probability greater than 0 is 4.1/edge
