20
 0.000000 0.000000 0.000000 0.000000 0.000000 0.000000 0.000000 0.480181 0.031997 0.000000 0.000000 0.000000 0.034688 0.000000 0.422144 0.000000 0.000000 0.030990 0.000000 0.000000
 0.000000 0.000000 0.000000 0.500000 0.000000 0.500000 0.000000 0.000000 0.000000 0.000000 0.000000 0.000000 0.000000 0.000000 0.000000 0.000000 0.000000 0.000000 0.000000 0.000000
 0.000000 0.000000 0.000000 0.000000 0.000000 0.000000 0.000000 0.000000 0.000000 0.479942 0.000000 0.000000 0.022194 0.000000 0.000000 0.000000 0.479771 0.000000 0.018093 0.000000
 0.000000 0.499997 0.000000 0.000000 0.499996 0.000000 0.000000 0.000000 0.000000 0.000000 0.000000 0.000000 0.000007 0.000000 0.000000 0.000000 0.000000 0.000000 0.000000 0.000000
 0.000000 0.000000 0.000000 0.499999 0.000000 0.000000 0.000000 0.000000 0.000000 0.500001 0.000000 0.000000 0.000000 0.000000 0.000000 0.000000 0.000000 0.000000 0.000000 0.000000
 0.000000 0.369947 0.000000 0.000000 0.000000 0.000000 0.000000 0.000000 0.000000 0.000000 0.000000 0.000000 0.000000 0.000000 0.000000 0.335058 0.000000 0.294995 0.000000 0.000000
 0.000000 0.000000 0.000000 0.000000 0.000000 0.000000 0.000000 0.000000 0.000000 0.000000 0.499995 0.000000 0.000000 0.500005 0.000000 0.000000 0.000000 0.000000 0.000000 0.000000
 0.422284 0.000000 0.000000 0.000000 0.000000 0.000000 0.000000 0.000000 0.410160 0.000000 0.000000 0.000000 0.000000 0.000000 0.000020 0.000007 0.000000 0.000000 0.000000 0.167529
 0.022763 0.000000 0.000000 0.000000 0.000000 0.000000 0.000000 0.331801 0.000000 0.000000 0.000000 0.000000 0.000000 0.000000 0.000000 0.312829 0.000000 0.332607 0.000000 0.000000
 0.000000 0.000000 0.492767 0.000000 0.492810 0.000000 0.000000 0.000000 0.000000 0.000000 0.000000 0.000000 0.000000 0.000000 0.000000 0.000000 0.014424 0.000000 0.000000 0.000000
 0.000000 0.000000 0.000000 0.000000 0.000000 0.000000 0.384974 0.000000 0.000000 0.000000 0.000000 0.000000 0.377672 0.000000 0.017924 0.000000 0.000000 0.000000 0.219430 0.000000
 0.000000 0.000000 0.000000 0.000000 0.000000 0.000000 0.000000 0.000000 0.000000 0.000000 0.000000 0.000000 0.009173 0.072614 0.457257 0.000000 0.000000 0.000000 0.000000 0.460956
 0.024033 0.000000 0.015390 0.000005 0.000000 0.000000 0.000000 0.000000 0.000000 0.000000 0.326518 0.006623 0.000000 0.000003 0.297224 0.000000 0.000000 0.000000 0.330205 0.000000
 0.000000 0.000000 0.000000 0.000000 0.000000 0.000000 0.463729 0.000000 0.000000 0.000000 0.000000 0.073051 0.000004 0.000000 0.000000 0.000000 0.000000 0.000000 0.000000 0.463216
 0.309539 0.000000 0.000000 0.000000 0.000000 0.000000 0.000000 0.000017 0.000000 0.000000 0.016400 0.349425 0.314562 0.000000 0.000000 0.000000 0.000000 0.000000 0.000000 0.010057
 0.000000 0.000000 0.000000 0.000000 0.000000 0.321305 0.000000 0.000006 0.324730 0.000000 0.000000 0.000000 0.000000 0.000000 0.000000 0.000000 0.000000 0.353959 0.000000 0.000000
 0.000000 0.000000 0.493613 0.000000 0.000000 0.000000 0.000000 0.000000 0.000000 0.014453 0.000000 0.000000 0.000000 0.000000 0.000000 0.000000 0.000000 0.000000 0.491934 0.000000
 0.022772 0.000000 0.000000 0.000000 0.000000 0.281481 0.000000 0.000000 0.343546 0.000000 0.000000 0.000000 0.000000 0.000000 0.000000 0.352201 0.000000 0.000000 0.000000 0.000000
 0.000000 0.000000 0.014521 0.000000 0.000000 0.000000 0.000000 0.000000 0.000000 0.000000 0.219566 0.000000 0.382174 0.000000 0.000000 0.000000 0.383739 0.000000 0.000000 0.000000
 0.000000 0.000000 0.000000 0.000000 0.000000 0.000000 0.000000 0.163592 0.000000 0.000000 0.000000 0.412543 0.000000 0.412087 0.011778 0.000000 0.000000 0.000000 0.000000 0.000000
the mean of prob-rank is 1.631578947368421
the number of false negetive edges is 0
the number of probability greater than 0 is 3.9/edge
