20
 0.000000 0.000000 0.009126 0.000000 0.000000 0.000000 0.202575 0.000000 0.000000 0.000000 0.000000 0.000000 0.280218 0.236461 0.000000 0.000000 0.000000 0.000000 0.271620 0.000000
 0.000000 0.000000 0.500000 0.000000 0.000000 0.000000 0.000000 0.000000 0.000000 0.000000 0.500000 0.000000 0.000000 0.000000 0.000000 0.000000 0.000000 0.000000 0.000000 0.000000
 0.011814 0.362887 0.000000 0.000000 0.000000 0.000000 0.000000 0.000000 0.000000 0.000000 0.000000 0.000000 0.286597 0.000000 0.000000 0.000000 0.000000 0.000000 0.338702 0.000000
 0.000000 0.000000 0.000000 0.000000 0.000151 0.340459 0.009047 0.345277 0.000000 0.000000 0.000000 0.296955 0.000000 0.000000 0.000000 0.000000 0.008112 0.000000 0.000000 0.000000
 0.000000 0.000000 0.000000 0.000164 0.000000 0.000000 0.358657 0.000000 0.000000 0.000000 0.000000 0.000000 0.000000 0.263962 0.000000 0.000000 0.377217 0.000000 0.000000 0.000000
 0.000000 0.000000 0.000000 0.356425 0.000000 0.000000 0.000000 0.000000 0.000000 0.280431 0.000000 0.362771 0.000000 0.000000 0.000000 0.000000 0.000373 0.000000 0.000000 0.000000
 0.178678 0.000000 0.000000 0.006455 0.235084 0.000000 0.000000 0.014745 0.116345 0.000000 0.000000 0.000000 0.215007 0.230745 0.001059 0.000000 0.000003 0.000000 0.001879 0.000000
 0.000000 0.000000 0.000000 0.484626 0.000000 0.000000 0.029005 0.000000 0.000000 0.000000 0.000000 0.000000 0.000000 0.000000 0.000000 0.486369 0.000000 0.000000 0.000000 0.000000
 0.000000 0.000000 0.000000 0.000000 0.000000 0.000000 0.190943 0.000000 0.000000 0.000000 0.000000 0.000000 0.000000 0.000000 0.403274 0.405783 0.000000 0.000000 0.000000 0.000000
 0.000000 0.000000 0.000000 0.000000 0.000000 0.273417 0.000000 0.000000 0.000000 0.000000 0.000000 0.339677 0.000000 0.008973 0.000000 0.000000 0.353204 0.000034 0.000000 0.024694
 0.000000 0.500000 0.000000 0.000000 0.000000 0.000000 0.000000 0.000000 0.000000 0.000000 0.000000 0.000000 0.000000 0.000000 0.500000 0.000000 0.000000 0.000000 0.000000 0.000000
 0.000000 0.000000 0.000000 0.304177 0.000000 0.354947 0.000000 0.000000 0.000000 0.340876 0.000000 0.000000 0.000000 0.000000 0.000000 0.000000 0.000000 0.000000 0.000000 0.000000
 0.354734 0.000000 0.280257 0.000000 0.000000 0.000000 0.308585 0.000000 0.000000 0.000000 0.000000 0.000000 0.000000 0.021189 0.033740 0.000000 0.000000 0.000000 0.001496 0.000000
 0.236542 0.000000 0.000000 0.000000 0.196222 0.000000 0.261696 0.000000 0.000000 0.007114 0.000000 0.000000 0.016744 0.000000 0.000000 0.000000 0.000003 0.000000 0.001535 0.280144
 0.000000 0.000000 0.000000 0.000000 0.000000 0.000000 0.002046 0.000000 0.474788 0.000000 0.477742 0.000000 0.045424 0.000000 0.000000 0.000000 0.000000 0.000000 0.000000 0.000000
 0.000000 0.000000 0.000000 0.000000 0.000000 0.000000 0.000000 0.499999 0.500001 0.000000 0.000000 0.000000 0.000000 0.000000 0.000000 0.000000 0.000000 0.000000 0.000000 0.000000
 0.000000 0.000000 0.000000 0.011571 0.494300 0.000508 0.000007 0.000000 0.000000 0.493609 0.000000 0.000000 0.000000 0.000005 0.000000 0.000000 0.000000 0.000000 0.000000 0.000000
 0.000000 0.000000 0.000000 0.000000 0.000000 0.000000 0.000000 0.000000 0.000000 0.000048 0.000000 0.000000 0.000000 0.000000 0.000000 0.000000 0.000000 0.000000 0.497044 0.502908
 0.333215 0.000000 0.320965 0.000000 0.000000 0.000000 0.002614 0.000000 0.000000 0.000000 0.000000 0.000000 0.001450 0.001882 0.000000 0.000000 0.000000 0.339875 0.000000 0.000000
 0.000000 0.000000 0.000000 0.000000 0.000000 0.000000 0.000000 0.000000 0.000000 0.033747 0.000000 0.000000 0.000000 0.482894 0.000000 0.000000 0.000000 0.483359 0.000000 0.000000
the mean of prob-rank is 1.736842105263158
the number of false negetive edges is 0
the number of probability greater than 0 is 4.5/edge
