20
 0.000000 0.000000 0.000000 0.000000 0.000000 0.000000 0.000000 0.275402 0.000000 0.000000 0.230003 0.276886 0.000000 0.217709 0.000000 0.000000 0.000000 0.000000 0.000000 0.000000
 0.000000 0.000000 0.005748 0.000000 0.000705 0.013706 0.428771 0.000000 0.433625 0.103465 0.000000 0.000000 0.000000 0.000000 0.013979 0.000000 0.000000 0.000000 0.000000 0.000000
 0.000000 0.006090 0.000000 0.000000 0.000000 0.459208 0.054673 0.000000 0.459268 0.000000 0.000000 0.000000 0.000003 0.000000 0.020759 0.000000 0.000000 0.000000 0.000000 0.000000
 0.000000 0.000000 0.000000 0.000000 0.000000 0.000000 0.000000 0.000000 0.000000 0.000000 0.000000 0.000000 0.493376 0.000000 0.000000 0.013216 0.000000 0.000000 0.493409 0.000000
 0.000000 0.000701 0.000000 0.000000 0.000000 0.000000 0.037782 0.000000 0.000000 0.430628 0.000000 0.000000 0.000012 0.000000 0.428019 0.000000 0.000000 0.102859 0.000000 0.000000
 0.000000 0.012779 0.404149 0.000000 0.000000 0.000000 0.109831 0.000000 0.000000 0.000000 0.000000 0.000000 0.403419 0.000000 0.069823 0.000000 0.000000 0.000000 0.000000 0.000000
 0.000000 0.400115 0.048160 0.000000 0.035483 0.109929 0.000000 0.000000 0.000000 0.000000 0.000000 0.000000 0.001670 0.000000 0.404643 0.000000 0.000000 0.000000 0.000000 0.000000
 0.350330 0.000000 0.000000 0.000000 0.000000 0.000000 0.000000 0.000000 0.000000 0.000000 0.358737 0.290933 0.000000 0.000000 0.000000 0.000000 0.000000 0.000000 0.000000 0.000000
 0.000000 0.500050 0.499949 0.000000 0.000000 0.000000 0.000000 0.000000 0.000000 0.000000 0.000000 0.000000 0.000000 0.000000 0.000000 0.000000 0.000000 0.000000 0.000000 0.000000
 0.000000 0.106790 0.000000 0.000000 0.447316 0.000000 0.000000 0.000000 0.000000 0.000000 0.000000 0.000000 0.000000 0.000000 0.000000 0.000000 0.000000 0.445894 0.000000 0.000000
 0.294270 0.000000 0.000000 0.000000 0.000000 0.000000 0.000000 0.360809 0.000000 0.000000 0.000000 0.000000 0.000000 0.344921 0.000000 0.000000 0.000000 0.000000 0.000000 0.000000
 0.351554 0.000000 0.000000 0.000000 0.000000 0.000000 0.000000 0.290385 0.000000 0.000000 0.000000 0.000000 0.000000 0.000000 0.000000 0.000000 0.000000 0.000000 0.000000 0.358061
 0.000000 0.000000 0.000003 0.475590 0.000013 0.474604 0.001963 0.000000 0.000000 0.000000 0.000000 0.000000 0.000000 0.000000 0.046735 0.000000 0.000000 0.000000 0.001092 0.000000
 0.282991 0.000000 0.000000 0.000000 0.000000 0.000000 0.000000 0.000000 0.000000 0.000000 0.350433 0.000000 0.000000 0.000000 0.000000 0.366576 0.000000 0.000000 0.000000 0.000000
 0.000000 0.013766 0.019297 0.000000 0.424207 0.073750 0.427020 0.000000 0.000000 0.000000 0.000000 0.000000 0.041960 0.000000 0.000000 0.000000 0.000000 0.000000 0.000000 0.000000
 0.000000 0.000000 0.000000 0.013243 0.000000 0.000000 0.000000 0.000000 0.000000 0.000000 0.000000 0.000000 0.000000 0.494443 0.000000 0.000000 0.000000 0.000000 0.492314 0.000000
 0.000000 0.000000 0.000000 0.000000 0.000000 0.000000 0.000000 0.000000 0.000000 0.000000 0.000000 0.000000 0.000000 0.000000 0.000000 0.000000 0.000000 0.500000 0.000000 0.500000
 0.000000 0.000000 0.000000 0.000000 0.106814 0.000000 0.000000 0.000000 0.000000 0.445762 0.000000 0.000000 0.000000 0.000000 0.000000 0.000000 0.447424 0.000000 0.000000 0.000000
 0.000000 0.000000 0.000000 0.500503 0.000000 0.000000 0.000000 0.000000 0.000000 0.000000 0.000000 0.000000 0.001149 0.000000 0.000000 0.498348 0.000000 0.000000 0.000000 0.000000
 0.000000 0.000000 0.000000 0.000000 0.000000 0.000000 0.000000 0.000000 0.000000 0.000000 0.000000 0.500000 0.000000 0.000000 0.000000 0.000000 0.500000 0.000000 0.000000 0.000000
the mean of prob-rank is 1.4736842105263157
the number of false negetive edges is 0
the number of probability greater than 0 is 4.0/edge
