20
 0.000000 0.000000 0.000000 0.000000 0.499965 0.000000 0.000000 0.000000 0.000000 0.000000 0.000000 0.000000 0.000000 0.500009 0.000000 0.000000 0.000000 0.000025 0.000000 0.000000
 0.000000 0.000000 0.000000 0.000000 0.000000 0.000000 0.000000 0.000000 0.000000 0.402929 0.000000 0.100647 0.093603 0.000000 0.000000 0.000000 0.000000 0.000000 0.402821 0.000000
 0.000000 0.000000 0.000000 0.000000 0.000000 0.000000 0.000000 0.400437 0.000000 0.000000 0.201510 0.000000 0.000000 0.000000 0.000000 0.000000 0.000000 0.398053 0.000000 0.000000
 0.000000 0.000000 0.000000 0.000000 0.000000 0.000000 0.000000 0.000000 0.000000 0.000000 0.000000 0.000000 0.000000 0.500000 0.000000 0.500000 0.000000 0.000000 0.000000 0.000000
 0.499908 0.000000 0.000000 0.000000 0.000000 0.000000 0.499954 0.000000 0.000000 0.000000 0.000000 0.000000 0.000000 0.000138 0.000000 0.000000 0.000000 0.000000 0.000000 0.000000
 0.000000 0.000000 0.000000 0.000000 0.000000 0.000000 0.000000 0.000000 0.000068 0.000000 0.000000 0.000000 0.000000 0.000000 0.000000 0.499965 0.000000 0.000000 0.000002 0.499965
 0.000000 0.000000 0.000000 0.000000 0.500000 0.000000 0.000000 0.000000 0.000000 0.000000 0.000000 0.000000 0.000000 0.000000 0.000000 0.000000 0.500000 0.000000 0.000000 0.000000
 0.000000 0.000000 0.481219 0.000000 0.000000 0.000000 0.000000 0.000000 0.481210 0.000000 0.000000 0.000000 0.000000 0.000000 0.037568 0.000000 0.000003 0.000000 0.000000 0.000000
 0.000000 0.000000 0.000000 0.000000 0.000000 0.000066 0.000000 0.484467 0.000000 0.000000 0.000000 0.029687 0.001304 0.000000 0.484476 0.000000 0.000000 0.000000 0.000000 0.000000
 0.000000 0.500000 0.000000 0.000000 0.000000 0.000000 0.000000 0.000000 0.000000 0.000000 0.000000 0.000000 0.000000 0.000000 0.000000 0.000000 0.000000 0.000000 0.000000 0.500000
 0.000000 0.000000 0.201168 0.000000 0.000000 0.000000 0.000000 0.000000 0.000000 0.000000 0.000000 0.000000 0.000000 0.000000 0.000000 0.000000 0.399076 0.399756 0.000000 0.000000
 0.000000 0.083387 0.000000 0.000000 0.000000 0.000000 0.000000 0.000000 0.020456 0.000000 0.000000 0.000000 0.333819 0.000000 0.319653 0.000000 0.000000 0.000000 0.242685 0.000000
 0.000000 0.075966 0.000000 0.000000 0.000000 0.000000 0.000000 0.000000 0.000880 0.000000 0.000000 0.326995 0.000000 0.000000 0.278963 0.000000 0.000000 0.000000 0.317196 0.000000
 0.499930 0.000000 0.000000 0.499932 0.000138 0.000000 0.000000 0.000000 0.000000 0.000000 0.000000 0.000000 0.000000 0.000000 0.000000 0.000000 0.000000 0.000000 0.000000 0.000000
 0.000000 0.000000 0.000000 0.000000 0.000000 0.000000 0.000000 0.027026 0.346179 0.000000 0.000000 0.331477 0.295318 0.000000 0.000000 0.000000 0.000000 0.000000 0.000000 0.000000
 0.000000 0.000000 0.000000 0.500000 0.000000 0.500000 0.000000 0.000000 0.000000 0.000000 0.000000 0.000000 0.000000 0.000000 0.000000 0.000000 0.000000 0.000000 0.000000 0.000000
 0.000000 0.000000 0.000000 0.000000 0.000000 0.000000 0.483906 0.000003 0.000000 0.000000 0.483082 0.000000 0.000000 0.000000 0.000000 0.000000 0.000000 0.033009 0.000000 0.000000
 0.000024 0.000000 0.482006 0.000000 0.000000 0.000000 0.000000 0.000000 0.000000 0.000000 0.484893 0.000000 0.000000 0.000000 0.000000 0.000000 0.033077 0.000000 0.000000 0.000000
 0.000000 0.370725 0.000000 0.000000 0.000000 0.000001 0.000000 0.000000 0.000000 0.000000 0.000000 0.269577 0.359697 0.000000 0.000000 0.000000 0.000000 0.000000 0.000000 0.000000
 0.000000 0.000000 0.000000 0.000000 0.000000 0.500000 0.000000 0.000000 0.000000 0.500000 0.000000 0.000000 0.000000 0.000000 0.000000 0.000000 0.000000 0.000000 0.000000 0.000000
the mean of prob-rank is 1.5789473684210527
the number of false negetive edges is 0
the number of probability greater than 0 is 3.4/edge
