20
 0.000000 0.000000 0.000000 0.000000 0.000002 0.000000 0.000000 0.000000 0.000000 0.000000 0.000000 0.000000 0.500000 0.000000 0.000000 0.000000 0.000000 0.000000 0.499998 0.000000
 0.000000 0.000000 0.000000 0.000000 0.000000 0.000000 0.000000 0.000000 0.000000 0.000000 0.437641 0.000000 0.000000 0.000000 0.050660 0.435644 0.076055 0.000000 0.000000 0.000000
 0.000000 0.000000 0.000000 0.500006 0.000000 0.000000 0.000000 0.499994 0.000000 0.000000 0.000000 0.000000 0.000000 0.000000 0.000000 0.000000 0.000000 0.000000 0.000000 0.000000
 0.000000 0.000000 0.500000 0.000000 0.000000 0.000000 0.000000 0.000000 0.000000 0.000000 0.000000 0.000000 0.000000 0.000000 0.000000 0.000000 0.000000 0.000000 0.000000 0.500000
 0.000002 0.000000 0.000000 0.000000 0.000000 0.000000 0.000000 0.499999 0.000000 0.000000 0.000000 0.000000 0.000000 0.000000 0.000000 0.000000 0.000000 0.000000 0.499998 0.000000
 0.000000 0.000000 0.000000 0.000000 0.000000 0.000000 0.000000 0.000000 0.000000 0.000000 0.000000 0.000000 0.475840 0.476029 0.000000 0.000000 0.000000 0.048131 0.000000 0.000000
 0.000000 0.000000 0.000000 0.000000 0.000000 0.000000 0.000000 0.000000 0.499977 0.000000 0.000000 0.000000 0.000000 0.499978 0.000000 0.000000 0.000000 0.000045 0.000000 0.000000
 0.000000 0.000000 0.499994 0.000000 0.500006 0.000000 0.000000 0.000000 0.000000 0.000000 0.000000 0.000000 0.000000 0.000000 0.000000 0.000000 0.000000 0.000000 0.000000 0.000000
 0.000000 0.000000 0.000000 0.000000 0.000000 0.000000 0.499999 0.000000 0.000000 0.000000 0.000000 0.500000 0.000000 0.000000 0.000000 0.000000 0.000000 0.000000 0.000000 0.000000
 0.000000 0.000000 0.000000 0.000000 0.000000 0.000000 0.000000 0.000000 0.000000 0.000000 0.000000 0.000000 0.000000 0.000000 0.000000 0.120474 0.442202 0.000000 0.000000 0.437324
 0.000000 0.498928 0.000000 0.000000 0.000000 0.000000 0.000000 0.000000 0.000000 0.000000 0.000000 0.000000 0.000000 0.000000 0.002139 0.000000 0.000000 0.498933 0.000000 0.000000
 0.000000 0.000000 0.000000 0.000000 0.000000 0.000000 0.000000 0.000000 0.500000 0.000000 0.000000 0.000000 0.000000 0.000000 0.500000 0.000000 0.000000 0.000000 0.000000 0.000000
 0.486995 0.000000 0.000000 0.000000 0.000000 0.486801 0.000000 0.000000 0.000000 0.000000 0.000000 0.000000 0.000000 0.000000 0.000000 0.000000 0.000000 0.025834 0.000370 0.000000
 0.000000 0.000000 0.000000 0.000000 0.000000 0.500000 0.499999 0.000000 0.000000 0.000000 0.000000 0.000000 0.000000 0.000000 0.000000 0.000000 0.000000 0.000000 0.000000 0.000000
 0.000000 0.055058 0.000000 0.000000 0.000000 0.000000 0.000000 0.000000 0.000000 0.000000 0.002039 0.475658 0.000000 0.000000 0.000000 0.000000 0.000000 0.467244 0.000000 0.000000
 0.000000 0.417647 0.000000 0.000000 0.000000 0.000000 0.000000 0.000000 0.000000 0.114312 0.000000 0.000000 0.000000 0.000000 0.000000 0.000000 0.419392 0.000000 0.000000 0.048649
 0.000000 0.079958 0.000000 0.000000 0.000000 0.000000 0.000000 0.000000 0.000000 0.460127 0.000000 0.000000 0.000000 0.000000 0.000000 0.459915 0.000000 0.000000 0.000000 0.000000
 0.000000 0.000000 0.000000 0.000000 0.000000 0.047324 0.000042 0.000000 0.000000 0.000000 0.468031 0.000000 0.024830 0.000000 0.459772 0.000000 0.000000 0.000000 0.000001 0.000000
 0.499810 0.000000 0.000000 0.000000 0.499810 0.000000 0.000000 0.000000 0.000000 0.000000 0.000000 0.000000 0.000379 0.000000 0.000000 0.000000 0.000000 0.000001 0.000000 0.000000
 0.000000 0.000000 0.000000 0.475078 0.000000 0.000000 0.000000 0.000000 0.000000 0.469838 0.000000 0.000000 0.000000 0.000000 0.000000 0.055084 0.000000 0.000000 0.000000 0.000000
the mean of prob-rank is 1.5263157894736843
the number of false negetive edges is 0
the number of probability greater than 0 is 3.0/edge
