20
 0.000000 0.000000 0.499987 0.000000 0.000000 0.000000 0.000000 0.000000 0.000000 0.000000 0.000000 0.000000 0.000008 0.000000 0.000000 0.000000 0.000000 0.000000 0.500005 0.000000
 0.000000 0.000000 0.000000 0.499951 0.000000 0.000000 0.000000 0.000000 0.000000 0.000000 0.000009 0.000000 0.000000 0.000000 0.000001 0.500039 0.000000 0.000000 0.000000 0.000000
 0.499991 0.000000 0.000000 0.000000 0.000000 0.000000 0.000000 0.000000 0.000000 0.000000 0.000000 0.000000 0.500009 0.000000 0.000000 0.000000 0.000000 0.000000 0.000000 0.000000
 0.000000 0.495611 0.000000 0.000000 0.000000 0.000000 0.000000 0.000000 0.000000 0.000000 0.000000 0.000009 0.000000 0.000000 0.000001 0.008723 0.000000 0.000000 0.000000 0.495655
 0.000000 0.000000 0.000000 0.000000 0.000000 0.000000 0.000000 0.000000 0.000000 0.498892 0.000000 0.000000 0.000000 0.000000 0.000000 0.000000 0.000000 0.002263 0.498844 0.000000
 0.000000 0.000000 0.000000 0.000000 0.000000 0.000000 0.362499 0.015725 0.000000 0.000000 0.347510 0.000000 0.000000 0.000000 0.000000 0.000000 0.008502 0.265764 0.000000 0.000000
 0.000000 0.000000 0.000000 0.000000 0.000000 0.361260 0.000000 0.000000 0.000000 0.000000 0.293600 0.000000 0.000000 0.000000 0.000000 0.000000 0.000000 0.345139 0.000000 0.000000
 0.000000 0.000000 0.000000 0.000000 0.000000 0.021228 0.000000 0.000000 0.000000 0.000000 0.489378 0.000000 0.000000 0.000000 0.000000 0.000000 0.489393 0.000000 0.000000 0.000000
 0.000000 0.000000 0.000000 0.000000 0.000000 0.000000 0.000000 0.000000 0.000000 0.000000 0.000000 0.500000 0.000000 0.500000 0.000000 0.000000 0.000000 0.000000 0.000000 0.000000
 0.000000 0.000000 0.000000 0.000000 0.498964 0.000000 0.000000 0.000000 0.000000 0.000000 0.000000 0.000000 0.000000 0.000000 0.000000 0.000000 0.000000 0.498784 0.002252 0.000000
 0.000000 0.000006 0.000000 0.000000 0.000000 0.345903 0.293244 0.360847 0.000000 0.000000 0.000000 0.000000 0.000000 0.000000 0.000000 0.000000 0.000000 0.000000 0.000000 0.000000
 0.000000 0.000000 0.000000 0.000010 0.000000 0.000000 0.000000 0.000000 0.500012 0.000000 0.000000 0.000000 0.000000 0.000000 0.000000 0.499970 0.000000 0.000000 0.000000 0.000009
 0.000008 0.000000 0.499996 0.000000 0.000000 0.000000 0.000000 0.000000 0.000000 0.000000 0.000000 0.000000 0.000000 0.499996 0.000000 0.000000 0.000000 0.000000 0.000000 0.000000
 0.000000 0.000000 0.000000 0.000000 0.000000 0.000000 0.000000 0.000000 0.500000 0.000000 0.000000 0.000000 0.500000 0.000000 0.000000 0.000000 0.000000 0.000000 0.000000 0.000000
 0.000000 0.000001 0.000000 0.000001 0.000000 0.000000 0.000000 0.000000 0.000000 0.000000 0.000000 0.000000 0.000000 0.000000 0.000000 0.000000 0.499986 0.000000 0.000000 0.500012
 0.000000 0.495659 0.000000 0.008723 0.000000 0.000000 0.000000 0.000000 0.000000 0.000000 0.000000 0.495618 0.000000 0.000000 0.000000 0.000000 0.000000 0.000000 0.000000 0.000000
 0.000000 0.000000 0.000000 0.000000 0.000000 0.011553 0.000000 0.492625 0.000000 0.000000 0.000000 0.000000 0.000000 0.000000 0.492603 0.000000 0.000000 0.003219 0.000000 0.000000
 0.000000 0.000000 0.000000 0.000000 0.001681 0.271602 0.353930 0.000000 0.000000 0.370366 0.000000 0.000000 0.000000 0.000000 0.000000 0.000000 0.002421 0.000000 0.000000 0.000000
 0.498898 0.000000 0.000000 0.000000 0.498850 0.000000 0.000000 0.000000 0.000000 0.002252 0.000000 0.000000 0.000000 0.000000 0.000000 0.000000 0.000000 0.000000 0.000000 0.000000
 0.000000 0.000000 0.000000 0.499974 0.000000 0.000000 0.000000 0.000000 0.000000 0.000000 0.000000 0.000009 0.000000 0.000000 0.500017 0.000000 0.000000 0.000000 0.000000 0.000000
the mean of prob-rank is 1.5263157894736843
the number of false negetive edges is 0
the number of probability greater than 0 is 3.3/edge
