20
 0.000000 0.389308 0.000000 0.000000 0.000000 0.000001 0.000000 0.116748 0.372210 0.000000 0.000000 0.000000 0.000000 0.012765 0.000000 0.000000 0.000000 0.108969 0.000000 0.000000
 0.499880 0.000000 0.000000 0.000245 0.000000 0.000000 0.000000 0.000000 0.000000 0.000000 0.000000 0.000000 0.000000 0.499875 0.000000 0.000000 0.000000 0.000000 0.000000 0.000000
 0.000000 0.000000 0.000000 0.000000 0.000000 0.000000 0.208123 0.000000 0.000000 0.000000 0.298551 0.234784 0.248544 0.000000 0.000000 0.008616 0.001382 0.000000 0.000000 0.000000
 0.000000 0.000244 0.000000 0.000000 0.000000 0.000000 0.000000 0.000000 0.000000 0.000000 0.000000 0.000000 0.000000 0.498796 0.498774 0.000000 0.002186 0.000000 0.000000 0.000000
 0.000000 0.000000 0.000000 0.000000 0.000000 0.000002 0.319468 0.319679 0.232273 0.000000 0.000000 0.000017 0.000000 0.000000 0.000000 0.000000 0.000000 0.022370 0.000000 0.106192
 0.000001 0.000000 0.000000 0.000000 0.000002 0.000000 0.000000 0.400851 0.198880 0.000000 0.000000 0.000000 0.000000 0.000000 0.000000 0.000000 0.000000 0.400266 0.000000 0.000000
 0.000000 0.000000 0.255662 0.000000 0.365174 0.000000 0.000000 0.000002 0.000000 0.000000 0.013832 0.365330 0.000000 0.000000 0.000000 0.000001 0.000000 0.000000 0.000000 0.000000
 0.126495 0.000000 0.000000 0.000000 0.420048 0.421806 0.000002 0.000000 0.010939 0.000000 0.000000 0.000000 0.000000 0.000000 0.000000 0.000000 0.000000 0.020710 0.000000 0.000000
 0.295820 0.000000 0.000000 0.000000 0.223872 0.153510 0.000000 0.008024 0.000000 0.000000 0.000000 0.000000 0.000000 0.000000 0.000000 0.000000 0.000000 0.309409 0.000000 0.009363
 0.000000 0.000000 0.000000 0.000000 0.000000 0.000000 0.000000 0.000000 0.000000 0.000000 0.351886 0.000000 0.245978 0.000000 0.048752 0.000000 0.353383 0.000000 0.000000 0.000000
 0.000000 0.000000 0.338452 0.000000 0.000000 0.000000 0.012765 0.000000 0.000000 0.336944 0.000000 0.045759 0.036751 0.000000 0.000000 0.004416 0.224913 0.000000 0.000000 0.000000
 0.000000 0.000000 0.269502 0.000000 0.000018 0.000000 0.341376 0.000000 0.000000 0.000000 0.046333 0.000000 0.000000 0.000000 0.000000 0.342771 0.000000 0.000000 0.000000 0.000000
 0.000000 0.000000 0.233433 0.000000 0.000000 0.000000 0.000000 0.000000 0.000000 0.195134 0.030447 0.000000 0.000000 0.000000 0.000000 0.260435 0.000000 0.000000 0.280550 0.000000
 0.016085 0.490573 0.000000 0.490578 0.000000 0.000000 0.000000 0.000000 0.000000 0.000000 0.000000 0.000000 0.000000 0.000000 0.002764 0.000000 0.000000 0.000000 0.000000 0.000000
 0.000000 0.000000 0.000000 0.467325 0.000000 0.000000 0.000000 0.000000 0.000000 0.064424 0.000000 0.000000 0.000000 0.002633 0.000000 0.000000 0.465617 0.000000 0.000000 0.000000
 0.000000 0.000000 0.009762 0.000000 0.000000 0.000000 0.000001 0.000000 0.000000 0.000000 0.004414 0.338346 0.314188 0.000000 0.000000 0.000000 0.000000 0.000000 0.000000 0.333289
 0.000000 0.000000 0.001734 0.001642 0.000000 0.000000 0.000000 0.000000 0.000000 0.374424 0.248872 0.000000 0.000000 0.000000 0.373328 0.000000 0.000000 0.000000 0.000000 0.000000
 0.116762 0.000000 0.000000 0.000000 0.029068 0.416538 0.000000 0.020481 0.417151 0.000000 0.000000 0.000000 0.000000 0.000000 0.000000 0.000000 0.000000 0.000000 0.000000 0.000000
 0.000000 0.000000 0.000000 0.000000 0.000000 0.000000 0.000000 0.000000 0.000000 0.000000 0.000000 0.000000 0.499996 0.000000 0.000000 0.000000 0.000000 0.000000 0.000000 0.500004
 0.000000 0.000000 0.000000 0.000000 0.141017 0.000000 0.000000 0.000000 0.012901 0.000000 0.000000 0.000000 0.000000 0.000000 0.000000 0.419785 0.000000 0.000000 0.426298 0.000000
the mean of prob-rank is 1.5263157894736843
the number of false negetive edges is 0
the number of probability greater than 0 is 4.8/edge
