20
 0.000000 0.261933 0.000000 0.000000 0.204706 0.000000 0.251380 0.000000 0.000000 0.000000 0.000000 0.000000 0.000000 0.000174 0.000000 0.000000 0.281807 0.000000 0.000000 0.000000
 0.269665 0.000000 0.000000 0.000000 0.290125 0.000000 0.000000 0.000000 0.000000 0.000000 0.000000 0.000000 0.000000 0.266101 0.000000 0.000000 0.174110 0.000000 0.000000 0.000000
 0.000000 0.000000 0.000000 0.500002 0.000000 0.000000 0.000000 0.499998 0.000000 0.000000 0.000000 0.000000 0.000000 0.000000 0.000000 0.000000 0.000000 0.000000 0.000000 0.000000
 0.000000 0.000000 0.499999 0.000000 0.000000 0.000000 0.000000 0.000005 0.000000 0.000000 0.000000 0.000000 0.000000 0.000000 0.000000 0.000000 0.000000 0.000000 0.000000 0.499996
 0.272897 0.375680 0.000000 0.000000 0.000000 0.000000 0.000000 0.000000 0.000000 0.000000 0.000000 0.000000 0.000000 0.341071 0.000000 0.000000 0.010352 0.000000 0.000000 0.000000
 0.000000 0.000000 0.000000 0.000000 0.000000 0.000000 0.000000 0.000000 0.000000 0.000000 0.000000 0.000000 0.000000 0.000000 0.000000 0.000000 0.000000 0.500000 0.000000 0.500000
 0.306631 0.000000 0.000000 0.000000 0.000000 0.000000 0.000000 0.000000 0.000000 0.000000 0.000000 0.000000 0.012340 0.000000 0.000000 0.000000 0.337399 0.343630 0.000000 0.000000
 0.000000 0.000000 0.499996 0.000005 0.000000 0.000000 0.000000 0.000000 0.499999 0.000000 0.000000 0.000000 0.000000 0.000000 0.000000 0.000000 0.000000 0.000000 0.000000 0.000000
 0.000000 0.000000 0.000000 0.000000 0.000000 0.000000 0.000000 0.500000 0.000000 0.500000 0.000000 0.000000 0.000000 0.000000 0.000000 0.000000 0.000000 0.000000 0.000000 0.000000
 0.000000 0.000000 0.000000 0.000000 0.000000 0.000000 0.000000 0.000000 0.500000 0.000000 0.000000 0.500000 0.000000 0.000000 0.000000 0.000000 0.000000 0.000000 0.000000 0.000000
 0.000000 0.000000 0.000000 0.000000 0.000000 0.000000 0.000000 0.000000 0.000000 0.000000 0.000000 0.370663 0.000000 0.000000 0.000000 0.350120 0.000000 0.000000 0.279217 0.000000
 0.000000 0.000000 0.000000 0.000000 0.000000 0.000000 0.000000 0.000000 0.000000 0.496735 0.496735 0.000000 0.000000 0.000000 0.000000 0.000000 0.000000 0.000000 0.006531 0.000000
 0.000000 0.000000 0.000000 0.000000 0.000000 0.000000 0.013864 0.000000 0.000000 0.000000 0.000000 0.000000 0.000000 0.383355 0.386199 0.000000 0.216582 0.000000 0.000000 0.000000
 0.000204 0.302254 0.000000 0.000000 0.299184 0.000000 0.000000 0.000000 0.000000 0.000000 0.000000 0.000000 0.327113 0.000000 0.000075 0.000000 0.071170 0.000000 0.000000 0.000000
 0.000000 0.000000 0.000000 0.000000 0.000000 0.000000 0.000000 0.000000 0.000000 0.000000 0.000000 0.000000 0.385616 0.000088 0.000000 0.241296 0.000000 0.000000 0.373000 0.000000
 0.000000 0.000000 0.000000 0.000000 0.000000 0.000000 0.000000 0.000000 0.000000 0.000000 0.367495 0.000000 0.000000 0.000000 0.243447 0.000000 0.000000 0.000000 0.389058 0.000000
 0.295336 0.177237 0.000000 0.000000 0.008138 0.000000 0.289882 0.000000 0.000000 0.000000 0.000000 0.000000 0.165624 0.063783 0.000000 0.000000 0.000000 0.000000 0.000000 0.000000
 0.000000 0.000000 0.000000 0.000000 0.000000 0.500084 0.499915 0.000000 0.000000 0.000000 0.000000 0.000000 0.000000 0.000000 0.000000 0.000000 0.000000 0.000000 0.000000 0.000000
 0.000000 0.000000 0.000000 0.000000 0.000000 0.000000 0.000000 0.000000 0.000000 0.000000 0.275556 0.004809 0.000000 0.000000 0.353832 0.365803 0.000000 0.000000 0.000000 0.000000
 0.000000 0.000000 0.000000 0.499999 0.000000 0.500001 0.000000 0.000000 0.000000 0.000000 0.000000 0.000000 0.000000 0.000000 0.000000 0.000000 0.000000 0.000000 0.000000 0.000000
the mean of prob-rank is 1.631578947368421
the number of false negetive edges is 0
the number of probability greater than 0 is 3.4/edge
