20
 0.000000 0.000000 0.339814 0.374315 0.000000 0.000000 0.276032 0.009839 0.000000 0.000000 0.000000 0.000000 0.000000 0.000000 0.000000 0.000000 0.000000 0.000000 0.000000 0.000000
 0.000000 0.000000 0.000000 0.000000 0.000000 0.492237 0.000000 0.000000 0.000000 0.000000 0.000000 0.000000 0.000000 0.009022 0.492010 0.000000 0.000000 0.006731 0.000000 0.000000
 0.239511 0.000000 0.000000 0.037491 0.245560 0.000000 0.000000 0.231136 0.000000 0.000000 0.000000 0.000000 0.246301 0.000000 0.000000 0.000000 0.000000 0.000000 0.000000 0.000000
 0.328943 0.000000 0.046744 0.000000 0.000000 0.000000 0.314128 0.297482 0.000000 0.000000 0.000000 0.000000 0.000000 0.000000 0.000000 0.000000 0.012703 0.000000 0.000000 0.000000
 0.000000 0.000000 0.363905 0.000000 0.000000 0.000000 0.000000 0.000000 0.000000 0.000000 0.000000 0.000000 0.245116 0.000000 0.000000 0.000000 0.000000 0.000000 0.000000 0.390978
 0.000000 0.460585 0.000000 0.000000 0.000000 0.000000 0.000000 0.000000 0.000000 0.458457 0.000000 0.000000 0.000000 0.000000 0.080959 0.000000 0.000000 0.000000 0.000000 0.000000
 0.273894 0.000000 0.000000 0.354688 0.000000 0.000000 0.000000 0.000000 0.000000 0.000000 0.000000 0.000000 0.371417 0.000000 0.000000 0.000000 0.000000 0.000000 0.000000 0.000000
 0.009365 0.000000 0.312140 0.322213 0.000000 0.000000 0.000000 0.000000 0.356281 0.000000 0.000000 0.000000 0.000000 0.000000 0.000000 0.000000 0.000000 0.000000 0.000000 0.000000
 0.000000 0.000000 0.000000 0.000000 0.000000 0.000000 0.000000 0.495374 0.000000 0.000000 0.002902 0.000000 0.000000 0.000000 0.000000 0.000000 0.495216 0.000000 0.006508 0.000000
 0.000000 0.000000 0.000000 0.000000 0.000000 0.419087 0.000000 0.000000 0.000000 0.000000 0.000000 0.421204 0.000000 0.000841 0.158868 0.000000 0.000000 0.000000 0.000000 0.000000
 0.000000 0.000000 0.000000 0.000000 0.000000 0.000000 0.000000 0.000000 0.002921 0.000000 0.000000 0.000000 0.000000 0.000000 0.000000 0.000000 0.000000 0.498576 0.498503 0.000000
 0.000000 0.000000 0.000000 0.000000 0.000000 0.000000 0.000000 0.000000 0.000000 0.500000 0.000000 0.000000 0.000000 0.000000 0.000000 0.500000 0.000000 0.000000 0.000000 0.000000
 0.000000 0.000000 0.364603 0.000000 0.244847 0.000000 0.390549 0.000000 0.000000 0.000000 0.000000 0.000000 0.000000 0.000000 0.000000 0.000000 0.000000 0.000000 0.000000 0.000000
 0.000000 0.009069 0.000000 0.000000 0.000000 0.000000 0.000000 0.000000 0.000000 0.000989 0.000000 0.000000 0.000000 0.000000 0.494919 0.000000 0.000000 0.495023 0.000000 0.000000
 0.000000 0.391543 0.000000 0.000000 0.000000 0.068855 0.000000 0.000000 0.000000 0.147809 0.000000 0.000000 0.000000 0.391793 0.000000 0.000000 0.000000 0.000000 0.000000 0.000000
 0.000000 0.000000 0.000000 0.000000 0.000000 0.000000 0.000000 0.000000 0.000000 0.000000 0.000000 0.500000 0.000000 0.000000 0.000000 0.000000 0.000000 0.000000 0.000000 0.500000
 0.000000 0.000000 0.000000 0.018946 0.000000 0.000000 0.000000 0.000000 0.490442 0.000000 0.000000 0.000000 0.000000 0.000000 0.000000 0.000000 0.000000 0.000000 0.490612 0.000000
 0.000000 0.006788 0.000000 0.000000 0.000000 0.000000 0.000000 0.000000 0.000000 0.000000 0.496611 0.000000 0.000000 0.496600 0.000000 0.000000 0.000000 0.000000 0.000000 0.000000
 0.000000 0.000000 0.000000 0.000000 0.000000 0.000000 0.000000 0.000000 0.006526 0.000000 0.496700 0.000000 0.000000 0.000000 0.000000 0.000000 0.496774 0.000000 0.000000 0.000000
 0.000000 0.000000 0.000000 0.000000 0.500000 0.000000 0.000000 0.000000 0.000000 0.000000 0.000000 0.000000 0.000000 0.000000 0.000000 0.500000 0.000000 0.000000 0.000000 0.000000
the mean of prob-rank is 1.5263157894736843
the number of false negetive edges is 0
the number of probability greater than 0 is 3.4/edge
