20
 0.000000 0.499070 0.001981 0.000000 0.000000 0.000000 0.000000 0.000000 0.000000 0.000000 0.000000 0.000000 0.000000 0.000000 0.000000 0.000000 0.000000 0.498949 0.000000 0.000000
 0.499770 0.000000 0.000082 0.000000 0.000000 0.000000 0.000000 0.000000 0.000000 0.499695 0.000000 0.000000 0.000000 0.000453 0.000000 0.000000 0.000000 0.000000 0.000000 0.000000
 0.001970 0.000081 0.000000 0.000000 0.000000 0.000000 0.000000 0.000000 0.496152 0.000000 0.000000 0.000000 0.000000 0.000000 0.005622 0.000000 0.000000 0.496174 0.000000 0.000000
 0.000000 0.000000 0.000000 0.000000 0.000000 0.000000 0.000000 0.356175 0.000000 0.000000 0.000000 0.152836 0.350445 0.000000 0.000000 0.000000 0.000000 0.000000 0.140544 0.000000
 0.000000 0.000000 0.000000 0.000000 0.000000 0.000000 0.499006 0.000000 0.001967 0.000000 0.000000 0.000000 0.000000 0.000000 0.499027 0.000000 0.000000 0.000000 0.000000 0.000000
 0.000000 0.000000 0.000000 0.000000 0.000000 0.000000 0.000000 0.000000 0.000000 0.000000 0.000000 0.000000 0.000000 0.000000 0.000000 0.499844 0.499844 0.000000 0.000312 0.000000
 0.000000 0.000000 0.000000 0.000000 0.498723 0.000000 0.000000 0.000000 0.000000 0.000000 0.001164 0.000000 0.000000 0.000000 0.001369 0.000000 0.000000 0.000000 0.000000 0.498744
 0.000000 0.000000 0.000000 0.485428 0.000000 0.000000 0.000000 0.000000 0.000000 0.000000 0.000000 0.028560 0.000000 0.000000 0.000000 0.000000 0.000043 0.000000 0.485968 0.000000
 0.000000 0.000000 0.497863 0.000000 0.001963 0.000000 0.000000 0.000000 0.000000 0.000000 0.000000 0.000000 0.000000 0.000000 0.497919 0.000000 0.000000 0.002255 0.000000 0.000000
 0.000000 0.499937 0.000000 0.000000 0.000000 0.000000 0.000000 0.000000 0.000000 0.000000 0.000000 0.000000 0.000000 0.500011 0.000000 0.000052 0.000000 0.000000 0.000000 0.000000
 0.000000 0.000000 0.000000 0.000000 0.000000 0.000000 0.001165 0.000000 0.000000 0.000000 0.000000 0.000000 0.499417 0.000000 0.000000 0.000000 0.000000 0.000000 0.000000 0.499418
 0.000000 0.000000 0.000000 0.145000 0.000000 0.000000 0.000000 0.019881 0.000000 0.000000 0.000000 0.000000 0.212003 0.000000 0.000000 0.000000 0.336465 0.000000 0.286651 0.000000
 0.000000 0.000000 0.000000 0.376583 0.000000 0.000000 0.000000 0.000000 0.000000 0.000000 0.383165 0.240128 0.000000 0.000000 0.000000 0.000000 0.000000 0.000124 0.000000 0.000000
 0.000000 0.000453 0.000000 0.000000 0.000000 0.000000 0.000000 0.000000 0.000000 0.499793 0.000000 0.000000 0.000000 0.000000 0.000000 0.499754 0.000000 0.000000 0.000000 0.000000
 0.000000 0.000000 0.005625 0.000000 0.496559 0.000000 0.001363 0.000000 0.496453 0.000000 0.000000 0.000000 0.000000 0.000000 0.000000 0.000000 0.000000 0.000000 0.000000 0.000000
 0.000000 0.000000 0.000000 0.000000 0.000000 0.499994 0.000000 0.000000 0.000000 0.000052 0.000000 0.000000 0.000000 0.499955 0.000000 0.000000 0.000000 0.000000 0.000000 0.000000
 0.000000 0.000000 0.000000 0.000000 0.000000 0.403487 0.000000 0.000036 0.000000 0.000000 0.000000 0.401311 0.000000 0.000000 0.000000 0.000000 0.000000 0.000000 0.195166 0.000000
 0.498449 0.000000 0.498429 0.000000 0.000000 0.000000 0.000000 0.000000 0.002257 0.000000 0.000000 0.000000 0.000162 0.000000 0.000000 0.000000 0.000000 0.000000 0.000000 0.000703
 0.000000 0.000000 0.000000 0.144599 0.000000 0.000229 0.000000 0.366860 0.000000 0.000000 0.000000 0.310861 0.000000 0.000000 0.000000 0.000000 0.177450 0.000000 0.000000 0.000000
 0.000000 0.000000 0.000000 0.000000 0.000000 0.000000 0.499648 0.000000 0.000000 0.000000 0.499648 0.000000 0.000000 0.000000 0.000000 0.000000 0.000000 0.000704 0.000000 0.000000
the mean of prob-rank is 1.5789473684210527
the number of false negetive edges is 0
the number of probability greater than 0 is 3.8/edge
