20
 0.000000 0.000000 0.051951 0.000000 0.305543 0.000000 0.000000 0.000000 0.000000 0.000000 0.316211 0.000000 0.000000 0.000000 0.000000 0.000000 0.000000 0.000000 0.326295 0.000000
 0.000000 0.000000 0.000000 0.000001 0.000000 0.000000 0.000000 0.000000 0.000000 0.499997 0.000000 0.000000 0.000001 0.000000 0.000000 0.000000 0.000000 0.000000 0.000004 0.499998
 0.046364 0.000000 0.000000 0.000000 0.000001 0.000000 0.097942 0.000000 0.000000 0.000000 0.291147 0.253121 0.000000 0.000039 0.000000 0.000000 0.067063 0.000000 0.244323 0.000000
 0.000000 0.000001 0.000000 0.000000 0.000000 0.000000 0.000000 0.000000 0.000000 0.000000 0.000000 0.000000 0.475187 0.000000 0.013130 0.000000 0.474054 0.000000 0.000000 0.037628
 0.224933 0.000000 0.000000 0.000000 0.000000 0.234207 0.224988 0.000000 0.000000 0.000000 0.166221 0.000000 0.000000 0.000000 0.000000 0.000000 0.000000 0.000000 0.149650 0.000000
 0.000000 0.000000 0.000000 0.000000 0.349696 0.000000 0.000000 0.000000 0.000000 0.358661 0.000000 0.000000 0.000000 0.000000 0.000000 0.000000 0.000000 0.000000 0.291642 0.000000
 0.000000 0.000000 0.104049 0.000000 0.289763 0.000000 0.000000 0.001709 0.000000 0.000000 0.000005 0.000000 0.000000 0.295106 0.000000 0.000000 0.000000 0.309369 0.000000 0.000000
 0.000000 0.000000 0.000000 0.000000 0.000000 0.000000 0.001936 0.000000 0.000000 0.000000 0.000000 0.007800 0.000000 0.304204 0.000000 0.336093 0.000000 0.349967 0.000000 0.000000
 0.000000 0.000000 0.000000 0.000000 0.000000 0.000000 0.000000 0.000000 0.000000 0.000000 0.000000 0.088213 0.000000 0.000000 0.446934 0.447691 0.017162 0.000000 0.000000 0.000000
 0.000000 0.497156 0.000000 0.000000 0.000000 0.497156 0.000000 0.000000 0.000000 0.000000 0.000000 0.000000 0.005684 0.000000 0.000000 0.000000 0.000000 0.000000 0.000000 0.000004
 0.295464 0.000000 0.304824 0.000000 0.210977 0.000000 0.000005 0.000000 0.000000 0.000000 0.000000 0.000000 0.000000 0.000000 0.000000 0.000000 0.000000 0.000000 0.188730 0.000000
 0.000000 0.000000 0.282091 0.000000 0.000000 0.000000 0.000000 0.007223 0.063947 0.000000 0.000000 0.000000 0.000000 0.324330 0.000000 0.297841 0.024568 0.000000 0.000000 0.000000
 0.000000 0.000001 0.000000 0.497176 0.000000 0.000000 0.000000 0.000000 0.000000 0.005685 0.000000 0.000000 0.000000 0.000000 0.000000 0.000000 0.000000 0.000000 0.000000 0.497139
 0.000000 0.000000 0.000047 0.000000 0.000000 0.000000 0.334232 0.304117 0.000000 0.000000 0.000000 0.350162 0.000000 0.000000 0.000000 0.000371 0.000000 0.011071 0.000000 0.000000
 0.000000 0.000000 0.000000 0.012767 0.000000 0.000000 0.000000 0.000000 0.461251 0.000000 0.000000 0.000000 0.000000 0.000000 0.000000 0.063991 0.461990 0.000000 0.000000 0.000000
 0.000000 0.000000 0.000000 0.000000 0.000000 0.000000 0.000000 0.317924 0.331539 0.000000 0.000000 0.304267 0.000000 0.000351 0.045918 0.000000 0.000000 0.000000 0.000000 0.000000
 0.000000 0.000000 0.098337 0.425994 0.000000 0.000000 0.000000 0.000000 0.016369 0.000000 0.000000 0.032325 0.000000 0.000000 0.426973 0.000000 0.000000 0.000000 0.000000 0.000001
 0.000000 0.000000 0.000000 0.000000 0.000000 0.000000 0.492583 0.491853 0.000000 0.000000 0.000000 0.000000 0.000000 0.015564 0.000000 0.000000 0.000000 0.000000 0.000000 0.000000
 0.256765 0.000002 0.215425 0.000000 0.159963 0.208787 0.000000 0.000000 0.000000 0.000000 0.158942 0.000000 0.000000 0.000000 0.000000 0.000000 0.000000 0.000000 0.000000 0.000116
 0.000000 0.480868 0.000000 0.038078 0.000000 0.000000 0.000000 0.000000 0.000000 0.000004 0.000000 0.000000 0.480832 0.000000 0.000000 0.000000 0.000002 0.000000 0.000217 0.000000
the mean of prob-rank is 1.894736842105263
the number of false negetive edges is 0
the number of probability greater than 0 is 4.8/edge
