20
 0.000000 0.194880 0.001723 0.147804 0.000000 0.000000 0.000000 0.000000 0.000003 0.308821 0.000000 0.000000 0.319527 0.000008 0.000000 0.000000 0.000000 0.013461 0.013772 0.000000
 0.173044 0.000000 0.283731 0.102908 0.253992 0.000000 0.000000 0.000000 0.000000 0.000000 0.000000 0.000000 0.186325 0.000000 0.000000 0.000000 0.000000 0.000000 0.000000 0.000000
 0.001551 0.287609 0.000000 0.270753 0.033822 0.000000 0.206869 0.000000 0.000000 0.000000 0.000000 0.000000 0.199343 0.000054 0.000000 0.000000 0.000000 0.000000 0.000000 0.000000
 0.134512 0.105472 0.273756 0.000000 0.000000 0.000000 0.000000 0.000000 0.000000 0.194499 0.000000 0.000000 0.000963 0.290798 0.000000 0.000000 0.000000 0.000000 0.000000 0.000000
 0.000000 0.306063 0.040206 0.000000 0.000000 0.000000 0.000000 0.000000 0.000000 0.000000 0.000000 0.341898 0.311833 0.000000 0.000000 0.000000 0.000000 0.000000 0.000000 0.000000
 0.000000 0.000000 0.000000 0.000000 0.000000 0.000000 0.000000 0.000000 0.000000 0.236515 0.383911 0.000000 0.000000 0.000000 0.000000 0.000013 0.000000 0.379561 0.000000 0.000000
 0.000000 0.000000 0.270357 0.000000 0.000000 0.000000 0.000000 0.000000 0.000000 0.000000 0.375875 0.000000 0.000000 0.353769 0.000000 0.000000 0.000000 0.000000 0.000000 0.000000
 0.000000 0.000000 0.000000 0.000000 0.000000 0.000000 0.000000 0.000000 0.000000 0.000000 0.000000 0.000000 0.000000 0.000000 0.486973 0.026608 0.000000 0.000000 0.000000 0.486418
 0.000005 0.000000 0.000000 0.000000 0.000000 0.000000 0.000000 0.000000 0.000000 0.000000 0.000000 0.000000 0.046945 0.000000 0.000000 0.000000 0.476599 0.000000 0.476451 0.000000
 0.265119 0.000000 0.000000 0.183475 0.000000 0.168996 0.000000 0.000000 0.000000 0.000000 0.000000 0.000000 0.000016 0.233252 0.000000 0.000000 0.000000 0.149142 0.000000 0.000000
 0.000000 0.000000 0.000000 0.000000 0.000000 0.499998 0.500002 0.000000 0.000000 0.000000 0.000000 0.000000 0.000000 0.000000 0.000000 0.000000 0.000000 0.000000 0.000000 0.000000
 0.000000 0.000000 0.000000 0.000000 0.500000 0.000000 0.000000 0.000000 0.000000 0.000000 0.000000 0.000000 0.000000 0.000000 0.000000 0.000000 0.500000 0.000000 0.000000 0.000000
 0.297278 0.195226 0.206050 0.000985 0.271143 0.000000 0.000000 0.000000 0.029282 0.000018 0.000000 0.000000 0.000000 0.000000 0.000000 0.000000 0.000000 0.000000 0.000017 0.000000
 0.000009 0.000000 0.000067 0.358203 0.000000 0.000000 0.337138 0.000000 0.000000 0.304583 0.000000 0.000000 0.000000 0.000000 0.000000 0.000000 0.000000 0.000000 0.000000 0.000000
 0.000000 0.000000 0.000000 0.000000 0.000000 0.000000 0.000000 0.499999 0.000000 0.000000 0.000000 0.000000 0.000000 0.000000 0.000000 0.000000 0.000000 0.000000 0.500001 0.000000
 0.000000 0.000000 0.000000 0.000000 0.000000 0.000017 0.000000 0.026597 0.000000 0.000000 0.000000 0.000000 0.000000 0.000000 0.000000 0.000000 0.000000 0.486622 0.000000 0.486764
 0.000000 0.000000 0.000000 0.000000 0.000000 0.000000 0.000000 0.000000 0.500000 0.000000 0.000000 0.500000 0.000000 0.000000 0.000000 0.000000 0.000000 0.000000 0.000000 0.000000
 0.016154 0.000000 0.000000 0.000000 0.000000 0.379102 0.000000 0.000000 0.000000 0.208477 0.000000 0.000000 0.000000 0.000000 0.000000 0.383338 0.000000 0.000000 0.000000 0.012930
 0.021099 0.000000 0.000000 0.000000 0.000000 0.000000 0.000000 0.000000 0.489360 0.000000 0.000000 0.000000 0.000028 0.000000 0.489513 0.000000 0.000000 0.000000 0.000000 0.000000
 0.000000 0.000000 0.000000 0.000000 0.000000 0.000000 0.000000 0.491424 0.000000 0.000000 0.000000 0.000000 0.000000 0.000000 0.000000 0.491986 0.000000 0.016590 0.000000 0.000000
the mean of prob-rank is 1.736842105263158
the number of false negetive edges is 0
the number of probability greater than 0 is 4.4/edge
