20
 0.000000 0.356630 0.000530 0.000000 0.000000 0.000000 0.000000 0.000000 0.312721 0.000000 0.000000 0.000000 0.000000 0.000000 0.000000 0.330119 0.000000 0.000000 0.000000 0.000000
 0.371076 0.000000 0.000000 0.000000 0.000000 0.000000 0.000000 0.000000 0.000000 0.000000 0.000000 0.000000 0.000000 0.000000 0.354273 0.274651 0.000000 0.000000 0.000000 0.000000
 0.000519 0.000000 0.000000 0.000000 0.311591 0.000000 0.000000 0.349509 0.001116 0.000000 0.000000 0.000000 0.000000 0.000000 0.000000 0.337264 0.000000 0.000000 0.000000 0.000000
 0.000000 0.000000 0.000000 0.000000 0.000000 0.000000 0.000000 0.000000 0.000000 0.000000 0.000000 0.000000 0.000000 0.000000 0.000000 0.000000 0.500000 0.000000 0.000000 0.500000
 0.000000 0.000000 0.320447 0.000000 0.000000 0.000000 0.000000 0.000000 0.000000 0.000000 0.000000 0.359454 0.036445 0.000000 0.000000 0.000000 0.000000 0.283654 0.000000 0.000000
 0.000000 0.000000 0.000000 0.000000 0.000000 0.000000 0.000000 0.000000 0.000000 0.000000 0.500000 0.000000 0.000000 0.000000 0.000000 0.000000 0.000000 0.000000 0.000000 0.500000
 0.000000 0.000000 0.000000 0.000000 0.000000 0.000000 0.000000 0.000000 0.000000 0.000000 0.500001 0.000000 0.000000 0.000000 0.000000 0.000000 0.000000 0.000000 0.499999 0.000000
 0.000000 0.000000 0.370451 0.000000 0.000000 0.000000 0.000000 0.000000 0.000000 0.356112 0.000000 0.000000 0.000000 0.000000 0.000000 0.273437 0.000000 0.000000 0.000000 0.000000
 0.306854 0.000000 0.001117 0.000000 0.000000 0.000000 0.000000 0.000000 0.000000 0.000000 0.000000 0.349321 0.000000 0.000000 0.000000 0.000000 0.000000 0.342707 0.000000 0.000000
 0.000000 0.000000 0.000000 0.000000 0.000000 0.000000 0.000000 0.352392 0.000000 0.000000 0.000000 0.000000 0.000000 0.281017 0.366591 0.000000 0.000000 0.000000 0.000000 0.000000
 0.000000 0.000000 0.000000 0.000000 0.000000 0.500000 0.500000 0.000000 0.000000 0.000000 0.000000 0.000000 0.000000 0.000000 0.000000 0.000000 0.000000 0.000000 0.000000 0.000000
 0.000000 0.000000 0.000000 0.000000 0.454134 0.000000 0.000000 0.000000 0.453332 0.000000 0.000000 0.000000 0.000000 0.000000 0.000000 0.000000 0.000000 0.092534 0.000000 0.000000
 0.000000 0.000000 0.000000 0.000000 0.048250 0.000000 0.000000 0.000000 0.000000 0.000000 0.000000 0.000000 0.000000 0.000000 0.000000 0.000000 0.475885 0.475865 0.000000 0.000000
 0.000000 0.000000 0.000000 0.000000 0.000000 0.000000 0.000000 0.000000 0.000000 0.285680 0.000000 0.000000 0.000000 0.000000 0.341644 0.000000 0.000000 0.000000 0.372676 0.000000
 0.000000 0.329092 0.000000 0.000000 0.000000 0.000000 0.000000 0.000000 0.000000 0.344699 0.000000 0.000000 0.000000 0.315999 0.000000 0.010210 0.000000 0.000000 0.000000 0.000000
 0.272377 0.217789 0.283933 0.000000 0.000000 0.000000 0.000000 0.217185 0.000000 0.000000 0.000000 0.000000 0.000000 0.000000 0.008716 0.000000 0.000000 0.000000 0.000000 0.000000
 0.000000 0.000000 0.000000 0.500000 0.000000 0.000000 0.000000 0.000000 0.000000 0.000000 0.000000 0.000000 0.499999 0.000000 0.000000 0.000000 0.000000 0.000000 0.000000 0.000000
 0.000000 0.000000 0.000000 0.000000 0.265504 0.000000 0.000000 0.000000 0.329501 0.000000 0.000000 0.068555 0.336439 0.000000 0.000000 0.000000 0.000000 0.000000 0.000000 0.000000
 0.000000 0.000000 0.000000 0.000000 0.000000 0.000000 0.499999 0.000000 0.000000 0.000000 0.000000 0.000000 0.000000 0.500001 0.000000 0.000000 0.000000 0.000000 0.000000 0.000000
 0.000000 0.000000 0.000000 0.500000 0.000000 0.500000 0.000000 0.000000 0.000000 0.000000 0.000000 0.000000 0.000000 0.000000 0.000000 0.000000 0.000000 0.000000 0.000000 0.000000
the mean of prob-rank is 1.631578947368421
the number of false negetive edges is 0
the number of probability greater than 0 is 3.1/edge
