20
 0.000000 0.000000 0.000000 0.499766 0.000000 0.000444 0.000000 0.000000 0.000000 0.499790 0.000000 0.000000 0.000000 0.000000 0.000000 0.000000 0.000000 0.000000 0.000000 0.000000
 0.000000 0.000000 0.000000 0.441009 0.000000 0.029769 0.000000 0.000000 0.000000 0.000000 0.000000 0.087631 0.000000 0.000000 0.439971 0.000000 0.000000 0.000003 0.000000 0.001617
 0.000000 0.000000 0.000000 0.000000 0.000000 0.000000 0.000000 0.499776 0.000002 0.000000 0.500222 0.000000 0.000000 0.000000 0.000000 0.000000 0.000000 0.000000 0.000000 0.000000
 0.482636 0.482051 0.000000 0.000000 0.000000 0.003952 0.000000 0.000000 0.000000 0.000000 0.000000 0.000000 0.000000 0.000000 0.031361 0.000000 0.000000 0.000000 0.000000 0.000000
 0.000000 0.000000 0.000000 0.000000 0.000000 0.000000 0.000000 0.000000 0.000000 0.000000 0.499999 0.000000 0.000000 0.000000 0.000000 0.000000 0.000000 0.000000 0.500001 0.000000
 0.000428 0.032476 0.000000 0.003945 0.000000 0.000000 0.000000 0.000000 0.000000 0.481675 0.000000 0.481477 0.000000 0.000000 0.000000 0.000000 0.000000 0.000000 0.000000 0.000000
 0.000000 0.000000 0.000000 0.000000 0.000000 0.000000 0.000000 0.000000 0.000000 0.000000 0.000000 0.000000 0.000000 0.000000 0.000000 0.000000 0.499564 0.500436 0.000000 0.000000
 0.000000 0.000000 0.499757 0.000000 0.000000 0.000000 0.000000 0.000000 0.500203 0.000000 0.000000 0.000000 0.000040 0.000000 0.000000 0.000000 0.000000 0.000000 0.000000 0.000000
 0.000000 0.000000 0.000002 0.000000 0.000000 0.000000 0.000000 0.499999 0.000000 0.000000 0.000000 0.000000 0.499998 0.000000 0.000000 0.000002 0.000000 0.000000 0.000000 0.000000
 0.499780 0.000000 0.000000 0.000000 0.000000 0.499721 0.000000 0.000000 0.000000 0.000000 0.000498 0.000000 0.000000 0.000000 0.000000 0.000000 0.000000 0.000000 0.000000 0.000000
 0.000000 0.000000 0.499751 0.000000 0.499751 0.000000 0.000000 0.000000 0.000000 0.000498 0.000000 0.000000 0.000000 0.000000 0.000000 0.000000 0.000000 0.000000 0.000000 0.000000
 0.000000 0.090066 0.000000 0.000000 0.000000 0.453591 0.000000 0.000000 0.000000 0.000000 0.000000 0.000000 0.000000 0.000005 0.000000 0.000000 0.000000 0.000000 0.002504 0.453835
 0.000000 0.000000 0.000000 0.000000 0.000000 0.000000 0.000000 0.000040 0.499981 0.000000 0.000000 0.000000 0.000000 0.000000 0.000000 0.499979 0.000000 0.000000 0.000000 0.000000
 0.000000 0.000000 0.000000 0.000000 0.000000 0.000000 0.000000 0.000000 0.000000 0.000000 0.000000 0.000005 0.000000 0.000000 0.000000 0.000000 0.000000 0.014403 0.492773 0.492819
 0.000000 0.483489 0.000000 0.031528 0.000000 0.000000 0.000000 0.000000 0.000000 0.000000 0.000000 0.000000 0.000000 0.000000 0.000000 0.000000 0.000001 0.484982 0.000000 0.000000
 0.000000 0.000000 0.000000 0.000000 0.000000 0.000000 0.000000 0.000000 0.000002 0.000000 0.000000 0.000000 0.499997 0.000000 0.000000 0.000000 0.500001 0.000000 0.000000 0.000000
 0.000000 0.000000 0.000000 0.000000 0.000000 0.000000 0.499564 0.000000 0.000000 0.000000 0.000000 0.000000 0.000000 0.000000 0.000001 0.500435 0.000000 0.000000 0.000000 0.000000
 0.000000 0.000003 0.000000 0.000000 0.000000 0.000000 0.492923 0.000000 0.000000 0.000000 0.000000 0.000000 0.000000 0.014405 0.492655 0.000000 0.000000 0.000000 0.000000 0.000013
 0.000000 0.000000 0.000000 0.000000 0.498657 0.000000 0.000000 0.000000 0.000000 0.000000 0.000000 0.002751 0.000000 0.498592 0.000000 0.000000 0.000000 0.000000 0.000000 0.000000
 0.000000 0.001827 0.000000 0.000000 0.000000 0.000000 0.000000 0.000000 0.000000 0.000000 0.000000 0.499089 0.000000 0.499071 0.000000 0.000000 0.000000 0.000013 0.000000 0.000000
the mean of prob-rank is 1.4736842105263157
the number of false negetive edges is 0
the number of probability greater than 0 is 3.5/edge
