20
 0.000000 0.000000 0.000000 0.000000 0.000000 0.000000 0.000000 0.000000 0.000000 0.000044 0.000000 0.000000 0.000000 0.000000 0.000000 0.000000 0.499424 0.000000 0.000000 0.500532
 0.000000 0.000000 0.000000 0.000000 0.000000 0.000000 0.000000 0.001519 0.499240 0.000000 0.000000 0.000000 0.000000 0.000000 0.000000 0.000000 0.000000 0.499241 0.000000 0.000000
 0.000000 0.000000 0.000000 0.500006 0.000000 0.000000 0.000000 0.000000 0.000000 0.000000 0.000000 0.000000 0.499994 0.000000 0.000000 0.000000 0.000000 0.000000 0.000000 0.000000
 0.000000 0.000000 0.486244 0.000000 0.000000 0.000000 0.001010 0.000000 0.000000 0.000000 0.003333 0.000000 0.001923 0.000000 0.022889 0.000000 0.001023 0.483578 0.000000 0.000000
 0.000000 0.000000 0.000000 0.000000 0.000000 0.000000 0.000000 0.000000 0.069884 0.000000 0.000000 0.000000 0.000000 0.000000 0.462432 0.467684 0.000000 0.000000 0.000000 0.000000
 0.000000 0.000000 0.000000 0.000000 0.000000 0.000000 0.499899 0.499899 0.000000 0.000000 0.000000 0.000000 0.000202 0.000000 0.000000 0.000000 0.000000 0.000000 0.000000 0.000000
 0.000000 0.000000 0.000000 0.001033 0.000000 0.497326 0.000000 0.000000 0.000000 0.000000 0.000000 0.000000 0.000000 0.004700 0.000000 0.000000 0.496941 0.000000 0.000000 0.000000
 0.000000 0.001519 0.000000 0.000000 0.000000 0.499029 0.000000 0.000000 0.000000 0.000000 0.000000 0.000000 0.499017 0.000000 0.000000 0.000000 0.000000 0.000435 0.000000 0.000000
 0.000000 0.457205 0.000000 0.000000 0.068318 0.000000 0.000000 0.000000 0.000000 0.000000 0.456310 0.000000 0.000000 0.000000 0.000000 0.000000 0.000000 0.018167 0.000000 0.000000
 0.000044 0.000000 0.000000 0.000000 0.000000 0.000000 0.000000 0.000000 0.000000 0.000000 0.000000 0.499313 0.000000 0.499292 0.000000 0.000000 0.000000 0.000000 0.000000 0.001350
 0.000000 0.000000 0.000000 0.003150 0.000000 0.000000 0.000000 0.000000 0.458676 0.000000 0.000000 0.000000 0.000000 0.000000 0.459575 0.000000 0.000000 0.078599 0.000000 0.000000
 0.000000 0.000000 0.000000 0.000000 0.000000 0.000000 0.000000 0.000000 0.000000 0.494524 0.000000 0.000000 0.000000 0.010755 0.000000 0.000000 0.000000 0.000000 0.494422 0.000299
 0.000000 0.000000 0.494969 0.001958 0.000000 0.000200 0.000000 0.494970 0.000000 0.000000 0.000000 0.000000 0.000000 0.000000 0.000000 0.000000 0.000000 0.007903 0.000000 0.000000
 0.000000 0.000000 0.000000 0.000000 0.000000 0.000000 0.004653 0.000000 0.000000 0.492398 0.000000 0.010709 0.000000 0.000000 0.000000 0.000000 0.000000 0.000000 0.000000 0.492240
 0.000000 0.000000 0.000000 0.021615 0.454044 0.000000 0.000000 0.000000 0.000000 0.000000 0.459200 0.000000 0.000000 0.000000 0.000000 0.000000 0.065140 0.000000 0.000001 0.000000
 0.000000 0.000000 0.000000 0.000000 0.500000 0.000000 0.000000 0.000000 0.000000 0.000000 0.000000 0.000000 0.000000 0.000000 0.000000 0.000000 0.000000 0.000000 0.500000 0.000000
 0.465810 0.000000 0.000000 0.000982 0.000000 0.000000 0.466490 0.000000 0.000000 0.000000 0.000000 0.000000 0.000000 0.000000 0.066225 0.000000 0.000000 0.000000 0.000000 0.000493
 0.000000 0.450022 0.000000 0.447554 0.000000 0.000000 0.000000 0.000392 0.017881 0.000000 0.076965 0.000000 0.007185 0.000000 0.000000 0.000000 0.000000 0.000000 0.000000 0.000000
 0.000000 0.000000 0.000000 0.000000 0.000000 0.000000 0.000000 0.000000 0.000000 0.000000 0.000000 0.499948 0.000000 0.000000 0.000001 0.500051 0.000000 0.000000 0.000000 0.000000
 0.498997 0.000000 0.000000 0.000000 0.000000 0.000000 0.000000 0.000000 0.000000 0.001349 0.000000 0.000302 0.000000 0.498825 0.000000 0.000000 0.000527 0.000000 0.000000 0.000000
the mean of prob-rank is 1.5263157894736843
the number of false negetive edges is 0
the number of probability greater than 0 is 3.9/edge
