20
 0.000000 0.000000 0.000000 0.000000 0.472113 0.008553 0.000000 0.472018 0.000000 0.000000 0.000000 0.000000 0.000000 0.000002 0.000000 0.000000 0.001009 0.000000 0.046305 0.000000
 0.000000 0.000000 0.000000 0.000000 0.000000 0.163338 0.000000 0.000000 0.000000 0.000000 0.000057 0.000000 0.418380 0.000000 0.000000 0.000000 0.000000 0.418225 0.000000 0.000000
 0.000000 0.000000 0.000000 0.000000 0.000000 0.000000 0.000000 0.000000 0.000000 0.500000 0.500000 0.000000 0.000000 0.000000 0.000000 0.000000 0.000000 0.000000 0.000000 0.000000
 0.000000 0.000000 0.000000 0.000000 0.000000 0.000000 0.319677 0.000000 0.259217 0.000104 0.000000 0.008904 0.000000 0.000000 0.110166 0.301931 0.000000 0.000000 0.000000 0.000000
 0.486444 0.000000 0.000000 0.000000 0.000000 0.000000 0.486513 0.000000 0.000000 0.000000 0.000000 0.000000 0.000000 0.000000 0.000072 0.000000 0.000000 0.000000 0.001944 0.025027
 0.007463 0.160855 0.000000 0.000000 0.000000 0.000000 0.000000 0.411286 0.000000 0.000000 0.000000 0.000000 0.000000 0.000000 0.000000 0.000000 0.411986 0.008409 0.000000 0.000000
 0.000000 0.000000 0.000000 0.500000 0.500000 0.000000 0.000000 0.000000 0.000000 0.000000 0.000000 0.000000 0.000000 0.000000 0.000000 0.000000 0.000000 0.000000 0.000000 0.000000
 0.412507 0.000000 0.000000 0.000000 0.000000 0.411914 0.000000 0.000000 0.000000 0.000000 0.000000 0.000000 0.000000 0.000176 0.000000 0.000000 0.175368 0.000001 0.000034 0.000000
 0.000000 0.000000 0.000000 0.285608 0.000000 0.000000 0.000000 0.000000 0.000000 0.000000 0.000000 0.352173 0.000000 0.002737 0.009466 0.350015 0.000000 0.000000 0.000000 0.000001
 0.000000 0.000000 0.347482 0.000113 0.000000 0.000000 0.000000 0.000000 0.000000 0.000000 0.000000 0.000000 0.000000 0.344643 0.000000 0.307762 0.000000 0.000000 0.000000 0.000000
 0.000000 0.000068 0.499966 0.000000 0.000000 0.000000 0.000000 0.000000 0.000000 0.000000 0.000000 0.000000 0.499966 0.000000 0.000000 0.000000 0.000000 0.000000 0.000000 0.000000
 0.000000 0.000000 0.000000 0.011592 0.000000 0.000000 0.000000 0.000000 0.416132 0.000000 0.000000 0.000000 0.000000 0.059988 0.416192 0.075808 0.000000 0.000000 0.000036 0.020253
 0.000000 0.499806 0.000000 0.000000 0.000000 0.000000 0.000000 0.000000 0.000000 0.000000 0.499805 0.000000 0.000000 0.000000 0.000000 0.000000 0.000000 0.000389 0.000000 0.000000
 0.000002 0.000000 0.000000 0.000000 0.000000 0.000000 0.000000 0.000166 0.003032 0.386908 0.000000 0.056226 0.000000 0.000000 0.014666 0.010033 0.052990 0.052962 0.389973 0.033042
 0.000000 0.000000 0.000000 0.142776 0.000061 0.000000 0.000000 0.000000 0.011134 0.000000 0.000000 0.414304 0.000000 0.015576 0.000000 0.000000 0.000000 0.000000 0.002036 0.414113
 0.000000 0.000000 0.000000 0.311530 0.000000 0.000000 0.000000 0.000000 0.327771 0.292137 0.000000 0.060079 0.000000 0.008483 0.000000 0.000000 0.000000 0.000000 0.000000 0.000000
 0.000834 0.000000 0.000000 0.000000 0.000000 0.390031 0.000000 0.165769 0.000000 0.000000 0.000000 0.000000 0.000000 0.052986 0.000000 0.000000 0.000000 0.389694 0.000686 0.000000
 0.000000 0.463727 0.000000 0.000000 0.000000 0.009468 0.000000 0.000002 0.000000 0.000001 0.000000 0.000000 0.000361 0.062983 0.000000 0.000000 0.463460 0.000000 0.000000 0.000000
 0.046508 0.000000 0.000000 0.000000 0.001895 0.000000 0.000000 0.000039 0.000000 0.000000 0.000000 0.000041 0.000000 0.474104 0.002330 0.000000 0.000834 0.000000 0.000000 0.474249
 0.000000 0.000000 0.000000 0.000000 0.023550 0.000000 0.000000 0.000000 0.000001 0.000000 0.000000 0.022277 0.000000 0.038777 0.457594 0.000000 0.000000 0.000000 0.457801 0.000000
the mean of prob-rank is 1.4736842105263157
the number of false negetive edges is 0
the number of probability greater than 0 is 5.35/edge
