20
 0.000000 0.000000 0.309937 0.000000 0.000000 0.000000 0.000000 0.000000 0.000000 0.000000 0.000000 0.000000 0.000000 0.000000 0.000000 0.304991 0.384516 0.000000 0.000000 0.000555
 0.000000 0.000000 0.000000 0.000000 0.000000 0.000000 0.000000 0.000000 0.000000 0.000000 0.000000 0.500004 0.000000 0.000000 0.000000 0.000000 0.000000 0.000000 0.499996 0.000000
 0.292067 0.000000 0.000000 0.000000 0.000000 0.000000 0.000000 0.000000 0.000000 0.000000 0.000000 0.000000 0.000000 0.000000 0.345484 0.362348 0.000000 0.000000 0.000000 0.000101
 0.000000 0.000000 0.000000 0.000000 0.496950 0.000000 0.000000 0.000000 0.005927 0.000000 0.497123 0.000000 0.000000 0.000000 0.000000 0.000000 0.000000 0.000000 0.000000 0.000000
 0.000000 0.000000 0.000000 0.436270 0.000000 0.000000 0.000000 0.012137 0.436005 0.115056 0.000532 0.000000 0.000000 0.000000 0.000000 0.000000 0.000000 0.000000 0.000000 0.000000
 0.000000 0.000000 0.000000 0.000000 0.000000 0.000000 0.264835 0.000000 0.000000 0.240715 0.234589 0.000000 0.000000 0.259861 0.000000 0.000000 0.000000 0.000000 0.000000 0.000000
 0.000000 0.000000 0.000000 0.000000 0.000000 0.330373 0.000000 0.000000 0.000000 0.000000 0.000000 0.000000 0.000000 0.319578 0.000000 0.000000 0.000000 0.350049 0.000000 0.000000
 0.000000 0.000000 0.000000 0.000000 0.013736 0.000000 0.000000 0.000000 0.493891 0.000000 0.000000 0.000000 0.492373 0.000000 0.000000 0.000000 0.000000 0.000000 0.000000 0.000000
 0.000000 0.000000 0.000000 0.005157 0.432155 0.000000 0.000000 0.432563 0.000000 0.000000 0.000000 0.000000 0.130125 0.000000 0.000000 0.000000 0.000000 0.000000 0.000000 0.000000
 0.000000 0.000000 0.000000 0.000000 0.085689 0.278821 0.000000 0.000000 0.000000 0.000000 0.310462 0.000000 0.000000 0.325029 0.000000 0.000000 0.000000 0.000000 0.000000 0.000000
 0.000000 0.000000 0.000000 0.358115 0.000437 0.299384 0.000000 0.000000 0.000000 0.342064 0.000000 0.000000 0.000000 0.000000 0.000000 0.000000 0.000000 0.000000 0.000000 0.000000
 0.000000 0.500003 0.000000 0.000000 0.000000 0.000000 0.000000 0.000000 0.000000 0.000000 0.000000 0.000000 0.000000 0.000000 0.000000 0.000000 0.000000 0.499997 0.000000 0.000000
 0.000000 0.000000 0.000000 0.000000 0.000000 0.000000 0.000000 0.357716 0.107941 0.000000 0.000000 0.000000 0.000000 0.000000 0.325279 0.000000 0.000000 0.000000 0.000000 0.209064
 0.000000 0.000000 0.000000 0.000000 0.000000 0.326192 0.321574 0.000000 0.000000 0.352235 0.000000 0.000000 0.000000 0.000000 0.000000 0.000000 0.000000 0.000000 0.000000 0.000000
 0.000000 0.000000 0.333387 0.000000 0.000000 0.000000 0.000000 0.000000 0.000000 0.000000 0.000000 0.000000 0.316972 0.000000 0.000000 0.000000 0.000000 0.000000 0.000000 0.349640
 0.288165 0.000000 0.363305 0.000000 0.000000 0.000000 0.000000 0.000000 0.000000 0.000000 0.000000 0.000000 0.000000 0.000000 0.000000 0.000000 0.000000 0.000000 0.000000 0.348530
 0.499999 0.000000 0.000000 0.000000 0.000000 0.000000 0.000000 0.000000 0.000000 0.000000 0.000000 0.000000 0.000000 0.000000 0.000000 0.000000 0.000000 0.000000 0.500001 0.000000
 0.000000 0.000000 0.000000 0.000000 0.000000 0.000000 0.500001 0.000000 0.000000 0.000000 0.000000 0.499998 0.000000 0.000000 0.000000 0.000000 0.000000 0.000000 0.000000 0.000000
 0.000000 0.499996 0.000000 0.000000 0.000000 0.000000 0.000000 0.000000 0.000000 0.000000 0.000000 0.000000 0.000000 0.000000 0.000000 0.000000 0.500004 0.000000 0.000000 0.000000
 0.000568 0.000000 0.000110 0.000000 0.000000 0.000000 0.000000 0.000000 0.000000 0.000000 0.000000 0.000000 0.229056 0.000000 0.393116 0.377150 0.000000 0.000000 0.000000 0.000000
the mean of prob-rank is 1.5263157894736843
the number of false negetive edges is 0
the number of probability greater than 0 is 3.3/edge
