20
 0.000000 0.306696 0.207740 0.313770 0.161696 0.000000 0.001986 0.000000 0.000000 0.000000 0.000000 0.000000 0.003937 0.000000 0.000000 0.000000 0.000000 0.000000 0.000000 0.004175
 0.392535 0.000000 0.000000 0.200704 0.000000 0.000000 0.000000 0.000000 0.000000 0.000000 0.406760 0.000000 0.000001 0.000000 0.000000 0.000000 0.000000 0.000000 0.000000 0.000000
 0.193989 0.000000 0.000000 0.000000 0.260370 0.010952 0.237916 0.000000 0.000000 0.000000 0.000000 0.000000 0.296773 0.000000 0.000000 0.000000 0.000000 0.000000 0.000000 0.000000
 0.398249 0.199035 0.000000 0.000000 0.000000 0.000000 0.000000 0.000000 0.000000 0.000000 0.000000 0.000000 0.000000 0.000000 0.000000 0.000000 0.002170 0.000000 0.000000 0.400545
 0.152680 0.000000 0.263278 0.000000 0.000000 0.259620 0.300058 0.000000 0.000000 0.000000 0.000000 0.000000 0.000000 0.000000 0.000000 0.000000 0.000000 0.002960 0.000000 0.021404
 0.000000 0.000000 0.013379 0.000000 0.313652 0.000000 0.310426 0.000000 0.000000 0.000000 0.000000 0.000000 0.000000 0.000000 0.000000 0.362542 0.000000 0.000000 0.000000 0.000000
 0.002346 0.000000 0.300921 0.000000 0.375328 0.321406 0.000000 0.000000 0.000000 0.000000 0.000000 0.000000 0.000000 0.000000 0.000000 0.000000 0.000000 0.000000 0.000000 0.000000
 0.000000 0.000000 0.000000 0.000000 0.000000 0.000000 0.000000 0.000000 0.000000 0.499999 0.000000 0.000000 0.000000 0.000000 0.000000 0.000000 0.000003 0.000000 0.499999 0.000000
 0.000000 0.000000 0.000000 0.000000 0.000000 0.000000 0.000000 0.000000 0.000000 0.000000 0.000000 0.500000 0.000000 0.000000 0.000000 0.500000 0.000000 0.000000 0.000000 0.000000
 0.000000 0.000000 0.000000 0.000000 0.000000 0.000000 0.000000 0.499998 0.000000 0.000000 0.000000 0.000000 0.000000 0.000000 0.000000 0.000000 0.499998 0.000000 0.000000 0.000004
 0.000000 0.500000 0.000000 0.000000 0.000000 0.000000 0.000000 0.000000 0.000000 0.000000 0.000000 0.000000 0.500000 0.000000 0.000000 0.000000 0.000000 0.000000 0.000000 0.000000
 0.000000 0.000000 0.000000 0.000000 0.000000 0.000000 0.000000 0.000000 0.498362 0.000000 0.000000 0.000000 0.000000 0.003370 0.000000 0.000000 0.000000 0.498268 0.000000 0.000000
 0.006156 0.000001 0.496921 0.000000 0.000000 0.000000 0.000000 0.000000 0.000000 0.000000 0.496922 0.000000 0.000000 0.000000 0.000000 0.000000 0.000000 0.000000 0.000000 0.000000
 0.000000 0.000000 0.000000 0.000000 0.000000 0.000000 0.000000 0.000000 0.000000 0.000000 0.000000 0.003370 0.000000 0.000000 0.498347 0.000000 0.000000 0.498251 0.000032 0.000000
 0.000000 0.000000 0.000000 0.000000 0.000000 0.000000 0.000000 0.000000 0.000000 0.000000 0.000000 0.000000 0.000000 0.499889 0.000000 0.000000 0.000000 0.000226 0.499885 0.000000
 0.000000 0.000000 0.000000 0.000000 0.000000 0.500000 0.000000 0.000000 0.500000 0.000000 0.000000 0.000000 0.000000 0.000000 0.000000 0.000000 0.000000 0.000000 0.000000 0.000000
 0.000000 0.000000 0.000000 0.002683 0.000000 0.000000 0.000000 0.000003 0.000000 0.498685 0.000000 0.000000 0.000000 0.000000 0.000000 0.000000 0.000000 0.000000 0.000000 0.498629
 0.000000 0.000000 0.000000 0.000000 0.004789 0.000000 0.000000 0.000000 0.000000 0.000000 0.000000 0.485340 0.000000 0.485337 0.000219 0.000000 0.000000 0.000000 0.000000 0.024315
 0.000000 0.000000 0.000000 0.000000 0.000000 0.000000 0.000000 0.499986 0.000000 0.000000 0.000000 0.000000 0.000000 0.000032 0.499982 0.000000 0.000000 0.000000 0.000000 0.000000
 0.006175 0.000000 0.000000 0.466752 0.033527 0.000000 0.000000 0.000000 0.000000 0.000003 0.000000 0.000000 0.000000 0.000000 0.000000 0.000000 0.469998 0.023544 0.000000 0.000000
the mean of prob-rank is 1.736842105263158
the number of false negetive edges is 0
the number of probability greater than 0 is 3.9/edge
