20
 0.000000 0.000000 0.500000 0.000000 0.000000 0.000000 0.000000 0.500000 0.000000 0.000000 0.000000 0.000000 0.000000 0.000000 0.000000 0.000000 0.000000 0.000000 0.000000 0.000000
 0.000000 0.000000 0.000000 0.000001 0.000000 0.000000 0.000000 0.497971 0.000000 0.498163 0.000000 0.000000 0.000000 0.000000 0.000000 0.000000 0.000000 0.003752 0.000114 0.000000
 0.499967 0.000000 0.000000 0.000000 0.000000 0.000000 0.000000 0.000000 0.000000 0.000000 0.000000 0.000000 0.499964 0.000000 0.000068 0.000000 0.000000 0.000000 0.000000 0.000000
 0.000000 0.000001 0.000000 0.000000 0.000000 0.000000 0.000000 0.000000 0.000000 0.216682 0.000000 0.000000 0.000000 0.390592 0.000000 0.000000 0.000000 0.000000 0.392725 0.000000
 0.000000 0.000000 0.000000 0.000000 0.000000 0.000000 0.000000 0.000000 0.453245 0.000000 0.000000 0.000000 0.000000 0.094303 0.000000 0.000000 0.000000 0.000000 0.000000 0.452452
 0.000000 0.000000 0.000000 0.000000 0.000000 0.000000 0.496435 0.000000 0.000000 0.000000 0.007104 0.496424 0.000000 0.000000 0.000000 0.000000 0.000038 0.000000 0.000000 0.000000
 0.000000 0.000000 0.000000 0.000000 0.000000 0.492947 0.000000 0.000000 0.000000 0.000000 0.000000 0.000000 0.000000 0.000000 0.000000 0.492857 0.014196 0.000000 0.000000 0.000000
 0.493783 0.493593 0.000000 0.000000 0.000000 0.000000 0.000000 0.000000 0.000000 0.000000 0.000000 0.000000 0.000000 0.000000 0.000000 0.000000 0.000000 0.012624 0.000000 0.000000
 0.000000 0.000000 0.000000 0.000000 0.500000 0.000000 0.000000 0.000000 0.000000 0.000000 0.000000 0.000000 0.000000 0.000000 0.000000 0.000000 0.500000 0.000000 0.000000 0.000000
 0.000000 0.364965 0.000000 0.201337 0.000000 0.000000 0.000000 0.000000 0.000000 0.000000 0.000000 0.000000 0.000000 0.000000 0.000000 0.000000 0.000000 0.364017 0.069681 0.000000
 0.000000 0.000000 0.000000 0.000000 0.000000 0.007015 0.000000 0.000000 0.000000 0.000000 0.000000 0.490220 0.000000 0.000000 0.000000 0.000000 0.490137 0.000179 0.000000 0.012448
 0.000000 0.000000 0.000000 0.000000 0.000000 0.494707 0.000000 0.000000 0.000000 0.000000 0.494718 0.000000 0.000000 0.000000 0.000000 0.010575 0.000000 0.000000 0.000000 0.000000
 0.000000 0.000000 0.497218 0.000000 0.000000 0.000000 0.000000 0.000000 0.000000 0.000000 0.000000 0.000000 0.000000 0.000000 0.497221 0.005561 0.000000 0.000000 0.000000 0.000000
 0.000000 0.000000 0.000000 0.451501 0.094467 0.000000 0.000000 0.000000 0.000000 0.000000 0.000000 0.000000 0.000000 0.000000 0.000000 0.000000 0.000000 0.000000 0.000000 0.454032
 0.000000 0.000000 0.000068 0.000000 0.000000 0.000000 0.000000 0.000000 0.000000 0.000000 0.000000 0.000000 0.499988 0.000000 0.000000 0.499943 0.000000 0.000000 0.000000 0.000000
 0.000000 0.000000 0.000000 0.000000 0.000000 0.000000 0.491966 0.000000 0.000000 0.000000 0.000000 0.010518 0.005503 0.000000 0.492013 0.000000 0.000000 0.000000 0.000000 0.000000
 0.000000 0.000000 0.000000 0.000000 0.000000 0.000038 0.014195 0.000000 0.492925 0.000000 0.492842 0.000000 0.000000 0.000000 0.000000 0.000000 0.000000 0.000000 0.000000 0.000000
 0.000000 0.003531 0.000000 0.000000 0.000000 0.000000 0.000000 0.011987 0.000000 0.467621 0.000172 0.000000 0.000000 0.000000 0.000000 0.000000 0.000000 0.000000 0.468437 0.048253
 0.000000 0.000104 0.000000 0.456524 0.000000 0.000000 0.000000 0.000000 0.000000 0.087175 0.000000 0.000000 0.000000 0.000000 0.000000 0.000000 0.000000 0.456197 0.000000 0.000000
 0.000000 0.000000 0.000000 0.000000 0.469420 0.000000 0.000000 0.000000 0.000000 0.000000 0.011941 0.000000 0.000000 0.470242 0.000000 0.000000 0.000000 0.048397 0.000000 0.000000
the mean of prob-rank is 1.631578947368421
the number of false negetive edges is 0
the number of probability greater than 0 is 3.5/edge
