20
 0.000000 0.000000 0.000000 0.000000 0.000000 0.500030 0.000000 0.000000 0.000000 0.000000 0.000000 0.000000 0.000000 0.000000 0.000000 0.000000 0.000000 0.499970 0.000000 0.000000
 0.000000 0.000000 0.000000 0.000000 0.000000 0.000000 0.000000 0.000000 0.001192 0.000000 0.006043 0.000000 0.000000 0.000000 0.000000 0.496606 0.000000 0.000000 0.000000 0.496159
 0.000000 0.000000 0.000000 0.000000 0.000000 0.000000 0.500000 0.000000 0.000000 0.000000 0.000000 0.000000 0.000000 0.000000 0.500000 0.000000 0.000000 0.000000 0.000000 0.000000
 0.000000 0.000000 0.000000 0.000000 0.500000 0.000000 0.000000 0.000000 0.000000 0.000000 0.000000 0.000000 0.000000 0.000000 0.000000 0.000000 0.000000 0.500000 0.000000 0.000000
 0.000000 0.000000 0.000000 0.499832 0.000000 0.000000 0.000000 0.000000 0.000000 0.000000 0.000000 0.499814 0.000000 0.000354 0.000000 0.000000 0.000000 0.000000 0.000000 0.000000
 0.500000 0.000000 0.000000 0.000000 0.000000 0.000000 0.000000 0.000000 0.000000 0.000000 0.000000 0.000000 0.000000 0.000000 0.500000 0.000000 0.000000 0.000000 0.000000 0.000000
 0.000000 0.000000 0.500000 0.000000 0.000000 0.000000 0.000000 0.500000 0.000000 0.000000 0.000000 0.000000 0.000000 0.000000 0.000000 0.000000 0.000000 0.000000 0.000000 0.000000
 0.000000 0.000000 0.000000 0.000000 0.000000 0.000000 0.500001 0.000000 0.499999 0.000000 0.000000 0.000000 0.000000 0.000000 0.000000 0.000000 0.000000 0.000000 0.000000 0.000000
 0.000000 0.001199 0.000000 0.000000 0.000000 0.000000 0.000000 0.499400 0.000000 0.000000 0.000000 0.000000 0.000000 0.000000 0.000000 0.000000 0.000000 0.000000 0.000000 0.499401
 0.000000 0.000000 0.000000 0.000000 0.000000 0.000000 0.000000 0.000000 0.000000 0.000000 0.499977 0.000003 0.000000 0.500019 0.000000 0.000000 0.000000 0.000000 0.000000 0.000000
 0.000000 0.005924 0.000000 0.000000 0.000000 0.000000 0.000000 0.000000 0.000000 0.486786 0.000000 0.000000 0.020524 0.000000 0.000000 0.000009 0.000000 0.000000 0.486756 0.000000
 0.000000 0.000000 0.000000 0.000000 0.499129 0.000000 0.000000 0.000000 0.000000 0.000003 0.000000 0.000000 0.000000 0.499146 0.000000 0.000000 0.000000 0.000000 0.001722 0.000000
 0.000000 0.000000 0.000000 0.000000 0.000000 0.000000 0.000000 0.000000 0.000000 0.000000 0.020662 0.000000 0.000000 0.000000 0.000000 0.489250 0.490088 0.000000 0.000000 0.000000
 0.000000 0.000000 0.000000 0.000000 0.000354 0.000000 0.000000 0.000000 0.000000 0.499823 0.000000 0.499823 0.000000 0.000000 0.000000 0.000000 0.000000 0.000000 0.000000 0.000000
 0.000000 0.000000 0.500000 0.000000 0.000000 0.500000 0.000000 0.000000 0.000000 0.000000 0.000000 0.000000 0.000000 0.000000 0.000000 0.000000 0.000000 0.000000 0.000000 0.000000
 0.000000 0.497606 0.000000 0.000000 0.000000 0.000000 0.000000 0.000000 0.000000 0.000000 0.000010 0.000000 0.496752 0.000000 0.000000 0.000000 0.000000 0.000000 0.000000 0.005632
 0.000000 0.000000 0.000000 0.000000 0.000000 0.000000 0.000000 0.000000 0.000000 0.000000 0.000000 0.000000 0.499999 0.000000 0.000000 0.000000 0.000000 0.000000 0.500001 0.000000
 0.499970 0.000000 0.000000 0.500030 0.000000 0.000000 0.000000 0.000000 0.000000 0.000000 0.000000 0.000000 0.000000 0.000000 0.000000 0.000000 0.000000 0.000000 0.000000 0.000000
 0.000000 0.000000 0.000000 0.000000 0.000000 0.000000 0.000000 0.000000 0.000000 0.000000 0.499102 0.001722 0.000000 0.000000 0.000000 0.000000 0.499175 0.000000 0.000000 0.000000
 0.000000 0.496961 0.000000 0.000000 0.000000 0.000000 0.000000 0.000000 0.497409 0.000000 0.000000 0.000000 0.000000 0.000000 0.000000 0.005630 0.000000 0.000000 0.000000 0.000000
the mean of prob-rank is 1.631578947368421
the number of false negetive edges is 0
the number of probability greater than 0 is 2.8/edge
