20
 0.000000 0.000000 0.000000 0.000000 0.000000 0.000000 0.000000 0.000000 0.000000 0.000000 0.341286 0.000022 0.000000 0.315218 0.000000 0.000000 0.000000 0.000000 0.343473 0.000000
 0.000000 0.000000 0.000000 0.000000 0.000000 0.000000 0.500000 0.000000 0.000000 0.000000 0.000000 0.000000 0.000000 0.000000 0.000001 0.000000 0.500000 0.000000 0.000000 0.000000
 0.000000 0.000000 0.000000 0.000000 0.000000 0.000000 0.006226 0.000000 0.496864 0.000000 0.000000 0.000000 0.000000 0.000000 0.000000 0.496911 0.000000 0.000000 0.000000 0.000000
 0.000000 0.000000 0.000000 0.000000 0.000000 0.000000 0.000000 0.352854 0.000000 0.000000 0.311953 0.000000 0.000000 0.000000 0.000000 0.000000 0.000000 0.335193 0.000000 0.000000
 0.000000 0.000000 0.000000 0.000000 0.000000 0.499983 0.000000 0.000033 0.000000 0.000000 0.000000 0.000000 0.000000 0.000000 0.000000 0.000000 0.000000 0.499983 0.000000 0.000000
 0.000000 0.000000 0.000000 0.000000 0.500001 0.000000 0.000000 0.000000 0.000000 0.000000 0.000000 0.499976 0.000023 0.000000 0.000000 0.000000 0.000000 0.000000 0.000000 0.000000
 0.000000 0.497114 0.006228 0.000000 0.000000 0.000000 0.000000 0.000000 0.000000 0.000000 0.000000 0.000000 0.000000 0.000000 0.000000 0.496657 0.000000 0.000000 0.000000 0.000000
 0.000000 0.000000 0.000000 0.499125 0.000033 0.000000 0.000000 0.000000 0.000000 0.000000 0.000153 0.000000 0.000000 0.000000 0.500624 0.000000 0.000000 0.000065 0.000000 0.000000
 0.000000 0.000000 0.490435 0.000000 0.000000 0.000000 0.000000 0.000000 0.000000 0.490482 0.000000 0.000000 0.000000 0.000010 0.000000 0.019073 0.000000 0.000000 0.000000 0.000000
 0.000000 0.000000 0.000000 0.000000 0.000000 0.000000 0.000000 0.000000 0.455934 0.000000 0.000000 0.000000 0.000000 0.088193 0.000000 0.000000 0.000000 0.000000 0.000000 0.455872
 0.257159 0.000000 0.000000 0.228143 0.000000 0.000000 0.000000 0.000079 0.000000 0.000000 0.000000 0.000000 0.000000 0.224601 0.000000 0.000000 0.000000 0.219175 0.000000 0.070843
 0.000032 0.000000 0.000000 0.000000 0.000000 0.499969 0.000000 0.000000 0.000000 0.000000 0.000000 0.000000 0.499988 0.000000 0.000000 0.000000 0.000000 0.000000 0.000011 0.000000
 0.000000 0.000000 0.000000 0.000000 0.000000 0.000023 0.000000 0.000000 0.000000 0.000000 0.000000 0.499655 0.000000 0.000662 0.000000 0.000000 0.000000 0.000000 0.499660 0.000000
 0.307918 0.000000 0.000000 0.000000 0.000000 0.000000 0.000000 0.000000 0.000007 0.064907 0.291174 0.000000 0.000444 0.000000 0.000000 0.000000 0.000000 0.000000 0.000001 0.335548
 0.000000 0.000001 0.000000 0.000000 0.000000 0.000000 0.000000 0.500001 0.000000 0.000000 0.000000 0.000000 0.000000 0.000000 0.000000 0.000000 0.499998 0.000000 0.000000 0.000000
 0.000000 0.000000 0.490685 0.000000 0.000000 0.000000 0.490234 0.000000 0.019081 0.000000 0.000000 0.000000 0.000000 0.000000 0.000000 0.000000 0.000000 0.000000 0.000000 0.000000
 0.000000 0.500001 0.000000 0.000000 0.000000 0.000000 0.000000 0.000000 0.000000 0.000000 0.000000 0.000000 0.000000 0.000000 0.499999 0.000000 0.000000 0.000000 0.000000 0.000000
 0.000000 0.000000 0.000000 0.338974 0.357906 0.000000 0.000000 0.000046 0.000000 0.000000 0.303073 0.000000 0.000000 0.000000 0.000000 0.000000 0.000000 0.000000 0.000000 0.000000
 0.499973 0.000000 0.000000 0.000000 0.000000 0.000000 0.000000 0.000000 0.000000 0.000000 0.000000 0.000011 0.500015 0.000002 0.000000 0.000000 0.000000 0.000000 0.000000 0.000000
 0.000000 0.000000 0.000000 0.000000 0.000000 0.000000 0.000000 0.000000 0.000000 0.439777 0.120385 0.000000 0.000000 0.439838 0.000000 0.000000 0.000000 0.000000 0.000000 0.000000
the mean of prob-rank is 1.5789473684210527
the number of false negetive edges is 0
the number of probability greater than 0 is 3.6/edge
