20
 0.000000 0.359539 0.270518 0.000000 0.000000 0.000000 0.000000 0.369943 0.000000 0.000000 0.000000 0.000000 0.000000 0.000000 0.000000 0.000000 0.000000 0.000000 0.000000 0.000000
 0.353377 0.000000 0.283021 0.000000 0.363602 0.000000 0.000000 0.000000 0.000000 0.000000 0.000000 0.000000 0.000000 0.000000 0.000000 0.000000 0.000000 0.000000 0.000000 0.000000
 0.202392 0.215439 0.000000 0.000000 0.059220 0.000000 0.000000 0.000000 0.000000 0.000000 0.269766 0.000000 0.000000 0.000000 0.000001 0.000000 0.000000 0.253181 0.000000 0.000000
 0.000000 0.000000 0.000000 0.000000 0.000000 0.000000 0.000000 0.500000 0.000000 0.500000 0.000000 0.000000 0.000000 0.000000 0.000000 0.000000 0.000000 0.000000 0.000000 0.000000
 0.000000 0.451933 0.096697 0.000000 0.000000 0.000000 0.000000 0.000000 0.000000 0.000000 0.000002 0.000000 0.000000 0.451369 0.000000 0.000000 0.000000 0.000000 0.000000 0.000000
 0.000000 0.000000 0.000000 0.000000 0.000000 0.000000 0.000000 0.000000 0.261531 0.000000 0.000000 0.369586 0.000000 0.000000 0.000000 0.000000 0.357023 0.000000 0.000000 0.011859
 0.000000 0.000000 0.000000 0.000000 0.000000 0.000000 0.000000 0.000000 0.000000 0.000000 0.000000 0.000000 0.499707 0.000000 0.000000 0.000000 0.000132 0.000000 0.500161 0.000000
 0.500000 0.000000 0.000000 0.500000 0.000000 0.000000 0.000000 0.000000 0.000000 0.000000 0.000000 0.000000 0.000000 0.000000 0.000000 0.000000 0.000000 0.000000 0.000000 0.000000
 0.000000 0.000000 0.000000 0.000000 0.000000 0.263036 0.000000 0.000000 0.000000 0.000000 0.000000 0.000004 0.000000 0.000000 0.365257 0.000000 0.371703 0.000000 0.000000 0.000000
 0.000000 0.000000 0.000000 0.500000 0.000000 0.000000 0.000000 0.000000 0.000000 0.000000 0.000000 0.000000 0.000000 0.000000 0.000000 0.000000 0.000000 0.000000 0.500000 0.000000
 0.000000 0.000000 0.351177 0.000000 0.000001 0.000000 0.000000 0.000000 0.000000 0.000000 0.000000 0.000000 0.000000 0.013422 0.001739 0.000000 0.000000 0.273713 0.000000 0.359948
 0.000000 0.000000 0.000000 0.000000 0.000000 0.500000 0.000000 0.000000 0.000005 0.000000 0.000000 0.000000 0.000000 0.000000 0.000000 0.499995 0.000000 0.000000 0.000000 0.000000
 0.000000 0.000000 0.000000 0.000000 0.000000 0.000000 0.499679 0.000000 0.000000 0.000000 0.000000 0.000000 0.000000 0.000000 0.000000 0.500133 0.000188 0.000000 0.000000 0.000000
 0.000000 0.000000 0.000000 0.000000 0.490545 0.000000 0.000000 0.000000 0.000000 0.000000 0.018297 0.000000 0.000000 0.000000 0.000000 0.000000 0.000000 0.000000 0.000000 0.491158
 0.000000 0.000000 0.000001 0.000000 0.000000 0.000000 0.000000 0.000000 0.384037 0.000000 0.001886 0.000000 0.000000 0.000000 0.000000 0.000000 0.222680 0.390825 0.000000 0.000570
 0.000000 0.000000 0.000000 0.000000 0.000000 0.000000 0.000000 0.000000 0.000000 0.000000 0.000000 0.499998 0.500002 0.000000 0.000000 0.000000 0.000000 0.000000 0.000000 0.000000
 0.000000 0.000000 0.000000 0.000000 0.000000 0.380859 0.000104 0.000000 0.394251 0.000000 0.000000 0.000000 0.000148 0.000000 0.224638 0.000000 0.000000 0.000000 0.000000 0.000000
 0.000000 0.000000 0.342035 0.000000 0.000000 0.000000 0.000000 0.000000 0.000000 0.000000 0.284052 0.000000 0.000000 0.000000 0.373913 0.000000 0.000000 0.000000 0.000000 0.000000
 0.000000 0.000000 0.000000 0.000000 0.000000 0.000000 0.500000 0.000000 0.000000 0.500000 0.000000 0.000000 0.000000 0.000000 0.000000 0.000000 0.000000 0.000000 0.000000 0.000000
 0.000000 0.000000 0.000000 0.000000 0.000000 0.015787 0.000000 0.000000 0.000000 0.000000 0.491504 0.000000 0.000000 0.491992 0.000717 0.000000 0.000000 0.000000 0.000000 0.000000
the mean of prob-rank is 1.4736842105263157
the number of false negetive edges is 0
the number of probability greater than 0 is 3.4/edge
