20
 0.000000 0.000000 0.000000 0.000000 0.362795 0.000000 0.336824 0.000000 0.000000 0.000000 0.000000 0.033163 0.000000 0.000000 0.000000 0.267219 0.000000 0.000000 0.000000 0.000000
 0.000000 0.000000 0.000000 0.000000 0.000000 0.000000 0.000000 0.000071 0.499728 0.000000 0.000000 0.000000 0.000391 0.499811 0.000000 0.000000 0.000000 0.000000 0.000000 0.000000
 0.000000 0.000000 0.000000 0.134792 0.000000 0.188415 0.000000 0.000000 0.000000 0.043762 0.178181 0.000000 0.000000 0.000000 0.221848 0.000000 0.228654 0.001743 0.000000 0.002604
 0.000000 0.000000 0.224143 0.000000 0.000000 0.000000 0.000000 0.000000 0.000000 0.000000 0.000000 0.000000 0.000000 0.000000 0.390872 0.000000 0.000000 0.000000 0.000000 0.384984
 0.388449 0.000000 0.000000 0.000000 0.000000 0.000000 0.000000 0.000000 0.000000 0.000000 0.223442 0.000000 0.000000 0.000000 0.000000 0.000000 0.000000 0.000000 0.388108 0.000000
 0.000000 0.000000 0.270958 0.000000 0.000000 0.000000 0.000000 0.000000 0.000000 0.331065 0.000000 0.000000 0.000000 0.000000 0.000000 0.000000 0.060103 0.337874 0.000000 0.000000
 0.326600 0.000000 0.000000 0.000000 0.000000 0.000000 0.000000 0.000000 0.000000 0.000000 0.000000 0.321615 0.000000 0.000000 0.000000 0.351785 0.000000 0.000000 0.000000 0.000000
 0.000000 0.000071 0.000000 0.000000 0.000000 0.000000 0.000000 0.000000 0.000000 0.000000 0.000000 0.000000 0.499866 0.500059 0.000000 0.000005 0.000000 0.000000 0.000000 0.000000
 0.000000 0.436814 0.000000 0.000000 0.000000 0.000000 0.000000 0.000000 0.000000 0.000000 0.000000 0.000000 0.000001 0.000011 0.126697 0.000000 0.000000 0.000000 0.000000 0.436476
 0.000000 0.000000 0.083056 0.000000 0.000000 0.436919 0.000000 0.000000 0.000000 0.000000 0.000000 0.000000 0.000000 0.000000 0.000356 0.000000 0.446096 0.033574 0.000000 0.000000
 0.000000 0.000000 0.228013 0.000000 0.173021 0.000000 0.000000 0.000000 0.000000 0.000000 0.000000 0.000000 0.000000 0.000000 0.000000 0.000000 0.000000 0.298168 0.300795 0.000003
 0.030850 0.000000 0.000000 0.000000 0.000000 0.000000 0.308552 0.000000 0.000000 0.000000 0.000000 0.000000 0.334918 0.000000 0.000000 0.325679 0.000000 0.000000 0.000000 0.000001
 0.000000 0.000389 0.000000 0.000000 0.000000 0.000000 0.000000 0.496754 0.000001 0.000000 0.000000 0.493150 0.000000 0.000000 0.000000 0.000000 0.000000 0.000000 0.000000 0.009707
 0.000000 0.497641 0.000000 0.000000 0.000000 0.000000 0.000000 0.497646 0.000013 0.000000 0.000000 0.000000 0.000000 0.000000 0.004700 0.000000 0.000000 0.000000 0.000000 0.000000
 0.000000 0.000000 0.298321 0.316082 0.000000 0.000000 0.000000 0.000000 0.091663 0.000252 0.000000 0.000000 0.000000 0.002985 0.000000 0.000000 0.241287 0.000000 0.000000 0.049409
 0.272640 0.000000 0.000000 0.000000 0.000000 0.000000 0.370159 0.000003 0.000000 0.000000 0.000000 0.357197 0.000000 0.000000 0.000000 0.000000 0.000000 0.000000 0.000000 0.000000
 0.000000 0.000000 0.325935 0.000000 0.000000 0.059575 0.000000 0.000000 0.000000 0.335047 0.000000 0.000000 0.000000 0.000000 0.255775 0.000000 0.000000 0.023667 0.000000 0.000000
 0.000000 0.000000 0.002920 0.000000 0.000000 0.393541 0.000000 0.000000 0.000000 0.029631 0.390287 0.000000 0.000000 0.000000 0.000000 0.000000 0.027811 0.000000 0.155810 0.000000
 0.000000 0.000000 0.000000 0.000000 0.417194 0.000000 0.000000 0.000000 0.000000 0.000000 0.417563 0.000000 0.000000 0.000000 0.000000 0.000000 0.000000 0.165243 0.000000 0.000000
 0.000000 0.000000 0.005104 0.453695 0.000000 0.000000 0.000000 0.000000 0.460194 0.000000 0.000004 0.000001 0.008997 0.000000 0.072005 0.000000 0.000000 0.000000 0.000000 0.000000
the mean of prob-rank is 1.5263157894736843
the number of false negetive edges is 0
the number of probability greater than 0 is 4.6/edge
