20
 0.000000 0.499809 0.000000 0.000000 0.499783 0.000000 0.000000 0.000000 0.000000 0.000000 0.000000 0.000000 0.000018 0.000390 0.000000 0.000000 0.000000 0.000000 0.000000 0.000000
 0.499509 0.000000 0.000000 0.000000 0.000000 0.000000 0.000000 0.000000 0.000000 0.000000 0.000000 0.000000 0.000000 0.499524 0.000000 0.000000 0.000000 0.000000 0.000967 0.000000
 0.000000 0.000000 0.000000 0.232747 0.000000 0.000000 0.261248 0.245162 0.000000 0.000000 0.000000 0.000000 0.000000 0.000000 0.250756 0.006374 0.000000 0.000000 0.003713 0.000000
 0.000000 0.000000 0.187965 0.000000 0.000000 0.000000 0.000000 0.085407 0.000000 0.000002 0.232723 0.000000 0.000000 0.000000 0.208260 0.084605 0.000000 0.000000 0.201039 0.000000
 0.499980 0.000000 0.000000 0.000000 0.000000 0.000000 0.000000 0.000000 0.000000 0.000000 0.000000 0.000000 0.500020 0.000000 0.000000 0.000000 0.000000 0.000000 0.000000 0.000000
 0.000000 0.000000 0.000000 0.000000 0.000000 0.000000 0.000000 0.000000 0.000000 0.500008 0.499992 0.000000 0.000000 0.000000 0.000000 0.000000 0.000000 0.000000 0.000000 0.000000
 0.000000 0.000000 0.258344 0.000000 0.000000 0.000000 0.000000 0.226261 0.000000 0.000000 0.000000 0.000000 0.000000 0.000000 0.287099 0.000000 0.000000 0.000000 0.000000 0.228296
 0.000000 0.000000 0.186392 0.080403 0.000000 0.000000 0.173955 0.000000 0.000000 0.000000 0.000000 0.000000 0.000000 0.000000 0.000000 0.217336 0.000000 0.000000 0.177779 0.164135
 0.000000 0.000000 0.000000 0.000000 0.000000 0.000000 0.000000 0.000000 0.000000 0.000000 0.000000 0.000000 0.499999 0.000000 0.000000 0.000000 0.500001 0.000000 0.000000 0.000000
 0.000000 0.000000 0.000000 0.000003 0.000000 0.500002 0.000000 0.000000 0.000000 0.000000 0.000000 0.000000 0.000000 0.499993 0.000000 0.000000 0.000000 0.000000 0.000002 0.000000
 0.000000 0.000000 0.000000 0.481171 0.000000 0.484815 0.000000 0.000000 0.000000 0.000000 0.000000 0.000000 0.000000 0.000000 0.034013 0.000000 0.000000 0.000000 0.000000 0.000000
 0.000000 0.000000 0.000000 0.000000 0.000000 0.000000 0.000000 0.000000 0.000000 0.000000 0.000000 0.000000 0.000000 0.000000 0.000000 0.000000 0.496582 0.496251 0.007168 0.000000
 0.000018 0.000000 0.000000 0.000000 0.499992 0.000000 0.000000 0.000000 0.499990 0.000000 0.000000 0.000000 0.000000 0.000000 0.000000 0.000000 0.000000 0.000000 0.000000 0.000000
 0.000390 0.499809 0.000000 0.000000 0.000000 0.000000 0.000000 0.000000 0.000000 0.499799 0.000000 0.000000 0.000000 0.000000 0.000000 0.000000 0.000000 0.000000 0.000002 0.000000
 0.000000 0.000000 0.301551 0.310116 0.000000 0.000000 0.349137 0.000000 0.000000 0.000000 0.024497 0.000000 0.000000 0.000000 0.000000 0.000000 0.000000 0.000000 0.000000 0.014699
 0.000000 0.000000 0.009012 0.148111 0.000000 0.000000 0.000000 0.404150 0.000000 0.000000 0.000000 0.000000 0.000000 0.000000 0.000000 0.000000 0.000000 0.000000 0.410509 0.028218
 0.000000 0.000000 0.000000 0.000000 0.000000 0.000000 0.000000 0.000000 0.500000 0.000000 0.000000 0.500000 0.000000 0.000000 0.000000 0.000000 0.000000 0.000000 0.000000 0.000000
 0.000000 0.000000 0.000000 0.000000 0.000000 0.000000 0.000000 0.000000 0.000000 0.000000 0.000000 0.493262 0.000000 0.000000 0.000000 0.000000 0.000000 0.000000 0.013228 0.493510
 0.000000 0.000596 0.003941 0.264235 0.000000 0.000000 0.000000 0.248203 0.000000 0.000001 0.000000 0.004449 0.000000 0.000001 0.000000 0.308205 0.000000 0.008260 0.000000 0.162109
 0.000000 0.000000 0.000000 0.000000 0.000000 0.000000 0.250402 0.234159 0.000000 0.000000 0.000000 0.000000 0.000000 0.000000 0.013258 0.021648 0.000000 0.314884 0.165650 0.000000
the mean of prob-rank is 1.631578947368421
the number of false negetive edges is 0
the number of probability greater than 0 is 4.15/edge
