20
 0.000000 0.000000 0.499302 0.000000 0.000000 0.001328 0.000000 0.000000 0.000062 0.000000 0.000000 0.000000 0.000000 0.000000 0.000000 0.000000 0.000000 0.499308 0.000000 0.000000
 0.000000 0.000000 0.000000 0.000000 0.000000 0.000000 0.000000 0.302811 0.000000 0.000000 0.339219 0.000000 0.354069 0.000001 0.003900 0.000000 0.000000 0.000000 0.000000 0.000000
 0.499968 0.000000 0.000000 0.000000 0.000000 0.000000 0.000000 0.000000 0.499972 0.000000 0.000000 0.000000 0.000000 0.000000 0.000000 0.000000 0.000060 0.000000 0.000000 0.000000
 0.000000 0.000000 0.000000 0.000000 0.001911 0.441474 0.445485 0.000000 0.000000 0.000000 0.000000 0.000000 0.000000 0.000000 0.000000 0.000000 0.000000 0.000000 0.111130 0.000000
 0.000000 0.000000 0.000000 0.002136 0.000000 0.000000 0.000004 0.000000 0.000000 0.000000 0.000000 0.002152 0.000000 0.000000 0.000000 0.000000 0.000000 0.000000 0.497757 0.497951
 0.001017 0.000000 0.000000 0.378957 0.000000 0.000000 0.000000 0.196284 0.000000 0.000000 0.000000 0.041811 0.000000 0.000000 0.000000 0.000000 0.000000 0.000000 0.381931 0.000000
 0.000000 0.000000 0.000000 0.499998 0.000004 0.000000 0.000000 0.000000 0.499998 0.000000 0.000000 0.000000 0.000000 0.000000 0.000000 0.000000 0.000000 0.000000 0.000000 0.000000
 0.000000 0.224104 0.000000 0.000000 0.000000 0.134503 0.000000 0.000000 0.000000 0.000000 0.180868 0.220550 0.000000 0.000000 0.000000 0.239974 0.000000 0.000000 0.000000 0.000000
 0.000062 0.000000 0.499967 0.000000 0.000000 0.000000 0.499970 0.000000 0.000000 0.000000 0.000000 0.000000 0.000000 0.000000 0.000000 0.000000 0.000000 0.000000 0.000000 0.000000
 0.000000 0.000000 0.000000 0.000000 0.000000 0.000000 0.000000 0.000000 0.000000 0.000000 0.000000 0.000000 0.000000 0.000000 0.500000 0.000000 0.500000 0.000000 0.000000 0.000000
 0.000000 0.361595 0.000000 0.000000 0.000000 0.000000 0.000000 0.260510 0.000000 0.000000 0.000000 0.000000 0.000000 0.377424 0.000000 0.000000 0.000000 0.000471 0.000000 0.000000
 0.000000 0.000000 0.000000 0.000000 0.001392 0.035220 0.000000 0.271116 0.000000 0.000000 0.000000 0.000000 0.000000 0.000000 0.000000 0.310425 0.000000 0.000000 0.060099 0.321748
 0.000000 0.500000 0.000000 0.000000 0.000000 0.000000 0.000000 0.000000 0.000000 0.000000 0.000000 0.000000 0.000000 0.000000 0.000000 0.500000 0.000000 0.000000 0.000000 0.000000
 0.000000 0.000002 0.000000 0.000000 0.000000 0.000000 0.000000 0.000000 0.000000 0.000000 0.499974 0.000000 0.000000 0.000000 0.499963 0.000000 0.000061 0.000000 0.000000 0.000000
 0.000000 0.005477 0.000000 0.000000 0.000000 0.000000 0.000000 0.000000 0.000000 0.497267 0.000000 0.000000 0.000000 0.497256 0.000000 0.000000 0.000000 0.000000 0.000000 0.000000
 0.000000 0.000000 0.000000 0.000000 0.000000 0.000000 0.000000 0.317092 0.000000 0.000000 0.000000 0.333680 0.346247 0.000000 0.000000 0.000000 0.000000 0.000000 0.000000 0.002981
 0.000000 0.000000 0.000060 0.000000 0.000000 0.000000 0.000000 0.000000 0.000000 0.499954 0.000000 0.000000 0.000000 0.000061 0.000000 0.000000 0.000000 0.499925 0.000000 0.000000
 0.499703 0.000000 0.000000 0.000000 0.000000 0.000000 0.000000 0.000000 0.000000 0.000000 0.000623 0.000000 0.000000 0.000000 0.000000 0.000000 0.499674 0.000000 0.000000 0.000000
 0.000000 0.000000 0.000000 0.102471 0.410616 0.410271 0.000000 0.000000 0.000000 0.000000 0.000000 0.076641 0.000000 0.000000 0.000000 0.000000 0.000000 0.000000 0.000000 0.000000
 0.000000 0.000000 0.000000 0.000000 0.498141 0.000000 0.000000 0.000000 0.000000 0.000000 0.000000 0.497570 0.000000 0.000000 0.000000 0.004288 0.000000 0.000000 0.000000 0.000000
the mean of prob-rank is 1.5789473684210527
the number of false negetive edges is 0
the number of probability greater than 0 is 3.8/edge
