20
 0.000000 0.000000 0.149224 0.000000 0.000000 0.421613 0.000000 0.000000 0.000000 0.000000 0.000000 0.000000 0.429163 0.000000 0.000000 0.000000 0.000000 0.000000 0.000000 0.000000
 0.000000 0.000000 0.000000 0.000000 0.000000 0.000000 0.000000 0.000000 0.000000 0.004493 0.000000 0.000000 0.000000 0.000000 0.000000 0.000000 0.000000 0.497758 0.000000 0.497749
 0.148199 0.000000 0.000000 0.000000 0.000000 0.000623 0.000000 0.000067 0.000000 0.000000 0.000000 0.426216 0.000000 0.000000 0.000000 0.000000 0.424894 0.000000 0.000000 0.000000
 0.000000 0.000000 0.000000 0.000000 0.000000 0.000000 0.000000 0.446686 0.000000 0.457378 0.000000 0.000302 0.000000 0.000000 0.000000 0.095631 0.000003 0.000000 0.000000 0.000000
 0.000000 0.000000 0.000000 0.000000 0.000000 0.000000 0.000000 0.000000 0.000000 0.000000 0.000000 0.000000 0.000000 0.500000 0.000000 0.000000 0.000000 0.000000 0.000000 0.500000
 0.449698 0.000000 0.000669 0.000000 0.000000 0.000000 0.000000 0.000000 0.000000 0.000000 0.457751 0.091882 0.000000 0.000000 0.000000 0.000000 0.000000 0.000000 0.000000 0.000000
 0.000000 0.000000 0.000000 0.000000 0.000000 0.000000 0.000000 0.000178 0.360753 0.000000 0.000000 0.000000 0.349203 0.000000 0.000000 0.000000 0.000000 0.000000 0.289866 0.000000
 0.000000 0.000000 0.000061 0.381324 0.000000 0.000000 0.000193 0.000000 0.000000 0.000000 0.000000 0.000000 0.000000 0.000000 0.000000 0.000000 0.390369 0.000000 0.228053 0.000000
 0.000000 0.000000 0.000000 0.000000 0.000000 0.000000 0.404776 0.000000 0.000000 0.000000 0.000000 0.000000 0.000000 0.213794 0.000000 0.000000 0.000000 0.000000 0.381430 0.000000
 0.000000 0.004494 0.000000 0.497793 0.000000 0.000000 0.000000 0.000000 0.000000 0.000000 0.000000 0.000000 0.000000 0.000000 0.000000 0.000000 0.000000 0.497713 0.000000 0.000000
 0.000000 0.000000 0.000000 0.000000 0.000000 0.500000 0.000000 0.000000 0.000000 0.000000 0.000000 0.000000 0.000000 0.000000 0.500000 0.000000 0.000000 0.000000 0.000000 0.000000
 0.000000 0.000000 0.455343 0.000300 0.000000 0.091398 0.000000 0.000000 0.000000 0.000000 0.000000 0.000000 0.000000 0.000000 0.000000 0.452959 0.000000 0.000000 0.000000 0.000000
 0.417802 0.000000 0.000000 0.000000 0.000000 0.000000 0.404422 0.000000 0.000000 0.000000 0.000000 0.000000 0.000000 0.000000 0.000000 0.000000 0.177776 0.000000 0.000000 0.000000
 0.000000 0.000000 0.000000 0.000000 0.406339 0.000000 0.000000 0.000000 0.214618 0.000000 0.000000 0.000000 0.000000 0.000000 0.000000 0.000000 0.000000 0.000000 0.379044 0.000000
 0.000000 0.000000 0.000000 0.000000 0.000000 0.000000 0.000000 0.000000 0.000000 0.000000 0.500000 0.000000 0.000000 0.000000 0.000000 0.500000 0.000000 0.000000 0.000000 0.000000
 0.000000 0.000000 0.000000 0.094873 0.000000 0.000000 0.000000 0.000000 0.000000 0.000000 0.000000 0.451375 0.000000 0.000000 0.453752 0.000000 0.000000 0.000000 0.000000 0.000000
 0.000000 0.000000 0.411567 0.000003 0.000000 0.000000 0.000000 0.412761 0.000000 0.000000 0.000000 0.000000 0.175669 0.000000 0.000000 0.000000 0.000000 0.000000 0.000000 0.000000
 0.000000 0.499953 0.000000 0.000000 0.000000 0.000000 0.000000 0.000000 0.000000 0.499873 0.000000 0.000000 0.000000 0.000000 0.000000 0.000000 0.000000 0.000000 0.000000 0.000174
 0.000000 0.000000 0.000000 0.000000 0.000000 0.000000 0.246266 0.179015 0.288814 0.000000 0.000000 0.000000 0.000000 0.285905 0.000000 0.000000 0.000000 0.000000 0.000000 0.000000
 0.000000 0.499909 0.000000 0.000000 0.499917 0.000000 0.000000 0.000000 0.000000 0.000000 0.000000 0.000000 0.000000 0.000000 0.000000 0.000000 0.000000 0.000174 0.000000 0.000000
the mean of prob-rank is 1.4736842105263157
the number of false negetive edges is 0
the number of probability greater than 0 is 3.4/edge
