20
 0.000000 0.000000 0.000000 0.500000 0.000000 0.000000 0.000000 0.000000 0.000000 0.000000 0.000000 0.000000 0.500000 0.000000 0.000000 0.000000 0.000000 0.000000 0.000000 0.000000
 0.000000 0.000000 0.000000 0.000000 0.000000 0.000000 0.000037 0.000000 0.000000 0.000000 0.000000 0.499950 0.000000 0.000000 0.500008 0.000000 0.000005 0.000000 0.000000 0.000000
 0.000000 0.000000 0.000000 0.000000 0.000000 0.000000 0.000000 0.000000 0.000000 0.000000 0.243532 0.000000 0.000000 0.264835 0.000000 0.212542 0.000000 0.000000 0.000000 0.279091
 0.500001 0.000000 0.000000 0.000000 0.000000 0.000000 0.000000 0.499999 0.000000 0.000000 0.000000 0.000000 0.000000 0.000000 0.000000 0.000000 0.000000 0.000000 0.000000 0.000000
 0.000000 0.000000 0.000000 0.000000 0.000000 0.499521 0.000000 0.000000 0.000000 0.000000 0.000000 0.000981 0.000000 0.000000 0.000000 0.000000 0.000000 0.499497 0.000000 0.000000
 0.000000 0.000000 0.000000 0.000000 0.499997 0.000000 0.499996 0.000000 0.000000 0.000000 0.000000 0.000000 0.000000 0.000000 0.000000 0.000000 0.000000 0.000007 0.000000 0.000000
 0.000000 0.000037 0.000000 0.000000 0.000000 0.499981 0.000000 0.000000 0.000000 0.000000 0.000000 0.000000 0.000000 0.000000 0.499982 0.000000 0.000000 0.000000 0.000000 0.000000
 0.000000 0.000000 0.000000 0.499999 0.000000 0.000000 0.000000 0.000000 0.000000 0.000000 0.000000 0.000000 0.000000 0.000000 0.000000 0.000000 0.000000 0.500001 0.000000 0.000000
 0.000000 0.000000 0.000000 0.000000 0.000000 0.000000 0.000000 0.000000 0.000000 0.000000 0.264072 0.000000 0.000000 0.237378 0.000000 0.000000 0.000000 0.000000 0.297368 0.201182
 0.000000 0.000000 0.000000 0.000000 0.000000 0.000000 0.000000 0.000000 0.000000 0.000000 0.000000 0.000003 0.000000 0.000000 0.000000 0.500004 0.499993 0.000000 0.000000 0.000000
 0.000000 0.000000 0.296378 0.000000 0.000000 0.000000 0.000000 0.000000 0.309846 0.000000 0.000000 0.000000 0.000000 0.349572 0.000000 0.000000 0.000000 0.000000 0.000000 0.044204
 0.000000 0.499479 0.000000 0.000000 0.000982 0.000000 0.000000 0.000000 0.000000 0.000003 0.000000 0.000000 0.000000 0.000000 0.000000 0.000000 0.499537 0.000000 0.000000 0.000000
 0.500000 0.000000 0.000000 0.000000 0.000000 0.000000 0.000000 0.000000 0.000000 0.000000 0.000000 0.000000 0.000000 0.000000 0.000000 0.000000 0.000000 0.000000 0.500000 0.000000
 0.000000 0.000000 0.337807 0.000000 0.000000 0.000000 0.000000 0.000000 0.291922 0.000000 0.366387 0.000000 0.000000 0.000000 0.000000 0.003884 0.000000 0.000000 0.000000 0.000000
 0.000000 0.500000 0.000000 0.000000 0.000000 0.000000 0.500000 0.000000 0.000000 0.000000 0.000000 0.000000 0.000000 0.000000 0.000000 0.000000 0.000000 0.000000 0.000000 0.000000
 0.000000 0.000000 0.272811 0.000000 0.000000 0.000000 0.000000 0.000000 0.000000 0.368694 0.000000 0.000000 0.000000 0.003908 0.000000 0.000000 0.000000 0.000000 0.000000 0.354588
 0.000000 0.000005 0.000000 0.000000 0.000000 0.000000 0.000000 0.000000 0.000000 0.499992 0.000000 0.500003 0.000000 0.000000 0.000000 0.000000 0.000000 0.000000 0.000000 0.000000
 0.000000 0.000000 0.000000 0.000000 0.499984 0.000007 0.000000 0.500008 0.000000 0.000000 0.000000 0.000000 0.000000 0.000000 0.000000 0.000000 0.000000 0.000000 0.000000 0.000000
 0.000000 0.000000 0.000000 0.000000 0.000000 0.000000 0.000000 0.000000 0.395593 0.000000 0.000000 0.000000 0.396341 0.000000 0.000000 0.000000 0.000000 0.000000 0.000000 0.208067
 0.000000 0.000000 0.298039 0.000000 0.000000 0.000000 0.000000 0.000000 0.207134 0.000000 0.038788 0.000000 0.000000 0.000000 0.000000 0.295008 0.000000 0.000000 0.161031 0.000000
the mean of prob-rank is 1.5789473684210527
the number of false negetive edges is 0
the number of probability greater than 0 is 3.2/edge
