20
 0.000000 0.000000 0.000000 0.000000 0.000000 0.000000 0.000000 0.000000 0.000000 0.002014 0.000000 0.000000 0.000000 0.000000 0.000000 0.498998 0.000000 0.000000 0.000000 0.498988
 0.000000 0.000000 0.000000 0.000000 0.000000 0.172760 0.323099 0.000000 0.000000 0.195441 0.000000 0.000000 0.000000 0.000000 0.000000 0.000000 0.000000 0.308700 0.000000 0.000000
 0.000000 0.000000 0.000000 0.000000 0.000000 0.000000 0.000000 0.000000 0.498184 0.000000 0.000000 0.000000 0.000000 0.000000 0.000000 0.002877 0.498176 0.000000 0.000000 0.000763
 0.000000 0.000000 0.000000 0.000000 0.000000 0.000000 0.000000 0.000000 0.007440 0.000000 0.495973 0.000000 0.000171 0.000000 0.496392 0.000000 0.000000 0.000000 0.000000 0.000024
 0.000000 0.000000 0.000000 0.000000 0.000000 0.000000 0.000000 0.016989 0.000000 0.000000 0.000000 0.000009 0.000000 0.491400 0.000000 0.000000 0.000000 0.000000 0.491425 0.000176
 0.000000 0.211143 0.000000 0.000000 0.000000 0.000000 0.000000 0.000000 0.000000 0.394885 0.000000 0.000000 0.000000 0.000000 0.000000 0.000000 0.000000 0.393972 0.000000 0.000000
 0.000000 0.456765 0.000000 0.000000 0.000000 0.000000 0.000000 0.000000 0.000000 0.000000 0.000000 0.443616 0.000000 0.039312 0.000000 0.000000 0.000000 0.060307 0.000000 0.000000
 0.000000 0.000000 0.000000 0.000000 0.017000 0.000000 0.000000 0.000000 0.000000 0.000000 0.000000 0.491760 0.000000 0.491239 0.000000 0.000000 0.000000 0.000000 0.000000 0.000000
 0.000000 0.000000 0.476410 0.007141 0.000000 0.000000 0.000000 0.000000 0.000000 0.000000 0.000000 0.000000 0.000000 0.000000 0.000035 0.000000 0.040030 0.000000 0.000000 0.476385
 0.001282 0.192149 0.000000 0.000000 0.000000 0.317658 0.000000 0.000000 0.000000 0.000000 0.000000 0.000000 0.000000 0.000000 0.000000 0.309513 0.000000 0.179398 0.000000 0.000000
 0.000000 0.000000 0.000000 0.493677 0.000000 0.000000 0.000000 0.000000 0.000000 0.000000 0.000000 0.000000 0.012133 0.000000 0.000095 0.000000 0.000000 0.000000 0.494095 0.000000
 0.000000 0.000000 0.000000 0.000000 0.000009 0.000000 0.463296 0.477028 0.000000 0.000000 0.000000 0.000000 0.000000 0.058193 0.000000 0.000000 0.000000 0.000000 0.001475 0.000000
 0.000000 0.000000 0.000000 0.000170 0.000000 0.000000 0.000000 0.000000 0.000000 0.000000 0.012148 0.000000 0.000000 0.000000 0.494377 0.000000 0.493305 0.000000 0.000000 0.000000
 0.000000 0.000000 0.000000 0.000000 0.453079 0.000000 0.038999 0.452645 0.000000 0.000000 0.000000 0.055277 0.000000 0.000000 0.000000 0.000000 0.000000 0.000000 0.000000 0.000000
 0.000000 0.000000 0.000000 0.500111 0.000000 0.000000 0.000000 0.000000 0.000036 0.000000 0.000096 0.000000 0.499757 0.000000 0.000000 0.000000 0.000000 0.000000 0.000000 0.000000
 0.375208 0.000000 0.002167 0.000000 0.000000 0.000000 0.000000 0.000000 0.000000 0.365588 0.000000 0.000000 0.000000 0.000000 0.000000 0.000000 0.000000 0.256963 0.000000 0.000075
 0.000000 0.000000 0.480495 0.000000 0.000000 0.000000 0.000000 0.000000 0.040374 0.000000 0.000000 0.000000 0.479132 0.000000 0.000000 0.000000 0.000000 0.000000 0.000000 0.000000
 0.000000 0.286508 0.000000 0.000000 0.000000 0.299178 0.039592 0.000000 0.000000 0.169354 0.000000 0.000000 0.000000 0.000000 0.000000 0.205368 0.000000 0.000000 0.000000 0.000000
 0.000000 0.000000 0.000000 0.000000 0.499216 0.000000 0.000000 0.000000 0.000000 0.000000 0.499241 0.001543 0.000000 0.000000 0.000000 0.000000 0.000000 0.000000 0.000000 0.000000
 0.499481 0.000000 0.000765 0.000024 0.000179 0.000000 0.000000 0.000000 0.499451 0.000000 0.000000 0.000000 0.000000 0.000000 0.000000 0.000100 0.000000 0.000000 0.000000 0.000000
the mean of prob-rank is 1.4736842105263157
the number of false negetive edges is 0
the number of probability greater than 0 is 4.2/edge
