20
 0.000000 0.000000 0.500000 0.000000 0.000000 0.000000 0.000000 0.000000 0.000000 0.000000 0.000000 0.000000 0.000000 0.500000 0.000000 0.000000 0.000000 0.000000 0.000000 0.000000
 0.000000 0.000000 0.000000 0.000000 0.000000 0.000000 0.000000 0.000000 0.000000 0.000000 0.000648 0.499681 0.499671 0.000000 0.000000 0.000000 0.000000 0.000000 0.000000 0.000000
 0.500000 0.000000 0.000000 0.000000 0.000000 0.000000 0.000000 0.000000 0.000000 0.000000 0.000000 0.500000 0.000000 0.000000 0.000000 0.000000 0.000000 0.000000 0.000000 0.000000
 0.000000 0.000000 0.000000 0.000000 0.000000 0.000000 0.491075 0.000000 0.000000 0.000000 0.000000 0.000000 0.000000 0.000000 0.000000 0.000000 0.491519 0.000000 0.000000 0.017406
 0.000000 0.000000 0.000000 0.000000 0.000000 0.000000 0.000000 0.468428 0.000826 0.000000 0.025139 0.000000 0.036179 0.000000 0.000000 0.000058 0.000000 0.000000 0.469369 0.000000
 0.000000 0.000000 0.000000 0.000000 0.000000 0.000000 0.000000 0.000000 0.000000 0.000000 0.000000 0.000000 0.000000 0.000000 0.500168 0.000000 0.000000 0.499832 0.000000 0.000000
 0.000000 0.000000 0.000000 0.482461 0.000000 0.000000 0.000000 0.000000 0.000000 0.000000 0.000000 0.000000 0.000000 0.482897 0.000000 0.000000 0.034643 0.000000 0.000000 0.000000
 0.000000 0.000000 0.000000 0.000000 0.450265 0.000000 0.000000 0.000000 0.030664 0.000000 0.000000 0.000000 0.026060 0.000000 0.000000 0.000000 0.450971 0.000000 0.042040 0.000000
 0.000000 0.000000 0.000000 0.000000 0.000848 0.000000 0.000000 0.032738 0.000000 0.000000 0.000000 0.000000 0.000000 0.000000 0.000000 0.000000 0.001630 0.000000 0.482429 0.482355
 0.000000 0.000000 0.000000 0.000000 0.000000 0.000000 0.000000 0.000000 0.000000 0.000000 0.499992 0.000000 0.000000 0.000000 0.000000 0.000000 0.000000 0.500008 0.000000 0.000000
 0.000000 0.000631 0.000000 0.000000 0.026033 0.000000 0.000000 0.000000 0.000000 0.486780 0.000000 0.000000 0.486557 0.000000 0.000000 0.000000 0.000000 0.000000 0.000000 0.000000
 0.000000 0.500000 0.500000 0.000000 0.000000 0.000000 0.000000 0.000000 0.000000 0.000000 0.000000 0.000000 0.000000 0.000000 0.000000 0.000000 0.000000 0.000000 0.000000 0.000000
 0.000000 0.468567 0.000000 0.000000 0.036062 0.000000 0.000000 0.027024 0.000000 0.000000 0.468347 0.000000 0.000000 0.000000 0.000000 0.000000 0.000000 0.000000 0.000000 0.000000
 0.499999 0.000000 0.000000 0.000000 0.000000 0.000000 0.499999 0.000000 0.000000 0.000000 0.000000 0.000000 0.000000 0.000000 0.000000 0.000000 0.000001 0.000000 0.000000 0.000000
 0.000000 0.000000 0.000000 0.000000 0.000000 0.500000 0.000000 0.000000 0.000000 0.000000 0.000000 0.000000 0.000000 0.000000 0.000000 0.500000 0.000000 0.000000 0.000000 0.000000
 0.000000 0.000000 0.000000 0.000000 0.000062 0.000000 0.000000 0.000000 0.000000 0.000000 0.000000 0.000000 0.000000 0.000000 0.499970 0.000000 0.000000 0.000000 0.000000 0.499968
 0.000000 0.000000 0.000000 0.481149 0.000000 0.000000 0.034517 0.480204 0.001626 0.000000 0.000000 0.000000 0.000000 0.000001 0.000000 0.000000 0.000000 0.000000 0.000000 0.002503
 0.000000 0.000000 0.000000 0.000000 0.000000 0.499832 0.000000 0.000000 0.000000 0.500168 0.000000 0.000000 0.000000 0.000000 0.000000 0.000000 0.000000 0.000000 0.000000 0.000000
 0.000000 0.000000 0.000000 0.000000 0.476990 0.000000 0.000000 0.044446 0.477718 0.000000 0.000000 0.000000 0.000000 0.000000 0.000000 0.000000 0.000000 0.000000 0.000000 0.000845
 0.000000 0.000000 0.000000 0.017341 0.000000 0.000000 0.000000 0.000000 0.489586 0.000000 0.000000 0.000000 0.000000 0.000000 0.000000 0.489659 0.002548 0.000000 0.000867 0.000000
the mean of prob-rank is 1.5789473684210527
the number of false negetive edges is 0
the number of probability greater than 0 is 3.4/edge
