20
 0.000000 0.000000 0.000000 0.490185 0.491466 0.000000 0.000000 0.000000 0.000000 0.000000 0.018349 0.000000 0.000000 0.000000 0.000000 0.000000 0.000000 0.000000 0.000000 0.000000
 0.000000 0.000000 0.000000 0.003428 0.000000 0.000000 0.000000 0.000000 0.000002 0.484394 0.484572 0.000000 0.000000 0.000000 0.027604 0.000000 0.000000 0.000000 0.000000 0.000000
 0.000000 0.000000 0.000000 0.000000 0.000000 0.499999 0.000000 0.000000 0.000000 0.000000 0.000000 0.000000 0.000000 0.000000 0.000000 0.000000 0.000000 0.000000 0.500001 0.000000
 0.416383 0.002953 0.000000 0.000000 0.000000 0.000000 0.000000 0.410409 0.000000 0.000000 0.000342 0.000000 0.000000 0.000000 0.169913 0.000000 0.000000 0.000000 0.000000 0.000000
 0.470107 0.000000 0.000000 0.000000 0.000000 0.000000 0.000000 0.000000 0.059816 0.000000 0.470077 0.000000 0.000000 0.000000 0.000000 0.000000 0.000000 0.000000 0.000000 0.000000
 0.000000 0.000000 0.473566 0.000000 0.000000 0.000000 0.000000 0.000000 0.053940 0.000000 0.000000 0.000000 0.000000 0.472493 0.000000 0.000000 0.000000 0.000000 0.000000 0.000000
 0.000000 0.000000 0.000000 0.000000 0.000000 0.000000 0.000000 0.000000 0.000000 0.000000 0.000000 0.000000 0.000000 0.000000 0.000000 0.500000 0.000000 0.500000 0.000000 0.000000
 0.000000 0.000000 0.000000 0.405623 0.000000 0.000000 0.000000 0.000000 0.000000 0.000000 0.000000 0.000000 0.000000 0.000000 0.412246 0.000000 0.000000 0.000000 0.000000 0.182131
 0.000000 0.000002 0.000000 0.000000 0.056809 0.050855 0.000000 0.000000 0.000000 0.000000 0.000000 0.000000 0.000000 0.445854 0.000000 0.000000 0.446479 0.000000 0.000000 0.000000
 0.000000 0.488286 0.000000 0.000000 0.000000 0.000000 0.000000 0.000000 0.000000 0.000000 0.000000 0.000000 0.000000 0.023227 0.000000 0.000000 0.488487 0.000000 0.000000 0.000000
 0.018319 0.490644 0.000000 0.000402 0.490634 0.000000 0.000000 0.000000 0.000000 0.000000 0.000000 0.000000 0.000000 0.000000 0.000000 0.000000 0.000000 0.000000 0.000000 0.000000
 0.000000 0.000000 0.000000 0.000000 0.000000 0.000000 0.000000 0.000000 0.000000 0.000000 0.000000 0.000000 0.500000 0.000000 0.000000 0.500000 0.000000 0.000000 0.000000 0.000000
 0.000000 0.000000 0.000000 0.000000 0.000000 0.000000 0.000000 0.000000 0.000000 0.000000 0.000000 0.500000 0.000000 0.000000 0.000000 0.000000 0.000000 0.000000 0.000000 0.500000
 0.000000 0.000000 0.000000 0.000000 0.000000 0.488126 0.000000 0.000000 0.488551 0.023262 0.000000 0.000000 0.000000 0.000000 0.000000 0.000000 0.000022 0.000039 0.000000 0.000000
 0.000000 0.023239 0.000000 0.166044 0.000000 0.000000 0.000000 0.407613 0.000000 0.000000 0.000000 0.000000 0.000000 0.000000 0.000000 0.000000 0.000000 0.000000 0.000000 0.403104
 0.000000 0.000000 0.000000 0.000000 0.000000 0.000000 0.500000 0.000000 0.000000 0.000000 0.000000 0.500000 0.000000 0.000000 0.000000 0.000000 0.000000 0.000000 0.000000 0.000000
 0.000000 0.000000 0.000000 0.000000 0.000000 0.000000 0.000000 0.000000 0.499989 0.499989 0.000000 0.000000 0.000000 0.000022 0.000000 0.000000 0.000000 0.000000 0.000000 0.000000
 0.000000 0.000000 0.000000 0.000000 0.000000 0.000000 0.499980 0.000000 0.000000 0.000000 0.000000 0.000000 0.000000 0.000040 0.000000 0.000000 0.000000 0.000000 0.499980 0.000000
 0.000000 0.000000 0.500000 0.000000 0.000000 0.000000 0.000000 0.000000 0.000000 0.000000 0.000000 0.000000 0.000000 0.000000 0.000000 0.000000 0.000000 0.500000 0.000000 0.000000
 0.000000 0.000000 0.000000 0.000000 0.000000 0.000000 0.000000 0.181692 0.000000 0.000000 0.000000 0.000000 0.411606 0.000000 0.406702 0.000000 0.000000 0.000000 0.000000 0.000000
the mean of prob-rank is 1.631578947368421
the number of false negetive edges is 0
the number of probability greater than 0 is 3.2/edge
