20
 0.000000 0.005594 0.000000 0.000000 0.000000 0.001067 0.000000 0.303255 0.204056 0.000000 0.000000 0.000000 0.000000 0.000000 0.000000 0.000000 0.141433 0.000000 0.000000 0.344595
 0.007028 0.000000 0.001866 0.000000 0.000000 0.000000 0.000000 0.432969 0.000000 0.000000 0.000000 0.000000 0.000000 0.000000 0.000000 0.125044 0.432274 0.000000 0.000000 0.000819
 0.000000 0.002152 0.000000 0.000000 0.000000 0.000000 0.000014 0.000565 0.000000 0.000000 0.000000 0.000000 0.000000 0.000000 0.498031 0.499239 0.000000 0.000000 0.000000 0.000000
 0.000000 0.000000 0.000000 0.000000 0.415334 0.000000 0.000000 0.000000 0.001326 0.000000 0.000000 0.000000 0.000000 0.000000 0.000000 0.129440 0.038832 0.000000 0.415067 0.000000
 0.000000 0.000000 0.000000 0.437449 0.000000 0.000000 0.000005 0.000000 0.000000 0.000000 0.000000 0.000000 0.437142 0.000000 0.002382 0.000031 0.000000 0.000000 0.122992 0.000000
 0.001546 0.000000 0.000000 0.000000 0.000000 0.000000 0.000000 0.000000 0.499221 0.000000 0.000000 0.499233 0.000000 0.000000 0.000000 0.000000 0.000000 0.000000 0.000000 0.000000
 0.000000 0.000000 0.000014 0.000000 0.000005 0.000000 0.000000 0.000000 0.000000 0.000000 0.000000 0.000000 0.499879 0.000000 0.499895 0.000206 0.000000 0.000000 0.000000 0.000000
 0.311622 0.354102 0.000401 0.000000 0.000000 0.000000 0.000000 0.000000 0.000000 0.000000 0.000000 0.000000 0.000000 0.000000 0.000000 0.000637 0.000000 0.000000 0.000000 0.333238
 0.229866 0.000000 0.000000 0.001239 0.000000 0.388170 0.000000 0.000000 0.000000 0.000000 0.001963 0.000000 0.000000 0.000009 0.000000 0.000000 0.378734 0.000004 0.000000 0.000014
 0.000000 0.000000 0.000000 0.000000 0.000000 0.000000 0.000000 0.000000 0.000000 0.000000 0.000000 0.500000 0.000000 0.500000 0.000000 0.000000 0.000000 0.000000 0.000000 0.000000
 0.000000 0.000000 0.000000 0.000000 0.000000 0.000000 0.000000 0.000000 0.002522 0.000000 0.000000 0.000000 0.000000 0.498741 0.000000 0.000000 0.000000 0.498737 0.000000 0.000000
 0.000000 0.000000 0.000000 0.000000 0.000000 0.500000 0.000000 0.000000 0.000000 0.500000 0.000000 0.000000 0.000000 0.000000 0.000000 0.000000 0.000000 0.000000 0.000000 0.000000
 0.000000 0.000000 0.000000 0.000000 0.463368 0.000000 0.463829 0.000000 0.000000 0.000000 0.000000 0.000000 0.000000 0.000000 0.000479 0.072324 0.000000 0.000000 0.000000 0.000000
 0.000000 0.000000 0.000000 0.000000 0.000000 0.000000 0.000000 0.000000 0.000011 0.499994 0.499994 0.000000 0.000000 0.000000 0.000000 0.000000 0.000000 0.000000 0.000000 0.000000
 0.000000 0.000000 0.496513 0.000000 0.002710 0.000000 0.497718 0.000000 0.000000 0.000000 0.000000 0.000000 0.000513 0.000000 0.000000 0.002546 0.000000 0.000000 0.000000 0.000000
 0.000000 0.107254 0.371370 0.115701 0.000026 0.000000 0.000153 0.000668 0.000000 0.000000 0.000000 0.000000 0.057905 0.000000 0.001899 0.000000 0.345024 0.000000 0.000000 0.000000
 0.105792 0.257343 0.000000 0.024092 0.000000 0.000000 0.000000 0.000000 0.251485 0.000000 0.000000 0.000000 0.000000 0.000000 0.000000 0.239471 0.000000 0.000000 0.000000 0.121816
 0.000000 0.000000 0.000000 0.000000 0.000000 0.000000 0.000000 0.000000 0.000006 0.000000 0.499995 0.000000 0.000000 0.000000 0.000000 0.000000 0.000000 0.000000 0.499999 0.000000
 0.000000 0.000000 0.000000 0.438153 0.123269 0.000000 0.000000 0.000000 0.000000 0.000000 0.000000 0.000000 0.000000 0.000000 0.000000 0.000000 0.000000 0.438577 0.000000 0.000000
 0.413975 0.000783 0.000000 0.000000 0.000000 0.000000 0.000000 0.389584 0.000015 0.000000 0.000000 0.000000 0.000000 0.000000 0.000000 0.000000 0.195644 0.000000 0.000000 0.000000
the mean of prob-rank is 1.631578947368421
the number of false negetive edges is 0
the number of probability greater than 0 is 4.7/edge
