20
 0.000000 0.500000 0.000000 0.000000 0.000000 0.500000 0.000000 0.000000 0.000000 0.000000 0.000000 0.000000 0.000000 0.000000 0.000000 0.000000 0.000000 0.000000 0.000000 0.000000
 0.500000 0.000000 0.000000 0.000000 0.000000 0.000000 0.000000 0.000000 0.000000 0.000000 0.000000 0.000000 0.000000 0.500000 0.000000 0.000000 0.000000 0.000000 0.000000 0.000000
 0.000000 0.000000 0.000000 0.145229 0.000000 0.000000 0.000000 0.000000 0.000000 0.427941 0.000000 0.000000 0.000986 0.000000 0.000000 0.000000 0.000000 0.001329 0.424515 0.000000
 0.000000 0.000000 0.120226 0.000000 0.000000 0.006748 0.000000 0.000000 0.352562 0.000000 0.000000 0.000000 0.000000 0.000000 0.000000 0.000000 0.000000 0.354436 0.166027 0.000000
 0.000000 0.000000 0.000000 0.000000 0.000000 0.000000 0.000000 0.000000 0.000000 0.000000 0.000000 0.000000 0.000034 0.000000 0.499984 0.499980 0.000002 0.000000 0.000000 0.000000
 0.495803 0.000000 0.000000 0.009439 0.000000 0.000000 0.000000 0.000000 0.494758 0.000000 0.000000 0.000000 0.000000 0.000000 0.000000 0.000000 0.000000 0.000000 0.000000 0.000000
 0.000000 0.000000 0.000000 0.000000 0.000000 0.000000 0.000000 0.000075 0.000000 0.000000 0.499899 0.000103 0.000000 0.499912 0.000000 0.000000 0.000010 0.000000 0.000000 0.000000
 0.000000 0.000000 0.000000 0.000000 0.000000 0.000000 0.000075 0.000000 0.000000 0.000000 0.499768 0.000532 0.000000 0.000000 0.000000 0.000000 0.000000 0.000000 0.000000 0.499625
 0.000000 0.000000 0.000000 0.351701 0.000000 0.352825 0.000000 0.000000 0.000000 0.035237 0.000000 0.000000 0.000000 0.000000 0.000000 0.000000 0.000000 0.135555 0.124682 0.000000
 0.000000 0.000000 0.464785 0.000001 0.000000 0.000000 0.000000 0.000000 0.046343 0.000000 0.000000 0.000000 0.464978 0.000000 0.000000 0.000000 0.000000 0.000000 0.023893 0.000000
 0.000000 0.000000 0.000000 0.000000 0.000000 0.000000 0.499073 0.499088 0.000000 0.000000 0.000000 0.001074 0.000000 0.000000 0.000000 0.000000 0.000000 0.000000 0.000000 0.000765
 0.000000 0.000000 0.000000 0.000000 0.000000 0.000000 0.000103 0.000532 0.000000 0.000000 0.001074 0.000000 0.000000 0.000000 0.000000 0.000000 0.499154 0.000000 0.000000 0.499138
 0.000000 0.000000 0.001151 0.000000 0.000034 0.000000 0.000000 0.000000 0.000000 0.499391 0.000000 0.000000 0.000000 0.000000 0.499423 0.000001 0.000000 0.000000 0.000000 0.000000
 0.000000 0.500002 0.000000 0.000000 0.000000 0.000000 0.499998 0.000000 0.000000 0.000000 0.000000 0.000000 0.000000 0.000000 0.000000 0.000000 0.000000 0.000000 0.000000 0.000000
 0.000000 0.000000 0.000000 0.000000 0.499999 0.000000 0.000000 0.000000 0.000000 0.000000 0.000000 0.000000 0.500000 0.000000 0.000000 0.000001 0.000000 0.000000 0.000000 0.000000
 0.000000 0.000000 0.000000 0.000000 0.499997 0.000000 0.000000 0.000000 0.000000 0.000000 0.000000 0.000000 0.000001 0.000000 0.000001 0.000000 0.500001 0.000000 0.000000 0.000000
 0.000000 0.000000 0.000000 0.000000 0.000002 0.000000 0.000010 0.000000 0.000000 0.000000 0.000000 0.499990 0.000000 0.000000 0.000000 0.499998 0.000000 0.000000 0.000000 0.000000
 0.000000 0.000000 0.001305 0.420301 0.000000 0.000000 0.000000 0.000000 0.161138 0.000000 0.000000 0.000000 0.000000 0.000000 0.000000 0.000000 0.000000 0.000000 0.417256 0.000000
 0.000000 0.000000 0.347083 0.163973 0.000000 0.000000 0.000000 0.000000 0.123442 0.017986 0.000000 0.000000 0.000000 0.000000 0.000000 0.000000 0.000000 0.347516 0.000000 0.000000
 0.000000 0.000000 0.000000 0.000000 0.000000 0.000000 0.000000 0.499557 0.000000 0.000000 0.000766 0.499677 0.000000 0.000000 0.000000 0.000000 0.000000 0.000000 0.000000 0.000000
the mean of prob-rank is 1.5263157894736843
the number of false negetive edges is 0
the number of probability greater than 0 is 3.8/edge
