20
 0.000000 0.000000 0.001971 0.000000 0.430915 0.000000 0.113999 0.000000 0.433628 0.000000 0.000000 0.018602 0.000000 0.000000 0.000000 0.000000 0.000000 0.000885 0.000000 0.000000
 0.000000 0.000000 0.000000 0.405172 0.000000 0.000000 0.188354 0.000000 0.000000 0.000000 0.000000 0.000015 0.000000 0.406458 0.000000 0.000000 0.000000 0.000000 0.000000 0.000000
 0.001884 0.000000 0.000000 0.000000 0.162200 0.000000 0.000000 0.000000 0.409460 0.040775 0.385442 0.000000 0.000000 0.000000 0.000000 0.000239 0.000000 0.000000 0.000000 0.000000
 0.000000 0.468930 0.000000 0.000000 0.000000 0.000000 0.000000 0.000000 0.000000 0.000000 0.000000 0.470418 0.000000 0.000000 0.060651 0.000000 0.000000 0.000000 0.000000 0.000000
 0.399194 0.000000 0.157182 0.000000 0.000000 0.000000 0.000000 0.000000 0.041921 0.401703 0.000000 0.000000 0.000000 0.000000 0.000000 0.000000 0.000000 0.000000 0.000000 0.000000
 0.000000 0.000000 0.000000 0.000000 0.000000 0.000000 0.000000 0.499981 0.000000 0.000000 0.000000 0.000000 0.500015 0.000000 0.000000 0.000000 0.000003 0.000000 0.000000 0.000000
 0.096481 0.170065 0.000000 0.000000 0.000000 0.000000 0.000000 0.000000 0.000714 0.000000 0.000000 0.000000 0.000000 0.365964 0.000000 0.000000 0.000000 0.366776 0.000000 0.000000
 0.000000 0.000000 0.000000 0.000000 0.000000 0.499521 0.000000 0.000000 0.000000 0.000924 0.000000 0.000000 0.000000 0.000000 0.000000 0.000000 0.499555 0.000000 0.000000 0.000000
 0.310972 0.000000 0.307168 0.000000 0.032452 0.000000 0.000605 0.000000 0.000000 0.000000 0.214293 0.134304 0.000000 0.000000 0.000206 0.000000 0.000000 0.000000 0.000000 0.000000
 0.000000 0.000000 0.046836 0.000000 0.476139 0.000000 0.000000 0.000881 0.000000 0.000000 0.000000 0.000000 0.000000 0.000000 0.000000 0.000000 0.476144 0.000000 0.000000 0.000000
 0.000000 0.000000 0.355043 0.000000 0.000000 0.000000 0.000000 0.000000 0.263128 0.000000 0.000000 0.000000 0.000000 0.000000 0.000000 0.381829 0.000000 0.000000 0.000000 0.000000
 0.017358 0.000015 0.000000 0.404641 0.000000 0.000000 0.000000 0.000000 0.174758 0.000000 0.000000 0.000000 0.000000 0.000000 0.403227 0.000000 0.000000 0.000000 0.000000 0.000000
 0.000000 0.000000 0.000000 0.000000 0.000000 0.500000 0.000000 0.000000 0.000000 0.000000 0.000000 0.000000 0.000000 0.000000 0.000000 0.000000 0.000000 0.000000 0.000000 0.500000
 0.000000 0.500603 0.000000 0.000000 0.000000 0.000000 0.499202 0.000000 0.000000 0.000000 0.000000 0.000000 0.000000 0.000000 0.000000 0.000000 0.000000 0.000195 0.000000 0.000000
 0.000000 0.000000 0.000000 0.060642 0.000000 0.000000 0.000000 0.000000 0.000312 0.000000 0.000000 0.468703 0.000000 0.000000 0.000000 0.000000 0.000000 0.000000 0.470343 0.000000
 0.000000 0.000000 0.000288 0.000000 0.000000 0.000000 0.000000 0.000000 0.000000 0.000000 0.499851 0.000000 0.000000 0.000000 0.000000 0.000000 0.000000 0.000000 0.499861 0.000000
 0.000000 0.000000 0.000000 0.000000 0.000000 0.000003 0.000000 0.499999 0.000000 0.499998 0.000000 0.000000 0.000000 0.000000 0.000000 0.000000 0.000000 0.000000 0.000000 0.000000
 0.001020 0.000000 0.000000 0.000000 0.000000 0.000000 0.499247 0.000000 0.000000 0.000000 0.000000 0.000000 0.000000 0.000195 0.000000 0.000000 0.000000 0.000000 0.000000 0.499539
 0.000000 0.000000 0.000000 0.000000 0.000000 0.000000 0.000000 0.000000 0.000000 0.000000 0.000000 0.000000 0.000000 0.000000 0.499999 0.500001 0.000000 0.000000 0.000000 0.000000
 0.000000 0.000000 0.000000 0.000000 0.000000 0.000000 0.000000 0.000000 0.000000 0.000000 0.000000 0.000000 0.500000 0.000000 0.000000 0.000000 0.000000 0.500000 0.000000 0.000000
the mean of prob-rank is 1.5263157894736843
the number of false negetive edges is 0
the number of probability greater than 0 is 3.8/edge
