20
 0.000000 0.000000 0.000000 0.000019 0.038002 0.000000 0.000000 0.156830 0.215594 0.000000 0.000015 0.000000 0.000000 0.000000 0.000000 0.205817 0.000000 0.000000 0.224310 0.159413
 0.000000 0.000000 0.000000 0.000000 0.228669 0.000000 0.000000 0.000000 0.000001 0.000000 0.149101 0.307317 0.000063 0.000000 0.000000 0.000000 0.314849 0.000000 0.000000 0.000000
 0.000000 0.000000 0.000000 0.354781 0.000000 0.000000 0.012212 0.000000 0.000000 0.000000 0.000000 0.000000 0.000000 0.000000 0.000000 0.000000 0.000000 0.000000 0.265348 0.367659
 0.000028 0.000000 0.318115 0.000000 0.000000 0.000000 0.329017 0.103650 0.000000 0.000000 0.000000 0.000000 0.000000 0.000000 0.052330 0.000000 0.000000 0.000000 0.000000 0.196861
 0.054803 0.239152 0.000000 0.000000 0.000000 0.000000 0.000000 0.000000 0.329283 0.000000 0.049393 0.000000 0.326879 0.000000 0.000000 0.000000 0.000482 0.000000 0.000008 0.000000
 0.000000 0.000000 0.000000 0.000000 0.000000 0.000000 0.000000 0.000000 0.000000 0.004017 0.000003 0.323374 0.000000 0.360166 0.000000 0.000000 0.000000 0.312441 0.000000 0.000000
 0.000000 0.000000 0.016352 0.491335 0.000000 0.000000 0.000000 0.000006 0.000000 0.000000 0.000000 0.000000 0.000000 0.000000 0.492307 0.000000 0.000000 0.000000 0.000000 0.000000
 0.198126 0.000000 0.000000 0.090694 0.000000 0.000000 0.000003 0.000000 0.000001 0.000000 0.000000 0.000000 0.000000 0.000000 0.285654 0.285578 0.000000 0.000000 0.000000 0.139945
 0.297217 0.000001 0.000000 0.000000 0.314783 0.000000 0.000000 0.000001 0.000000 0.000000 0.031296 0.000000 0.058798 0.000000 0.000000 0.000000 0.000000 0.000000 0.297904 0.000000
 0.000000 0.000000 0.000000 0.000000 0.000000 0.003865 0.000000 0.000000 0.000000 0.000000 0.000000 0.000000 0.000000 0.346536 0.001296 0.338740 0.000000 0.309563 0.000000 0.000000
 0.000022 0.160898 0.000000 0.000000 0.050965 0.000003 0.000000 0.000000 0.033779 0.000000 0.000000 0.339759 0.000000 0.000000 0.000000 0.075507 0.000000 0.339067 0.000000 0.000000
 0.000000 0.339620 0.000000 0.000000 0.000000 0.312401 0.000000 0.000000 0.000000 0.000000 0.347943 0.000000 0.000000 0.000000 0.000000 0.000000 0.000000 0.000036 0.000000 0.000000
 0.000000 0.000090 0.000000 0.000000 0.444204 0.000000 0.000000 0.000000 0.083583 0.000000 0.000000 0.000000 0.000000 0.000000 0.000000 0.000000 0.447040 0.000000 0.025083 0.000000
 0.000000 0.000000 0.000000 0.000000 0.000000 0.494993 0.000000 0.000000 0.000000 0.494985 0.000000 0.000000 0.000000 0.000000 0.010022 0.000000 0.000000 0.000000 0.000000 0.000000
 0.000000 0.000000 0.000000 0.064185 0.000000 0.000000 0.404350 0.400414 0.000000 0.001512 0.000000 0.000000 0.000000 0.008187 0.000000 0.121351 0.000000 0.000000 0.000000 0.000000
 0.253203 0.000000 0.000000 0.000000 0.000000 0.000000 0.000000 0.278100 0.000000 0.274584 0.062428 0.000000 0.000000 0.000000 0.084305 0.000000 0.000000 0.047380 0.000000 0.000000
 0.000000 0.499875 0.000000 0.000000 0.000732 0.000000 0.000000 0.000000 0.000000 0.000000 0.000000 0.000000 0.499393 0.000000 0.000000 0.000000 0.000000 0.000000 0.000000 0.000000
 0.000000 0.000000 0.000000 0.000000 0.000000 0.296324 0.000000 0.000000 0.000000 0.305137 0.340889 0.000035 0.000000 0.000000 0.000000 0.057615 0.000000 0.000000 0.000000 0.000000
 0.276571 0.000000 0.203188 0.000000 0.000007 0.000000 0.000000 0.000000 0.266440 0.000000 0.000000 0.000000 0.015781 0.000000 0.000000 0.000000 0.000000 0.000000 0.000000 0.238014
 0.192548 0.000000 0.275794 0.164693 0.000000 0.000000 0.000000 0.133801 0.000000 0.000000 0.000000 0.000000 0.000000 0.000000 0.000000 0.000000 0.000000 0.000000 0.233163 0.000000
the mean of prob-rank is 1.5789473684210527
the number of false negetive edges is 0
the number of probability greater than 0 is 5.4/edge
