20
 0.000000 0.000000 0.000000 0.000000 0.000000 0.000000 0.355141 0.000000 0.015455 0.000000 0.000000 0.000000 0.361986 0.000000 0.000000 0.000000 0.000000 0.000001 0.267417 0.000000
 0.000000 0.000000 0.000000 0.000000 0.000000 0.000000 0.000000 0.000000 0.000000 0.500000 0.000000 0.000000 0.000000 0.500000 0.000000 0.000000 0.000000 0.000000 0.000000 0.000000
 0.000000 0.000000 0.000000 0.000000 0.000000 0.000000 0.001177 0.000000 0.000000 0.000000 0.000000 0.438458 0.008202 0.000000 0.000000 0.000000 0.000000 0.439187 0.112168 0.000808
 0.000000 0.000000 0.000000 0.000000 0.000000 0.000000 0.000000 0.000000 0.033376 0.000000 0.254960 0.000000 0.328267 0.000000 0.000000 0.343487 0.009319 0.030591 0.000000 0.000000
 0.000000 0.000000 0.000000 0.000000 0.000000 0.000000 0.000000 0.000000 0.435190 0.000000 0.053028 0.000000 0.000000 0.000000 0.442359 0.000576 0.068846 0.000000 0.000000 0.000000
 0.000000 0.000000 0.000000 0.000000 0.000000 0.000000 0.000000 0.491653 0.000000 0.000000 0.000000 0.016229 0.000000 0.000000 0.000000 0.000000 0.000000 0.000000 0.000727 0.491391
 0.379600 0.000000 0.001037 0.000000 0.000000 0.000000 0.000000 0.000000 0.000000 0.000000 0.000000 0.000000 0.001013 0.000000 0.000000 0.000000 0.000000 0.231468 0.386882 0.000000
 0.000000 0.000000 0.000000 0.000000 0.000000 0.499961 0.000000 0.000000 0.000000 0.499958 0.000000 0.000000 0.000000 0.000000 0.000000 0.000000 0.000000 0.000000 0.000000 0.000081
 0.014345 0.000000 0.000000 0.032651 0.330582 0.000000 0.000000 0.000000 0.000000 0.000000 0.335919 0.000000 0.275421 0.000000 0.000000 0.000037 0.003339 0.000000 0.007705 0.000000
 0.000000 0.500001 0.000000 0.000000 0.000000 0.000000 0.000000 0.499999 0.000000 0.000000 0.000000 0.000000 0.000000 0.000000 0.000000 0.000000 0.000000 0.000000 0.000000 0.000000
 0.000000 0.000000 0.000000 0.247106 0.039907 0.000000 0.000000 0.000000 0.332799 0.000000 0.000000 0.000000 0.000000 0.000000 0.000000 0.047449 0.332739 0.000000 0.000000 0.000000
 0.000000 0.000000 0.484917 0.000000 0.000000 0.016033 0.000000 0.000000 0.000000 0.000000 0.000000 0.000000 0.000000 0.000000 0.000000 0.000000 0.000000 0.013325 0.000001 0.485724
 0.276496 0.000000 0.005164 0.264268 0.000000 0.000000 0.000724 0.000000 0.226646 0.000000 0.000000 0.000000 0.000000 0.000000 0.000000 0.000000 0.000000 0.226318 0.000384 0.000000
 0.000000 0.500000 0.000000 0.000000 0.000000 0.000000 0.000000 0.000000 0.000000 0.000000 0.000000 0.000000 0.000000 0.000000 0.500000 0.000000 0.000000 0.000000 0.000000 0.000000
 0.000000 0.000000 0.000000 0.000000 0.500000 0.000000 0.000000 0.000000 0.000000 0.000000 0.000000 0.000000 0.000000 0.500000 0.000000 0.000000 0.000000 0.000000 0.000000 0.000000
 0.000000 0.000000 0.000000 0.466599 0.000608 0.000000 0.000000 0.000000 0.000052 0.000000 0.066504 0.000000 0.000000 0.000000 0.000000 0.000000 0.466238 0.000000 0.000000 0.000000
 0.000000 0.000000 0.000000 0.012381 0.071020 0.000000 0.000000 0.000000 0.004534 0.000000 0.456095 0.000000 0.000000 0.000000 0.000000 0.455970 0.000000 0.000000 0.000000 0.000000
 0.000001 0.000000 0.283086 0.025212 0.000000 0.000000 0.169338 0.000000 0.000000 0.000000 0.000000 0.007766 0.231692 0.000000 0.000000 0.000000 0.000000 0.000000 0.273646 0.009258
 0.247353 0.000000 0.085522 0.000000 0.000000 0.000495 0.334797 0.000000 0.007678 0.000000 0.000000 0.000001 0.000465 0.000000 0.000000 0.000000 0.000000 0.323689 0.000000 0.000000
 0.000000 0.000000 0.000904 0.000000 0.000000 0.491338 0.000000 0.000079 0.000000 0.000000 0.000000 0.491601 0.000000 0.000000 0.000000 0.000000 0.000000 0.016078 0.000000 0.000000
the mean of prob-rank is 1.5789473684210527
the number of false negetive edges is 0
the number of probability greater than 0 is 4.75/edge
