20
 0.000000 0.000000 0.000000 0.500000 0.000000 0.000000 0.000000 0.000000 0.000000 0.500000 0.000000 0.000000 0.000000 0.000000 0.000000 0.000000 0.000000 0.000000 0.000000 0.000000
 0.000000 0.000000 0.000000 0.000000 0.000000 0.000000 0.001077 0.005637 0.495420 0.000000 0.000000 0.000000 0.495547 0.000000 0.000000 0.000550 0.000000 0.001769 0.000000 0.000000
 0.000000 0.000000 0.000000 0.000000 0.000000 0.000000 0.000000 0.000000 0.000000 0.000000 0.004418 0.497791 0.000000 0.000000 0.000000 0.000000 0.497790 0.000000 0.000000 0.000000
 0.481971 0.000000 0.000000 0.000000 0.000000 0.000000 0.000002 0.000000 0.000000 0.000002 0.000000 0.000000 0.000000 0.000000 0.000000 0.000000 0.000000 0.000000 0.481939 0.036086
 0.000000 0.000000 0.000000 0.000000 0.000000 0.000000 0.000000 0.000000 0.000000 0.000001 0.000000 0.000000 0.000000 0.000000 0.000000 0.000000 0.499998 0.000000 0.500001 0.000000
 0.000000 0.000000 0.000000 0.000000 0.000000 0.000000 0.000223 0.000000 0.000000 0.498322 0.000000 0.000000 0.000000 0.498404 0.000030 0.002941 0.000000 0.000000 0.000000 0.000080
 0.000000 0.001029 0.000000 0.000002 0.000000 0.000212 0.000000 0.000000 0.048303 0.000000 0.000000 0.000000 0.000000 0.000001 0.000000 0.471968 0.000000 0.005093 0.000000 0.473393
 0.000000 0.005310 0.000000 0.000000 0.000000 0.000000 0.000000 0.000000 0.054933 0.000000 0.000000 0.000000 0.466178 0.000000 0.463278 0.010300 0.000000 0.000000 0.000000 0.000000
 0.000000 0.447250 0.000000 0.000000 0.000000 0.000000 0.045659 0.052650 0.000000 0.000000 0.000000 0.000000 0.000000 0.000000 0.000000 0.447466 0.000000 0.000000 0.000000 0.006975
 0.492903 0.000000 0.000000 0.000002 0.000001 0.492822 0.000000 0.000000 0.000000 0.000000 0.000000 0.000000 0.000000 0.000000 0.000000 0.000000 0.000000 0.000000 0.014273 0.000000
 0.000000 0.000000 0.004418 0.000000 0.000000 0.000000 0.000000 0.000000 0.000000 0.000000 0.000000 0.497783 0.000000 0.000000 0.000000 0.000000 0.000000 0.497798 0.000000 0.000000
 0.000000 0.000000 0.500008 0.000000 0.000000 0.000000 0.000000 0.000000 0.000000 0.000000 0.499992 0.000000 0.000000 0.000000 0.000000 0.000000 0.000000 0.000000 0.000000 0.000000
 0.000000 0.490119 0.000000 0.000000 0.000000 0.000000 0.000000 0.489499 0.000000 0.000000 0.000000 0.000000 0.000000 0.000000 0.000000 0.000000 0.000000 0.020382 0.000000 0.000000
 0.000000 0.000000 0.000000 0.000000 0.000000 0.494451 0.000001 0.000000 0.000000 0.000000 0.000000 0.000000 0.000000 0.000000 0.494304 0.011244 0.000000 0.000000 0.000000 0.000000
 0.000000 0.000000 0.000000 0.000000 0.000000 0.000029 0.000000 0.491776 0.000000 0.000000 0.000000 0.000000 0.000000 0.495460 0.000000 0.012734 0.000000 0.000000 0.000000 0.000000
 0.000000 0.000529 0.000000 0.000000 0.000000 0.002811 0.474908 0.010509 0.476328 0.000000 0.000000 0.000000 0.000000 0.010833 0.012239 0.000000 0.000000 0.000000 0.000000 0.011843
 0.000000 0.000000 0.499985 0.000000 0.499983 0.000000 0.000000 0.000000 0.000000 0.000000 0.000000 0.000000 0.000000 0.000000 0.000000 0.000000 0.000000 0.000000 0.000031 0.000000
 0.000000 0.001737 0.000000 0.000000 0.000000 0.000000 0.005236 0.000000 0.000000 0.000000 0.486733 0.000000 0.020236 0.000000 0.000000 0.000000 0.000000 0.000000 0.000000 0.486058
 0.000000 0.000000 0.000000 0.492832 0.492865 0.000000 0.000000 0.000000 0.000000 0.014272 0.000000 0.000000 0.000000 0.000000 0.000000 0.000000 0.000031 0.000000 0.000000 0.000001
 0.000000 0.000000 0.000000 0.035416 0.000000 0.000076 0.473015 0.000000 0.007374 0.000000 0.000000 0.000000 0.000000 0.000000 0.000000 0.011760 0.000000 0.472359 0.000001 0.000000
the mean of prob-rank is 1.5789473684210527
the number of false negetive edges is 0
the number of probability greater than 0 is 4.3/edge
