20
 0.000000 0.204066 0.000000 0.000000 0.000000 0.000000 0.000000 0.000000 0.000000 0.317807 0.000606 0.315390 0.000000 0.000000 0.000000 0.000000 0.162130 0.000000 0.000000 0.000000
 0.246303 0.000000 0.000000 0.000000 0.000000 0.000000 0.000000 0.000000 0.000000 0.000000 0.000003 0.000000 0.000000 0.000000 0.383975 0.000000 0.369719 0.000000 0.000000 0.000000
 0.000000 0.000000 0.000000 0.000000 0.000000 0.000000 0.000000 0.000016 0.000000 0.000000 0.000000 0.000000 0.500525 0.000000 0.000000 0.000000 0.000000 0.000000 0.000000 0.499459
 0.000000 0.000000 0.000000 0.000000 0.000000 0.000000 0.000000 0.421461 0.000000 0.000000 0.000000 0.000000 0.000000 0.417587 0.000000 0.000000 0.000000 0.000000 0.000000 0.160952
 0.000000 0.000000 0.000000 0.000000 0.000000 0.000000 0.000000 0.000000 0.000000 0.000000 0.000000 0.000000 0.484064 0.000000 0.000000 0.484147 0.000000 0.031789 0.000000 0.000000
 0.000000 0.000000 0.000000 0.000000 0.000000 0.000000 0.000000 0.000000 0.500007 0.000000 0.000000 0.000000 0.000000 0.000000 0.000000 0.000000 0.000000 0.000000 0.499993 0.000000
 0.000000 0.000000 0.000000 0.000000 0.000000 0.000000 0.000000 0.000000 0.000000 0.000000 0.000000 0.304683 0.000000 0.000000 0.000000 0.000000 0.021130 0.325857 0.348329 0.000000
 0.000000 0.000000 0.000015 0.444052 0.000000 0.000000 0.000000 0.000000 0.000000 0.000000 0.000000 0.000000 0.000000 0.113927 0.000000 0.000000 0.000000 0.000000 0.000000 0.442006
 0.000000 0.000000 0.000000 0.000000 0.000000 0.492993 0.000000 0.000000 0.000000 0.492629 0.000000 0.014377 0.000000 0.000000 0.000000 0.000000 0.000000 0.000000 0.000000 0.000000
 0.485805 0.000000 0.000000 0.000000 0.000000 0.000000 0.000000 0.000000 0.485939 0.000000 0.000026 0.028230 0.000000 0.000000 0.000000 0.000000 0.000000 0.000000 0.000000 0.000000
 0.000952 0.000003 0.000000 0.000000 0.000000 0.000000 0.000000 0.000000 0.000000 0.000027 0.000000 0.000000 0.000000 0.499515 0.499503 0.000000 0.000000 0.000000 0.000000 0.000000
 0.336056 0.000000 0.000000 0.000000 0.000000 0.000000 0.296500 0.000000 0.009886 0.019677 0.000000 0.000000 0.000000 0.000000 0.000000 0.000000 0.337881 0.000000 0.000000 0.000000
 0.000000 0.000000 0.500038 0.000000 0.499954 0.000000 0.000000 0.000000 0.000000 0.000000 0.000000 0.000000 0.000000 0.000000 0.000000 0.000008 0.000000 0.000000 0.000000 0.000000
 0.000000 0.000000 0.000000 0.435461 0.000000 0.000000 0.000000 0.112760 0.000000 0.000000 0.439500 0.000000 0.000000 0.000000 0.000000 0.000000 0.000000 0.000000 0.000000 0.012279
 0.000000 0.499991 0.000000 0.000000 0.000000 0.000000 0.000000 0.000000 0.000000 0.000000 0.499979 0.000000 0.000000 0.000000 0.000000 0.000000 0.000000 0.000000 0.000000 0.000029
 0.000000 0.000000 0.000000 0.000000 0.499997 0.000000 0.000000 0.000000 0.000000 0.000000 0.000000 0.000000 0.000008 0.000000 0.000000 0.000000 0.000000 0.499995 0.000000 0.000000
 0.148299 0.280186 0.000000 0.000000 0.000000 0.000000 0.017652 0.000000 0.000000 0.000000 0.000000 0.290051 0.000000 0.000000 0.000000 0.000000 0.000000 0.263811 0.000000 0.000000
 0.000000 0.000000 0.000000 0.000000 0.022581 0.000000 0.321722 0.000000 0.000000 0.000000 0.000000 0.000000 0.000000 0.000000 0.000000 0.343909 0.311788 0.000000 0.000000 0.000000
 0.000000 0.000000 0.000000 0.000000 0.000000 0.499994 0.500006 0.000000 0.000000 0.000000 0.000000 0.000000 0.000000 0.000000 0.000000 0.000000 0.000000 0.000000 0.000000 0.000000
 0.000000 0.000000 0.415234 0.158912 0.000000 0.000000 0.000000 0.414204 0.000000 0.000000 0.000000 0.000000 0.000000 0.011626 0.000024 0.000000 0.000000 0.000000 0.000000 0.000000
the mean of prob-rank is 1.4210526315789473
the number of false negetive edges is 0
the number of probability greater than 0 is 3.7/edge
