20
 0.000000 0.000000 0.000000 0.000000 0.500000 0.000000 0.000000 0.000000 0.000000 0.000000 0.000000 0.000000 0.000000 0.000000 0.000000 0.000000 0.000000 0.000000 0.500000 0.000000
 0.000000 0.000000 0.000000 0.000000 0.000000 0.000000 0.000000 0.019305 0.000000 0.303613 0.000001 0.214155 0.000383 0.000000 0.000000 0.000000 0.000000 0.167028 0.000000 0.295514
 0.000000 0.000000 0.000000 0.500035 0.000000 0.000000 0.000000 0.499965 0.000000 0.000000 0.000000 0.000000 0.000000 0.000000 0.000000 0.000000 0.000000 0.000000 0.000000 0.000000
 0.000000 0.000000 0.500002 0.000000 0.000000 0.000000 0.000000 0.000000 0.000000 0.000000 0.000000 0.000000 0.000000 0.000000 0.000000 0.000000 0.499998 0.000000 0.000000 0.000000
 0.500000 0.000000 0.000000 0.000000 0.000000 0.500000 0.000000 0.000000 0.000000 0.000000 0.000000 0.000000 0.000000 0.000000 0.000000 0.000000 0.000000 0.000000 0.000000 0.000000
 0.000000 0.000000 0.000000 0.000000 0.500003 0.000000 0.000000 0.000000 0.499997 0.000000 0.000000 0.000000 0.000000 0.000000 0.000000 0.000000 0.000000 0.000000 0.000000 0.000000
 0.000000 0.000000 0.000000 0.000000 0.000000 0.000000 0.000000 0.000000 0.000000 0.000000 0.000006 0.000021 0.419537 0.000000 0.000724 0.425062 0.000000 0.000000 0.000000 0.154650
 0.000000 0.030818 0.484596 0.000000 0.000000 0.000000 0.000000 0.000000 0.000000 0.000000 0.000000 0.000000 0.000000 0.000000 0.000000 0.000000 0.000000 0.484586 0.000000 0.000000
 0.000000 0.000000 0.000000 0.000000 0.000000 0.499997 0.000000 0.000000 0.000000 0.000000 0.000000 0.000000 0.000000 0.500003 0.000000 0.000000 0.000000 0.000000 0.000000 0.000000
 0.000000 0.491955 0.000000 0.000000 0.000000 0.000000 0.000000 0.000000 0.000000 0.000000 0.000000 0.000000 0.491588 0.000000 0.000000 0.000000 0.000000 0.000000 0.000000 0.016456
 0.000000 0.000002 0.000000 0.000000 0.000000 0.000000 0.000006 0.000000 0.000000 0.000000 0.000000 0.448551 0.000000 0.000000 0.451703 0.000000 0.000000 0.099244 0.000000 0.000494
 0.000000 0.253576 0.000000 0.000000 0.000000 0.000000 0.000018 0.000000 0.000000 0.000000 0.356992 0.000000 0.000000 0.000000 0.037261 0.000000 0.000000 0.000114 0.000000 0.352038
 0.000000 0.000532 0.000000 0.000000 0.000000 0.000000 0.416964 0.000000 0.000000 0.422172 0.000000 0.000000 0.000000 0.000000 0.000000 0.000000 0.000000 0.000000 0.000000 0.160332
 0.000000 0.000000 0.000000 0.000000 0.000000 0.000000 0.000000 0.000000 0.500032 0.000000 0.000000 0.000000 0.000000 0.000000 0.000000 0.499968 0.000000 0.000000 0.000000 0.000000
 0.000000 0.000000 0.000000 0.000000 0.000000 0.000000 0.000812 0.000000 0.000000 0.000000 0.476597 0.049398 0.000000 0.000000 0.000000 0.000000 0.000000 0.473114 0.000000 0.000079
 0.000000 0.000000 0.000000 0.000000 0.000000 0.000000 0.500014 0.000000 0.000000 0.000000 0.000000 0.000000 0.000000 0.499986 0.000000 0.000000 0.000000 0.000000 0.000000 0.000000
 0.000000 0.000000 0.000000 0.499998 0.000000 0.000000 0.000000 0.000000 0.000000 0.000000 0.000000 0.000000 0.000000 0.000000 0.000000 0.000000 0.000000 0.000000 0.500001 0.000000
 0.000000 0.199130 0.000000 0.000000 0.000000 0.000000 0.000000 0.361908 0.000000 0.000000 0.079527 0.000115 0.000000 0.000000 0.359320 0.000000 0.000000 0.000000 0.000000 0.000000
 0.500000 0.000000 0.000000 0.000000 0.000000 0.000000 0.000000 0.000000 0.000000 0.000000 0.000000 0.000000 0.000000 0.000000 0.000000 0.000000 0.500000 0.000000 0.000000 0.000000
 0.000000 0.356455 0.000000 0.000000 0.000000 0.000000 0.133233 0.000000 0.000000 0.012250 0.000401 0.358620 0.138980 0.000000 0.000061 0.000000 0.000000 0.000000 0.000000 0.000000
the mean of prob-rank is 1.631578947368421
the number of false negetive edges is 0
the number of probability greater than 0 is 3.6/edge
