20
 0.000000 0.000000 0.000000 0.499254 0.000000 0.000000 0.000000 0.000001 0.000000 0.499264 0.000000 0.001481 0.000000 0.000000 0.000000 0.000000 0.000000 0.000000 0.000000 0.000000
 0.000000 0.000000 0.000000 0.000006 0.000000 0.000000 0.000000 0.499974 0.000000 0.000000 0.500020 0.000000 0.000000 0.000000 0.000000 0.000000 0.000000 0.000000 0.000000 0.000000
 0.000000 0.000000 0.000000 0.000000 0.000000 0.000000 0.000000 0.000000 0.000000 0.000000 0.000000 0.000000 0.000000 0.000000 0.500000 0.000000 0.000000 0.000000 0.500000 0.000000
 0.497455 0.000006 0.000000 0.000000 0.000000 0.000000 0.000000 0.005074 0.000000 0.000000 0.000000 0.497465 0.000000 0.000000 0.000000 0.000000 0.000000 0.000000 0.000000 0.000000
 0.000000 0.000000 0.000000 0.000000 0.000000 0.498281 0.000000 0.000000 0.498249 0.000000 0.000000 0.000000 0.000000 0.000000 0.003469 0.000000 0.000000 0.000000 0.000000 0.000000
 0.000000 0.000000 0.000000 0.000000 0.498901 0.000000 0.000000 0.000000 0.001630 0.000000 0.000000 0.000000 0.000000 0.000000 0.000636 0.000000 0.000000 0.498833 0.000000 0.000000
 0.000000 0.000000 0.000000 0.000000 0.000000 0.000000 0.000000 0.000000 0.000000 0.000000 0.000000 0.000000 0.000000 0.482408 0.000000 0.033783 0.482279 0.001530 0.000000 0.000000
 0.000001 0.497440 0.000000 0.005074 0.000000 0.000000 0.000000 0.000000 0.000000 0.000000 0.000000 0.497485 0.000000 0.000000 0.000000 0.000000 0.000000 0.000000 0.000000 0.000000
 0.000000 0.000000 0.000000 0.000000 0.499168 0.001631 0.000000 0.000000 0.000000 0.000000 0.000000 0.000000 0.499201 0.000000 0.000000 0.000000 0.000000 0.000000 0.000000 0.000000
 0.500000 0.000000 0.000000 0.000000 0.000000 0.000000 0.000000 0.000000 0.000000 0.000000 0.000000 0.000000 0.000000 0.000000 0.000000 0.000000 0.000000 0.000000 0.000000 0.500000
 0.000000 0.500000 0.000000 0.000000 0.000000 0.000000 0.000000 0.000000 0.000000 0.000000 0.000000 0.000000 0.000000 0.000000 0.000000 0.000000 0.500000 0.000000 0.000000 0.000000
 0.001481 0.000000 0.000000 0.499260 0.000000 0.000000 0.000000 0.499259 0.000000 0.000000 0.000000 0.000000 0.000000 0.000000 0.000000 0.000000 0.000000 0.000000 0.000000 0.000000
 0.000000 0.000000 0.000000 0.000000 0.000000 0.000000 0.000000 0.000000 0.500000 0.000000 0.000000 0.000000 0.000000 0.000000 0.000000 0.000000 0.000000 0.000000 0.000000 0.500000
 0.000000 0.000000 0.000000 0.000000 0.000000 0.000000 0.498771 0.000000 0.000000 0.000000 0.000000 0.000000 0.000000 0.000000 0.000000 0.498751 0.002478 0.000000 0.000000 0.000000
 0.000000 0.000000 0.497975 0.000000 0.003467 0.000635 0.000000 0.000000 0.000000 0.000000 0.000000 0.000000 0.000000 0.000000 0.000000 0.000000 0.000000 0.497923 0.000000 0.000000
 0.000000 0.000000 0.000000 0.000000 0.000000 0.000000 0.032731 0.000000 0.000000 0.000000 0.000000 0.000000 0.000000 0.467355 0.000000 0.000000 0.013444 0.019380 0.467091 0.000000
 0.000000 0.000000 0.000000 0.000000 0.000000 0.000000 0.491640 0.000000 0.000000 0.000000 0.491771 0.000000 0.000000 0.002443 0.000000 0.014146 0.000000 0.000000 0.000000 0.000000
 0.000000 0.000000 0.000000 0.000000 0.000000 0.481309 0.001527 0.000000 0.000000 0.000000 0.000000 0.000000 0.000000 0.000000 0.481324 0.019960 0.000000 0.000000 0.015879 0.000000
 0.000000 0.000000 0.492034 0.000000 0.000000 0.000000 0.000000 0.000000 0.000000 0.000000 0.000000 0.000000 0.000000 0.000000 0.000000 0.491735 0.000000 0.016231 0.000000 0.000000
 0.000000 0.000000 0.000000 0.000000 0.000000 0.000000 0.000000 0.000000 0.000000 0.500000 0.000000 0.000000 0.500000 0.000000 0.000000 0.000000 0.000000 0.000000 0.000000 0.000000
the mean of prob-rank is 1.6842105263157894
the number of false negetive edges is 0
the number of probability greater than 0 is 3.3/edge
