20
 0.000000 0.500001 0.000000 0.000000 0.000000 0.000000 0.000000 0.000000 0.000000 0.000000 0.000000 0.499999 0.000000 0.000000 0.000000 0.000000 0.000000 0.000000 0.000000 0.000000
 0.499457 0.000000 0.000000 0.000000 0.000000 0.000000 0.000000 0.000000 0.000000 0.000000 0.000000 0.001109 0.000000 0.000000 0.000000 0.000000 0.000000 0.000000 0.000000 0.499434
 0.000000 0.000000 0.000000 0.000000 0.000000 0.000000 0.000000 0.116926 0.440836 0.000000 0.000000 0.000000 0.442238 0.000000 0.000000 0.000000 0.000000 0.000000 0.000000 0.000000
 0.000000 0.000000 0.000000 0.000000 0.000000 0.000000 0.000000 0.000000 0.000000 0.000000 0.379862 0.000000 0.000000 0.000000 0.000000 0.263245 0.000000 0.000000 0.356893 0.000000
 0.000000 0.000000 0.000000 0.000000 0.000000 0.000000 0.000000 0.000000 0.000000 0.000000 0.000000 0.000000 0.005218 0.351948 0.000000 0.000000 0.347801 0.000000 0.295033 0.000000
 0.000000 0.000000 0.000000 0.000000 0.000000 0.000000 0.000000 0.000000 0.499999 0.000000 0.000000 0.500000 0.000000 0.000000 0.000000 0.000000 0.000000 0.000000 0.000000 0.000000
 0.000000 0.000000 0.000000 0.000000 0.000000 0.000000 0.000000 0.000000 0.000000 0.500002 0.000000 0.000000 0.000000 0.000000 0.000000 0.000000 0.000000 0.000000 0.000000 0.499998
 0.000000 0.000000 0.084122 0.000000 0.000000 0.000000 0.000000 0.000000 0.000000 0.000000 0.000000 0.000000 0.291245 0.000000 0.000000 0.000000 0.306473 0.318159 0.000000 0.000000
 0.000000 0.000000 0.401443 0.000000 0.000000 0.402719 0.000000 0.000000 0.000000 0.000000 0.000000 0.000000 0.195838 0.000000 0.000000 0.000000 0.000000 0.000000 0.000000 0.000000
 0.000000 0.000000 0.000000 0.000000 0.000000 0.000000 0.500143 0.000000 0.000000 0.000000 0.000000 0.000000 0.000000 0.000000 0.499847 0.000010 0.000000 0.000000 0.000000 0.000000
 0.000000 0.000000 0.000000 0.499964 0.000000 0.000000 0.000000 0.000000 0.000000 0.000000 0.000000 0.000000 0.000000 0.000000 0.500036 0.000000 0.000000 0.000000 0.000000 0.000000
 0.499445 0.001109 0.000000 0.000000 0.000000 0.499446 0.000000 0.000000 0.000000 0.000000 0.000000 0.000000 0.000000 0.000000 0.000000 0.000000 0.000000 0.000000 0.000000 0.000000
 0.000000 0.000000 0.302760 0.000000 0.004489 0.000000 0.000000 0.277141 0.147229 0.000000 0.000000 0.000000 0.000000 0.268381 0.000000 0.000000 0.000001 0.000000 0.000000 0.000000
 0.000000 0.000000 0.000000 0.000000 0.353606 0.000000 0.000000 0.000000 0.000000 0.000000 0.000000 0.000000 0.313456 0.000000 0.000000 0.000000 0.330117 0.000000 0.002821 0.000000
 0.000000 0.000000 0.000000 0.000000 0.000000 0.000000 0.000000 0.000000 0.000000 0.499849 0.500145 0.000000 0.000000 0.000000 0.000000 0.000000 0.000000 0.000000 0.000000 0.000006
 0.000000 0.000000 0.000000 0.263321 0.000000 0.000000 0.000000 0.000000 0.000000 0.000008 0.000000 0.000000 0.000000 0.000000 0.000000 0.000000 0.000000 0.358202 0.378468 0.000000
 0.000000 0.000000 0.000000 0.000000 0.268173 0.000000 0.000000 0.261398 0.000000 0.000000 0.000000 0.000000 0.000001 0.253344 0.000000 0.000000 0.000000 0.217085 0.000000 0.000000
 0.000000 0.000000 0.000000 0.000000 0.000000 0.000000 0.000000 0.364622 0.000000 0.000000 0.000000 0.000000 0.000000 0.000000 0.000000 0.343691 0.291687 0.000000 0.000000 0.000000
 0.000000 0.000000 0.000000 0.337725 0.301371 0.000000 0.000000 0.000000 0.000000 0.000000 0.000000 0.000000 0.000000 0.002868 0.000000 0.358037 0.000000 0.000000 0.000000 0.000000
 0.000000 0.499987 0.000000 0.000000 0.000000 0.000000 0.500007 0.000000 0.000000 0.000000 0.000000 0.000000 0.000000 0.000000 0.000006 0.000000 0.000000 0.000000 0.000000 0.000000
the mean of prob-rank is 1.631578947368421
the number of false negetive edges is 0
the number of probability greater than 0 is 3.2/edge
