20
 0.000000 0.000000 0.000000 0.000000 0.000000 0.000000 0.000000 0.000000 0.000000 0.000000 0.000000 0.500000 0.000000 0.000000 0.000000 0.000000 0.000000 0.500000 0.000000 0.000000
 0.000000 0.000000 0.008025 0.273816 0.000000 0.037262 0.008097 0.000000 0.142991 0.298119 0.000000 0.000000 0.000000 0.000007 0.000000 0.000002 0.000000 0.000000 0.000000 0.231680
 0.000000 0.013283 0.000000 0.000532 0.000000 0.000000 0.493311 0.000000 0.000000 0.492874 0.000000 0.000000 0.000000 0.000000 0.000000 0.000000 0.000000 0.000000 0.000001 0.000000
 0.000000 0.270703 0.000318 0.000000 0.000000 0.211470 0.202160 0.000000 0.021813 0.001997 0.000000 0.000000 0.000000 0.000000 0.000000 0.291518 0.000000 0.000000 0.000021 0.000000
 0.000000 0.000000 0.000000 0.000000 0.000000 0.000000 0.000000 0.500001 0.000000 0.000000 0.000000 0.000000 0.499999 0.000000 0.000000 0.000000 0.000000 0.000000 0.000000 0.000000
 0.000000 0.044632 0.000000 0.256205 0.000000 0.000000 0.000000 0.000000 0.357075 0.000000 0.000000 0.000000 0.000000 0.000000 0.000000 0.000000 0.000029 0.000000 0.000000 0.342059
 0.000000 0.009742 0.358637 0.246049 0.000000 0.000000 0.000000 0.000000 0.000000 0.034109 0.000000 0.000000 0.000000 0.000000 0.000000 0.000000 0.000000 0.000000 0.351463 0.000000
 0.000000 0.000000 0.000000 0.000000 0.500001 0.000000 0.000000 0.000000 0.000000 0.000000 0.000000 0.000000 0.000000 0.000000 0.499999 0.000000 0.000000 0.000000 0.000000 0.000000
 0.000000 0.189053 0.000000 0.029171 0.000000 0.394148 0.000000 0.000000 0.000000 0.000000 0.000000 0.000000 0.000000 0.000000 0.000000 0.387628 0.000000 0.000000 0.000000 0.000000
 0.000000 0.466626 0.466109 0.003161 0.000000 0.000000 0.044370 0.000000 0.000000 0.000000 0.000000 0.000000 0.000000 0.000001 0.000000 0.000000 0.000000 0.000000 0.000000 0.019734
 0.000000 0.000000 0.000000 0.000000 0.000000 0.000000 0.000000 0.000000 0.000000 0.000000 0.000000 0.000000 0.500000 0.000000 0.000000 0.000000 0.000000 0.000000 0.500000 0.000000
 0.500000 0.000000 0.000000 0.000000 0.000000 0.000000 0.000000 0.000000 0.000000 0.000000 0.000000 0.000000 0.000000 0.500000 0.000000 0.000000 0.000000 0.000000 0.000000 0.000000
 0.000000 0.000000 0.000000 0.000000 0.499808 0.000000 0.000000 0.000000 0.000000 0.000000 0.499810 0.000000 0.000000 0.000000 0.000000 0.000000 0.000000 0.000000 0.000382 0.000000
 0.000000 0.000012 0.000000 0.000000 0.000000 0.000000 0.000000 0.000000 0.000000 0.000001 0.000000 0.500003 0.000000 0.000000 0.000000 0.000000 0.499984 0.000000 0.000000 0.000000
 0.000000 0.000000 0.000000 0.000000 0.000000 0.000000 0.000000 0.499999 0.000000 0.000000 0.000000 0.000000 0.000000 0.000000 0.000000 0.000000 0.000000 0.500001 0.000000 0.000000
 0.000000 0.000002 0.000000 0.377076 0.000000 0.000000 0.000000 0.000000 0.374921 0.000000 0.000000 0.000000 0.000000 0.000000 0.000000 0.000000 0.000000 0.000000 0.248000 0.000000
 0.000000 0.000000 0.000000 0.000000 0.000000 0.000041 0.000000 0.000000 0.000000 0.000000 0.000000 0.000000 0.000000 0.499970 0.000000 0.000000 0.000000 0.000000 0.000000 0.499989
 0.500000 0.000000 0.000000 0.000000 0.000000 0.000000 0.000000 0.000000 0.000000 0.000000 0.000000 0.000000 0.000000 0.000000 0.500000 0.000000 0.000000 0.000000 0.000000 0.000000
 0.000000 0.000000 0.000000 0.000027 0.000000 0.000000 0.372375 0.000000 0.000000 0.000000 0.380068 0.000000 0.000291 0.000000 0.000000 0.247238 0.000000 0.000000 0.000000 0.000000
 0.000000 0.279809 0.000000 0.000000 0.000000 0.344906 0.000000 0.000000 0.000000 0.015226 0.000000 0.000000 0.000000 0.000000 0.000000 0.000000 0.360058 0.000000 0.000000 0.000000
the mean of prob-rank is 1.5263157894736843
the number of false negetive edges is 0
the number of probability greater than 0 is 3.8/edge
