20
 0.000000 0.000000 0.010259 0.001530 0.449780 0.000000 0.000000 0.000000 0.000000 0.000000 0.452566 0.000000 0.000000 0.000000 0.000000 0.000000 0.085865 0.000000 0.000000 0.000000
 0.000000 0.000000 0.000000 0.000000 0.000000 0.000868 0.000000 0.000000 0.000000 0.000000 0.000000 0.000000 0.000000 0.480521 0.034024 0.000007 0.000000 0.005051 0.479530 0.000000
 0.011209 0.000000 0.000000 0.494318 0.000000 0.000000 0.000000 0.000000 0.000000 0.000000 0.000000 0.000000 0.000000 0.000000 0.000000 0.000000 0.494473 0.000000 0.000000 0.000000
 0.001431 0.000000 0.423156 0.000000 0.153877 0.000000 0.000000 0.000000 0.000000 0.000000 0.000000 0.000000 0.421536 0.000000 0.000000 0.000000 0.000000 0.000000 0.000000 0.000000
 0.368658 0.000000 0.000000 0.134851 0.000000 0.000318 0.000000 0.000000 0.000000 0.369538 0.000831 0.000000 0.125805 0.000000 0.000000 0.000000 0.000000 0.000000 0.000000 0.000000
 0.000000 0.000835 0.000000 0.000000 0.000396 0.000000 0.000000 0.000000 0.000000 0.005234 0.459865 0.000000 0.000000 0.000000 0.001037 0.462212 0.000000 0.000000 0.000000 0.070421
 0.000000 0.000000 0.000000 0.000000 0.000000 0.000000 0.000000 0.000000 0.500000 0.000000 0.000000 0.000000 0.000000 0.000000 0.000000 0.000000 0.000000 0.000000 0.000000 0.500000
 0.000000 0.000000 0.000000 0.000000 0.000000 0.000000 0.000000 0.000000 0.000002 0.000000 0.000000 0.000000 0.000000 0.500001 0.000000 0.000000 0.000000 0.499997 0.000000 0.000000
 0.000000 0.000000 0.000000 0.000000 0.000000 0.000000 0.499999 0.000002 0.000000 0.000000 0.000000 0.000000 0.000000 0.000000 0.000000 0.000000 0.000000 0.499999 0.000000 0.000000
 0.000000 0.000000 0.000000 0.000000 0.452723 0.005146 0.000000 0.000000 0.000000 0.000000 0.000000 0.087678 0.454453 0.000000 0.000000 0.000000 0.000000 0.000000 0.000000 0.000000
 0.486450 0.000000 0.000000 0.000000 0.001090 0.483990 0.000000 0.000000 0.000000 0.000000 0.000000 0.000000 0.000000 0.000000 0.000000 0.000007 0.000000 0.000000 0.000000 0.028464
 0.000000 0.000000 0.000000 0.000000 0.000000 0.000000 0.000000 0.000000 0.000000 0.088059 0.000000 0.000000 0.000000 0.000000 0.455516 0.000000 0.000000 0.000000 0.456425 0.000000
 0.000000 0.000000 0.000000 0.426492 0.145243 0.000000 0.000000 0.000000 0.000000 0.428265 0.000000 0.000000 0.000000 0.000000 0.000000 0.000000 0.000000 0.000000 0.000000 0.000000
 0.000000 0.498863 0.000000 0.000000 0.000000 0.000000 0.000000 0.499110 0.000000 0.000000 0.000000 0.000000 0.000000 0.000000 0.000000 0.000000 0.000000 0.002027 0.000000 0.000000
 0.000000 0.031167 0.000000 0.000000 0.000000 0.000988 0.000000 0.000000 0.000000 0.000000 0.000000 0.439513 0.000000 0.000000 0.000000 0.440386 0.000000 0.000000 0.087946 0.000000
 0.000000 0.000007 0.000000 0.000000 0.000000 0.498883 0.000000 0.000000 0.000000 0.000000 0.000007 0.000000 0.000000 0.000000 0.498878 0.000000 0.000000 0.000000 0.000000 0.002224
 0.086753 0.000000 0.457258 0.000000 0.000000 0.000000 0.000000 0.000000 0.000000 0.000000 0.000000 0.000000 0.000000 0.000000 0.000000 0.000000 0.000000 0.000000 0.000000 0.455989
 0.000000 0.005215 0.000000 0.000000 0.000000 0.000000 0.000000 0.496383 0.496386 0.000000 0.000000 0.000000 0.000000 0.002016 0.000000 0.000000 0.000000 0.000000 0.000000 0.000000
 0.000000 0.453972 0.000000 0.000000 0.000000 0.000000 0.000000 0.000000 0.000000 0.000000 0.000000 0.455137 0.000000 0.000000 0.090891 0.000000 0.000000 0.000000 0.000000 0.000000
 0.000000 0.000000 0.000000 0.000000 0.000000 0.068860 0.451967 0.000000 0.000000 0.000000 0.026445 0.000000 0.000000 0.000000 0.000000 0.002015 0.450713 0.000000 0.000000 0.000000
the mean of prob-rank is 1.5263157894736843
the number of false negetive edges is 0
the number of probability greater than 0 is 4.1/edge
