20
 0.000000 0.000000 0.007260 0.000000 0.041831 0.000000 0.000000 0.000000 0.000000 0.382044 0.000000 0.000000 0.000000 0.040895 0.000000 0.384033 0.000000 0.000000 0.143938 0.000000
 0.000000 0.000000 0.000000 0.448358 0.000000 0.047309 0.000000 0.000000 0.020629 0.000000 0.454812 0.000000 0.000000 0.000000 0.000000 0.000000 0.000000 0.028892 0.000000 0.000000
 0.009201 0.000000 0.000000 0.000000 0.000000 0.000000 0.000000 0.000000 0.000000 0.000000 0.000000 0.486756 0.000000 0.485728 0.000000 0.001302 0.000000 0.000000 0.017013 0.000000
 0.000000 0.445833 0.000000 0.000000 0.030218 0.452251 0.000000 0.000000 0.069629 0.000000 0.000313 0.000000 0.000000 0.000000 0.000000 0.000000 0.000000 0.000000 0.001756 0.000000
 0.039237 0.000000 0.000000 0.024070 0.000000 0.000001 0.000000 0.000000 0.000000 0.218693 0.360189 0.000000 0.000000 0.000000 0.000000 0.000000 0.000000 0.000000 0.357811 0.000000
 0.000000 0.049465 0.000000 0.475537 0.000001 0.000000 0.000000 0.000000 0.474998 0.000000 0.000000 0.000000 0.000000 0.000000 0.000000 0.000000 0.000000 0.000000 0.000000 0.000000
 0.000000 0.000000 0.000000 0.000000 0.000000 0.000000 0.000000 0.498477 0.000000 0.000000 0.000000 0.000000 0.000000 0.000000 0.000000 0.000000 0.000000 0.000000 0.003047 0.498476
 0.000000 0.000000 0.000000 0.000000 0.000000 0.000000 0.500000 0.000000 0.000000 0.000000 0.000000 0.500000 0.000000 0.000000 0.000000 0.000000 0.000000 0.000000 0.000000 0.000000
 0.000000 0.020630 0.000000 0.070025 0.000000 0.454307 0.000000 0.000000 0.000000 0.000000 0.000000 0.000000 0.000000 0.000000 0.000003 0.000000 0.000744 0.454290 0.000000 0.000000
 0.382644 0.000000 0.000000 0.000000 0.233516 0.000000 0.000000 0.000000 0.000000 0.000000 0.000000 0.000000 0.000000 0.000003 0.000000 0.000000 0.000000 0.000000 0.383836 0.000000
 0.000000 0.499863 0.000000 0.000345 0.499792 0.000000 0.000000 0.000000 0.000000 0.000000 0.000000 0.000000 0.000000 0.000000 0.000000 0.000000 0.000000 0.000000 0.000000 0.000000
 0.000000 0.000000 0.500000 0.000000 0.000000 0.000000 0.000000 0.500000 0.000000 0.000000 0.000000 0.000000 0.000000 0.000000 0.000000 0.000000 0.000000 0.000000 0.000000 0.000000
 0.000000 0.000000 0.000000 0.000000 0.000000 0.000000 0.000000 0.000000 0.000000 0.000000 0.000000 0.000000 0.000000 0.000000 0.499806 0.000000 0.000397 0.000000 0.000000 0.499798
 0.039569 0.000000 0.370816 0.000000 0.000000 0.000000 0.000000 0.000000 0.000000 0.000003 0.000000 0.000000 0.000000 0.000000 0.000000 0.370377 0.000000 0.000000 0.219235 0.000000
 0.000000 0.000000 0.000000 0.000000 0.000000 0.000000 0.000000 0.000000 0.000004 0.000000 0.000000 0.000000 0.500000 0.000000 0.000000 0.000000 0.499996 0.000000 0.000000 0.000001
 0.499384 0.000000 0.001336 0.000000 0.000000 0.000000 0.000000 0.000000 0.000000 0.000000 0.000000 0.000000 0.000000 0.497768 0.000000 0.000000 0.000000 0.000000 0.001512 0.000000
 0.000000 0.000000 0.000000 0.000000 0.000000 0.000000 0.000000 0.000000 0.000817 0.000000 0.000000 0.000000 0.000396 0.000000 0.499391 0.000000 0.000000 0.499395 0.000000 0.000000
 0.000000 0.030802 0.000000 0.000000 0.000000 0.000000 0.000000 0.000000 0.484315 0.000000 0.000000 0.000000 0.000000 0.000000 0.000000 0.000000 0.484883 0.000000 0.000000 0.000000
 0.124768 0.000000 0.011636 0.001292 0.330661 0.000000 0.002035 0.000000 0.000000 0.332194 0.000000 0.000000 0.000000 0.196406 0.000000 0.001008 0.000000 0.000000 0.000000 0.000000
 0.000000 0.000000 0.000000 0.000000 0.000000 0.000000 0.500004 0.000000 0.000000 0.000000 0.000000 0.000000 0.499996 0.000000 0.000001 0.000000 0.000000 0.000000 0.000000 0.000000
the mean of prob-rank is 1.4736842105263157
the number of false negetive edges is 0
the number of probability greater than 0 is 4.1/edge
