20
 0.000000 0.000000 0.000000 0.499792 0.000000 0.000000 0.000423 0.499785 0.000000 0.000000 0.000000 0.000000 0.000000 0.000000 0.000000 0.000000 0.000000 0.000000 0.000000 0.000000
 0.000000 0.000000 0.000000 0.000000 0.000000 0.000000 0.000000 0.000000 0.000000 0.000000 0.377906 0.000000 0.348225 0.000000 0.273869 0.000000 0.000000 0.000000 0.000000 0.000000
 0.000000 0.000000 0.000000 0.000000 0.000000 0.000000 0.000000 0.000000 0.000000 0.245444 0.000000 0.332741 0.306490 0.100061 0.015264 0.000000 0.000000 0.000000 0.000000 0.000000
 0.497159 0.000000 0.000000 0.000000 0.000000 0.000000 0.000000 0.005679 0.000000 0.000000 0.000000 0.000000 0.000000 0.000000 0.000000 0.497162 0.000000 0.000000 0.000000 0.000000
 0.000000 0.000000 0.000000 0.000000 0.000000 0.477857 0.000000 0.000000 0.477845 0.000000 0.000000 0.000000 0.000000 0.000000 0.000000 0.000000 0.000000 0.000000 0.000000 0.044297
 0.000000 0.000000 0.000000 0.000000 0.499133 0.000000 0.499137 0.000000 0.000000 0.000000 0.000000 0.000000 0.000000 0.000000 0.000000 0.000000 0.000000 0.001730 0.000000 0.000000
 0.000423 0.000000 0.000000 0.000000 0.000000 0.499604 0.000000 0.000000 0.000000 0.000000 0.000000 0.000000 0.000000 0.000000 0.000000 0.000364 0.000000 0.499609 0.000000 0.000000
 0.497168 0.000000 0.000000 0.005679 0.000000 0.000000 0.000000 0.000000 0.000000 0.000000 0.000000 0.000000 0.000000 0.000000 0.000000 0.000005 0.497148 0.000000 0.000000 0.000000
 0.000000 0.000000 0.000000 0.000000 0.487924 0.000000 0.000000 0.000000 0.000000 0.024131 0.000000 0.000000 0.000000 0.000000 0.000000 0.000000 0.000000 0.000000 0.000000 0.487945
 0.000000 0.000000 0.233643 0.000000 0.000000 0.000000 0.000000 0.000000 0.015703 0.000000 0.000000 0.044737 0.300627 0.000000 0.007718 0.000000 0.000000 0.000000 0.317531 0.080039
 0.000000 0.499999 0.000000 0.000000 0.000000 0.000000 0.000000 0.000000 0.000000 0.000000 0.000000 0.000000 0.000000 0.000000 0.000000 0.000000 0.500001 0.000000 0.000000 0.000000
 0.000000 0.000000 0.315100 0.000000 0.000000 0.000000 0.000000 0.000000 0.000000 0.044505 0.000000 0.000000 0.000902 0.199286 0.131820 0.000000 0.000000 0.000032 0.000000 0.308355
 0.000000 0.239733 0.239047 0.000000 0.000000 0.000000 0.000000 0.000000 0.000000 0.246318 0.000000 0.000743 0.000000 0.110056 0.163302 0.000018 0.000784 0.000000 0.000000 0.000000
 0.000000 0.000000 0.089601 0.000000 0.000000 0.000000 0.000000 0.000000 0.000000 0.000000 0.000000 0.188443 0.126354 0.000000 0.000000 0.297050 0.000000 0.298552 0.000000 0.000000
 0.000000 0.255198 0.016114 0.000000 0.000000 0.000000 0.000000 0.000000 0.000000 0.008560 0.000000 0.146952 0.221034 0.000000 0.000000 0.000000 0.000000 0.000000 0.352143 0.000000
 0.000000 0.000000 0.000000 0.501173 0.000000 0.000000 0.000365 0.000005 0.000000 0.000000 0.000000 0.000000 0.000034 0.498407 0.000000 0.000000 0.000009 0.000008 0.000000 0.000000
 0.000000 0.000000 0.000000 0.000000 0.000000 0.000000 0.000000 0.499228 0.000000 0.000000 0.499258 0.000000 0.001505 0.000000 0.000000 0.000009 0.000000 0.000000 0.000000 0.000000
 0.000000 0.000000 0.000000 0.000000 0.000000 0.001730 0.499227 0.000000 0.000000 0.000000 0.000000 0.000051 0.000000 0.498984 0.000000 0.000008 0.000000 0.000000 0.000000 0.000000
 0.000000 0.000000 0.000000 0.000000 0.000000 0.000000 0.000000 0.000000 0.000000 0.500001 0.000000 0.000000 0.000000 0.000000 0.499999 0.000000 0.000000 0.000000 0.000000 0.000000
 0.000000 0.000000 0.000000 0.000000 0.039940 0.000000 0.000000 0.000000 0.430862 0.108607 0.000000 0.420591 0.000000 0.000000 0.000000 0.000000 0.000000 0.000000 0.000000 0.000000
the mean of prob-rank is 1.631578947368421
the number of false negetive edges is 0
the number of probability greater than 0 is 4.4/edge
