20
 0.000000 0.000119 0.000000 0.016343 0.000000 0.000000 0.481160 0.000000 0.000000 0.000000 0.481294 0.000000 0.000000 0.021084 0.000000 0.000000 0.000000 0.000000 0.000000 0.000000
 0.000124 0.000000 0.000000 0.000000 0.000000 0.000000 0.000000 0.499917 0.000036 0.000000 0.000000 0.000000 0.000000 0.000000 0.000002 0.000000 0.000000 0.000000 0.499920 0.000000
 0.000000 0.000000 0.000000 0.000000 0.000000 0.000000 0.000000 0.000000 0.000000 0.000000 0.000000 0.000000 0.456519 0.000000 0.000000 0.449776 0.093705 0.000000 0.000000 0.000000
 0.016207 0.000000 0.000000 0.000000 0.019513 0.000000 0.000000 0.000000 0.000000 0.000000 0.011341 0.000000 0.000000 0.477295 0.475645 0.000000 0.000000 0.000000 0.000000 0.000000
 0.000000 0.000000 0.000000 0.020034 0.000000 0.000000 0.000000 0.000000 0.000000 0.000000 0.000000 0.489939 0.000000 0.000004 0.490024 0.000000 0.000000 0.000000 0.000000 0.000000
 0.000000 0.000000 0.000000 0.000000 0.000000 0.000000 0.000000 0.000000 0.000000 0.500000 0.000000 0.000000 0.000000 0.000000 0.000000 0.000000 0.500000 0.000000 0.000000 0.000000
 0.478624 0.000000 0.000000 0.000000 0.000000 0.000000 0.000000 0.000000 0.000000 0.000000 0.042620 0.000000 0.000000 0.000000 0.000000 0.000000 0.000000 0.000000 0.478756 0.000000
 0.000000 0.481539 0.000000 0.000000 0.000000 0.000000 0.000000 0.000000 0.027092 0.000000 0.000000 0.000000 0.000004 0.000000 0.000000 0.009822 0.000000 0.481542 0.000000 0.000000
 0.000000 0.000035 0.000000 0.000000 0.000000 0.000000 0.000000 0.027374 0.000000 0.000000 0.000000 0.000000 0.000000 0.000000 0.000000 0.486554 0.000000 0.486036 0.000000 0.000000
 0.000000 0.000000 0.000000 0.000000 0.000000 0.500000 0.000000 0.000000 0.000000 0.000000 0.000000 0.000000 0.000000 0.000000 0.000000 0.000000 0.000000 0.000000 0.000000 0.500000
 0.473496 0.000000 0.000000 0.011250 0.000000 0.000000 0.042152 0.000000 0.000000 0.000000 0.000000 0.000000 0.000000 0.473101 0.000000 0.000000 0.000000 0.000000 0.000000 0.000000
 0.000000 0.000000 0.000000 0.000000 0.477416 0.000000 0.000000 0.000000 0.000000 0.000000 0.000000 0.000000 0.000000 0.000000 0.045086 0.000000 0.000000 0.000000 0.000000 0.477498
 0.000000 0.000000 0.478773 0.000000 0.000000 0.000000 0.000000 0.000004 0.000000 0.000000 0.000000 0.000000 0.000000 0.000000 0.000000 0.042731 0.478487 0.000005 0.000000 0.000000
 0.021442 0.000000 0.000000 0.489479 0.000004 0.000000 0.000000 0.000000 0.000000 0.000000 0.489070 0.000000 0.000000 0.000000 0.000005 0.000000 0.000000 0.000000 0.000000 0.000000
 0.000000 0.000002 0.000000 0.476592 0.478245 0.000000 0.000000 0.000000 0.000000 0.000000 0.000000 0.045157 0.000000 0.000005 0.000000 0.000000 0.000000 0.000000 0.000000 0.000000
 0.000000 0.000000 0.352856 0.000000 0.000000 0.000000 0.000000 0.007305 0.358143 0.000000 0.000000 0.000000 0.031965 0.000000 0.000000 0.000000 0.000000 0.249731 0.000000 0.000000
 0.000000 0.000000 0.093103 0.000000 0.000000 0.453584 0.000000 0.000000 0.000000 0.000000 0.000000 0.000000 0.453313 0.000000 0.000000 0.000000 0.000000 0.000000 0.000000 0.000000
 0.000000 0.000000 0.000000 0.000000 0.000000 0.000000 0.000000 0.370888 0.370491 0.000000 0.000000 0.000000 0.000004 0.000000 0.000000 0.258616 0.000000 0.000000 0.000000 0.000000
 0.000000 0.500000 0.000000 0.000000 0.000000 0.000000 0.500000 0.000000 0.000000 0.000000 0.000000 0.000000 0.000000 0.000000 0.000000 0.000000 0.000000 0.000000 0.000000 0.000000
 0.000000 0.000000 0.000000 0.000000 0.000000 0.000000 0.000000 0.000000 0.000000 0.500000 0.000000 0.500000 0.000000 0.000000 0.000000 0.000000 0.000000 0.000000 0.000000 0.000000
the mean of prob-rank is 1.5263157894736843
the number of false negetive edges is 0
the number of probability greater than 0 is 3.8/edge
