20
 0.000000 0.000000 0.000000 0.000000 0.000000 0.000000 0.000000 0.000000 0.000000 0.000000 0.000000 0.000000 0.000000 0.001746 0.499131 0.000000 0.000000 0.000000 0.000000 0.499123
 0.000000 0.000000 0.000000 0.000000 0.000000 0.000000 0.000000 0.024828 0.000000 0.000000 0.000000 0.000000 0.000000 0.487574 0.487597 0.000000 0.000000 0.000000 0.000000 0.000000
 0.000000 0.000000 0.000000 0.343122 0.000000 0.000000 0.000000 0.000000 0.000000 0.000000 0.000000 0.353906 0.000000 0.000000 0.000000 0.000000 0.302973 0.000000 0.000000 0.000000
 0.000000 0.000000 0.350524 0.000000 0.000000 0.000000 0.000000 0.000000 0.000000 0.000000 0.000000 0.000000 0.288029 0.000000 0.000000 0.000000 0.361447 0.000000 0.000000 0.000000
 0.000000 0.000000 0.000000 0.000000 0.000000 0.000000 0.493534 0.000000 0.000000 0.012836 0.000000 0.000000 0.000000 0.000000 0.000000 0.000000 0.000000 0.000000 0.493630 0.000000
 0.000000 0.000000 0.000000 0.000000 0.000000 0.000000 0.500000 0.000000 0.000000 0.000000 0.000000 0.500000 0.000000 0.000000 0.000000 0.000000 0.000000 0.000000 0.000000 0.000000
 0.000000 0.000000 0.000000 0.000000 0.484614 0.484709 0.000000 0.000000 0.000000 0.000000 0.000000 0.000000 0.000000 0.000000 0.000000 0.000000 0.000000 0.000000 0.030677 0.000000
 0.000000 0.024823 0.000000 0.000000 0.000000 0.000000 0.000000 0.000000 0.000000 0.000000 0.000000 0.000000 0.000000 0.487057 0.000000 0.487501 0.000000 0.000618 0.000000 0.000000
 0.000000 0.000000 0.000000 0.000000 0.000000 0.000000 0.000000 0.000000 0.000000 0.000000 0.500001 0.000000 0.499998 0.000000 0.000000 0.000000 0.000000 0.000000 0.000000 0.000000
 0.000000 0.000000 0.000000 0.000000 0.012835 0.000000 0.000000 0.000000 0.000000 0.000000 0.000000 0.000000 0.000000 0.000000 0.000000 0.000000 0.000000 0.493583 0.493581 0.000000
 0.000000 0.000000 0.000000 0.000000 0.000000 0.000000 0.000000 0.000000 0.500000 0.000000 0.000000 0.000000 0.000000 0.000000 0.000000 0.000000 0.000000 0.000000 0.000000 0.500000
 0.000000 0.000000 0.500000 0.000000 0.000000 0.500000 0.000000 0.000000 0.000000 0.000000 0.000000 0.000000 0.000000 0.000000 0.000000 0.000000 0.000000 0.000000 0.000000 0.000000
 0.000000 0.000000 0.000000 0.295396 0.000000 0.000000 0.000000 0.000000 0.370786 0.000000 0.000000 0.000000 0.000000 0.000000 0.000000 0.000000 0.333819 0.000000 0.000000 0.000000
 0.001690 0.483168 0.000000 0.000000 0.000000 0.000000 0.000000 0.482751 0.000000 0.000000 0.000000 0.000000 0.000000 0.000000 0.000000 0.032386 0.000000 0.000000 0.000000 0.000006
 0.500000 0.500000 0.000000 0.000000 0.000000 0.000000 0.000000 0.000000 0.000000 0.000000 0.000000 0.000000 0.000000 0.000000 0.000000 0.000000 0.000000 0.000000 0.000000 0.000000
 0.000000 0.000000 0.000000 0.000000 0.000000 0.000000 0.000000 0.483826 0.000000 0.000000 0.000000 0.000000 0.000000 0.032429 0.000000 0.000000 0.000000 0.483746 0.000000 0.000000
 0.000000 0.000000 0.310612 0.362735 0.000000 0.000000 0.000000 0.000000 0.000000 0.000000 0.000000 0.000000 0.326653 0.000000 0.000000 0.000000 0.000000 0.000000 0.000000 0.000000
 0.000000 0.000000 0.000000 0.000000 0.000000 0.000000 0.000000 0.000634 0.000000 0.499718 0.000000 0.000000 0.000000 0.000000 0.000000 0.499635 0.000000 0.000000 0.000013 0.000000
 0.000000 0.000000 0.000000 0.000000 0.484658 0.000000 0.030674 0.000000 0.000000 0.484656 0.000000 0.000000 0.000000 0.000000 0.000000 0.000000 0.000000 0.000013 0.000000 0.000000
 0.499993 0.000000 0.000000 0.000000 0.000000 0.000000 0.000000 0.000000 0.000000 0.000000 0.500001 0.000000 0.000000 0.000006 0.000000 0.000000 0.000000 0.000000 0.000000 0.000000
the mean of prob-rank is 1.5263157894736843
the number of false negetive edges is 0
the number of probability greater than 0 is 3.0/edge
