20
 0.000000 0.000000 0.000000 0.000000 0.269530 0.000000 0.000000 0.000000 0.000000 0.000000 0.000000 0.000000 0.000000 0.000000 0.000000 0.362390 0.000000 0.000000 0.000000 0.368081
 0.000000 0.000000 0.000000 0.000000 0.000000 0.000000 0.499999 0.000000 0.000000 0.500001 0.000000 0.000000 0.000000 0.000000 0.000000 0.000000 0.000000 0.000000 0.000000 0.000000
 0.000000 0.000000 0.000000 0.262974 0.000000 0.000000 0.000000 0.000000 0.000000 0.000000 0.000000 0.000000 0.000000 0.000000 0.000000 0.000000 0.000000 0.384813 0.352213 0.000000
 0.000000 0.000000 0.202353 0.000000 0.000000 0.277200 0.000000 0.000000 0.000000 0.000000 0.000000 0.000000 0.000000 0.000000 0.000000 0.000000 0.000000 0.281640 0.238807 0.000000
 0.271966 0.000000 0.000000 0.000000 0.000000 0.000000 0.000000 0.371407 0.000000 0.000000 0.000000 0.000000 0.000000 0.000000 0.000000 0.000000 0.000000 0.000000 0.000000 0.356627
 0.000000 0.000000 0.000000 0.275074 0.000000 0.000000 0.000000 0.000000 0.276650 0.000000 0.000000 0.000000 0.000000 0.000000 0.000000 0.000000 0.275990 0.000000 0.172286 0.000000
 0.000000 0.357187 0.000000 0.000000 0.000000 0.000000 0.000000 0.000000 0.000000 0.000000 0.000000 0.301803 0.341010 0.000000 0.000000 0.000000 0.000000 0.000000 0.000000 0.000000
 0.000000 0.000000 0.000000 0.000000 0.500001 0.000000 0.000000 0.000000 0.000000 0.499999 0.000000 0.000000 0.000000 0.000000 0.000000 0.000000 0.000000 0.000000 0.000000 0.000000
 0.000000 0.000000 0.000000 0.000000 0.000000 0.264207 0.000000 0.000000 0.000000 0.000000 0.000000 0.259299 0.240015 0.000000 0.000000 0.000000 0.000000 0.236479 0.000000 0.000000
 0.000000 0.500001 0.000000 0.000000 0.000000 0.000000 0.000000 0.499999 0.000000 0.000000 0.000000 0.000000 0.000000 0.000000 0.000000 0.000000 0.000000 0.000000 0.000000 0.000000
 0.000000 0.000000 0.000000 0.000000 0.000000 0.000000 0.000000 0.000000 0.000000 0.000000 0.000000 0.000000 0.000000 0.499974 0.000000 0.000000 0.499973 0.000000 0.000053 0.000000
 0.000000 0.000000 0.000000 0.000000 0.000000 0.000000 0.305140 0.000000 0.333700 0.000000 0.000000 0.000000 0.361138 0.000000 0.000000 0.000000 0.000000 0.000021 0.000000 0.000000
 0.000000 0.000000 0.000000 0.000000 0.000000 0.000000 0.339751 0.000000 0.304378 0.000000 0.000000 0.355871 0.000000 0.000000 0.000000 0.000000 0.000000 0.000000 0.000000 0.000000
 0.000000 0.000000 0.000000 0.000000 0.000000 0.000000 0.000000 0.000000 0.000000 0.000000 0.500014 0.000000 0.000000 0.000000 0.499986 0.000000 0.000000 0.000000 0.000000 0.000000
 0.000000 0.000000 0.000000 0.000000 0.000000 0.000000 0.000000 0.000000 0.000000 0.000000 0.000000 0.000000 0.000000 0.499986 0.000000 0.500014 0.000000 0.000000 0.000000 0.000000
 0.389895 0.000000 0.000000 0.000000 0.000000 0.000000 0.000000 0.000000 0.000000 0.000000 0.000000 0.000000 0.000000 0.000000 0.396017 0.000000 0.000000 0.000000 0.000000 0.214088
 0.000000 0.000000 0.000000 0.000000 0.000000 0.329988 0.000000 0.000000 0.000000 0.000000 0.351323 0.000000 0.000000 0.000000 0.000000 0.000000 0.000000 0.000000 0.318689 0.000000
 0.000000 0.000000 0.357922 0.340436 0.000000 0.000000 0.000000 0.000000 0.301622 0.000000 0.000000 0.000021 0.000000 0.000000 0.000000 0.000000 0.000000 0.000000 0.000000 0.000000
 0.000000 0.000000 0.284663 0.250827 0.000000 0.182357 0.000000 0.000000 0.000000 0.000000 0.000033 0.000000 0.000000 0.000000 0.000000 0.000000 0.282120 0.000000 0.000000 0.000000
 0.399871 0.000000 0.000000 0.000000 0.383958 0.000000 0.000000 0.000000 0.000000 0.000000 0.000000 0.000000 0.000000 0.000000 0.000000 0.216171 0.000000 0.000000 0.000000 0.000000
the mean of prob-rank is 1.5263157894736843
the number of false negetive edges is 0
the number of probability greater than 0 is 3.1/edge
