20
 0.000000 0.000000 0.000000 0.000000 0.000000 0.000000 0.000000 0.000000 0.000000 0.000000 0.000000 0.000000 0.000000 0.499999 0.000000 0.500001 0.000000 0.000000 0.000000 0.000000
 0.000000 0.000000 0.204185 0.253583 0.000000 0.276576 0.001775 0.065841 0.000000 0.110950 0.000000 0.087090 0.000000 0.000000 0.000000 0.000000 0.000000 0.000000 0.000000 0.000000
 0.000000 0.190634 0.000000 0.000000 0.000000 0.001717 0.258145 0.134029 0.000000 0.001925 0.000000 0.205259 0.000000 0.000000 0.000000 0.208292 0.000000 0.000000 0.000000 0.000000
 0.000000 0.217849 0.000000 0.000000 0.000160 0.212040 0.000000 0.096860 0.000000 0.219275 0.000000 0.125110 0.000000 0.000000 0.000000 0.000000 0.000000 0.128706 0.000000 0.000000
 0.000000 0.000000 0.000000 0.000202 0.000000 0.198435 0.000000 0.000000 0.210468 0.000000 0.000000 0.000000 0.000000 0.000000 0.000000 0.000000 0.000000 0.300246 0.000000 0.290649
 0.000000 0.227682 0.001514 0.203187 0.150418 0.000000 0.000003 0.064613 0.000006 0.126939 0.000000 0.051976 0.000000 0.000000 0.000000 0.000000 0.000000 0.000010 0.000000 0.173652
 0.000000 0.003202 0.498812 0.000000 0.000000 0.000006 0.000000 0.000221 0.000000 0.000000 0.000000 0.001851 0.000000 0.000000 0.000000 0.495907 0.000000 0.000000 0.000000 0.000000
 0.000000 0.069661 0.151885 0.119290 0.000000 0.083042 0.000129 0.000000 0.000000 0.283391 0.000000 0.292603 0.000000 0.000000 0.000000 0.000000 0.000000 0.000000 0.000000 0.000000
 0.000000 0.000000 0.000000 0.000000 0.225068 0.000009 0.000000 0.000000 0.000000 0.000000 0.301303 0.000000 0.000000 0.000000 0.000000 0.000000 0.000000 0.152422 0.000000 0.321199
 0.000000 0.105807 0.001966 0.243411 0.000000 0.147051 0.000000 0.255435 0.000000 0.000000 0.000000 0.246330 0.000000 0.000000 0.000000 0.000000 0.000000 0.000000 0.000000 0.000000
 0.000000 0.000000 0.000000 0.000000 0.000000 0.000000 0.000000 0.000000 0.324510 0.000000 0.000000 0.000000 0.000000 0.000000 0.000000 0.000000 0.000000 0.328919 0.345939 0.000632
 0.000000 0.082817 0.209063 0.138487 0.000000 0.060040 0.000976 0.262988 0.000000 0.245629 0.000000 0.000000 0.000000 0.000000 0.000000 0.000000 0.000000 0.000000 0.000000 0.000000
 0.000000 0.000000 0.000000 0.000000 0.000000 0.000000 0.000000 0.000000 0.000000 0.000000 0.000000 0.000000 0.000000 0.500000 0.500000 0.000000 0.000000 0.000000 0.000000 0.000000
 0.499999 0.000000 0.000000 0.000000 0.000000 0.000000 0.000000 0.000000 0.000000 0.000000 0.000000 0.000000 0.500001 0.000000 0.000000 0.000000 0.000000 0.000000 0.000000 0.000000
 0.000000 0.000000 0.000000 0.000000 0.000000 0.000000 0.000000 0.000000 0.000000 0.000000 0.000000 0.000000 0.500000 0.000000 0.000000 0.000000 0.500000 0.000000 0.000000 0.000000
 0.357076 0.000000 0.288033 0.000000 0.000000 0.000000 0.354892 0.000000 0.000000 0.000000 0.000000 0.000000 0.000000 0.000000 0.000000 0.000000 0.000000 0.000000 0.000000 0.000000
 0.000000 0.000000 0.000000 0.000000 0.000000 0.000000 0.000000 0.000000 0.000000 0.000000 0.000000 0.000000 0.000000 0.000000 0.500001 0.000000 0.000000 0.000000 0.499999 0.000000
 0.000000 0.000000 0.000000 0.172148 0.317677 0.000013 0.000000 0.000000 0.150808 0.000000 0.302165 0.000000 0.000000 0.000000 0.000000 0.000000 0.000000 0.000000 0.000000 0.057189
 0.000000 0.000000 0.000000 0.000000 0.000000 0.000000 0.000000 0.000000 0.000000 0.000000 0.500001 0.000000 0.000000 0.000000 0.000000 0.000000 0.499999 0.000000 0.000000 0.000000
 0.000000 0.000000 0.000000 0.000000 0.332286 0.261903 0.000000 0.000000 0.343390 0.000000 0.000627 0.000000 0.000000 0.000000 0.000000 0.000000 0.000000 0.061794 0.000000 0.000000
the mean of prob-rank is 1.9473684210526316
the number of false negetive edges is 0
the number of probability greater than 0 is 4.9/edge
