20
 0.000000 0.000000 0.000012 0.000000 0.000000 0.365547 0.000000 0.000000 0.000000 0.000000 0.000000 0.000000 0.000000 0.000000 0.267055 0.000000 0.000000 0.000000 0.367386 0.000000
 0.000000 0.000000 0.000000 0.000000 0.000000 0.000000 0.000000 0.000000 0.000000 0.011679 0.000000 0.000000 0.000000 0.000000 0.000000 0.000000 0.000000 0.494157 0.494164 0.000000
 0.000010 0.000000 0.000000 0.222375 0.000000 0.195348 0.000000 0.000000 0.000011 0.000003 0.291558 0.000000 0.000048 0.000000 0.290648 0.000000 0.000000 0.000000 0.000000 0.000000
 0.000000 0.000000 0.276188 0.000000 0.000000 0.000105 0.000000 0.000000 0.000000 0.000000 0.356251 0.000000 0.000000 0.364716 0.002741 0.000000 0.000000 0.000000 0.000000 0.000000
 0.000000 0.000000 0.000000 0.000000 0.000000 0.000000 0.000000 0.000000 0.000000 0.489344 0.000000 0.000000 0.021309 0.000000 0.000000 0.489347 0.000000 0.000000 0.000000 0.000000
 0.373959 0.000000 0.250026 0.000108 0.000000 0.000000 0.000000 0.000000 0.000000 0.000000 0.000000 0.000000 0.000000 0.000000 0.375849 0.000000 0.000000 0.000000 0.000058 0.000000
 0.000000 0.000000 0.000000 0.000000 0.000000 0.000000 0.000000 0.000000 0.000000 0.000000 0.000000 0.109861 0.222823 0.000000 0.000000 0.000000 0.333368 0.000000 0.000000 0.333947
 0.000000 0.000000 0.000000 0.000000 0.000000 0.000000 0.000000 0.000000 0.350106 0.000000 0.285192 0.001321 0.000000 0.363381 0.000000 0.000000 0.000000 0.000000 0.000000 0.000000
 0.000000 0.000000 0.000011 0.000000 0.000000 0.000000 0.000000 0.284996 0.000000 0.000000 0.145395 0.275623 0.293976 0.000000 0.000000 0.000000 0.000000 0.000000 0.000000 0.000000
 0.000000 0.011679 0.000004 0.000000 0.494153 0.000000 0.000000 0.000000 0.000000 0.000000 0.000000 0.000000 0.000000 0.000000 0.000000 0.000006 0.000000 0.494157 0.000000 0.000000
 0.000000 0.000000 0.305871 0.300921 0.000000 0.000000 0.000000 0.241783 0.151425 0.000000 0.000000 0.000000 0.000000 0.000000 0.000000 0.000000 0.000000 0.000000 0.000000 0.000000
 0.000000 0.000000 0.000000 0.000000 0.000000 0.000000 0.103269 0.001144 0.293120 0.000000 0.000000 0.000000 0.287887 0.000000 0.000000 0.000000 0.314580 0.000000 0.000000 0.000000
 0.000000 0.000000 0.000044 0.000000 0.011727 0.000000 0.179306 0.000000 0.267639 0.000000 0.000000 0.246451 0.000000 0.000000 0.000000 0.112275 0.000000 0.000000 0.000000 0.182558
 0.000000 0.000000 0.000000 0.500000 0.000000 0.000000 0.000000 0.500000 0.000000 0.000000 0.000000 0.000000 0.000000 0.000000 0.000000 0.000000 0.000000 0.000000 0.000000 0.000000
 0.266830 0.000000 0.363327 0.002758 0.000000 0.367085 0.000000 0.000000 0.000000 0.000000 0.000000 0.000000 0.000000 0.000000 0.000000 0.000000 0.000000 0.000000 0.000000 0.000000
 0.000000 0.000000 0.000000 0.000000 0.414146 0.000000 0.000001 0.000000 0.000000 0.000005 0.000000 0.000000 0.172662 0.000000 0.000000 0.000000 0.000000 0.000000 0.000000 0.413186
 0.000000 0.000000 0.000000 0.000000 0.000000 0.000000 0.484281 0.000000 0.000000 0.000000 0.000000 0.486159 0.000000 0.000000 0.000000 0.000000 0.000000 0.000000 0.000000 0.029560
 0.000000 0.499997 0.000000 0.000000 0.000000 0.000000 0.000000 0.000000 0.000000 0.500003 0.000000 0.000000 0.000000 0.000000 0.000000 0.000000 0.000000 0.000000 0.000000 0.000000
 0.499956 0.499967 0.000000 0.000000 0.000000 0.000078 0.000000 0.000000 0.000000 0.000000 0.000000 0.000000 0.000000 0.000000 0.000000 0.000000 0.000000 0.000000 0.000000 0.000000
 0.000000 0.000000 0.000000 0.000000 0.000000 0.000000 0.364951 0.000000 0.000000 0.000000 0.000000 0.000000 0.247927 0.000000 0.000000 0.364884 0.022238 0.000000 0.000000 0.000000
the mean of prob-rank is 1.5263157894736843
the number of false negetive edges is 0
the number of probability greater than 0 is 4.2/edge
