20
 0.000000 0.000000 0.000000 0.491560 0.000000 0.000000 0.000000 0.000000 0.491448 0.000000 0.000000 0.000000 0.000000 0.016992 0.000000 0.000000 0.000000 0.000000 0.000000 0.000000
 0.000000 0.000000 0.000000 0.000000 0.000000 0.382519 0.000000 0.000000 0.000000 0.000000 0.000000 0.000000 0.000000 0.234789 0.000000 0.000000 0.000000 0.382692 0.000000 0.000000
 0.000000 0.000000 0.000000 0.000000 0.000000 0.000000 0.000000 0.000000 0.000000 0.000000 0.000000 0.000000 0.498559 0.000000 0.498487 0.000000 0.002954 0.000000 0.000000 0.000000
 0.499999 0.000000 0.000000 0.000000 0.000000 0.000000 0.500001 0.000000 0.000000 0.000000 0.000000 0.000000 0.000000 0.000000 0.000000 0.000000 0.000000 0.000000 0.000000 0.000000
 0.000000 0.000000 0.000000 0.000000 0.000000 0.000000 0.354075 0.000000 0.000000 0.370273 0.000000 0.275652 0.000000 0.000000 0.000000 0.000000 0.000000 0.000000 0.000000 0.000000
 0.000000 0.490668 0.000000 0.000000 0.000000 0.000000 0.000000 0.000000 0.000000 0.000000 0.000000 0.000000 0.000000 0.015766 0.000000 0.490885 0.000000 0.002681 0.000000 0.000000
 0.000000 0.000000 0.000000 0.379897 0.363276 0.000000 0.000000 0.000000 0.000000 0.256826 0.000000 0.000000 0.000000 0.000000 0.000000 0.000000 0.000000 0.000000 0.000000 0.000000
 0.000000 0.000000 0.000000 0.000000 0.000000 0.000000 0.000000 0.000000 0.000000 0.000000 0.000000 0.000000 0.000000 0.000000 0.000000 0.000000 0.500000 0.000000 0.000000 0.500000
 0.488756 0.000000 0.000000 0.000000 0.000000 0.000000 0.000000 0.000000 0.000000 0.000000 0.000485 0.021914 0.000000 0.488846 0.000000 0.000000 0.000000 0.000000 0.000000 0.000000
 0.000000 0.000000 0.000000 0.000000 0.377455 0.000000 0.255176 0.000000 0.000000 0.000000 0.000000 0.365815 0.001554 0.000000 0.000000 0.000000 0.000000 0.000000 0.000000 0.000000
 0.000000 0.000000 0.000000 0.000000 0.000000 0.000000 0.000000 0.000000 0.000496 0.000000 0.000000 0.499752 0.000000 0.000000 0.000000 0.000000 0.000000 0.000000 0.499752 0.000000
 0.000000 0.000000 0.000000 0.000000 0.269882 0.000000 0.000000 0.000000 0.016250 0.351343 0.362524 0.000000 0.000000 0.000000 0.000000 0.000000 0.000000 0.000000 0.000000 0.000000
 0.000000 0.000000 0.487712 0.000000 0.000000 0.000000 0.000000 0.000000 0.000000 0.002008 0.000000 0.000000 0.000000 0.000000 0.022640 0.000000 0.487641 0.000000 0.000000 0.000000
 0.012917 0.229259 0.000000 0.000000 0.000000 0.012001 0.000000 0.000000 0.373663 0.000000 0.000000 0.000000 0.000000 0.000000 0.000000 0.000000 0.000000 0.372159 0.000000 0.000000
 0.000000 0.000000 0.488621 0.000000 0.000000 0.000000 0.000000 0.000000 0.000000 0.000000 0.000000 0.000000 0.022685 0.000000 0.000000 0.000000 0.000002 0.000000 0.488692 0.000000
 0.000000 0.000000 0.000000 0.000000 0.000000 0.493743 0.000000 0.000000 0.000000 0.000000 0.000000 0.000000 0.000000 0.000000 0.000000 0.000000 0.000000 0.012510 0.000000 0.493747
 0.000000 0.000000 0.002954 0.000000 0.000000 0.000000 0.000000 0.498558 0.000000 0.000000 0.000000 0.000000 0.498486 0.000000 0.000002 0.000000 0.000000 0.000000 0.000000 0.000000
 0.000000 0.493406 0.000000 0.000000 0.000000 0.002695 0.000000 0.000000 0.000000 0.000000 0.000000 0.000000 0.000000 0.491398 0.000000 0.012502 0.000000 0.000000 0.000000 0.000000
 0.000000 0.000000 0.000000 0.000000 0.000000 0.000000 0.000000 0.000000 0.000000 0.000000 0.500000 0.000001 0.000000 0.000000 0.500000 0.000000 0.000000 0.000000 0.000000 0.000000
 0.000000 0.000000 0.000000 0.000000 0.000000 0.000000 0.000000 0.500000 0.000000 0.000000 0.000000 0.000000 0.000000 0.000000 0.000000 0.500000 0.000000 0.000000 0.000000 0.000000
the mean of prob-rank is 1.5263157894736843
the number of false negetive edges is 0
the number of probability greater than 0 is 3.3/edge
