20
 0.000000 0.000000 0.294341 0.000000 0.000000 0.000000 0.000000 0.000000 0.000000 0.000000 0.000000 0.357954 0.000000 0.000000 0.347705 0.000000 0.000000 0.000000 0.000000 0.000000
 0.000000 0.000000 0.000000 0.102858 0.000000 0.001415 0.000000 0.000000 0.000000 0.438451 0.003384 0.000000 0.000000 0.440465 0.000000 0.000000 0.000000 0.000000 0.013426 0.000000
 0.260352 0.000000 0.000000 0.000000 0.000000 0.000000 0.000000 0.000000 0.123731 0.000000 0.000000 0.000000 0.000000 0.000000 0.316615 0.000000 0.000000 0.000000 0.000000 0.299302
 0.000000 0.100213 0.000000 0.000000 0.000000 0.429039 0.426876 0.000000 0.000000 0.016580 0.000000 0.000000 0.000000 0.000000 0.000000 0.000000 0.027286 0.000000 0.000005 0.000000
 0.000000 0.000000 0.000000 0.000000 0.000000 0.000000 0.000000 0.440697 0.033242 0.000000 0.000000 0.000000 0.000004 0.000000 0.000000 0.000003 0.000000 0.442119 0.000012 0.083923
 0.000000 0.001476 0.000000 0.459056 0.000000 0.000000 0.080302 0.000000 0.000000 0.459166 0.000000 0.000000 0.000000 0.000000 0.000000 0.000000 0.000000 0.000000 0.000000 0.000000
 0.000000 0.000000 0.000000 0.415066 0.000000 0.072975 0.000000 0.000000 0.000000 0.016729 0.000000 0.000000 0.074462 0.000000 0.000000 0.000000 0.417270 0.000000 0.003497 0.000000
 0.000000 0.000000 0.000000 0.000000 0.363191 0.000000 0.000000 0.000000 0.352868 0.000000 0.000000 0.000000 0.084609 0.000000 0.000000 0.198119 0.000000 0.001213 0.000000 0.000000
 0.000000 0.000000 0.137176 0.000000 0.026392 0.000000 0.000000 0.339948 0.000000 0.000000 0.000000 0.000000 0.000000 0.000000 0.000000 0.351022 0.000000 0.000000 0.000000 0.145461
 0.000000 0.396643 0.000000 0.015395 0.000000 0.398469 0.015975 0.000000 0.000000 0.000000 0.000000 0.173518 0.000000 0.000000 0.000000 0.000000 0.000000 0.000000 0.000000 0.000000
 0.000000 0.003127 0.000000 0.000000 0.000000 0.000000 0.000000 0.000000 0.000000 0.000000 0.000000 0.403778 0.000000 0.406981 0.185927 0.000000 0.000000 0.000006 0.000000 0.000182
 0.383101 0.000000 0.000000 0.000000 0.000000 0.000000 0.000000 0.000000 0.000000 0.166826 0.380086 0.000000 0.000000 0.000000 0.069988 0.000000 0.000000 0.000000 0.000000 0.000000
 0.000000 0.000000 0.000000 0.000000 0.000004 0.000000 0.074746 0.097264 0.000000 0.000000 0.000000 0.000000 0.000000 0.000000 0.000000 0.401614 0.000000 0.007814 0.418558 0.000000
 0.000000 0.486981 0.000000 0.000000 0.000000 0.000000 0.000000 0.000000 0.000000 0.000000 0.486985 0.000000 0.000000 0.000000 0.000000 0.000000 0.000000 0.026031 0.000004 0.000000
 0.278259 0.000000 0.286457 0.000000 0.000000 0.000000 0.000000 0.000000 0.000000 0.000000 0.130868 0.052333 0.000000 0.000000 0.000000 0.000000 0.000000 0.000000 0.000000 0.252083
 0.000000 0.000000 0.000000 0.000000 0.000003 0.000000 0.000000 0.217272 0.399589 0.000000 0.000000 0.000000 0.383135 0.000000 0.000000 0.000000 0.000000 0.000000 0.000000 0.000001
 0.000000 0.000000 0.000000 0.030813 0.000000 0.000000 0.484603 0.000000 0.000000 0.000000 0.000000 0.000000 0.000000 0.000000 0.000000 0.000000 0.000000 0.000000 0.484585 0.000000
 0.000000 0.000000 0.000000 0.000000 0.475272 0.000000 0.000000 0.001582 0.000000 0.000000 0.000007 0.000000 0.008866 0.025405 0.000000 0.000000 0.000000 0.000000 0.015292 0.473576
 0.000000 0.014723 0.000000 0.000006 0.000013 0.000000 0.004048 0.000000 0.000000 0.000000 0.000000 0.000000 0.482667 0.000003 0.000000 0.000000 0.482998 0.015541 0.000000 0.000000
 0.000000 0.000000 0.275890 0.000000 0.055400 0.000000 0.000000 0.000000 0.120942 0.000000 0.000130 0.000000 0.000000 0.000000 0.256827 0.000000 0.000000 0.290811 0.000000 0.000000
the mean of prob-rank is 1.894736842105263
the number of false negetive edges is 0
the number of probability greater than 0 is 5.2/edge
