20
 0.000000 0.000000 0.000000 0.418111 0.424836 0.000000 0.000000 0.000000 0.000000 0.000000 0.000000 0.000000 0.072505 0.000000 0.000000 0.000000 0.080378 0.004170 0.000000 0.000000
 0.000000 0.000000 0.461423 0.000000 0.000000 0.000000 0.000000 0.000000 0.000000 0.000000 0.464432 0.000000 0.000000 0.000000 0.000000 0.000000 0.063879 0.000000 0.010266 0.000000
 0.000000 0.419017 0.000000 0.000000 0.000000 0.132061 0.000000 0.000000 0.000000 0.003886 0.000000 0.000000 0.000000 0.000000 0.000000 0.000000 0.022885 0.000000 0.421758 0.000393
 0.324209 0.000000 0.000000 0.000000 0.162707 0.000000 0.000000 0.000000 0.000000 0.000000 0.000000 0.000000 0.020378 0.167990 0.324716 0.000000 0.000000 0.000000 0.000000 0.000000
 0.364875 0.000000 0.000000 0.180218 0.000000 0.000000 0.000000 0.000000 0.000000 0.000000 0.000000 0.000000 0.355986 0.000000 0.000000 0.000000 0.001865 0.097057 0.000000 0.000000
 0.000000 0.000000 0.130421 0.000000 0.000000 0.000000 0.000000 0.000000 0.000000 0.415525 0.000000 0.000000 0.000000 0.000000 0.000000 0.000000 0.416520 0.022615 0.014898 0.000021
 0.000000 0.000000 0.000000 0.000000 0.000000 0.000000 0.000000 0.000000 0.405767 0.000000 0.000000 0.401951 0.000000 0.000000 0.000000 0.192282 0.000000 0.000000 0.000000 0.000000
 0.000000 0.000000 0.000000 0.000000 0.000000 0.000000 0.000000 0.000000 0.000000 0.053980 0.000000 0.000000 0.182818 0.242234 0.000000 0.237000 0.000000 0.147917 0.000000 0.136051
 0.000000 0.000000 0.000000 0.000000 0.000000 0.000000 0.415709 0.000000 0.000000 0.000000 0.000000 0.167854 0.000000 0.000000 0.002487 0.413950 0.000000 0.000000 0.000000 0.000000
 0.000000 0.000000 0.003598 0.000000 0.000000 0.389614 0.000000 0.083459 0.000000 0.000000 0.000000 0.000000 0.000000 0.000000 0.000000 0.000000 0.002166 0.040857 0.093406 0.386899
 0.000000 0.499994 0.000000 0.000000 0.000000 0.000000 0.000000 0.000000 0.000000 0.000000 0.000000 0.500006 0.000000 0.000000 0.000000 0.000000 0.000000 0.000000 0.000000 0.000000
 0.000000 0.000000 0.000000 0.000000 0.000000 0.000000 0.413718 0.000000 0.168636 0.000000 0.417646 0.000000 0.000000 0.000000 0.000000 0.000000 0.000000 0.000000 0.000000 0.000000
 0.056882 0.000000 0.000000 0.020617 0.325174 0.000000 0.000000 0.241220 0.000000 0.000000 0.000000 0.000000 0.000000 0.023638 0.000000 0.000000 0.000000 0.332470 0.000000 0.000000
 0.000000 0.000000 0.000000 0.152336 0.000000 0.000000 0.000000 0.286467 0.000000 0.000000 0.000000 0.000000 0.021186 0.000000 0.298721 0.241290 0.000000 0.000000 0.000000 0.000000
 0.000000 0.000000 0.000000 0.389130 0.000000 0.000000 0.000000 0.000000 0.002362 0.000000 0.000000 0.000000 0.000000 0.394765 0.000000 0.213743 0.000000 0.000000 0.000000 0.000000
 0.000000 0.000000 0.000000 0.000000 0.000000 0.000000 0.108201 0.214232 0.227367 0.000000 0.000000 0.000000 0.000000 0.184432 0.123628 0.000000 0.000000 0.000000 0.000115 0.142025
 0.079610 0.057873 0.022832 0.000000 0.002151 0.420776 0.000000 0.000000 0.000000 0.002333 0.000000 0.000000 0.000000 0.000000 0.000000 0.000000 0.000000 0.414425 0.000000 0.000000
 0.003268 0.000000 0.000000 0.000000 0.088572 0.018079 0.000000 0.194985 0.000000 0.034835 0.000000 0.000000 0.332154 0.000000 0.000000 0.000000 0.327952 0.000000 0.000000 0.000155
 0.000000 0.009632 0.435751 0.000000 0.000000 0.015586 0.000000 0.000000 0.000000 0.104217 0.000000 0.000000 0.000000 0.000000 0.000000 0.000220 0.000000 0.000000 0.000000 0.434594
 0.000000 0.000000 0.000296 0.000000 0.000000 0.000016 0.000000 0.170983 0.000000 0.314488 0.000000 0.000000 0.000000 0.000000 0.000000 0.197458 0.000000 0.000148 0.316611 0.000000
the mean of prob-rank is 1.5263157894736843
the number of false negetive edges is 0
the number of probability greater than 0 is 5.3/edge
