20
 0.000000 0.500000 0.000000 0.000000 0.000000 0.000000 0.000000 0.000000 0.000000 0.000000 0.000000 0.000000 0.000000 0.000000 0.000000 0.000000 0.000000 0.500000 0.000000 0.000000
 0.500000 0.000000 0.000000 0.000000 0.000000 0.000000 0.000000 0.000000 0.000000 0.000000 0.000000 0.000000 0.000000 0.000000 0.000000 0.000000 0.000000 0.000000 0.000000 0.500000
 0.000000 0.000000 0.000000 0.000000 0.000000 0.000000 0.000000 0.000000 0.000000 0.499999 0.000000 0.000000 0.000000 0.000000 0.000000 0.000000 0.000000 0.500001 0.000000 0.000000
 0.000000 0.000000 0.000000 0.000000 0.000000 0.417285 0.000000 0.115427 0.000000 0.000000 0.000000 0.000000 0.049645 0.000000 0.000000 0.000000 0.417642 0.000000 0.000000 0.000000
 0.000000 0.000000 0.000000 0.000000 0.000000 0.000000 0.000000 0.000000 0.000000 0.000000 0.493071 0.493099 0.000000 0.000000 0.013737 0.000000 0.000000 0.000000 0.000092 0.000000
 0.000000 0.000000 0.000000 0.433769 0.000000 0.000000 0.434239 0.000001 0.000000 0.000000 0.000000 0.000000 0.000245 0.000000 0.000000 0.000000 0.131747 0.000000 0.000000 0.000000
 0.000000 0.000000 0.000000 0.000000 0.000000 0.403765 0.000000 0.061301 0.000000 0.000000 0.000000 0.081766 0.400214 0.000000 0.000000 0.052954 0.000000 0.000000 0.000000 0.000000
 0.000000 0.000000 0.000000 0.088815 0.000000 0.000001 0.048800 0.000000 0.000000 0.219899 0.000000 0.000000 0.318184 0.000000 0.000000 0.288948 0.035353 0.000000 0.000000 0.000000
 0.000000 0.000000 0.000000 0.000000 0.000000 0.000000 0.000000 0.000000 0.000000 0.000000 0.000000 0.000000 0.000000 0.500001 0.000000 0.000000 0.000000 0.000000 0.499999 0.000000
 0.000000 0.000000 0.374231 0.000000 0.000000 0.000000 0.000000 0.255964 0.000000 0.000000 0.000000 0.000000 0.000000 0.000000 0.000000 0.000000 0.369805 0.000000 0.000000 0.000000
 0.000000 0.000000 0.000000 0.000000 0.493480 0.000000 0.000000 0.000000 0.000000 0.000000 0.000000 0.002561 0.000000 0.000000 0.493494 0.010465 0.000000 0.000000 0.000000 0.000000
 0.000000 0.000000 0.000000 0.000000 0.454980 0.000000 0.092115 0.000000 0.000000 0.000000 0.002361 0.000000 0.000000 0.000000 0.000001 0.450543 0.000000 0.000000 0.000000 0.000000
 0.000000 0.000000 0.000000 0.039868 0.000000 0.000189 0.332523 0.332091 0.000000 0.000000 0.000000 0.000000 0.000000 0.000000 0.000000 0.248753 0.046576 0.000000 0.000000 0.000000
 0.000000 0.000000 0.000000 0.000000 0.000000 0.000000 0.000000 0.000000 0.500000 0.000000 0.000000 0.000000 0.000000 0.000000 0.000000 0.000000 0.000000 0.000000 0.000000 0.500000
 0.000000 0.000000 0.000000 0.000000 0.013738 0.000000 0.000000 0.000000 0.000000 0.000000 0.493123 0.000001 0.000000 0.000000 0.000000 0.000000 0.000000 0.000000 0.493137 0.000000
 0.000000 0.000000 0.000000 0.000000 0.000000 0.000000 0.047120 0.322980 0.000000 0.000000 0.007621 0.355864 0.266407 0.000000 0.000000 0.000000 0.000008 0.000000 0.000000 0.000000
 0.000000 0.000000 0.000000 0.393544 0.000000 0.119427 0.000000 0.043295 0.000000 0.389073 0.000000 0.000000 0.054650 0.000000 0.000000 0.000009 0.000000 0.000000 0.000000 0.000000
 0.500000 0.000000 0.500000 0.000000 0.000000 0.000000 0.000000 0.000000 0.000000 0.000000 0.000000 0.000000 0.000000 0.000000 0.000000 0.000000 0.000000 0.000000 0.000000 0.000000
 0.000000 0.000000 0.000000 0.000000 0.000093 0.000000 0.000000 0.000000 0.499953 0.000000 0.000000 0.000000 0.000000 0.000000 0.499954 0.000000 0.000000 0.000000 0.000000 0.000000
 0.000000 0.500000 0.000000 0.000000 0.000000 0.000000 0.000000 0.000000 0.000000 0.000000 0.000000 0.000000 0.000000 0.500000 0.000000 0.000000 0.000000 0.000000 0.000000 0.000000
the mean of prob-rank is 1.5263157894736843
the number of false negetive edges is 0
the number of probability greater than 0 is 3.7/edge
