20
 0.000000 0.000000 0.000000 0.000000 0.000000 0.000000 0.000000 0.000000 0.000000 0.000000 0.000000 0.000000 0.500000 0.500000 0.000000 0.000000 0.000000 0.000000 0.000000 0.000000
 0.000000 0.000000 0.000000 0.000000 0.000000 0.499051 0.000000 0.000000 0.000008 0.000000 0.000000 0.000000 0.000000 0.000000 0.000000 0.000000 0.000000 0.001882 0.499059 0.000000
 0.000000 0.000000 0.000000 0.000000 0.000000 0.000000 0.000000 0.000000 0.000000 0.000000 0.000000 0.000000 0.000000 0.000000 0.000000 0.000000 0.499734 0.499734 0.000000 0.000532
 0.000000 0.000000 0.000000 0.000000 0.000000 0.000000 0.000000 0.000000 0.000000 0.498280 0.003338 0.000000 0.000000 0.498382 0.000000 0.000000 0.000000 0.000000 0.000000 0.000000
 0.000000 0.000000 0.000000 0.000000 0.000000 0.000000 0.499564 0.000000 0.000000 0.000000 0.000000 0.000000 0.001057 0.000000 0.000000 0.499379 0.000000 0.000000 0.000000 0.000000
 0.000000 0.499743 0.000000 0.000000 0.000000 0.000000 0.000000 0.000000 0.499751 0.000000 0.000000 0.000000 0.000000 0.000000 0.000000 0.000000 0.000000 0.000000 0.000506 0.000000
 0.000000 0.000000 0.000000 0.000000 0.500011 0.000000 0.000000 0.000000 0.000000 0.000000 0.000000 0.000000 0.499989 0.000000 0.000000 0.000000 0.000000 0.000000 0.000000 0.000000
 0.000000 0.000000 0.000000 0.000000 0.000000 0.000000 0.000000 0.000000 0.000000 0.499678 0.499658 0.000044 0.000000 0.000000 0.000000 0.000000 0.000620 0.000000 0.000000 0.000000
 0.000000 0.000008 0.000000 0.000000 0.000000 0.491939 0.000000 0.000000 0.000000 0.000000 0.000000 0.000000 0.000000 0.000000 0.491903 0.016150 0.000000 0.000000 0.000000 0.000000
 0.000000 0.000000 0.000000 0.498564 0.000000 0.000000 0.000000 0.498665 0.000000 0.000000 0.002771 0.000000 0.000000 0.000000 0.000000 0.000000 0.000000 0.000000 0.000000 0.000000
 0.000000 0.000000 0.000000 0.003329 0.000000 0.000000 0.000000 0.496959 0.000000 0.002762 0.000000 0.496951 0.000000 0.000000 0.000000 0.000000 0.000000 0.000000 0.000000 0.000000
 0.000000 0.000000 0.000000 0.000000 0.000000 0.000000 0.000000 0.000044 0.000000 0.000000 0.499839 0.000000 0.000000 0.000000 0.000000 0.000000 0.000252 0.000000 0.000000 0.499865
 0.499484 0.000000 0.000000 0.000000 0.001057 0.000000 0.499459 0.000000 0.000000 0.000000 0.000000 0.000000 0.000000 0.000000 0.000000 0.000000 0.000000 0.000000 0.000000 0.000000
 0.500000 0.000000 0.000000 0.500000 0.000000 0.000000 0.000000 0.000000 0.000000 0.000000 0.000000 0.000000 0.000000 0.000000 0.000000 0.000000 0.000000 0.000000 0.000000 0.000000
 0.000000 0.000000 0.000000 0.000000 0.000000 0.000000 0.000000 0.000000 0.499982 0.000000 0.000000 0.000000 0.000000 0.000000 0.000000 0.500018 0.000000 0.000000 0.000000 0.000000
 0.000000 0.000000 0.000000 0.000000 0.491832 0.000000 0.000000 0.000000 0.016152 0.000000 0.000000 0.000000 0.000000 0.000000 0.492016 0.000000 0.000000 0.000000 0.000000 0.000000
 0.000000 0.000000 0.499566 0.000000 0.000000 0.000000 0.000000 0.000620 0.000000 0.000000 0.000000 0.000252 0.000000 0.000000 0.000000 0.000000 0.000000 0.000000 0.000000 0.499562
 0.000000 0.001882 0.499151 0.000000 0.000000 0.000000 0.000000 0.000000 0.000000 0.000000 0.000000 0.000000 0.000000 0.000000 0.000000 0.000000 0.000000 0.000000 0.498967 0.000000
 0.000000 0.499839 0.000000 0.000000 0.000000 0.000506 0.000000 0.000000 0.000000 0.000000 0.000000 0.000000 0.000000 0.000000 0.000000 0.000000 0.000000 0.499654 0.000000 0.000000
 0.000000 0.000000 0.000532 0.000000 0.000000 0.000000 0.000000 0.000000 0.000000 0.000000 0.000000 0.499735 0.000000 0.000000 0.000000 0.000000 0.499733 0.000000 0.000000 0.000000
the mean of prob-rank is 1.5263157894736843
the number of false negetive edges is 0
the number of probability greater than 0 is 3.1/edge
