20
 0.000000 0.000000 0.000000 0.000000 0.450749 0.103075 0.000000 0.000000 0.000000 0.000000 0.446176 0.000000 0.000000 0.000000 0.000000 0.000000 0.000000 0.000000 0.000000 0.000000
 0.000000 0.000000 0.000000 0.000000 0.000000 0.000000 0.466006 0.000000 0.000000 0.466831 0.067164 0.000000 0.000000 0.000000 0.000000 0.000000 0.000000 0.000000 0.000000 0.000000
 0.000000 0.000000 0.000000 0.000000 0.000000 0.000000 0.000000 0.000000 0.000000 0.000000 0.000000 0.000000 0.000000 0.000000 0.000000 0.000000 0.000000 0.499999 0.000000 0.500001
 0.000000 0.000000 0.000000 0.000000 0.000000 0.000000 0.000000 0.000000 0.356634 0.000000 0.000000 0.000000 0.000000 0.000000 0.319414 0.000000 0.323953 0.000000 0.000000 0.000000
 0.499998 0.000000 0.000000 0.000000 0.000000 0.000000 0.000000 0.000000 0.000000 0.000000 0.000000 0.500002 0.000000 0.000000 0.000000 0.000000 0.000000 0.000000 0.000000 0.000000
 0.102874 0.000000 0.000000 0.000000 0.000000 0.000000 0.000000 0.449873 0.000000 0.000000 0.447253 0.000000 0.000000 0.000000 0.000000 0.000000 0.000000 0.000000 0.000000 0.000000
 0.000000 0.454467 0.000000 0.000000 0.000000 0.000000 0.000000 0.000000 0.000000 0.000000 0.090243 0.000000 0.455290 0.000000 0.000000 0.000000 0.000000 0.000000 0.000000 0.000000
 0.000000 0.000000 0.000000 0.000000 0.000000 0.353000 0.000000 0.000000 0.309237 0.000000 0.000000 0.000000 0.000000 0.000000 0.337762 0.000000 0.000000 0.000000 0.000000 0.000000
 0.000000 0.000000 0.000000 0.356415 0.000000 0.000000 0.000000 0.312229 0.000000 0.000000 0.000000 0.000000 0.000000 0.000000 0.331357 0.000000 0.000000 0.000000 0.000000 0.000000
 0.000000 0.498997 0.000000 0.000000 0.000000 0.000000 0.000000 0.000000 0.000000 0.000000 0.001986 0.499017 0.000000 0.000000 0.000000 0.000000 0.000000 0.000000 0.000000 0.000000
 0.424813 0.061743 0.000000 0.000000 0.000000 0.426671 0.085066 0.000000 0.000000 0.001708 0.000000 0.000000 0.000000 0.000000 0.000000 0.000000 0.000000 0.000000 0.000000 0.000000
 0.000000 0.000000 0.000000 0.000000 0.500000 0.000000 0.000000 0.000000 0.000000 0.500000 0.000000 0.000000 0.000000 0.000000 0.000000 0.000000 0.000000 0.000000 0.000000 0.000000
 0.000000 0.000000 0.000000 0.000000 0.000000 0.000000 0.500000 0.000000 0.000000 0.000000 0.000000 0.000000 0.000000 0.000000 0.000000 0.000000 0.000000 0.500000 0.000000 0.000000
 0.000000 0.000000 0.000000 0.000000 0.000000 0.000000 0.000000 0.000000 0.000000 0.000000 0.000000 0.000000 0.000000 0.000000 0.003631 0.000001 0.498179 0.000000 0.498189 0.000000
 0.000000 0.000000 0.000000 0.243995 0.000000 0.000000 0.000000 0.260667 0.253273 0.000000 0.000000 0.000000 0.000000 0.001986 0.000000 0.000000 0.240079 0.000000 0.000000 0.000000
 0.000000 0.000000 0.000000 0.000000 0.000000 0.000000 0.000000 0.000000 0.000000 0.000000 0.000000 0.000000 0.000000 0.000001 0.000000 0.000000 0.000000 0.000000 0.499999 0.499999
 0.000000 0.000000 0.000000 0.325624 0.000000 0.000000 0.000000 0.000000 0.000000 0.000000 0.000000 0.000000 0.000000 0.358467 0.315909 0.000000 0.000000 0.000000 0.000000 0.000000
 0.000000 0.000000 0.499999 0.000000 0.000000 0.000000 0.000000 0.000000 0.000000 0.000000 0.000000 0.000000 0.500001 0.000000 0.000000 0.000000 0.000000 0.000000 0.000000 0.000000
 0.000000 0.000000 0.000000 0.000000 0.000000 0.000000 0.000000 0.000000 0.000000 0.000000 0.000000 0.000000 0.000000 0.499999 0.000000 0.500001 0.000000 0.000000 0.000000 0.000000
 0.000000 0.000000 0.500000 0.000000 0.000000 0.000000 0.000000 0.000000 0.000000 0.000000 0.000000 0.000000 0.000000 0.000000 0.000000 0.500000 0.000000 0.000000 0.000000 0.000000
the mean of prob-rank is 1.5789473684210527
the number of false negetive edges is 0
the number of probability greater than 0 is 2.9/edge
