20
 0.000000 0.000000 0.000000 0.000000 0.000000 0.003363 0.000000 0.000000 0.000000 0.000000 0.000000 0.000000 0.000000 0.488848 0.000000 0.488910 0.001667 0.000000 0.017212 0.000000
 0.000000 0.000000 0.248925 0.000000 0.000004 0.000000 0.000000 0.162979 0.000000 0.035598 0.264427 0.000000 0.170110 0.000000 0.000000 0.000000 0.000000 0.000000 0.000000 0.117958
 0.000000 0.305897 0.000000 0.000000 0.328302 0.000000 0.000000 0.000058 0.000000 0.331374 0.000000 0.034334 0.000000 0.000000 0.000000 0.000000 0.000000 0.000000 0.000031 0.000004
 0.000000 0.000000 0.000000 0.000000 0.000000 0.000000 0.000000 0.000000 0.499999 0.000000 0.000000 0.000000 0.000000 0.000000 0.000000 0.000000 0.000000 0.500001 0.000000 0.000000
 0.000000 0.000004 0.322089 0.000000 0.000000 0.009550 0.000000 0.000000 0.001044 0.203451 0.000000 0.137531 0.000000 0.000000 0.000128 0.000000 0.000000 0.000000 0.326201 0.000001
 0.003265 0.000000 0.000000 0.000000 0.013894 0.000000 0.000000 0.000000 0.000000 0.000000 0.000000 0.000000 0.000000 0.474645 0.474553 0.000000 0.000000 0.000000 0.033644 0.000000
 0.000000 0.000000 0.000000 0.000000 0.000000 0.000000 0.000000 0.000000 0.000000 0.000000 0.000000 0.000000 0.000000 0.000000 0.500001 0.000000 0.000000 0.499999 0.000000 0.000000
 0.000000 0.232345 0.000067 0.000000 0.000000 0.000000 0.000000 0.000000 0.000000 0.000000 0.380912 0.379580 0.000000 0.000000 0.000000 0.000000 0.000000 0.000000 0.000000 0.007096
 0.000000 0.000000 0.000000 0.499201 0.001597 0.000000 0.000000 0.000000 0.000000 0.000000 0.000000 0.499202 0.000000 0.000000 0.000000 0.000000 0.000000 0.000000 0.000000 0.000000
 0.000000 0.033827 0.256241 0.000000 0.160357 0.000000 0.000000 0.000000 0.000000 0.000000 0.000000 0.000000 0.099283 0.000000 0.000000 0.000000 0.000000 0.000000 0.243328 0.206962
 0.000000 0.388590 0.000000 0.000000 0.000000 0.000000 0.000000 0.392652 0.000000 0.000000 0.000000 0.000000 0.000000 0.000000 0.000000 0.000000 0.000000 0.000000 0.000000 0.218758
 0.000000 0.000000 0.041156 0.000000 0.168039 0.000000 0.000000 0.392209 0.398596 0.000000 0.000000 0.000000 0.000000 0.000000 0.000000 0.000000 0.000000 0.000000 0.000000 0.000000
 0.000000 0.187517 0.000000 0.000000 0.000000 0.000000 0.000000 0.000000 0.000000 0.115173 0.000000 0.000000 0.000000 0.000000 0.000000 0.000000 0.293545 0.000000 0.105483 0.298282
 0.446248 0.000000 0.000000 0.000000 0.000000 0.446308 0.000000 0.000000 0.000000 0.000000 0.000000 0.000000 0.000000 0.000000 0.008668 0.001090 0.097687 0.000000 0.000000 0.000000
 0.000000 0.000000 0.000000 0.000000 0.000195 0.495045 0.495144 0.000000 0.000000 0.000000 0.000000 0.000000 0.000000 0.009616 0.000000 0.000000 0.000000 0.000000 0.000000 0.000000
 0.499385 0.000000 0.000000 0.000000 0.000000 0.000000 0.000000 0.000000 0.000000 0.000000 0.000000 0.000000 0.000000 0.001219 0.000000 0.000000 0.499394 0.000000 0.000002 0.000000
 0.001543 0.000000 0.000000 0.000000 0.000000 0.000000 0.000000 0.000000 0.000000 0.000000 0.000000 0.000000 0.445497 0.099082 0.000000 0.452686 0.000000 0.000000 0.001191 0.000000
 0.000000 0.000000 0.000000 0.500001 0.000000 0.000000 0.499999 0.000000 0.000000 0.000000 0.000000 0.000000 0.000000 0.000000 0.000000 0.000000 0.000000 0.000000 0.000000 0.000000
 0.011176 0.000000 0.000030 0.000000 0.317420 0.022501 0.000000 0.000000 0.000000 0.300409 0.000000 0.000000 0.112262 0.000000 0.000000 0.000001 0.000835 0.000000 0.000000 0.235366
 0.000000 0.122768 0.000003 0.000000 0.000001 0.000000 0.000000 0.005181 0.000000 0.226680 0.154931 0.000000 0.281628 0.000000 0.000000 0.000000 0.000000 0.000000 0.208807 0.000000
the mean of prob-rank is 1.5789473684210527
the number of false negetive edges is 0
the number of probability greater than 0 is 5.0/edge
