20
 0.000000 0.000000 0.000000 0.000000 0.000661 0.499127 0.000000 0.000000 0.000000 0.499162 0.000000 0.000957 0.000000 0.000000 0.000000 0.000000 0.000089 0.000000 0.000000 0.000003
 0.000000 0.000000 0.500000 0.000000 0.000000 0.000000 0.000000 0.000000 0.000000 0.000000 0.000000 0.000000 0.000000 0.000000 0.000000 0.499999 0.000000 0.000000 0.000000 0.000001
 0.000000 0.456994 0.000000 0.000001 0.000000 0.000000 0.000000 0.000000 0.070415 0.000000 0.000000 0.000000 0.455311 0.000000 0.017278 0.000001 0.000000 0.000000 0.000000 0.000000
 0.000000 0.000000 0.000001 0.000000 0.499447 0.000000 0.499562 0.000000 0.000000 0.000000 0.000000 0.000991 0.000000 0.000000 0.000000 0.000000 0.000000 0.000000 0.000000 0.000000
 0.000662 0.000000 0.000000 0.499612 0.000000 0.000000 0.000000 0.000000 0.000000 0.000000 0.000000 0.000000 0.000000 0.000000 0.000000 0.000000 0.499726 0.000000 0.000000 0.000000
 0.499072 0.000000 0.000000 0.000000 0.000000 0.000000 0.000000 0.000000 0.000000 0.000000 0.000000 0.000000 0.000000 0.000000 0.000000 0.000000 0.499106 0.000000 0.000000 0.001822
 0.000000 0.000000 0.000000 0.500000 0.000000 0.000000 0.000000 0.000000 0.000000 0.000000 0.000000 0.000000 0.000000 0.000000 0.000000 0.000000 0.000000 0.500000 0.000000 0.000000
 0.000000 0.000000 0.000000 0.000000 0.000000 0.000000 0.000000 0.000000 0.000000 0.000000 0.500000 0.000000 0.000000 0.000000 0.000000 0.000000 0.000000 0.500000 0.000000 0.000000
 0.000000 0.000000 0.071541 0.000000 0.000000 0.000000 0.000000 0.000000 0.000000 0.000000 0.000000 0.000000 0.463286 0.000872 0.464301 0.000000 0.000000 0.000000 0.000000 0.000000
 0.499999 0.000000 0.000000 0.000000 0.000000 0.000000 0.000000 0.000000 0.000000 0.000000 0.000000 0.500001 0.000000 0.000000 0.000000 0.000000 0.000000 0.000000 0.000000 0.000000
 0.000000 0.000000 0.000000 0.000000 0.000000 0.000000 0.000000 0.500002 0.000000 0.000000 0.000000 0.000000 0.000000 0.499998 0.000000 0.000000 0.000000 0.000000 0.000000 0.000000
 0.000956 0.000000 0.000000 0.000990 0.000000 0.000000 0.000000 0.000000 0.000000 0.499046 0.000000 0.000000 0.000000 0.000000 0.000000 0.000000 0.000000 0.000000 0.000000 0.499008
 0.000000 0.000000 0.362095 0.000000 0.000000 0.000000 0.000000 0.000000 0.362639 0.000000 0.000000 0.000000 0.000000 0.147765 0.127500 0.000000 0.000000 0.000000 0.000000 0.000000
 0.000000 0.000000 0.000000 0.000000 0.000000 0.000000 0.000000 0.000000 0.000783 0.000000 0.417275 0.000000 0.169657 0.000000 0.412285 0.000000 0.000000 0.000000 0.000000 0.000000
 0.000000 0.000000 0.015801 0.000000 0.000000 0.000000 0.000000 0.000000 0.417938 0.000000 0.000000 0.000000 0.146621 0.412937 0.000000 0.000000 0.000000 0.000000 0.006703 0.000000
 0.000000 0.496743 0.000001 0.000000 0.000000 0.000000 0.000000 0.000000 0.000000 0.000000 0.000000 0.000000 0.000000 0.000000 0.000000 0.000000 0.000000 0.000000 0.496744 0.006513
 0.000089 0.000000 0.000000 0.000000 0.499957 0.499954 0.000000 0.000000 0.000000 0.000000 0.000000 0.000000 0.000000 0.000000 0.000000 0.000000 0.000000 0.000000 0.000000 0.000000
 0.000000 0.000000 0.000000 0.000000 0.000000 0.000000 0.500000 0.500000 0.000000 0.000000 0.000000 0.000000 0.000000 0.000000 0.000000 0.000000 0.000000 0.000000 0.000000 0.000000
 0.000000 0.000000 0.000000 0.000000 0.000000 0.000000 0.000000 0.000000 0.000000 0.000000 0.000000 0.000000 0.000000 0.000000 0.007955 0.496037 0.000000 0.000000 0.000000 0.496008
 0.000003 0.000001 0.000000 0.000000 0.000000 0.001810 0.000000 0.000000 0.000000 0.000000 0.000000 0.495838 0.000000 0.000000 0.000000 0.006501 0.000000 0.000000 0.495847 0.000000
the mean of prob-rank is 1.5263157894736843
the number of false negetive edges is 0
the number of probability greater than 0 is 3.3/edge
