20
 0.000000 0.000000 0.500001 0.000000 0.000000 0.000000 0.000000 0.000000 0.000000 0.000000 0.000000 0.000000 0.499999 0.000000 0.000000 0.000000 0.000000 0.000000 0.000000 0.000000
 0.000000 0.000000 0.000000 0.000000 0.463293 0.000000 0.000000 0.000000 0.000007 0.000000 0.000000 0.056677 0.000000 0.000000 0.000000 0.017332 0.000000 0.462690 0.000000 0.000000
 0.500000 0.000000 0.000000 0.000000 0.000000 0.000000 0.000000 0.000000 0.000000 0.000000 0.000000 0.000000 0.000000 0.000000 0.000000 0.000000 0.000000 0.000000 0.000000 0.500000
 0.000000 0.000000 0.000000 0.000000 0.000000 0.000000 0.000000 0.000000 0.000000 0.000000 0.000000 0.000000 0.000000 0.500003 0.000000 0.000000 0.499997 0.000000 0.000000 0.000000
 0.000000 0.499754 0.000000 0.000000 0.000000 0.000000 0.000000 0.000000 0.000000 0.000000 0.000000 0.499761 0.000000 0.000000 0.000000 0.000000 0.000000 0.000485 0.000000 0.000000
 0.000000 0.000000 0.000000 0.000000 0.000000 0.000000 0.000000 0.499995 0.000000 0.000000 0.000000 0.000000 0.000000 0.000000 0.000000 0.000000 0.000000 0.000000 0.000001 0.500005
 0.000000 0.000000 0.000000 0.000000 0.000000 0.000000 0.000000 0.499887 0.000249 0.000000 0.499864 0.000000 0.000000 0.000000 0.000000 0.000000 0.000000 0.000000 0.000000 0.000000
 0.000000 0.000000 0.000000 0.000000 0.000000 0.499992 0.500002 0.000000 0.000000 0.000000 0.000004 0.000000 0.000000 0.000000 0.000000 0.000000 0.000000 0.000000 0.000002 0.000000
 0.000000 0.000008 0.000000 0.000000 0.000000 0.000000 0.000249 0.000000 0.000000 0.000000 0.499732 0.000000 0.000000 0.000000 0.000000 0.000000 0.000000 0.500012 0.000000 0.000000
 0.000000 0.000000 0.000000 0.000000 0.000000 0.000000 0.000000 0.000000 0.000000 0.000000 0.000000 0.000001 0.000000 0.000000 0.499494 0.000815 0.000000 0.000000 0.499691 0.000000
 0.000000 0.000000 0.000000 0.000000 0.000000 0.000000 0.480386 0.000004 0.480139 0.000000 0.000000 0.000000 0.000000 0.000000 0.000000 0.000000 0.000000 0.032483 0.006988 0.000000
 0.000000 0.056735 0.000000 0.000000 0.463773 0.000000 0.000000 0.000000 0.000000 0.000001 0.000000 0.000000 0.000000 0.000000 0.015756 0.463735 0.000000 0.000000 0.000000 0.000000
 0.499999 0.000000 0.000000 0.000000 0.000000 0.000000 0.000000 0.000000 0.000000 0.000000 0.000000 0.000000 0.000000 0.500000 0.000000 0.000000 0.000000 0.000000 0.000000 0.000000
 0.000000 0.000000 0.000000 0.500000 0.000000 0.000000 0.000000 0.000000 0.000000 0.000000 0.000000 0.000000 0.500000 0.000000 0.000000 0.000000 0.000000 0.000000 0.000000 0.000000
 0.000000 0.000000 0.000000 0.000000 0.000000 0.000000 0.000000 0.000000 0.000000 0.491550 0.000000 0.016706 0.000000 0.000000 0.000000 0.000000 0.491744 0.000000 0.000000 0.000000
 0.000000 0.018348 0.000000 0.000000 0.000000 0.000000 0.000000 0.000000 0.000000 0.000800 0.000000 0.490417 0.000000 0.000000 0.000000 0.000000 0.000000 0.000010 0.490425 0.000000
 0.000000 0.000000 0.000000 0.499997 0.000000 0.000000 0.000000 0.000000 0.000000 0.000000 0.000000 0.000000 0.000000 0.000000 0.500003 0.000000 0.000000 0.000000 0.000000 0.000000
 0.000000 0.483082 0.000000 0.000000 0.000469 0.000000 0.000000 0.000000 0.483731 0.000000 0.032707 0.000000 0.000000 0.000000 0.000000 0.000010 0.000000 0.000000 0.000000 0.000000
 0.000000 0.000000 0.000000 0.000000 0.000000 0.000001 0.000000 0.000002 0.000000 0.496412 0.007221 0.000000 0.000000 0.000000 0.000000 0.496365 0.000000 0.000000 0.000000 0.000000
 0.000000 0.000000 0.500000 0.000000 0.000000 0.500000 0.000000 0.000000 0.000000 0.000000 0.000000 0.000000 0.000000 0.000000 0.000000 0.000000 0.000000 0.000000 0.000000 0.000000
the mean of prob-rank is 1.4736842105263157
the number of false negetive edges is 0
the number of probability greater than 0 is 3.2/edge
