20
 0.000000 0.000000 0.000000 0.500000 0.000000 0.000000 0.500000 0.000000 0.000000 0.000000 0.000000 0.000000 0.000000 0.000000 0.000000 0.000000 0.000000 0.000000 0.000000 0.000000
 0.000000 0.000000 0.000000 0.000000 0.000128 0.000000 0.000000 0.000000 0.000000 0.499944 0.000000 0.000000 0.000000 0.499929 0.000000 0.000000 0.000000 0.000000 0.000000 0.000000
 0.000000 0.000000 0.000000 0.000000 0.000000 0.000000 0.000000 0.500000 0.000000 0.000000 0.000000 0.000000 0.000000 0.000000 0.000000 0.000000 0.000000 0.500000 0.000000 0.000000
 0.360583 0.000000 0.000000 0.000000 0.000000 0.000000 0.000000 0.000000 0.031882 0.000000 0.000000 0.000000 0.000000 0.000000 0.351976 0.194955 0.060604 0.000000 0.000000 0.000000
 0.000000 0.000128 0.000000 0.000000 0.000000 0.000000 0.499885 0.000000 0.000000 0.000000 0.000000 0.000000 0.000000 0.499987 0.000000 0.000000 0.000000 0.000000 0.000000 0.000000
 0.000000 0.000000 0.000000 0.000000 0.000000 0.000000 0.000000 0.000000 0.000000 0.000000 0.000000 0.387256 0.000000 0.000000 0.000000 0.387935 0.224149 0.000000 0.000000 0.000660
 0.500051 0.000000 0.000000 0.000000 0.499949 0.000000 0.000000 0.000000 0.000000 0.000000 0.000000 0.000000 0.000000 0.000000 0.000000 0.000000 0.000000 0.000000 0.000000 0.000000
 0.000000 0.000000 0.500001 0.000000 0.000000 0.000000 0.000000 0.000000 0.000000 0.000000 0.000000 0.499998 0.000000 0.000000 0.000000 0.000000 0.000000 0.000000 0.000000 0.000001
 0.000000 0.000000 0.000000 0.037918 0.000000 0.000000 0.000000 0.000000 0.000000 0.419140 0.000000 0.000000 0.000000 0.000000 0.000000 0.089477 0.000000 0.000000 0.428724 0.024741
 0.000000 0.422165 0.000000 0.000000 0.000000 0.000000 0.000000 0.000000 0.412608 0.000000 0.000000 0.000000 0.000000 0.000000 0.000000 0.000000 0.000000 0.000000 0.000000 0.165226
 0.000000 0.000000 0.000000 0.000000 0.000000 0.000000 0.000000 0.000000 0.000000 0.000000 0.000000 0.000000 0.278469 0.000000 0.000000 0.000000 0.351123 0.370408 0.000000 0.000000
 0.000000 0.000000 0.000000 0.000000 0.000000 0.449491 0.000000 0.450349 0.000000 0.000000 0.000000 0.000000 0.000000 0.000000 0.000000 0.000000 0.000000 0.000000 0.000000 0.100160
 0.000000 0.000000 0.000000 0.000000 0.000000 0.000000 0.000000 0.000000 0.000000 0.000000 0.275731 0.000000 0.000000 0.000000 0.366766 0.000000 0.357503 0.000000 0.000000 0.000000
 0.000000 0.499993 0.000000 0.000000 0.500007 0.000000 0.000000 0.000000 0.000000 0.000000 0.000000 0.000000 0.000000 0.000000 0.000000 0.000000 0.000000 0.000000 0.000000 0.000000
 0.000000 0.000000 0.000000 0.360898 0.000000 0.000000 0.000000 0.000000 0.000000 0.000000 0.000000 0.000000 0.369721 0.000000 0.000000 0.000000 0.269381 0.000000 0.000000 0.000000
 0.000000 0.000000 0.000000 0.193551 0.000000 0.357927 0.000000 0.000000 0.074692 0.000000 0.000000 0.000000 0.000000 0.000000 0.000000 0.000000 0.000000 0.000000 0.031486 0.342344
 0.000000 0.000000 0.000000 0.049476 0.000000 0.170061 0.000000 0.000000 0.000000 0.000000 0.279046 0.000000 0.286937 0.000000 0.214480 0.000000 0.000000 0.000000 0.000000 0.000000
 0.000000 0.000000 0.500000 0.000000 0.000000 0.000000 0.000000 0.000000 0.000000 0.000000 0.500000 0.000000 0.000000 0.000000 0.000000 0.000000 0.000000 0.000000 0.000000 0.000000
 0.000000 0.000000 0.000000 0.000000 0.000000 0.000000 0.000000 0.000000 0.478932 0.000000 0.000000 0.000000 0.000000 0.000000 0.000000 0.042136 0.000000 0.000000 0.000000 0.478932
 0.000000 0.000000 0.000000 0.000000 0.000000 0.000647 0.000000 0.000001 0.021942 0.148859 0.000000 0.084590 0.000000 0.000000 0.000000 0.363726 0.000000 0.000000 0.380235 0.000000
the mean of prob-rank is 2.0
the number of false negetive edges is 0
the number of probability greater than 0 is 3.3/edge
