20
 0.000000 0.499987 0.000000 0.000000 0.000000 0.000000 0.000000 0.000000 0.500012 0.000000 0.000001 0.000000 0.000000 0.000000 0.000000 0.000000 0.000000 0.000000 0.000000 0.000000
 0.488113 0.000000 0.000000 0.000000 0.000000 0.000000 0.000000 0.000000 0.000000 0.488043 0.023844 0.000000 0.000000 0.000000 0.000000 0.000000 0.000000 0.000000 0.000000 0.000000
 0.000000 0.000000 0.000000 0.000000 0.275047 0.000000 0.000000 0.000000 0.000000 0.000000 0.358689 0.000000 0.000481 0.000000 0.000000 0.000000 0.000000 0.365784 0.000000 0.000000
 0.000000 0.000000 0.000000 0.000000 0.000000 0.000000 0.000000 0.000000 0.000000 0.000000 0.000000 0.000000 0.000000 0.000000 0.000000 0.499994 0.500006 0.000000 0.000000 0.000000
 0.000000 0.000000 0.203095 0.000000 0.000000 0.000000 0.000000 0.000000 0.000000 0.000000 0.236284 0.030572 0.263911 0.000000 0.000000 0.000000 0.000000 0.266137 0.000000 0.000000
 0.000000 0.000000 0.000000 0.000000 0.000000 0.000000 0.000000 0.500001 0.000000 0.000000 0.000000 0.000000 0.000000 0.499999 0.000000 0.000000 0.000000 0.000000 0.000000 0.000000
 0.000000 0.000000 0.000000 0.000000 0.000000 0.000000 0.000000 0.500001 0.499999 0.000000 0.000000 0.000000 0.000000 0.000000 0.000000 0.000000 0.000000 0.000000 0.000000 0.000000
 0.000000 0.000000 0.000000 0.000000 0.000000 0.500001 0.499999 0.000000 0.000000 0.000000 0.000000 0.000000 0.000000 0.000000 0.000000 0.000000 0.000000 0.000000 0.000000 0.000000
 0.500001 0.000000 0.000000 0.000000 0.000000 0.000000 0.499999 0.000000 0.000000 0.000000 0.000000 0.000000 0.000000 0.000000 0.000000 0.000000 0.000000 0.000000 0.000000 0.000000
 0.000000 0.497381 0.000000 0.000000 0.000000 0.000000 0.000000 0.000000 0.000000 0.000000 0.004210 0.001247 0.000000 0.000000 0.000000 0.000000 0.497162 0.000000 0.000000 0.000000
 0.000001 0.016785 0.336952 0.000000 0.300601 0.000000 0.000000 0.000000 0.000000 0.002908 0.000000 0.342198 0.000004 0.000000 0.000000 0.000000 0.000000 0.000551 0.000000 0.000000
 0.000000 0.000000 0.000000 0.000000 0.053441 0.000000 0.000000 0.000000 0.000000 0.001183 0.470180 0.000000 0.001452 0.000000 0.000000 0.472144 0.000000 0.000000 0.001600 0.000000
 0.000000 0.000000 0.000463 0.000000 0.343944 0.000000 0.000000 0.000000 0.000000 0.000000 0.000004 0.001082 0.000000 0.000000 0.000000 0.000000 0.000000 0.302662 0.351845 0.000000
 0.000000 0.000000 0.000000 0.000000 0.000000 0.499999 0.000000 0.000000 0.000000 0.000000 0.000000 0.000000 0.000000 0.000000 0.500001 0.000000 0.000000 0.000000 0.000000 0.000000
 0.000000 0.000000 0.000000 0.000000 0.000000 0.000000 0.000000 0.000000 0.000000 0.000000 0.000000 0.000000 0.000000 0.500000 0.000000 0.000000 0.000000 0.000000 0.000000 0.500000
 0.000000 0.000000 0.000000 0.499994 0.000000 0.000000 0.000000 0.000000 0.000000 0.000000 0.000000 0.500006 0.000000 0.000000 0.000000 0.000000 0.000000 0.000000 0.000000 0.000000
 0.000000 0.000000 0.000000 0.500158 0.000000 0.000000 0.000000 0.000000 0.000000 0.499842 0.000000 0.000000 0.000000 0.000000 0.000000 0.000000 0.000000 0.000000 0.000000 0.000000
 0.000000 0.000000 0.351276 0.000000 0.346127 0.000000 0.000000 0.000000 0.000000 0.000000 0.000563 0.000000 0.302034 0.000000 0.000000 0.000000 0.000000 0.000000 0.000000 0.000000
 0.000000 0.000000 0.000000 0.000000 0.000000 0.000000 0.000000 0.000000 0.000000 0.000000 0.000000 0.001692 0.499032 0.000000 0.000000 0.000000 0.000000 0.000000 0.000000 0.499276
 0.000000 0.000000 0.000000 0.000000 0.000000 0.000000 0.000000 0.000000 0.000000 0.000000 0.000000 0.000000 0.000000 0.000000 0.500000 0.000000 0.000000 0.000000 0.500000 0.000000
the mean of prob-rank is 1.4210526315789473
the number of false negetive edges is 0
the number of probability greater than 0 is 3.2/edge
