20
 0.000000 0.000000 0.000003 0.499937 0.000000 0.000000 0.000000 0.000000 0.000000 0.000000 0.000000 0.000000 0.500029 0.000031 0.000000 0.000000 0.000000 0.000000 0.000000 0.000000
 0.000000 0.000000 0.000000 0.000000 0.325834 0.000000 0.000000 0.000000 0.110572 0.000000 0.301123 0.000000 0.000000 0.000000 0.000000 0.000000 0.000000 0.000000 0.262471 0.000000
 0.000003 0.000000 0.000000 0.000000 0.000000 0.000000 0.000000 0.000000 0.001546 0.000000 0.000000 0.000000 0.499144 0.499211 0.000000 0.000000 0.000000 0.000000 0.000000 0.000097
 0.462461 0.000000 0.000000 0.000000 0.000000 0.000000 0.000000 0.054941 0.000000 0.000000 0.000000 0.000000 0.020591 0.000000 0.000000 0.000000 0.000000 0.000000 0.000000 0.462006
 0.000000 0.500000 0.000000 0.000000 0.000000 0.500000 0.000000 0.000000 0.000000 0.000000 0.000000 0.000000 0.000000 0.000000 0.000000 0.000000 0.000000 0.000000 0.000000 0.000000
 0.000000 0.000000 0.000000 0.000000 0.499999 0.000000 0.000000 0.000000 0.000000 0.000000 0.000000 0.500001 0.000000 0.000000 0.000000 0.000000 0.000000 0.000000 0.000000 0.000000
 0.000000 0.000000 0.000000 0.000000 0.000000 0.000000 0.000000 0.000000 0.000000 0.000000 0.000000 0.000000 0.000000 0.000000 0.000000 0.499996 0.500004 0.000000 0.000000 0.000000
 0.000000 0.000000 0.000000 0.056223 0.000000 0.000000 0.000000 0.000000 0.000161 0.000000 0.000000 0.000000 0.000000 0.000000 0.470286 0.000000 0.000000 0.000000 0.000000 0.473330
 0.000000 0.106159 0.000969 0.000000 0.000000 0.000000 0.000000 0.000107 0.000000 0.311000 0.007605 0.000000 0.000000 0.000000 0.296870 0.000000 0.000000 0.000003 0.277064 0.000224
 0.000000 0.000000 0.000000 0.000000 0.000000 0.000000 0.000000 0.000000 0.334198 0.000000 0.000000 0.000000 0.000000 0.000000 0.234135 0.000000 0.000000 0.334374 0.097293 0.000000
 0.000000 0.316150 0.000000 0.000000 0.000000 0.000000 0.000000 0.000000 0.008317 0.000000 0.000000 0.000000 0.000000 0.000000 0.000000 0.000000 0.000000 0.342095 0.333439 0.000000
 0.000000 0.000000 0.000000 0.000000 0.000000 0.500003 0.000000 0.000000 0.000000 0.000000 0.000000 0.000000 0.000000 0.000000 0.000000 0.499997 0.000000 0.000000 0.000000 0.000000
 0.488138 0.000000 0.488071 0.021731 0.000000 0.000000 0.000000 0.000000 0.000000 0.000000 0.000000 0.000000 0.000000 0.002060 0.000000 0.000000 0.000000 0.000000 0.000000 0.000000
 0.000031 0.000000 0.498931 0.000000 0.000000 0.000000 0.000000 0.000000 0.000000 0.000000 0.000000 0.000000 0.002106 0.000000 0.000000 0.000000 0.498932 0.000000 0.000000 0.000000
 0.000000 0.000000 0.000000 0.000000 0.000000 0.000000 0.000000 0.376489 0.359593 0.263917 0.000000 0.000000 0.000000 0.000000 0.000000 0.000000 0.000000 0.000000 0.000000 0.000000
 0.000000 0.000000 0.000000 0.000000 0.000000 0.000000 0.499999 0.000000 0.000000 0.000000 0.000000 0.500001 0.000000 0.000000 0.000000 0.000000 0.000000 0.000000 0.000000 0.000000
 0.000000 0.000000 0.000000 0.000000 0.000000 0.000000 0.500000 0.000000 0.000000 0.000000 0.000000 0.000000 0.000000 0.500000 0.000000 0.000000 0.000000 0.000000 0.000000 0.000000
 0.000000 0.000000 0.000000 0.000000 0.000000 0.000000 0.000000 0.000000 0.000003 0.360203 0.362133 0.000000 0.000000 0.000000 0.000000 0.000000 0.000000 0.000000 0.277661 0.000000
 0.000000 0.216421 0.000000 0.000000 0.000000 0.000000 0.000000 0.000000 0.237951 0.077758 0.261871 0.000000 0.000000 0.000000 0.000000 0.000000 0.000000 0.205999 0.000000 0.000000
 0.000000 0.000000 0.000097 0.499481 0.000000 0.000000 0.000000 0.500064 0.000358 0.000000 0.000000 0.000000 0.000000 0.000000 0.000000 0.000000 0.000000 0.000000 0.000000 0.000000
the mean of prob-rank is 1.6842105263157894
the number of false negetive edges is 0
the number of probability greater than 0 is 3.7/edge
