20
 0.000000 0.000000 0.000000 0.500140 0.000000 0.000000 0.000000 0.000000 0.000000 0.000000 0.499860 0.000000 0.000000 0.000000 0.000000 0.000000 0.000000 0.000000 0.000000 0.000000
 0.000000 0.000000 0.173285 0.000000 0.412483 0.000000 0.000000 0.000000 0.000000 0.000000 0.000000 0.000000 0.000000 0.000000 0.000000 0.000000 0.000000 0.414232 0.000000 0.000000
 0.000000 0.173181 0.000000 0.000000 0.000000 0.000000 0.413984 0.000000 0.000000 0.000000 0.000000 0.000000 0.000000 0.000000 0.000000 0.000000 0.000000 0.412836 0.000000 0.000000
 0.473414 0.000000 0.000000 0.000000 0.000000 0.000000 0.000000 0.054102 0.472483 0.000000 0.000000 0.000000 0.000000 0.000000 0.000000 0.000000 0.000000 0.000000 0.000000 0.000000
 0.000000 0.461286 0.000000 0.000000 0.000000 0.000000 0.000000 0.000000 0.000000 0.000000 0.000000 0.000000 0.000000 0.000000 0.000000 0.000000 0.000000 0.075472 0.463242 0.000000
 0.000000 0.000000 0.000000 0.000000 0.000000 0.000000 0.000000 0.000000 0.000000 0.000000 0.000000 0.138472 0.000000 0.000000 0.003155 0.000000 0.430042 0.000000 0.000000 0.428331
 0.000000 0.000000 0.500001 0.000000 0.000000 0.000000 0.000000 0.000000 0.000000 0.000000 0.000000 0.000000 0.000000 0.499999 0.000000 0.000000 0.000000 0.000000 0.000000 0.000000
 0.000000 0.000000 0.000000 0.040448 0.000000 0.000000 0.000000 0.000000 0.349658 0.000000 0.000000 0.353935 0.000000 0.000000 0.255959 0.000000 0.000000 0.000000 0.000000 0.000000
 0.000000 0.000000 0.000000 0.375140 0.000000 0.000000 0.000000 0.371337 0.000000 0.000000 0.000000 0.000873 0.000000 0.000000 0.000517 0.000000 0.000000 0.000000 0.000000 0.252133
 0.000000 0.000000 0.000000 0.000000 0.000000 0.000000 0.000000 0.000000 0.000000 0.000000 0.001159 0.000000 0.491105 0.000000 0.000000 0.492903 0.000000 0.000000 0.014833 0.000000
 0.499273 0.000000 0.000000 0.000000 0.000000 0.000000 0.000000 0.000000 0.000000 0.001174 0.000000 0.000000 0.499552 0.000000 0.000000 0.000000 0.000000 0.000000 0.000000 0.000000
 0.000000 0.000000 0.000000 0.000000 0.000000 0.138649 0.000000 0.430602 0.001001 0.000000 0.000000 0.000000 0.000000 0.000000 0.429748 0.000000 0.000000 0.000000 0.000000 0.000000
 0.000000 0.000000 0.000000 0.000000 0.000000 0.000000 0.000000 0.000000 0.000000 0.498978 0.500805 0.000000 0.000000 0.000000 0.000000 0.000217 0.000000 0.000000 0.000000 0.000000
 0.000000 0.000000 0.000000 0.000000 0.000000 0.000000 0.499999 0.000000 0.000000 0.000000 0.000000 0.000000 0.000000 0.000000 0.000000 0.000000 0.500001 0.000000 0.000000 0.000000
 0.000000 0.000000 0.000000 0.000000 0.000000 0.002689 0.000000 0.265086 0.000504 0.000000 0.000000 0.365829 0.000000 0.000000 0.000000 0.000000 0.000000 0.000000 0.000000 0.365891
 0.000000 0.000000 0.000000 0.000000 0.000000 0.000000 0.000000 0.000000 0.000000 0.499937 0.000000 0.000000 0.000217 0.000000 0.000000 0.000000 0.000000 0.000000 0.499846 0.000000
 0.000000 0.000000 0.000000 0.000000 0.000000 0.499994 0.000000 0.000000 0.000000 0.000000 0.000000 0.000000 0.000000 0.500006 0.000000 0.000000 0.000000 0.000000 0.000000 0.000000
 0.000000 0.462931 0.461647 0.000000 0.075422 0.000000 0.000000 0.000000 0.000000 0.000000 0.000000 0.000000 0.000000 0.000000 0.000000 0.000000 0.000000 0.000000 0.000000 0.000000
 0.000000 0.000000 0.000000 0.000000 0.492633 0.000000 0.000000 0.000000 0.000000 0.014824 0.000000 0.000000 0.000000 0.000000 0.000000 0.492543 0.000000 0.000000 0.000000 0.000000
 0.000000 0.000000 0.000000 0.000000 0.000000 0.373737 0.000000 0.000000 0.251704 0.000000 0.000000 0.000000 0.000000 0.000000 0.374559 0.000000 0.000000 0.000000 0.000000 0.000000
the mean of prob-rank is 1.4736842105263157
the number of false negetive edges is 0
the number of probability greater than 0 is 3.2/edge
