20
 0.000000 0.008398 0.000000 0.000000 0.000000 0.000000 0.482685 0.483709 0.000000 0.000000 0.000000 0.000232 0.000000 0.000000 0.000000 0.000000 0.000000 0.000000 0.024975 0.000000
 0.008607 0.000000 0.000000 0.000000 0.000000 0.000000 0.495697 0.000000 0.000000 0.000000 0.000000 0.000000 0.000000 0.000000 0.000000 0.000000 0.000000 0.000000 0.000000 0.495697
 0.000000 0.000000 0.000000 0.000000 0.000000 0.000000 0.000000 0.000000 0.000000 0.000000 0.495950 0.000000 0.000000 0.495877 0.000000 0.008172 0.000000 0.000000 0.000000 0.000000
 0.000000 0.000000 0.000000 0.000000 0.000000 0.500000 0.000000 0.000000 0.000000 0.000000 0.000000 0.000000 0.500000 0.000000 0.000000 0.000000 0.000000 0.000000 0.000000 0.000000
 0.000000 0.000000 0.000000 0.000000 0.000000 0.000000 0.000000 0.000000 0.000000 0.000000 0.000000 0.000000 0.000000 0.000000 0.500000 0.000000 0.500000 0.000000 0.000000 0.000000
 0.000000 0.000000 0.000000 0.500000 0.000000 0.000000 0.000000 0.000000 0.000000 0.000000 0.000000 0.000000 0.000000 0.000000 0.000000 0.000000 0.000000 0.500000 0.000000 0.000000
 0.368105 0.368886 0.000000 0.000000 0.000000 0.000000 0.000000 0.262967 0.000000 0.000000 0.000000 0.000000 0.000000 0.000000 0.000000 0.000000 0.000000 0.000000 0.000000 0.000043
 0.355071 0.000000 0.000000 0.000000 0.000000 0.000000 0.253119 0.000000 0.000000 0.056545 0.000000 0.335265 0.000000 0.000000 0.000000 0.000000 0.000000 0.000000 0.000000 0.000000
 0.000000 0.000000 0.000000 0.000000 0.000000 0.000000 0.000000 0.000000 0.000000 0.000000 0.000000 0.000000 0.000000 0.000000 0.000000 0.500000 0.000000 0.000000 0.000000 0.500000
 0.000000 0.000000 0.000000 0.000000 0.000000 0.000000 0.000000 0.056269 0.000000 0.000000 0.000000 0.353337 0.000000 0.000000 0.327029 0.000000 0.000000 0.000000 0.263365 0.000000
 0.000000 0.000000 0.498832 0.000000 0.000000 0.000000 0.000000 0.000000 0.000000 0.000000 0.000000 0.000000 0.000000 0.002444 0.000000 0.498723 0.000000 0.000000 0.000000 0.000000
 0.000163 0.000000 0.000000 0.000000 0.000000 0.000000 0.000000 0.321702 0.000000 0.340705 0.000000 0.000000 0.000000 0.000000 0.000000 0.000000 0.000000 0.000000 0.337430 0.000000
 0.000000 0.000000 0.000000 0.500004 0.000000 0.000000 0.000000 0.000000 0.000000 0.000000 0.000000 0.000000 0.000000 0.000000 0.000000 0.000000 0.499996 0.000000 0.000000 0.000000
 0.000000 0.000000 0.498741 0.000000 0.000000 0.000000 0.000000 0.000000 0.000000 0.000000 0.002444 0.000000 0.000000 0.000000 0.000000 0.000000 0.000000 0.498815 0.000000 0.000000
 0.000000 0.000000 0.000000 0.000000 0.353043 0.000000 0.000000 0.000000 0.000000 0.326755 0.000000 0.000000 0.000000 0.000000 0.000000 0.000000 0.000000 0.000000 0.320202 0.000000
 0.000000 0.000000 0.008173 0.000000 0.000000 0.000000 0.000000 0.000000 0.495968 0.000000 0.495860 0.000000 0.000000 0.000000 0.000000 0.000000 0.000000 0.000000 0.000000 0.000000
 0.000000 0.000000 0.000000 0.000000 0.500004 0.000000 0.000000 0.000000 0.000000 0.000000 0.000000 0.000000 0.499996 0.000000 0.000000 0.000000 0.000000 0.000000 0.000000 0.000000
 0.000000 0.000000 0.000000 0.000000 0.000000 0.500000 0.000000 0.000000 0.000000 0.000000 0.000000 0.000000 0.000000 0.500000 0.000000 0.000000 0.000000 0.000000 0.000000 0.000000
 0.019163 0.000000 0.000000 0.000000 0.000000 0.000000 0.000000 0.000000 0.000000 0.276638 0.000000 0.367578 0.000000 0.000000 0.336622 0.000000 0.000000 0.000000 0.000000 0.000000
 0.000000 0.499971 0.000000 0.000000 0.000000 0.000000 0.000058 0.000000 0.499971 0.000000 0.000000 0.000000 0.000000 0.000000 0.000000 0.000000 0.000000 0.000000 0.000000 0.000000
the mean of prob-rank is 1.8421052631578947
the number of false negetive edges is 0
the number of probability greater than 0 is 3.0/edge
