20
 0.000000 0.000000 0.000000 0.000000 0.000000 0.000000 0.000080 0.000000 0.000000 0.157307 0.000000 0.325129 0.000000 0.000000 0.000000 0.216789 0.000000 0.000000 0.300695 0.000000
 0.000000 0.000000 0.000000 0.000000 0.000000 0.000000 0.000000 0.499993 0.000000 0.000000 0.000000 0.000000 0.000000 0.000000 0.000000 0.000000 0.500007 0.000000 0.000000 0.000000
 0.000000 0.000000 0.000000 0.000000 0.000000 0.005213 0.000000 0.000000 0.000000 0.000000 0.000000 0.000000 0.000000 0.000000 0.497393 0.497393 0.000000 0.000000 0.000000 0.000000
 0.000000 0.000000 0.000000 0.000000 0.000000 0.454862 0.000227 0.000000 0.000000 0.000000 0.000000 0.000000 0.092762 0.000000 0.000000 0.000000 0.000000 0.000000 0.000000 0.452149
 0.000000 0.000000 0.000000 0.000000 0.000000 0.000000 0.000000 0.500000 0.000000 0.000000 0.000000 0.000000 0.000000 0.000000 0.499999 0.000000 0.000000 0.000000 0.000000 0.000000
 0.000000 0.000000 0.004449 0.424510 0.000000 0.000000 0.000000 0.000000 0.000000 0.000000 0.000000 0.000000 0.000000 0.000000 0.000000 0.154011 0.000000 0.000000 0.417030 0.000000
 0.000099 0.000000 0.000000 0.000200 0.000000 0.000000 0.000000 0.000000 0.000000 0.083749 0.000000 0.000000 0.393349 0.400952 0.000000 0.000000 0.000000 0.000000 0.000000 0.121652
 0.000000 0.499990 0.000000 0.000000 0.500003 0.000000 0.000000 0.000000 0.000000 0.000000 0.000000 0.000000 0.000000 0.000000 0.000008 0.000000 0.000000 0.000000 0.000000 0.000000
 0.000000 0.000000 0.000000 0.000000 0.000000 0.000000 0.000000 0.000000 0.000000 0.000000 0.500000 0.000000 0.000000 0.000000 0.000000 0.000000 0.000000 0.500000 0.000000 0.000000
 0.179947 0.000000 0.000000 0.000000 0.000000 0.000000 0.077686 0.000000 0.000000 0.000000 0.371074 0.000000 0.000000 0.371293 0.000000 0.000000 0.000000 0.000000 0.000000 0.000000
 0.000000 0.000000 0.000000 0.000000 0.000000 0.000000 0.000000 0.000000 0.475105 0.474020 0.000000 0.000000 0.000000 0.050876 0.000000 0.000000 0.000000 0.000000 0.000000 0.000000
 0.340778 0.000000 0.000000 0.000000 0.000000 0.000000 0.000000 0.000000 0.000000 0.000000 0.000000 0.000000 0.000000 0.000000 0.000000 0.328889 0.000000 0.000000 0.330334 0.000000
 0.000000 0.000000 0.000000 0.072423 0.000000 0.000000 0.348397 0.000000 0.000000 0.000000 0.000000 0.000000 0.000000 0.000000 0.000000 0.000000 0.000000 0.000000 0.224050 0.355130
 0.000000 0.000000 0.000000 0.000000 0.000000 0.000000 0.474972 0.000000 0.000000 0.474167 0.050861 0.000000 0.000000 0.000000 0.000000 0.000000 0.000000 0.000000 0.000000 0.000000
 0.000000 0.000000 0.499997 0.000000 0.499996 0.000000 0.000000 0.000008 0.000000 0.000000 0.000000 0.000000 0.000000 0.000000 0.000000 0.000000 0.000000 0.000000 0.000000 0.000000
 0.222653 0.000000 0.333924 0.000000 0.000000 0.121147 0.000000 0.000000 0.000000 0.000000 0.000000 0.322274 0.000000 0.000000 0.000000 0.000000 0.000000 0.000000 0.000002 0.000000
 0.000000 0.500000 0.000000 0.000000 0.000000 0.000000 0.000000 0.000000 0.000000 0.000000 0.000000 0.000000 0.000000 0.000000 0.000000 0.000000 0.000000 0.500000 0.000000 0.000000
 0.000000 0.000000 0.000000 0.000000 0.000000 0.000000 0.000000 0.000000 0.500000 0.000000 0.000000 0.000000 0.000000 0.000000 0.000000 0.000000 0.500000 0.000000 0.000000 0.000000
 0.263679 0.000000 0.000000 0.000000 0.000000 0.280081 0.000000 0.000000 0.000000 0.000000 0.000000 0.276367 0.179871 0.000000 0.000000 0.000002 0.000000 0.000000 0.000000 0.000000
 0.000000 0.000000 0.000000 0.432670 0.000000 0.000000 0.132063 0.000000 0.000000 0.000000 0.000000 0.000000 0.435267 0.000000 0.000000 0.000000 0.000000 0.000000 0.000000 0.000000
the mean of prob-rank is 1.5789473684210527
the number of false negetive edges is 0
the number of probability greater than 0 is 3.4/edge
