20
 0.000000 0.000000 0.430808 0.000000 0.000000 0.000000 0.000000 0.000000 0.000000 0.000000 0.141437 0.000000 0.000000 0.000000 0.427756 0.000000 0.000000 0.000000 0.000000 0.000000
 0.000000 0.000000 0.000000 0.000000 0.175378 0.411986 0.000000 0.000000 0.000000 0.000000 0.000000 0.412300 0.000000 0.000000 0.000000 0.000000 0.000000 0.000000 0.000336 0.000000
 0.500001 0.000000 0.000000 0.000000 0.000000 0.000000 0.000000 0.000000 0.000000 0.000000 0.000000 0.000000 0.499999 0.000000 0.000000 0.000000 0.000000 0.000000 0.000000 0.000000
 0.000000 0.000000 0.000000 0.000000 0.000000 0.499981 0.000000 0.000000 0.000000 0.000000 0.000000 0.000000 0.000000 0.000000 0.000000 0.500016 0.000000 0.000000 0.000000 0.000003
 0.000000 0.122444 0.000000 0.000000 0.000000 0.000000 0.000000 0.000000 0.000000 0.270575 0.287723 0.000000 0.000000 0.000000 0.169201 0.000000 0.000000 0.000000 0.150057 0.000000
 0.000000 0.455578 0.000000 0.455906 0.000000 0.000000 0.000000 0.000000 0.000000 0.000000 0.000000 0.000016 0.000000 0.000000 0.000000 0.000003 0.088496 0.000000 0.000000 0.000000
 0.000000 0.000000 0.000000 0.000000 0.000000 0.000000 0.000000 0.000000 0.500002 0.000000 0.000000 0.000000 0.000000 0.000000 0.000000 0.000000 0.000000 0.000000 0.000000 0.499998
 0.000000 0.000000 0.000000 0.000000 0.000000 0.000000 0.000000 0.000000 0.000000 0.329722 0.000000 0.000000 0.000000 0.350668 0.000000 0.000000 0.000000 0.000000 0.319610 0.000000
 0.000000 0.000000 0.000000 0.000000 0.000000 0.000000 0.500019 0.000000 0.000000 0.000000 0.000000 0.000000 0.499981 0.000000 0.000000 0.000000 0.000000 0.000000 0.000000 0.000000
 0.000000 0.000000 0.000000 0.000000 0.327077 0.000000 0.000000 0.327191 0.000000 0.000000 0.000000 0.000000 0.000000 0.000000 0.000000 0.000000 0.000000 0.000000 0.345731 0.000000
 0.141036 0.000000 0.000000 0.000000 0.429377 0.000000 0.000000 0.000000 0.000000 0.000000 0.000000 0.000000 0.000000 0.000000 0.429587 0.000000 0.000000 0.000000 0.000000 0.000000
 0.000000 0.479413 0.000000 0.000000 0.000000 0.000017 0.000000 0.000000 0.000000 0.000000 0.000000 0.000000 0.000000 0.000000 0.000000 0.000000 0.024932 0.479339 0.016300 0.000000
 0.000000 0.000000 0.500017 0.000000 0.000000 0.000000 0.000000 0.000000 0.499983 0.000000 0.000000 0.000000 0.000000 0.000000 0.000000 0.000000 0.000000 0.000000 0.000000 0.000000
 0.000000 0.000000 0.000000 0.000000 0.000000 0.000000 0.000000 0.417744 0.000000 0.000000 0.000000 0.000000 0.000000 0.000000 0.000000 0.000000 0.317479 0.000000 0.264777 0.000000
 0.384746 0.000000 0.000000 0.000000 0.227761 0.000000 0.000000 0.000000 0.000000 0.000000 0.387492 0.000000 0.000000 0.000000 0.000000 0.000000 0.000000 0.000000 0.000000 0.000000
 0.000000 0.000000 0.000000 0.499998 0.000000 0.000004 0.000000 0.000000 0.000000 0.000000 0.000000 0.000000 0.000000 0.000000 0.000000 0.000000 0.000000 0.000000 0.000000 0.499998
 0.000000 0.000000 0.000000 0.000000 0.000000 0.071356 0.000000 0.000000 0.000000 0.000000 0.000000 0.019118 0.000000 0.279393 0.000000 0.000000 0.000000 0.367607 0.262526 0.000000
 0.000000 0.000000 0.000000 0.000000 0.000000 0.000000 0.000000 0.000000 0.000000 0.000000 0.000000 0.420248 0.000000 0.000000 0.000000 0.000000 0.420298 0.000000 0.159455 0.000000
 0.000000 0.000194 0.000000 0.000000 0.124459 0.000000 0.000000 0.217610 0.000000 0.237216 0.000000 0.008118 0.000000 0.151331 0.000000 0.000000 0.170497 0.090575 0.000000 0.000000
 0.000000 0.000000 0.000000 0.000003 0.000000 0.000000 0.499997 0.000000 0.000000 0.000000 0.000000 0.000000 0.000000 0.000000 0.000000 0.500000 0.000000 0.000000 0.000000 0.000000
the mean of prob-rank is 1.4736842105263157
the number of false negetive edges is 0
the number of probability greater than 0 is 3.5/edge
