20
 0.000000 0.000000 0.000000 0.000000 0.000000 0.000000 0.000000 0.000000 0.500000 0.000000 0.000000 0.000000 0.000000 0.000000 0.000000 0.000000 0.500000 0.000000 0.000000 0.000000
 0.000000 0.000000 0.353724 0.000000 0.000000 0.000000 0.000000 0.000000 0.000000 0.000000 0.274126 0.009592 0.000000 0.360832 0.000000 0.000000 0.000000 0.001726 0.000000 0.000000
 0.000000 0.275581 0.000000 0.000000 0.000000 0.000000 0.000000 0.000000 0.000000 0.000000 0.205488 0.260066 0.000000 0.000000 0.000000 0.000000 0.000000 0.258864 0.000000 0.000000
 0.000000 0.000000 0.000000 0.000000 0.000000 0.469624 0.000000 0.000000 0.470456 0.000000 0.049704 0.010217 0.000000 0.000000 0.000000 0.000000 0.000000 0.000000 0.000000 0.000000
 0.000000 0.000000 0.000000 0.000000 0.000000 0.500061 0.000000 0.000000 0.000000 0.000000 0.000000 0.000000 0.000000 0.000000 0.000000 0.000000 0.000000 0.000000 0.499939 0.000000
 0.000000 0.000000 0.000000 0.427117 0.427878 0.000000 0.000000 0.000000 0.000000 0.000000 0.125869 0.019136 0.000000 0.000000 0.000000 0.000000 0.000000 0.000000 0.000000 0.000000
 0.000000 0.000000 0.000000 0.000000 0.000000 0.000000 0.000000 0.000000 0.000000 0.000000 0.000000 0.000000 0.500000 0.000000 0.000000 0.000000 0.000000 0.000000 0.500000 0.000000
 0.000000 0.000000 0.000000 0.000000 0.000000 0.000000 0.000000 0.000000 0.000000 0.000067 0.000000 0.000000 0.000000 0.000000 0.499967 0.000000 0.499966 0.000000 0.000000 0.000000
 0.500004 0.000000 0.000000 0.499996 0.000000 0.000000 0.000000 0.000000 0.000000 0.000000 0.000000 0.000000 0.000000 0.000000 0.000000 0.000000 0.000000 0.000000 0.000000 0.000000
 0.000000 0.000000 0.000000 0.000000 0.000000 0.000000 0.000000 0.000067 0.000000 0.000000 0.000000 0.000000 0.000000 0.000000 0.499965 0.000000 0.000000 0.499968 0.000000 0.000000
 0.000000 0.257344 0.247609 0.035788 0.000000 0.099648 0.000000 0.000000 0.000000 0.000000 0.000000 0.338746 0.000000 0.000000 0.000090 0.000000 0.000000 0.020775 0.000000 0.000000
 0.000000 0.009141 0.318106 0.007468 0.000000 0.015379 0.000000 0.000000 0.000000 0.000000 0.343860 0.000000 0.000000 0.000000 0.000000 0.000000 0.000000 0.306047 0.000000 0.000000
 0.000000 0.000000 0.000000 0.000000 0.000000 0.000000 0.500001 0.000000 0.000000 0.000000 0.000000 0.000000 0.000000 0.000000 0.000000 0.000000 0.000000 0.000000 0.000000 0.499999
 0.000000 0.499841 0.000000 0.000000 0.000000 0.000000 0.000000 0.000000 0.000000 0.000000 0.000000 0.000000 0.000000 0.000000 0.000000 0.499845 0.000000 0.000314 0.000000 0.000000
 0.000000 0.000000 0.000000 0.000000 0.000000 0.000000 0.000000 0.499935 0.000000 0.499932 0.000133 0.000000 0.000000 0.000000 0.000000 0.000000 0.000000 0.000000 0.000000 0.000000
 0.000000 0.000000 0.000000 0.000000 0.000000 0.000000 0.000000 0.000000 0.000000 0.000000 0.000000 0.000000 0.000000 0.500001 0.000000 0.000000 0.000000 0.000000 0.000000 0.499998
 0.500000 0.000000 0.000000 0.000000 0.000000 0.000000 0.000000 0.500000 0.000000 0.000000 0.000000 0.000000 0.000000 0.000000 0.000000 0.000000 0.000000 0.000000 0.000000 0.000000
 0.000000 0.001662 0.319998 0.000000 0.000000 0.000000 0.000000 0.000000 0.000000 0.347512 0.021313 0.309298 0.000000 0.000218 0.000000 0.000000 0.000000 0.000000 0.000000 0.000000
 0.000000 0.000000 0.000000 0.000000 0.499937 0.000000 0.500063 0.000000 0.000000 0.000000 0.000000 0.000000 0.000000 0.000000 0.000000 0.000000 0.000000 0.000000 0.000000 0.000000
 0.000000 0.000000 0.000000 0.000000 0.000000 0.000000 0.000000 0.000000 0.000000 0.000000 0.000000 0.000000 0.500000 0.000000 0.000000 0.500000 0.000000 0.000000 0.000000 0.000000
the mean of prob-rank is 1.5263157894736843
the number of false negetive edges is 0
the number of probability greater than 0 is 3.3/edge
