20
 0.000000 0.000000 0.000000 0.277287 0.000000 0.257853 0.000000 0.025540 0.000000 0.000000 0.000000 0.138448 0.000000 0.133622 0.166818 0.000000 0.000000 0.000431 0.000000 0.000000
 0.000000 0.000000 0.000000 0.000000 0.000000 0.000000 0.000000 0.000012 0.092086 0.000000 0.454685 0.000000 0.000000 0.000000 0.000000 0.000000 0.000000 0.453217 0.000000 0.000000
 0.000000 0.000000 0.000000 0.000000 0.000000 0.000000 0.499925 0.000000 0.000000 0.000000 0.000149 0.000000 0.000000 0.000000 0.000000 0.000000 0.499925 0.000000 0.000000 0.000000
 0.412420 0.000000 0.000000 0.000000 0.000000 0.000000 0.000000 0.000000 0.000000 0.000000 0.000000 0.000000 0.000000 0.134449 0.041905 0.000000 0.000000 0.000000 0.411226 0.000000
 0.000000 0.000000 0.000000 0.000000 0.000000 0.000000 0.490253 0.490169 0.000000 0.000000 0.000000 0.000000 0.000363 0.000000 0.000000 0.000000 0.000000 0.019215 0.000000 0.000000
 0.317884 0.000000 0.000000 0.000000 0.000000 0.000000 0.000000 0.000000 0.342002 0.000000 0.000077 0.000000 0.000000 0.000000 0.340036 0.000000 0.000000 0.000000 0.000000 0.000000
 0.000000 0.000000 0.499934 0.000000 0.499932 0.000000 0.000000 0.000000 0.000000 0.000000 0.000000 0.000000 0.000107 0.000000 0.000000 0.000000 0.000027 0.000000 0.000000 0.000000
 0.044009 0.000012 0.000000 0.000000 0.477941 0.000000 0.000000 0.000000 0.000000 0.000000 0.000000 0.000012 0.000000 0.000000 0.000000 0.000000 0.000000 0.478025 0.000000 0.000000
 0.000000 0.092027 0.000000 0.000000 0.000000 0.454390 0.000000 0.000000 0.000000 0.000000 0.453583 0.000000 0.000000 0.000000 0.000000 0.000000 0.000000 0.000000 0.000000 0.000000
 0.000000 0.000000 0.000000 0.000000 0.000000 0.000000 0.000000 0.000000 0.000000 0.000000 0.000000 0.000000 0.000000 0.000000 0.500000 0.000000 0.000000 0.000000 0.500000 0.000000
 0.000000 0.491360 0.000147 0.000000 0.000000 0.000110 0.000000 0.000000 0.490486 0.000000 0.000000 0.000000 0.000000 0.000000 0.000000 0.000000 0.000000 0.017897 0.000000 0.000000
 0.146790 0.000000 0.000000 0.000000 0.000000 0.000000 0.000000 0.000008 0.000000 0.000000 0.000000 0.000000 0.293391 0.267296 0.000000 0.292514 0.000000 0.000000 0.000000 0.000000
 0.000000 0.000000 0.000000 0.000000 0.000322 0.000000 0.000093 0.000000 0.000000 0.000000 0.000000 0.433008 0.000000 0.000000 0.000000 0.132500 0.434077 0.000000 0.000000 0.000000
 0.162145 0.000000 0.000000 0.109691 0.000000 0.000000 0.000000 0.000000 0.000000 0.000000 0.000000 0.305921 0.000000 0.000000 0.000000 0.000643 0.000000 0.000000 0.085223 0.336376
 0.222950 0.000000 0.000000 0.037655 0.000000 0.368632 0.000000 0.000000 0.000000 0.370764 0.000000 0.000000 0.000000 0.000000 0.000000 0.000000 0.000000 0.000000 0.000000 0.000000
 0.000000 0.000000 0.000000 0.000000 0.000000 0.000000 0.000000 0.000000 0.000000 0.000000 0.000000 0.431373 0.132395 0.000829 0.000000 0.000000 0.001644 0.000000 0.000000 0.433759
 0.000000 0.000000 0.499055 0.000000 0.000000 0.000000 0.000027 0.000000 0.000000 0.000000 0.000000 0.000000 0.499026 0.000000 0.000000 0.001892 0.000000 0.000000 0.000000 0.000000
 0.000749 0.480617 0.000000 0.000000 0.018898 0.000000 0.000000 0.482173 0.000000 0.000000 0.017562 0.000000 0.000000 0.000000 0.000000 0.000000 0.000000 0.000000 0.000000 0.000000
 0.000000 0.000000 0.000000 0.442989 0.000000 0.000000 0.000000 0.000000 0.000000 0.444484 0.000000 0.000000 0.000000 0.112526 0.000000 0.000000 0.000000 0.000000 0.000000 0.000001
 0.000000 0.000000 0.000000 0.000000 0.000000 0.000000 0.000000 0.000000 0.000000 0.000000 0.000000 0.000000 0.000000 0.499807 0.000000 0.500191 0.000000 0.000000 0.000001 0.000000
the mean of prob-rank is 1.631578947368421
the number of false negetive edges is 0
the number of probability greater than 0 is 4.3/edge
