20
 0.000000 0.000000 0.000000 0.000000 0.000000 0.000000 0.000000 0.000000 0.000000 0.500002 0.499998 0.000000 0.000000 0.000000 0.000000 0.000000 0.000000 0.000000 0.000000 0.000000
 0.000000 0.000000 0.000000 0.000001 0.000000 0.000000 0.000000 0.000000 0.000000 0.000000 0.000000 0.000792 0.000000 0.000000 0.000000 0.000000 0.000000 0.499602 0.000000 0.499605
 0.000000 0.000000 0.000000 0.000000 0.000002 0.000000 0.000000 0.000000 0.003159 0.000000 0.000000 0.000000 0.000000 0.000000 0.498420 0.000000 0.000000 0.000000 0.498419 0.000000
 0.000000 0.000001 0.000000 0.000000 0.000000 0.499334 0.000000 0.000000 0.000000 0.000000 0.000000 0.499355 0.000000 0.000000 0.000000 0.000000 0.000000 0.001310 0.000000 0.000000
 0.000000 0.000000 0.000002 0.000000 0.000000 0.000000 0.000000 0.000000 0.290125 0.000000 0.000000 0.000000 0.344093 0.000000 0.000000 0.365780 0.000000 0.000000 0.000000 0.000000
 0.000000 0.000000 0.000000 0.488287 0.000000 0.000000 0.488308 0.000000 0.000000 0.000000 0.000000 0.000000 0.000000 0.000000 0.000000 0.000000 0.000000 0.023406 0.000000 0.000000
 0.000000 0.000000 0.000000 0.000000 0.000000 0.500014 0.000000 0.000000 0.000000 0.000000 0.000000 0.000000 0.000000 0.499986 0.000000 0.000000 0.000000 0.000000 0.000000 0.000000
 0.000000 0.000000 0.000000 0.000000 0.000000 0.000000 0.000000 0.000000 0.000000 0.000000 0.000000 0.000000 0.500026 0.499974 0.000000 0.000000 0.000000 0.000000 0.000000 0.000000
 0.000000 0.000000 0.002270 0.000000 0.284160 0.000000 0.000000 0.000000 0.000000 0.000000 0.000000 0.000000 0.000000 0.000000 0.358246 0.355323 0.000000 0.000000 0.000000 0.000000
 0.500002 0.000000 0.000000 0.000000 0.000000 0.000000 0.000000 0.000000 0.000000 0.000000 0.000000 0.000000 0.000000 0.000000 0.000000 0.000000 0.499998 0.000000 0.000000 0.000000
 0.500002 0.000000 0.000000 0.000000 0.000000 0.000000 0.000000 0.000000 0.000000 0.000000 0.000000 0.000000 0.000000 0.000000 0.000000 0.000000 0.000000 0.000000 0.000000 0.499998
 0.000000 0.000792 0.000000 0.499611 0.000000 0.000000 0.000000 0.000000 0.000000 0.000000 0.000000 0.000000 0.000000 0.000000 0.000000 0.000000 0.000000 0.499570 0.000000 0.000027
 0.000000 0.000000 0.000000 0.000000 0.343341 0.000000 0.000000 0.364976 0.000000 0.000000 0.000000 0.000000 0.000000 0.000000 0.000000 0.291683 0.000000 0.000000 0.000000 0.000000
 0.000000 0.000000 0.000000 0.000000 0.000000 0.000000 0.500015 0.499985 0.000000 0.000000 0.000000 0.000000 0.000000 0.000000 0.000000 0.000000 0.000000 0.000000 0.000000 0.000000
 0.000000 0.000000 0.498396 0.000000 0.000000 0.000000 0.000000 0.000000 0.498378 0.000000 0.000000 0.000000 0.000000 0.000000 0.000000 0.000000 0.000000 0.000000 0.003226 0.000000
 0.000000 0.000000 0.000000 0.000000 0.358297 0.000000 0.000000 0.000000 0.355361 0.000000 0.000000 0.000000 0.286342 0.000000 0.000000 0.000000 0.000000 0.000000 0.000000 0.000000
 0.000000 0.000000 0.000000 0.000000 0.000000 0.000000 0.000000 0.000000 0.000000 0.499998 0.000000 0.000000 0.000000 0.000000 0.000000 0.000000 0.000000 0.000000 0.500002 0.000000
 0.000000 0.487690 0.000000 0.001279 0.000000 0.023376 0.000000 0.000000 0.000000 0.000000 0.000000 0.487654 0.000000 0.000000 0.000000 0.000000 0.000000 0.000000 0.000000 0.000000
 0.000000 0.000000 0.498387 0.000000 0.000000 0.000000 0.000000 0.000000 0.000000 0.000000 0.000000 0.000000 0.000000 0.000000 0.003226 0.000000 0.498387 0.000000 0.000000 0.000000
 0.000000 0.499990 0.000000 0.000000 0.000000 0.000000 0.000000 0.000000 0.000000 0.000000 0.499983 0.000027 0.000000 0.000000 0.000000 0.000000 0.000000 0.000000 0.000000 0.000000
the mean of prob-rank is 1.4736842105263157
the number of false negetive edges is 0
the number of probability greater than 0 is 3.0/edge
