20
 0.000000 0.000000 0.000000 0.000000 0.000000 0.007980 0.000000 0.000000 0.000000 0.000000 0.000000 0.000000 0.496010 0.000000 0.000000 0.000000 0.496010 0.000000 0.000000 0.000000
 0.000000 0.000000 0.000000 0.000000 0.000000 0.000000 0.000000 0.000000 0.000000 0.000000 0.500002 0.000000 0.000000 0.000000 0.000000 0.000000 0.000000 0.499998 0.000000 0.000000
 0.000000 0.000000 0.000000 0.000000 0.499990 0.000000 0.000000 0.000000 0.000000 0.000000 0.000000 0.499995 0.000000 0.000000 0.000000 0.000015 0.000000 0.000000 0.000000 0.000000
 0.000000 0.000000 0.000000 0.000000 0.000000 0.000000 0.292998 0.118554 0.000000 0.312844 0.000000 0.000000 0.000000 0.000000 0.000000 0.000000 0.267479 0.000000 0.000000 0.008126
 0.000000 0.000000 0.477359 0.000000 0.000000 0.000000 0.001410 0.000000 0.000000 0.044372 0.000000 0.000000 0.000000 0.000000 0.000000 0.000000 0.000000 0.000000 0.000000 0.476858
 0.006492 0.000000 0.000000 0.000000 0.000000 0.000000 0.000000 0.402434 0.000000 0.000000 0.000000 0.000000 0.403524 0.000000 0.000000 0.000000 0.000063 0.000000 0.187486 0.000000
 0.000000 0.000000 0.000000 0.327450 0.001033 0.000000 0.000000 0.003579 0.000000 0.318312 0.000000 0.000000 0.000000 0.000000 0.000000 0.000000 0.000000 0.000000 0.000000 0.349626
 0.000000 0.000000 0.000000 0.127616 0.000000 0.335827 0.003447 0.000000 0.000000 0.000000 0.000000 0.000000 0.000000 0.000000 0.000000 0.000000 0.190837 0.000000 0.334000 0.008273
 0.000000 0.000000 0.000000 0.000000 0.000000 0.000000 0.000000 0.000000 0.000000 0.000000 0.000000 0.499997 0.000000 0.000000 0.000000 0.000000 0.000000 0.500003 0.000000 0.000000
 0.000000 0.000000 0.000000 0.376005 0.034950 0.000000 0.342326 0.000000 0.000000 0.000000 0.000000 0.000000 0.000000 0.000000 0.000000 0.000000 0.246387 0.000000 0.000000 0.000332
 0.000000 0.500000 0.000000 0.000000 0.000000 0.000000 0.000000 0.000000 0.000000 0.000000 0.000000 0.000000 0.000000 0.500000 0.000000 0.000000 0.000000 0.000000 0.000000 0.000000
 0.000000 0.000000 0.500003 0.000000 0.000000 0.000000 0.000000 0.000000 0.499997 0.000000 0.000000 0.000000 0.000000 0.000000 0.000000 0.000000 0.000000 0.000000 0.000000 0.000000
 0.500008 0.000000 0.000000 0.000000 0.000000 0.499992 0.000000 0.000000 0.000000 0.000000 0.000000 0.000000 0.000000 0.000000 0.000000 0.000000 0.000000 0.000000 0.000000 0.000000
 0.000000 0.000000 0.000000 0.000000 0.000000 0.000000 0.000000 0.000000 0.000000 0.000000 0.500002 0.000000 0.000000 0.000000 0.000000 0.499997 0.000000 0.000000 0.000000 0.000000
 0.000000 0.000000 0.000000 0.000000 0.000000 0.000000 0.000000 0.000000 0.000000 0.000000 0.000000 0.000000 0.000000 0.000000 0.000000 0.500000 0.000000 0.000000 0.500000 0.000000
 0.000000 0.000000 0.000015 0.000000 0.000000 0.000000 0.000000 0.000000 0.000000 0.000000 0.000000 0.000000 0.000000 0.499989 0.499994 0.000000 0.000000 0.000000 0.000002 0.000000
 0.324972 0.000000 0.000000 0.277859 0.000000 0.000051 0.000000 0.184164 0.000000 0.212954 0.000000 0.000000 0.000000 0.000000 0.000000 0.000000 0.000000 0.000000 0.000000 0.000000
 0.000000 0.499998 0.000000 0.000000 0.000000 0.000000 0.000000 0.000000 0.500002 0.000000 0.000000 0.000000 0.000000 0.000000 0.000000 0.000000 0.000000 0.000000 0.000000 0.000000
 0.000000 0.000000 0.000000 0.000000 0.000000 0.189124 0.000000 0.403743 0.000000 0.000000 0.000000 0.000000 0.000000 0.000000 0.407078 0.000002 0.000000 0.000000 0.000000 0.000053
 0.000000 0.000000 0.000000 0.012667 0.487173 0.000000 0.487686 0.011980 0.000000 0.000430 0.000000 0.000000 0.000000 0.000000 0.000000 0.000000 0.000000 0.000000 0.000063 0.000000
the mean of prob-rank is 1.5789473684210527
the number of false negetive edges is 0
the number of probability greater than 0 is 3.6/edge
