20
 0.000000 0.000000 0.000001 0.000000 0.018823 0.000000 0.000000 0.000000 0.000000 0.000000 0.000219 0.474587 0.000000 0.000000 0.031618 0.000000 0.000000 0.474752 0.000000 0.000000
 0.000000 0.000000 0.339344 0.000000 0.000000 0.000020 0.000000 0.000004 0.000000 0.392640 0.000000 0.000000 0.000000 0.000000 0.000000 0.000010 0.000000 0.000000 0.267982 0.000000
 0.000000 0.283413 0.000000 0.000000 0.014523 0.000000 0.000000 0.000000 0.327926 0.000000 0.264670 0.000000 0.000000 0.000000 0.000000 0.000000 0.000000 0.000623 0.108844 0.000000
 0.000000 0.000000 0.000000 0.000000 0.000009 0.093713 0.000000 0.000000 0.000000 0.000000 0.000000 0.451048 0.000000 0.000000 0.000000 0.000000 0.000001 0.000000 0.000000 0.455229
 0.018614 0.000000 0.020792 0.000010 0.000000 0.000000 0.000000 0.000000 0.469399 0.000000 0.000001 0.005087 0.000009 0.000000 0.000000 0.000000 0.469482 0.016605 0.000000 0.000000
 0.000000 0.000023 0.000000 0.095165 0.000000 0.000000 0.000000 0.462281 0.000000 0.000000 0.000000 0.000000 0.001780 0.000000 0.000000 0.000000 0.000000 0.000000 0.000000 0.440750
 0.000000 0.000000 0.000000 0.000000 0.000000 0.000000 0.000000 0.000000 0.000000 0.000000 0.251450 0.000000 0.000000 0.196935 0.156364 0.160072 0.000000 0.000000 0.235178 0.000000
 0.000000 0.000005 0.000000 0.000000 0.000000 0.499999 0.000000 0.000000 0.000000 0.000000 0.000000 0.000000 0.499996 0.000000 0.000000 0.000000 0.000000 0.000000 0.000000 0.000000
 0.000000 0.000000 0.499947 0.000000 0.499857 0.000000 0.000000 0.000000 0.000000 0.000000 0.000000 0.000000 0.000000 0.000000 0.000000 0.000000 0.000196 0.000000 0.000000 0.000000
 0.000000 0.464893 0.000000 0.000000 0.000000 0.000000 0.000000 0.000000 0.000000 0.000000 0.000000 0.000000 0.000000 0.071416 0.000000 0.463691 0.000000 0.000000 0.000000 0.000000
 0.000123 0.000000 0.215562 0.000000 0.000001 0.000000 0.246812 0.000000 0.000000 0.000000 0.000000 0.000000 0.000000 0.000000 0.261918 0.000000 0.000000 0.069156 0.206428 0.000000
 0.418272 0.000000 0.000000 0.414574 0.004533 0.000000 0.000000 0.000000 0.000000 0.000000 0.000000 0.000000 0.000000 0.000000 0.056486 0.000000 0.000000 0.000003 0.000000 0.106132
 0.000000 0.000000 0.000000 0.000000 0.000010 0.001922 0.000000 0.499033 0.000000 0.000000 0.000000 0.000000 0.000000 0.000000 0.000000 0.000000 0.499035 0.000000 0.000000 0.000000
 0.000000 0.000000 0.000000 0.000000 0.000000 0.000000 0.256582 0.000000 0.000000 0.054459 0.000000 0.000000 0.000000 0.000000 0.000000 0.354462 0.000000 0.000000 0.334497 0.000000
 0.024164 0.000000 0.000000 0.000000 0.000000 0.000000 0.208507 0.000000 0.000000 0.000000 0.355822 0.048983 0.000000 0.000000 0.000000 0.000000 0.000000 0.362525 0.000000 0.000000
 0.000000 0.000010 0.000000 0.000000 0.000000 0.000000 0.227424 0.000000 0.000000 0.385588 0.000000 0.000000 0.000000 0.386534 0.000000 0.000000 0.000000 0.000000 0.000444 0.000000
 0.000000 0.000000 0.000000 0.000001 0.499901 0.000000 0.000000 0.000000 0.000196 0.000000 0.000000 0.000000 0.499902 0.000000 0.000000 0.000000 0.000000 0.000000 0.000000 0.000000
 0.435663 0.000000 0.000828 0.000000 0.015409 0.000000 0.000000 0.000000 0.000000 0.000000 0.112808 0.000003 0.000000 0.000000 0.435289 0.000000 0.000000 0.000000 0.000000 0.000000
 0.000000 0.189780 0.092293 0.000000 0.000000 0.000000 0.240330 0.000000 0.000000 0.000000 0.214914 0.000000 0.000000 0.262363 0.000000 0.000320 0.000000 0.000000 0.000000 0.000000
 0.000000 0.000000 0.000000 0.453088 0.000000 0.431985 0.000000 0.000000 0.000000 0.000000 0.000000 0.114927 0.000000 0.000000 0.000000 0.000000 0.000000 0.000000 0.000000 0.000000
the mean of prob-rank is 1.5263157894736843
the number of false negetive edges is 0
the number of probability greater than 0 is 4.85/edge
