20
 0.000000 0.000000 0.000000 0.450748 0.000000 0.000000 0.000000 0.035502 0.000000 0.063154 0.000000 0.000000 0.000000 0.000000 0.000000 0.000000 0.000000 0.000000 0.450593 0.000003
 0.000000 0.000000 0.000000 0.000000 0.000000 0.490002 0.000000 0.000000 0.000000 0.000000 0.000000 0.020179 0.000000 0.000000 0.000000 0.000000 0.489820 0.000000 0.000000 0.000000
 0.000000 0.000000 0.000000 0.000000 0.116701 0.000000 0.000000 0.000352 0.416446 0.000000 0.000000 0.000000 0.000000 0.050368 0.000000 0.416132 0.000000 0.000000 0.000000 0.000000
 0.387192 0.000000 0.000000 0.000000 0.000000 0.000000 0.000000 0.000000 0.000000 0.387401 0.000000 0.000000 0.000000 0.000000 0.200388 0.000000 0.000000 0.000000 0.025019 0.000000
 0.000000 0.000000 0.103661 0.000000 0.000000 0.000000 0.000000 0.000172 0.013360 0.000000 0.000000 0.000000 0.008091 0.367300 0.028686 0.370151 0.000000 0.000000 0.108578 0.000000
 0.000000 0.483728 0.000000 0.000000 0.000000 0.000000 0.000014 0.000000 0.000000 0.000000 0.000000 0.479426 0.000000 0.000000 0.000000 0.000000 0.036833 0.000000 0.000000 0.000000
 0.000000 0.000000 0.000000 0.000000 0.000000 0.000014 0.000000 0.000000 0.000000 0.000000 0.500024 0.000000 0.000000 0.000000 0.000000 0.000000 0.499962 0.000000 0.000000 0.000000
 0.037942 0.000000 0.000408 0.000000 0.000224 0.000000 0.000000 0.000000 0.000000 0.000000 0.000000 0.000000 0.000000 0.482888 0.000000 0.000000 0.000000 0.000000 0.478537 0.000000
 0.000000 0.000000 0.460636 0.000000 0.016637 0.000000 0.000000 0.000000 0.000000 0.000000 0.000000 0.460939 0.000000 0.000000 0.000000 0.061788 0.000000 0.000000 0.000000 0.000000
 0.061298 0.000000 0.000000 0.437740 0.000000 0.000000 0.000000 0.000000 0.000000 0.000000 0.000000 0.000000 0.000000 0.000000 0.437728 0.000000 0.000000 0.000000 0.000000 0.063233
 0.000000 0.000000 0.000000 0.000000 0.000000 0.000000 0.461439 0.000000 0.000000 0.000000 0.000000 0.000000 0.451976 0.000000 0.000000 0.000000 0.000000 0.000000 0.000000 0.086586
 0.000000 0.020263 0.000000 0.000000 0.000000 0.487681 0.000000 0.000000 0.492056 0.000000 0.000000 0.000000 0.000000 0.000000 0.000000 0.000000 0.000000 0.000000 0.000000 0.000000
 0.000000 0.000000 0.000000 0.000000 0.007850 0.000000 0.000000 0.000000 0.000000 0.000000 0.351742 0.000000 0.000000 0.000000 0.000512 0.000000 0.000000 0.357087 0.000000 0.282810
 0.000000 0.000000 0.048548 0.000000 0.398560 0.000000 0.000000 0.401657 0.000000 0.000000 0.000000 0.000000 0.000000 0.000000 0.000000 0.000000 0.000000 0.000000 0.151236 0.000000
 0.000000 0.000000 0.000000 0.166861 0.025046 0.000000 0.000000 0.000000 0.000000 0.322576 0.000000 0.000000 0.000461 0.000000 0.000000 0.000000 0.000000 0.108318 0.084364 0.292375
 0.000000 0.000000 0.468243 0.000000 0.468901 0.000000 0.000000 0.000000 0.062856 0.000000 0.000000 0.000000 0.000000 0.000000 0.000000 0.000000 0.000000 0.000000 0.000000 0.000000
 0.000000 0.481598 0.000000 0.000000 0.000000 0.036684 0.481718 0.000000 0.000000 0.000000 0.000000 0.000000 0.000000 0.000000 0.000000 0.000000 0.000000 0.000000 0.000000 0.000000
 0.000000 0.000000 0.000000 0.000000 0.000000 0.000000 0.000000 0.000000 0.000000 0.000000 0.000000 0.000000 0.427886 0.000000 0.144221 0.000000 0.000000 0.000000 0.000000 0.427893
 0.334247 0.000000 0.000000 0.021605 0.098314 0.000000 0.000000 0.332144 0.000000 0.000000 0.000000 0.000000 0.000000 0.126199 0.087491 0.000000 0.000000 0.000000 0.000000 0.000000
 0.000002 0.000000 0.000000 0.000000 0.000000 0.000000 0.000000 0.000000 0.000000 0.047768 0.062166 0.000000 0.260909 0.000000 0.299715 0.000000 0.000000 0.329440 0.000000 0.000000
the mean of prob-rank is 1.4210526315789473
the number of false negetive edges is 0
the number of probability greater than 0 is 4.4/edge
