20
 0.000000 0.000000 0.000000 0.000000 0.000000 0.000000 0.000000 0.000000 0.000000 0.000000 0.000000 0.000000 0.000000 0.000000 0.000000 0.500000 0.000000 0.000000 0.500000 0.000000
 0.000000 0.000000 0.000000 0.000000 0.000000 0.000000 0.000000 0.000000 0.000000 0.000000 0.000006 0.000000 0.499996 0.499998 0.000000 0.000000 0.000000 0.000000 0.000000 0.000000
 0.000000 0.000000 0.000000 0.000000 0.000000 0.446474 0.000000 0.000000 0.000000 0.000000 0.106927 0.000000 0.446599 0.000000 0.000000 0.000000 0.000000 0.000000 0.000000 0.000000
 0.000000 0.000000 0.000000 0.000000 0.000000 0.000000 0.000000 0.000000 0.000000 0.056023 0.000000 0.000000 0.000000 0.000000 0.000000 0.370759 0.000000 0.201865 0.000000 0.371352
 0.000000 0.000000 0.000000 0.000000 0.000000 0.000001 0.499778 0.000000 0.000000 0.000000 0.000000 0.000000 0.000000 0.000000 0.499788 0.000000 0.000434 0.000000 0.000000 0.000000
 0.000000 0.000000 0.459656 0.000000 0.000001 0.000000 0.459741 0.000000 0.000000 0.000000 0.063236 0.000000 0.000001 0.000000 0.000000 0.000000 0.017366 0.000000 0.000000 0.000000
 0.000000 0.000000 0.000000 0.000000 0.474482 0.474444 0.000000 0.000000 0.000000 0.000000 0.000000 0.000002 0.000000 0.000000 0.012658 0.000000 0.038414 0.000000 0.000000 0.000000
 0.000000 0.000000 0.000000 0.000000 0.000000 0.000000 0.000000 0.000000 0.000000 0.335137 0.260744 0.328461 0.000000 0.000000 0.001911 0.073747 0.000000 0.000000 0.000000 0.000000
 0.000000 0.000000 0.000000 0.000000 0.000000 0.000000 0.000000 0.000000 0.000000 0.000000 0.000000 0.000000 0.000000 0.500000 0.000000 0.000000 0.000000 0.000000 0.500000 0.000000
 0.000000 0.000000 0.000000 0.050501 0.000000 0.000000 0.000000 0.335409 0.000000 0.000000 0.000000 0.000000 0.000000 0.000000 0.000000 0.044523 0.000000 0.326041 0.000000 0.243526
 0.000000 0.000004 0.079232 0.000000 0.000000 0.045513 0.000000 0.257432 0.000000 0.000000 0.000000 0.286887 0.000000 0.000000 0.000059 0.000000 0.330871 0.000000 0.000000 0.000000
 0.000000 0.000000 0.000000 0.000000 0.000000 0.000000 0.000002 0.344789 0.000000 0.000000 0.305023 0.000000 0.000000 0.000000 0.144948 0.000000 0.205238 0.000000 0.000000 0.000000
 0.000000 0.500000 0.499999 0.000000 0.000000 0.000001 0.000000 0.000000 0.000000 0.000000 0.000000 0.000000 0.000000 0.000000 0.000000 0.000000 0.000000 0.000000 0.000000 0.000000
 0.000000 0.500000 0.000000 0.000000 0.000000 0.000000 0.000000 0.000000 0.500000 0.000000 0.000000 0.000000 0.000000 0.000000 0.000000 0.000000 0.000000 0.000000 0.000000 0.000000
 0.000000 0.000000 0.000000 0.000000 0.376919 0.000000 0.010055 0.002149 0.000000 0.000000 0.000068 0.155276 0.000000 0.000000 0.000000 0.000000 0.373017 0.082517 0.000000 0.000000
 0.425671 0.000000 0.000000 0.424090 0.000000 0.000000 0.000000 0.093656 0.000000 0.056496 0.000000 0.000000 0.000000 0.000000 0.000000 0.000000 0.000000 0.000000 0.000000 0.000088
 0.000000 0.000000 0.000000 0.000000 0.000322 0.014028 0.030069 0.000000 0.000000 0.000000 0.371354 0.216654 0.000000 0.000000 0.367572 0.000000 0.000000 0.000000 0.000000 0.000000
 0.000000 0.000000 0.000000 0.198629 0.000000 0.000000 0.000000 0.000000 0.000000 0.355898 0.000000 0.000000 0.000000 0.000000 0.080165 0.000000 0.000000 0.000000 0.000000 0.365308
 0.500000 0.000000 0.000000 0.000000 0.000000 0.000000 0.000000 0.000000 0.500000 0.000000 0.000000 0.000000 0.000000 0.000000 0.000000 0.000000 0.000000 0.000000 0.000000 0.000000
 0.000000 0.000000 0.000000 0.366643 0.000000 0.000000 0.000000 0.000000 0.000000 0.266731 0.000000 0.000000 0.000000 0.000000 0.000000 0.000076 0.000000 0.366551 0.000000 0.000000
the mean of prob-rank is 1.5789473684210527
the number of false negetive edges is 0
the number of probability greater than 0 is 4.1/edge
