20
 0.000000 0.000000 0.346628 0.000000 0.000000 0.299230 0.000000 0.000000 0.354142 0.000000 0.000000 0.000000 0.000000 0.000000 0.000000 0.000000 0.000000 0.000000 0.000000 0.000000
 0.000000 0.000000 0.000000 0.000000 0.000000 0.000000 0.000000 0.000000 0.000000 0.000000 0.000000 0.500000 0.000000 0.500000 0.000000 0.000000 0.000000 0.000000 0.000000 0.000000
 0.292079 0.000000 0.000000 0.285086 0.000000 0.000000 0.000000 0.000000 0.279985 0.000000 0.000001 0.000000 0.000000 0.000000 0.000000 0.000000 0.000000 0.141951 0.000899 0.000000
 0.000000 0.000000 0.318175 0.000000 0.000000 0.000000 0.000000 0.000000 0.000029 0.000000 0.000001 0.000000 0.000000 0.000000 0.000000 0.000000 0.000000 0.327125 0.316362 0.038308
 0.000000 0.000000 0.000000 0.000000 0.000000 0.000000 0.000000 0.000000 0.000000 0.000000 0.000000 0.000000 0.499765 0.000000 0.000000 0.000000 0.000000 0.000000 0.499785 0.000449
 0.295258 0.000000 0.000000 0.000000 0.000000 0.000000 0.000000 0.000000 0.343424 0.000000 0.000005 0.000002 0.000000 0.000000 0.349439 0.000000 0.000000 0.011872 0.000000 0.000000
 0.000000 0.000000 0.000000 0.000000 0.000000 0.000000 0.000000 0.500000 0.000000 0.000000 0.000000 0.000000 0.000000 0.000000 0.000000 0.000000 0.500000 0.000000 0.000000 0.000000
 0.000000 0.000000 0.000000 0.000000 0.000000 0.000000 0.500000 0.000000 0.000000 0.000000 0.000000 0.000000 0.000000 0.500000 0.000000 0.000000 0.000000 0.000000 0.000000 0.000000
 0.311967 0.000000 0.292704 0.000027 0.000000 0.306595 0.000000 0.000000 0.000000 0.000000 0.000000 0.000000 0.000000 0.000000 0.000000 0.000000 0.000000 0.088708 0.000000 0.000000
 0.000000 0.000000 0.000000 0.000000 0.000000 0.000000 0.000000 0.000000 0.000000 0.000000 0.317220 0.000000 0.001644 0.000000 0.000000 0.360215 0.000000 0.000000 0.000000 0.320921
 0.000000 0.000000 0.000001 0.000001 0.000000 0.000005 0.000000 0.000000 0.000000 0.274310 0.000000 0.000000 0.000000 0.000000 0.001878 0.000005 0.000000 0.309979 0.178527 0.235295
 0.000000 0.499999 0.000000 0.000000 0.000000 0.000002 0.000000 0.000000 0.000000 0.000000 0.000000 0.000000 0.000000 0.000000 0.499999 0.000000 0.000000 0.000000 0.000000 0.000000
 0.000000 0.000000 0.000000 0.000000 0.481017 0.000000 0.000000 0.000000 0.000000 0.002195 0.000000 0.000000 0.000000 0.000000 0.000000 0.000736 0.035322 0.000000 0.000000 0.480730
 0.000000 0.500000 0.000000 0.000000 0.000000 0.000000 0.000000 0.500000 0.000000 0.000000 0.000000 0.000000 0.000000 0.000000 0.000000 0.000000 0.000000 0.000000 0.000000 0.000000
 0.000000 0.000000 0.000000 0.000000 0.000000 0.498495 0.000000 0.000000 0.000000 0.000000 0.003005 0.498498 0.000000 0.000000 0.000000 0.000000 0.000000 0.000003 0.000000 0.000000
 0.000000 0.000000 0.000000 0.000000 0.000000 0.000000 0.000000 0.000000 0.000000 0.482980 0.000008 0.000000 0.000739 0.000000 0.000000 0.000000 0.482920 0.000000 0.000000 0.033353
 0.000000 0.000000 0.000000 0.000000 0.000000 0.000000 0.482321 0.000000 0.000000 0.000000 0.000000 0.000000 0.035417 0.000000 0.000000 0.482262 0.000000 0.000000 0.000000 0.000000
 0.000000 0.000000 0.135370 0.279518 0.000000 0.009668 0.000000 0.000000 0.080920 0.000000 0.283198 0.000000 0.000000 0.000000 0.000002 0.000000 0.000000 0.000000 0.006533 0.204792
 0.000000 0.000000 0.000981 0.309218 0.325526 0.000000 0.000000 0.000000 0.000000 0.000000 0.186572 0.000000 0.000000 0.000000 0.000000 0.000000 0.000000 0.007473 0.000000 0.170230
 0.000000 0.000000 0.000000 0.028239 0.000221 0.000000 0.000000 0.000000 0.000000 0.218725 0.185453 0.000000 0.245350 0.000000 0.000000 0.016954 0.000000 0.176675 0.128384 0.000000
the mean of prob-rank is 1.736842105263158
the number of false negetive edges is 0
the number of probability greater than 0 is 4.5/edge
