20
 0.000000 0.000000 0.499110 0.000000 0.000000 0.000000 0.000000 0.000000 0.000000 0.000000 0.000000 0.000000 0.000000 0.000000 0.001858 0.000000 0.000000 0.000000 0.499033 0.000000
 0.000000 0.000000 0.000000 0.000000 0.000000 0.493772 0.000000 0.000000 0.000000 0.000000 0.000000 0.000000 0.000000 0.000000 0.011750 0.000000 0.000000 0.000000 0.000906 0.493572
 0.464135 0.000000 0.000000 0.000000 0.000000 0.000000 0.000000 0.000000 0.000000 0.000000 0.462218 0.073531 0.000000 0.000000 0.000108 0.000000 0.000000 0.000000 0.000006 0.000001
 0.000000 0.000000 0.000000 0.000000 0.000000 0.000000 0.000000 0.253326 0.248570 0.000000 0.240590 0.000000 0.257432 0.000000 0.000000 0.000082 0.000000 0.000000 0.000000 0.000000
 0.000000 0.000000 0.000000 0.000000 0.000000 0.000000 0.500000 0.000000 0.000000 0.000000 0.000000 0.000000 0.000000 0.000000 0.000000 0.000000 0.500000 0.000000 0.000000 0.000000
 0.000000 0.499119 0.000000 0.000000 0.000000 0.000000 0.000000 0.000000 0.000000 0.000000 0.000000 0.000000 0.000000 0.000000 0.499111 0.000000 0.000000 0.000000 0.001771 0.000000
 0.000000 0.000000 0.000000 0.000000 0.500000 0.000000 0.000000 0.000000 0.000000 0.000000 0.000000 0.000000 0.000000 0.000000 0.000000 0.000000 0.000000 0.500000 0.000000 0.000000
 0.000000 0.000000 0.000000 0.322868 0.000000 0.000000 0.000000 0.000000 0.052639 0.000000 0.000000 0.000000 0.289934 0.000000 0.000000 0.334559 0.000000 0.000000 0.000000 0.000000
 0.000000 0.000000 0.000000 0.306900 0.000000 0.000000 0.000000 0.050993 0.000000 0.000000 0.322265 0.000000 0.000000 0.000000 0.000000 0.319842 0.000000 0.000000 0.000000 0.000000
 0.000000 0.000000 0.000000 0.000000 0.000000 0.000000 0.000000 0.000000 0.000000 0.000000 0.000000 0.487324 0.000000 0.025200 0.000000 0.000000 0.000000 0.487475 0.000000 0.000000
 0.000000 0.000000 0.338899 0.311901 0.000000 0.000000 0.000000 0.000000 0.338381 0.000000 0.000000 0.000000 0.001308 0.000000 0.000000 0.000003 0.000000 0.000000 0.009508 0.000000
 0.000000 0.000000 0.072004 0.000000 0.000000 0.000000 0.000000 0.000000 0.000000 0.454358 0.000000 0.000000 0.000000 0.454188 0.000000 0.000000 0.000000 0.000000 0.000000 0.019450
 0.000000 0.000000 0.000000 0.343965 0.000000 0.000000 0.000000 0.303952 0.000000 0.000000 0.001348 0.000000 0.000000 0.000000 0.000000 0.000000 0.350735 0.000000 0.000000 0.000000
 0.000000 0.000000 0.000000 0.000000 0.000000 0.000000 0.000000 0.000000 0.000000 0.025205 0.000000 0.487231 0.000000 0.000000 0.000000 0.000000 0.000000 0.000000 0.000000 0.487564
 0.001835 0.011736 0.000115 0.000000 0.000000 0.493157 0.000000 0.000000 0.000000 0.000000 0.000000 0.000000 0.000000 0.000000 0.000000 0.000000 0.000000 0.000000 0.493157 0.000000
 0.000000 0.000000 0.000000 0.000157 0.000000 0.000000 0.000000 0.502678 0.496078 0.000000 0.000005 0.000000 0.000000 0.000000 0.000000 0.000000 0.000000 0.000000 0.001083 0.000000
 0.000000 0.000000 0.000000 0.000000 0.500000 0.000000 0.000000 0.000000 0.000000 0.000000 0.000000 0.000000 0.500000 0.000000 0.000000 0.000000 0.000000 0.000000 0.000000 0.000000
 0.000000 0.000000 0.000000 0.000000 0.000000 0.000000 0.500000 0.000000 0.000000 0.500000 0.000000 0.000000 0.000000 0.000000 0.000000 0.000000 0.000000 0.000000 0.000000 0.000000
 0.491247 0.000901 0.000007 0.000000 0.000000 0.001743 0.000000 0.000000 0.000000 0.000000 0.013727 0.000000 0.000000 0.000000 0.491316 0.001058 0.000000 0.000000 0.000000 0.000000
 0.000000 0.489424 0.000001 0.000000 0.000000 0.000000 0.000000 0.000000 0.000000 0.000000 0.000000 0.020953 0.000000 0.489622 0.000000 0.000000 0.000000 0.000000 0.000000 0.000000
the mean of prob-rank is 1.5789473684210527
the number of false negetive edges is 0
the number of probability greater than 0 is 3.8/edge
