20
 0.000000 0.000000 0.000000 0.452864 0.000000 0.000000 0.000000 0.000000 0.000000 0.094367 0.000000 0.000000 0.452769 0.000000 0.000000 0.000000 0.000000 0.000000 0.000000 0.000000
 0.000000 0.000000 0.000000 0.000000 0.000000 0.000000 0.000000 0.000000 0.000000 0.000000 0.500000 0.000000 0.000000 0.000000 0.000000 0.000000 0.000000 0.000000 0.500000 0.000000
 0.000000 0.000000 0.000000 0.000000 0.000000 0.000000 0.000000 0.498448 0.000000 0.000000 0.003105 0.000000 0.000000 0.000000 0.000000 0.000000 0.000003 0.498445 0.000000 0.000000
 0.499453 0.000000 0.000000 0.000000 0.000000 0.499377 0.000000 0.000000 0.000000 0.001170 0.000000 0.000000 0.000000 0.000000 0.000000 0.000000 0.000000 0.000000 0.000000 0.000000
 0.000000 0.000000 0.000000 0.000000 0.000000 0.000000 0.487560 0.000000 0.000000 0.000000 0.000000 0.487395 0.000000 0.000000 0.000000 0.000000 0.000000 0.000000 0.000000 0.025045
 0.000000 0.000000 0.000000 0.491500 0.000000 0.000000 0.000000 0.000000 0.000000 0.000000 0.000000 0.000000 0.000928 0.000000 0.000000 0.000000 0.015996 0.491575 0.000000 0.000000
 0.000000 0.000000 0.000000 0.000000 0.499860 0.000000 0.000000 0.000000 0.000000 0.000000 0.000000 0.000369 0.000000 0.000000 0.000000 0.000000 0.000000 0.000000 0.000000 0.499771
 0.000000 0.000000 0.499993 0.000000 0.000000 0.000000 0.000000 0.000000 0.000000 0.000000 0.000000 0.000000 0.000000 0.500007 0.000000 0.000000 0.000000 0.000000 0.000000 0.000000
 0.000000 0.000000 0.000000 0.000000 0.000000 0.000000 0.000000 0.000000 0.000000 0.000000 0.000000 0.000000 0.000000 0.000000 0.000000 0.500000 0.000000 0.000000 0.000000 0.500000
 0.094274 0.000000 0.000000 0.001060 0.000000 0.000000 0.000000 0.000000 0.000000 0.000000 0.000000 0.000000 0.000000 0.000000 0.452414 0.000000 0.000000 0.000000 0.452253 0.000000
 0.000000 0.498452 0.003104 0.000000 0.000000 0.000000 0.000000 0.000000 0.000000 0.000000 0.000000 0.000000 0.000048 0.000000 0.000000 0.000000 0.498395 0.000000 0.000000 0.000000
 0.000000 0.000000 0.000000 0.000000 0.499731 0.000000 0.000369 0.000000 0.000000 0.000000 0.000000 0.000000 0.000000 0.499900 0.000000 0.000000 0.000000 0.000000 0.000000 0.000000
 0.495164 0.000000 0.000000 0.000000 0.000000 0.000935 0.000000 0.000000 0.000000 0.000000 0.000048 0.000000 0.000000 0.000000 0.000000 0.000000 0.494923 0.000000 0.008929 0.000000
 0.000000 0.000000 0.000000 0.000000 0.000000 0.000000 0.000000 0.499999 0.000000 0.000000 0.000000 0.500001 0.000000 0.000000 0.000000 0.000000 0.000000 0.000000 0.000000 0.000000
 0.000000 0.000000 0.000000 0.000000 0.000000 0.000000 0.000000 0.000000 0.000000 0.500001 0.000000 0.000000 0.000000 0.000000 0.000000 0.499998 0.000000 0.000000 0.000000 0.000000
 0.000000 0.000000 0.000000 0.000000 0.000000 0.000000 0.000000 0.000000 0.500001 0.000000 0.000000 0.000000 0.000000 0.000000 0.499999 0.000000 0.000000 0.000000 0.000000 0.000000
 0.000000 0.000000 0.000003 0.000000 0.000000 0.016016 0.000000 0.000000 0.000000 0.000000 0.492133 0.000000 0.491848 0.000000 0.000000 0.000000 0.000000 0.000000 0.000000 0.000000
 0.000000 0.000000 0.499991 0.000000 0.000000 0.500009 0.000000 0.000000 0.000000 0.000000 0.000000 0.000000 0.000000 0.000000 0.000000 0.000000 0.000000 0.000000 0.000000 0.000000
 0.000000 0.495621 0.000000 0.000000 0.000000 0.000000 0.000000 0.000000 0.000000 0.495444 0.000000 0.000000 0.008935 0.000000 0.000000 0.000000 0.000000 0.000000 0.000000 0.000000
 0.000000 0.000000 0.000000 0.000000 0.025043 0.000000 0.487435 0.000000 0.487522 0.000000 0.000000 0.000000 0.000000 0.000000 0.000000 0.000000 0.000000 0.000000 0.000000 0.000000
the mean of prob-rank is 1.5789473684210527
the number of false negetive edges is 0
the number of probability greater than 0 is 3.0/edge
