20
 0.000000 0.000000 0.000000 0.000000 0.000000 0.000000 0.000000 0.000000 0.000011 0.000000 0.000000 0.000000 0.000000 0.000000 0.000000 0.000000 0.500009 0.499980 0.000000 0.000000
 0.000000 0.000000 0.499881 0.000000 0.000000 0.000000 0.000000 0.000000 0.000000 0.499874 0.000000 0.000000 0.000000 0.000000 0.000000 0.000000 0.000000 0.000245 0.000000 0.000000
 0.000000 0.500000 0.000000 0.000000 0.000000 0.000000 0.000000 0.000000 0.500000 0.000000 0.000000 0.000000 0.000000 0.000000 0.000000 0.000000 0.000000 0.000000 0.000000 0.000000
 0.000000 0.000000 0.000000 0.000000 0.000000 0.000000 0.000000 0.012320 0.000000 0.000000 0.000000 0.000000 0.493839 0.000000 0.000000 0.000000 0.000000 0.000000 0.493841 0.000000
 0.000000 0.000000 0.000000 0.000000 0.000000 0.000000 0.000000 0.000000 0.000000 0.000000 0.000000 0.000000 0.000000 0.470057 0.000061 0.000000 0.469914 0.000000 0.000000 0.059967
 0.000000 0.000000 0.000000 0.000000 0.000000 0.000000 0.500010 0.000000 0.000000 0.000000 0.000000 0.000000 0.000000 0.000000 0.499983 0.000000 0.000000 0.000000 0.000000 0.000007
 0.000000 0.000000 0.000000 0.000000 0.000000 0.500000 0.000000 0.000000 0.000000 0.000000 0.000000 0.000000 0.000000 0.000000 0.000000 0.000000 0.000000 0.000000 0.500000 0.000000
 0.000000 0.000000 0.000000 0.012147 0.000000 0.000000 0.000000 0.000000 0.000000 0.000000 0.486891 0.000000 0.014067 0.000000 0.000000 0.486895 0.000000 0.000000 0.000000 0.000000
 0.000011 0.000000 0.499995 0.000000 0.000000 0.000000 0.000000 0.000000 0.000000 0.000000 0.499995 0.000000 0.000000 0.000000 0.000000 0.000000 0.000000 0.000000 0.000000 0.000000
 0.000000 0.499351 0.000000 0.000000 0.000000 0.000000 0.000000 0.000000 0.000000 0.000000 0.000000 0.499357 0.000000 0.000000 0.000000 0.001292 0.000000 0.000000 0.000000 0.000000
 0.000000 0.000000 0.000000 0.000000 0.000000 0.000000 0.000000 0.499989 0.500009 0.000000 0.000000 0.000000 0.000000 0.000000 0.000000 0.000001 0.000000 0.000000 0.000000 0.000000
 0.000000 0.000000 0.000000 0.000000 0.000000 0.000000 0.000000 0.000000 0.000000 0.500000 0.000000 0.000000 0.000000 0.000000 0.000000 0.000000 0.000000 0.500000 0.000000 0.000000
 0.000000 0.000000 0.000000 0.492879 0.000000 0.000000 0.000000 0.014239 0.000000 0.000000 0.000000 0.000000 0.000000 0.000000 0.000000 0.492881 0.000000 0.000000 0.000000 0.000000
 0.000000 0.000000 0.000000 0.000000 0.487661 0.000000 0.000000 0.000000 0.000000 0.000000 0.000000 0.000000 0.000000 0.000000 0.011855 0.000000 0.013004 0.000000 0.000000 0.487480
 0.000000 0.000000 0.000000 0.000000 0.000065 0.493950 0.000000 0.000000 0.000000 0.000000 0.000000 0.000000 0.000000 0.012008 0.000000 0.000000 0.000000 0.000000 0.000000 0.493977
 0.000000 0.000000 0.000000 0.000000 0.000000 0.000000 0.000000 0.499346 0.000000 0.001292 0.000001 0.000000 0.499361 0.000000 0.000000 0.000000 0.000000 0.000000 0.000000 0.000000
 0.493495 0.000000 0.000000 0.000000 0.493345 0.000000 0.000000 0.000000 0.000000 0.000000 0.000000 0.000000 0.000000 0.013159 0.000000 0.000000 0.000000 0.000000 0.000000 0.000000
 0.499863 0.000245 0.000000 0.000000 0.000000 0.000000 0.000000 0.000000 0.000000 0.000000 0.000000 0.499892 0.000000 0.000000 0.000000 0.000000 0.000000 0.000000 0.000000 0.000000
 0.000000 0.000000 0.000000 0.500000 0.000000 0.000000 0.500000 0.000000 0.000000 0.000000 0.000000 0.000000 0.000000 0.000000 0.000000 0.000000 0.000000 0.000000 0.000000 0.000000
 0.000000 0.000000 0.000000 0.000000 0.059973 0.000006 0.000000 0.000000 0.000000 0.000000 0.000000 0.000000 0.000000 0.469923 0.470098 0.000000 0.000000 0.000000 0.000000 0.000000
the mean of prob-rank is 1.5263157894736843
the number of false negetive edges is 0
the number of probability greater than 0 is 3.0/edge
