20
 0.000000 0.360547 0.000000 0.000000 0.000000 0.000000 0.000000 0.329693 0.000000 0.000000 0.000000 0.309760 0.000000 0.000000 0.000000 0.000000 0.000000 0.000000 0.000000 0.000000
 0.360626 0.000000 0.000000 0.000000 0.000000 0.000000 0.000000 0.287722 0.000000 0.000000 0.000000 0.351651 0.000000 0.000000 0.000000 0.000000 0.000000 0.000000 0.000000 0.000000
 0.000000 0.000000 0.000000 0.000000 0.377741 0.375971 0.000144 0.000000 0.000000 0.000000 0.000000 0.000000 0.000000 0.000000 0.000000 0.141423 0.000000 0.000000 0.000007 0.104714
 0.000000 0.000000 0.000000 0.000000 0.000000 0.000000 0.000000 0.000000 0.000000 0.500000 0.000000 0.000000 0.000000 0.000000 0.000000 0.000000 0.500000 0.000000 0.000000 0.000000
 0.000000 0.000000 0.386000 0.000000 0.000000 0.000000 0.223830 0.000000 0.000000 0.000000 0.000000 0.000000 0.000000 0.000000 0.000000 0.000000 0.000000 0.006580 0.000000 0.383590
 0.000000 0.000000 0.447504 0.000000 0.000000 0.000000 0.000000 0.000000 0.032479 0.000000 0.000000 0.000000 0.000000 0.000000 0.000000 0.000000 0.000000 0.000000 0.449608 0.070408
 0.000000 0.000000 0.000148 0.000000 0.224744 0.000000 0.000000 0.000000 0.000000 0.000000 0.000000 0.000000 0.387533 0.387575 0.000000 0.000000 0.000000 0.000000 0.000000 0.000000
 0.337149 0.294164 0.000000 0.000000 0.000000 0.000000 0.000000 0.000000 0.368688 0.000000 0.000000 0.000000 0.000000 0.000000 0.000000 0.000000 0.000000 0.000000 0.000000 0.000000
 0.000000 0.000000 0.000000 0.000000 0.000000 0.035005 0.000000 0.484562 0.000000 0.000000 0.000000 0.000000 0.000000 0.000000 0.000000 0.000000 0.000000 0.000000 0.000000 0.480433
 0.000000 0.000000 0.000000 0.500000 0.000000 0.000000 0.000000 0.000000 0.000000 0.000000 0.000000 0.000000 0.000000 0.000000 0.000000 0.500000 0.000000 0.000000 0.000000 0.000000
 0.000000 0.000000 0.000000 0.000000 0.000000 0.000000 0.000000 0.000000 0.000000 0.000000 0.000000 0.499940 0.000000 0.000000 0.499962 0.000000 0.000000 0.000098 0.000000 0.000000
 0.303132 0.344051 0.000000 0.000000 0.000000 0.000000 0.000000 0.000000 0.000000 0.000000 0.352817 0.000000 0.000000 0.000000 0.000000 0.000000 0.000000 0.000000 0.000000 0.000000
 0.000000 0.000000 0.000000 0.000000 0.000000 0.000000 0.488421 0.000000 0.000000 0.000000 0.000000 0.000000 0.000000 0.022542 0.000563 0.000000 0.000000 0.488474 0.000000 0.000000
 0.000000 0.000000 0.000000 0.000000 0.000000 0.000000 0.489079 0.000000 0.000000 0.000000 0.000000 0.000000 0.022570 0.000000 0.000000 0.488351 0.000000 0.000000 0.000000 0.000000
 0.000000 0.000000 0.000000 0.000000 0.000000 0.000000 0.000000 0.000000 0.000000 0.000000 0.499717 0.000000 0.000576 0.000000 0.000000 0.000000 0.000000 0.499707 0.000000 0.000000
 0.000000 0.000000 0.157778 0.000000 0.000000 0.000000 0.000000 0.000000 0.000000 0.421425 0.000000 0.000000 0.000000 0.420797 0.000000 0.000000 0.000000 0.000000 0.000000 0.000000
 0.000000 0.000000 0.000000 0.500000 0.000000 0.000000 0.000000 0.000000 0.000000 0.000000 0.000000 0.000000 0.000000 0.000000 0.000000 0.000000 0.000000 0.000000 0.500000 0.000000
 0.000000 0.000000 0.000000 0.000000 0.008451 0.000000 0.000000 0.000000 0.000000 0.000000 0.000097 0.000000 0.495731 0.000000 0.495721 0.000000 0.000000 0.000000 0.000000 0.000000
 0.000000 0.000000 0.000009 0.000000 0.000000 0.499993 0.000000 0.000000 0.000000 0.000000 0.000000 0.000000 0.000000 0.000000 0.000000 0.000000 0.499997 0.000000 0.000000 0.000000
 0.000000 0.000000 0.114597 0.000000 0.410811 0.064736 0.000000 0.000000 0.409856 0.000000 0.000000 0.000000 0.000000 0.000000 0.000000 0.000000 0.000000 0.000000 0.000000 0.000000
the mean of prob-rank is 1.5789473684210527
the number of false negetive edges is 0
the number of probability greater than 0 is 3.3/edge
