20
 0.000000 0.000000 0.499319 0.000000 0.000000 0.000000 0.000000 0.000000 0.000000 0.000000 0.000000 0.001356 0.000000 0.000000 0.000000 0.000000 0.000000 0.000000 0.499325 0.000000
 0.000000 0.000000 0.000000 0.000000 0.000000 0.000000 0.000000 0.000048 0.000000 0.000000 0.499975 0.000000 0.499977 0.000000 0.000000 0.000000 0.000000 0.000000 0.000000 0.000000
 0.499450 0.000000 0.000000 0.000000 0.000000 0.000008 0.001087 0.000000 0.000000 0.000000 0.000000 0.000000 0.000000 0.000000 0.000000 0.000000 0.000000 0.000000 0.000000 0.499456
 0.000000 0.000000 0.000000 0.000000 0.000000 0.000000 0.000000 0.500000 0.000000 0.000000 0.000000 0.000000 0.000000 0.000000 0.000000 0.000000 0.500000 0.000000 0.000000 0.000000
 0.000000 0.000000 0.000000 0.000000 0.000000 0.000000 0.000000 0.000000 0.000913 0.000000 0.499542 0.499545 0.000000 0.000000 0.000000 0.000000 0.000000 0.000000 0.000000 0.000000
 0.000000 0.000000 0.000008 0.000000 0.000000 0.000000 0.000000 0.000000 0.000000 0.000120 0.000000 0.000000 0.000000 0.000029 0.000000 0.000002 0.000000 0.499941 0.499900 0.000000
 0.000000 0.000000 0.001087 0.000000 0.000000 0.000000 0.000000 0.000000 0.000000 0.000000 0.000000 0.000000 0.000000 0.499337 0.000000 0.000000 0.000000 0.499424 0.000000 0.000153
 0.000000 0.000048 0.000000 0.499333 0.000000 0.000000 0.000000 0.000000 0.000000 0.000000 0.001301 0.499318 0.000000 0.000000 0.000000 0.000000 0.000000 0.000000 0.000000 0.000000
 0.000000 0.000000 0.000000 0.000000 0.000913 0.000000 0.000000 0.000000 0.000000 0.000000 0.000000 0.000000 0.499564 0.000000 0.000000 0.499523 0.000000 0.000000 0.000000 0.000000
 0.000000 0.000000 0.000000 0.000000 0.000000 0.000120 0.000000 0.000000 0.000000 0.000000 0.000000 0.000000 0.000000 0.499920 0.000000 0.499961 0.000000 0.000000 0.000000 0.000000
 0.000000 0.499351 0.000000 0.000000 0.499349 0.000000 0.000000 0.001301 0.000000 0.000000 0.000000 0.000000 0.000000 0.000000 0.000000 0.000000 0.000000 0.000000 0.000000 0.000000
 0.001339 0.000000 0.000000 0.000000 0.493163 0.000000 0.000000 0.493149 0.000000 0.000000 0.000000 0.000000 0.000000 0.000000 0.000000 0.000000 0.000000 0.000000 0.012349 0.000000
 0.000000 0.499999 0.000000 0.000000 0.000000 0.000000 0.000000 0.000000 0.500001 0.000000 0.000000 0.000000 0.000000 0.000000 0.000000 0.000000 0.000000 0.000000 0.000000 0.000000
 0.000000 0.000000 0.000000 0.000000 0.000000 0.000029 0.499243 0.000000 0.000000 0.499288 0.000000 0.000000 0.000000 0.000000 0.000000 0.000000 0.000000 0.001440 0.000000 0.000000
 0.000000 0.000000 0.000000 0.000000 0.000000 0.000000 0.000000 0.000000 0.000000 0.000000 0.000000 0.000000 0.000000 0.000000 0.000000 0.000000 0.500000 0.000000 0.000000 0.500000
 0.000000 0.000000 0.000000 0.000000 0.000000 0.000002 0.000000 0.000000 0.499744 0.499785 0.000000 0.000000 0.000000 0.000000 0.000000 0.000000 0.000000 0.000000 0.000470 0.000000
 0.000000 0.000000 0.000000 0.500000 0.000000 0.000000 0.000000 0.000000 0.000000 0.000000 0.000000 0.000000 0.000000 0.000000 0.500000 0.000000 0.000000 0.000000 0.000000 0.000000
 0.000000 0.000000 0.000000 0.000000 0.000000 0.499280 0.499280 0.000000 0.000000 0.000000 0.000000 0.000000 0.000000 0.001440 0.000000 0.000000 0.000000 0.000000 0.000000 0.000000
 0.493608 0.000000 0.000000 0.000000 0.000000 0.493568 0.000000 0.000000 0.000000 0.000000 0.000000 0.012360 0.000000 0.000000 0.000000 0.000464 0.000000 0.000000 0.000000 0.000000
 0.000000 0.000000 0.499924 0.000000 0.000000 0.000000 0.000153 0.000000 0.000000 0.000000 0.000000 0.000000 0.000000 0.000000 0.499924 0.000000 0.000000 0.000000 0.000000 0.000000
the mean of prob-rank is 1.4736842105263157
the number of false negetive edges is 0
the number of probability greater than 0 is 3.3/edge
