20
 0.000000 0.000000 0.000000 0.000000 0.000084 0.000000 0.394446 0.000000 0.000000 0.000000 0.000000 0.000000 0.000000 0.394322 0.000000 0.211148 0.000000 0.000000 0.000000 0.000000
 0.000000 0.000000 0.000000 0.000000 0.000000 0.000000 0.000000 0.000000 0.000000 0.000000 0.330539 0.000000 0.000000 0.000000 0.000000 0.000000 0.000000 0.341870 0.000000 0.327592
 0.000000 0.000000 0.000000 0.000001 0.499999 0.000000 0.000000 0.000000 0.000000 0.000000 0.000000 0.000000 0.500000 0.000000 0.000000 0.000000 0.000000 0.000000 0.000000 0.000000
 0.000000 0.000000 0.000001 0.000000 0.000000 0.000000 0.000170 0.000000 0.000000 0.499904 0.000000 0.000000 0.000000 0.000000 0.499924 0.000000 0.000000 0.000000 0.000001 0.000000
 0.000106 0.000000 0.499774 0.000000 0.000000 0.000000 0.499663 0.000000 0.000000 0.000000 0.000000 0.000000 0.000457 0.000000 0.000000 0.000000 0.000000 0.000000 0.000000 0.000000
 0.000000 0.000000 0.000000 0.000000 0.000000 0.000000 0.000000 0.476376 0.475205 0.048419 0.000000 0.000000 0.000000 0.000000 0.000000 0.000000 0.000000 0.000000 0.000000 0.000000
 0.488884 0.000000 0.000000 0.000167 0.489101 0.000000 0.000000 0.000000 0.000000 0.000000 0.000000 0.000000 0.000000 0.000000 0.021849 0.000000 0.000000 0.000000 0.000000 0.000000
 0.000000 0.000000 0.000000 0.000000 0.000000 0.475418 0.000000 0.000000 0.041879 0.475339 0.000000 0.000000 0.007364 0.000000 0.000000 0.000000 0.000000 0.000000 0.000000 0.000000
 0.000000 0.000000 0.000000 0.000000 0.000000 0.475467 0.000000 0.041986 0.000000 0.005908 0.000001 0.000000 0.000000 0.000000 0.000000 0.000000 0.000000 0.476639 0.000000 0.000000
 0.000000 0.000000 0.000000 0.472802 0.000000 0.048058 0.000000 0.472741 0.005860 0.000000 0.000000 0.000000 0.000000 0.000000 0.000539 0.000000 0.000000 0.000000 0.000000 0.000000
 0.000000 0.333068 0.000000 0.000000 0.000000 0.000000 0.000000 0.000000 0.000000 0.000000 0.000000 0.000000 0.000000 0.000000 0.000000 0.270576 0.034827 0.017008 0.000000 0.344521
 0.000000 0.000000 0.000000 0.000000 0.000000 0.000000 0.000000 0.000000 0.000000 0.000000 0.000000 0.000000 0.000000 0.000001 0.000000 0.144183 0.391157 0.000000 0.391256 0.073403
 0.000000 0.000000 0.495999 0.000000 0.000454 0.000000 0.000000 0.007683 0.000000 0.000000 0.000000 0.000000 0.000000 0.000000 0.495864 0.000000 0.000000 0.000000 0.000000 0.000000
 0.469924 0.000000 0.000000 0.000000 0.000000 0.000000 0.000000 0.000000 0.000000 0.000000 0.000000 0.000001 0.000000 0.000000 0.000000 0.059890 0.000000 0.000000 0.470185 0.000000
 0.000000 0.000000 0.000000 0.488861 0.000000 0.000000 0.021833 0.000000 0.000000 0.000557 0.000000 0.000000 0.488728 0.000000 0.000000 0.000000 0.000000 0.000000 0.000021 0.000000
 0.188878 0.000000 0.000000 0.000000 0.000000 0.000000 0.000000 0.000000 0.000000 0.000000 0.277288 0.130090 0.000000 0.044954 0.000000 0.000000 0.353076 0.000000 0.005714 0.000000
 0.000000 0.000000 0.000000 0.000000 0.000000 0.000000 0.000000 0.000000 0.000000 0.000000 0.046583 0.460631 0.000000 0.000000 0.000000 0.460830 0.000000 0.000000 0.000000 0.031956
 0.000000 0.487924 0.000000 0.000000 0.000000 0.000000 0.000000 0.000000 0.487986 0.000000 0.024090 0.000000 0.000000 0.000000 0.000000 0.000000 0.000000 0.000000 0.000000 0.000000
 0.000000 0.000000 0.000000 0.000001 0.000000 0.000000 0.000000 0.000000 0.000000 0.000000 0.000000 0.418664 0.000000 0.418561 0.000018 0.006777 0.000000 0.000000 0.000000 0.155980
 0.000000 0.370285 0.000000 0.000000 0.000000 0.000000 0.000000 0.000000 0.000000 0.000000 0.386463 0.072492 0.000000 0.000000 0.000000 0.000000 0.026799 0.000000 0.143961 0.000000
the mean of prob-rank is 1.5789473684210527
the number of false negetive edges is 0
the number of probability greater than 0 is 4.05/edge
