20
 0.000000 0.000000 0.000000 0.000000 0.000002 0.403979 0.000000 0.186319 0.000000 0.000000 0.000000 0.000000 0.000000 0.000000 0.002141 0.407560 0.000000 0.000000 0.000000 0.000000
 0.000000 0.000000 0.000000 0.000000 0.499998 0.000001 0.000000 0.000000 0.000000 0.000000 0.000000 0.000000 0.000000 0.000000 0.000000 0.000000 0.000000 0.000000 0.000000 0.500001
 0.000000 0.000000 0.000000 0.000000 0.000000 0.000000 0.000000 0.000000 0.000000 0.400539 0.199294 0.001022 0.000000 0.000000 0.399146 0.000000 0.000000 0.000000 0.000000 0.000000
 0.000000 0.000000 0.000000 0.000000 0.000000 0.000000 0.500000 0.000000 0.000000 0.000000 0.000000 0.000000 0.000000 0.000000 0.000000 0.000000 0.000000 0.000000 0.500000 0.000000
 0.000002 0.500144 0.000000 0.000000 0.000000 0.000484 0.000000 0.000000 0.000000 0.000000 0.000000 0.000000 0.000000 0.000000 0.000000 0.499369 0.000000 0.000000 0.000000 0.000000
 0.495746 0.000001 0.000000 0.000000 0.000485 0.000000 0.000000 0.500129 0.000000 0.000000 0.000000 0.000000 0.000000 0.000000 0.000000 0.003638 0.000000 0.000000 0.000000 0.000000
 0.000000 0.000000 0.000000 0.500000 0.000000 0.000000 0.000000 0.000000 0.000000 0.000000 0.000000 0.000000 0.000000 0.000000 0.000000 0.000000 0.500000 0.000000 0.000000 0.000000
 0.185938 0.000000 0.000000 0.000000 0.000000 0.406717 0.000000 0.000000 0.000553 0.000000 0.000000 0.000000 0.000000 0.000000 0.406792 0.000000 0.000000 0.000000 0.000000 0.000000
 0.000000 0.000000 0.000000 0.000000 0.000000 0.000000 0.000000 0.000624 0.000000 0.009221 0.045105 0.448505 0.000000 0.000000 0.036779 0.000000 0.000000 0.459766 0.000000 0.000000
 0.000000 0.000000 0.354873 0.000000 0.000000 0.000000 0.000000 0.000000 0.007117 0.000000 0.353251 0.000000 0.000000 0.000000 0.001000 0.000000 0.000000 0.283758 0.000000 0.000000
 0.000000 0.000000 0.191192 0.000000 0.000000 0.000000 0.000000 0.000000 0.037697 0.382500 0.000000 0.009037 0.000000 0.000000 0.000000 0.000000 0.000000 0.379573 0.000000 0.000000
 0.000000 0.000000 0.001275 0.000000 0.000000 0.000000 0.000000 0.000000 0.487369 0.000000 0.011750 0.000000 0.499606 0.000000 0.000000 0.000000 0.000000 0.000000 0.000000 0.000000
 0.000000 0.000000 0.000000 0.000000 0.000000 0.000000 0.000000 0.000000 0.000000 0.000000 0.000000 0.500002 0.000000 0.499998 0.000000 0.000000 0.000000 0.000000 0.000000 0.000000
 0.000000 0.000000 0.000000 0.000000 0.000000 0.000000 0.000000 0.000000 0.000000 0.000000 0.000000 0.000000 0.499998 0.000000 0.000000 0.000000 0.000000 0.000000 0.500002 0.000000
 0.002262 0.000000 0.429671 0.000000 0.000000 0.000000 0.000000 0.430845 0.034492 0.001215 0.000000 0.000000 0.000000 0.000000 0.000000 0.084241 0.000000 0.017273 0.000000 0.000000
 0.454093 0.000000 0.000000 0.000000 0.453804 0.003303 0.000000 0.000000 0.000000 0.000000 0.000000 0.000000 0.000000 0.000000 0.088800 0.000000 0.000000 0.000000 0.000000 0.000000
 0.000000 0.000000 0.000000 0.000000 0.000000 0.000000 0.500000 0.000000 0.000000 0.000000 0.000000 0.000000 0.000000 0.000000 0.000000 0.000000 0.000000 0.000000 0.000000 0.500000
 0.000000 0.000000 0.000000 0.000000 0.000000 0.000000 0.000000 0.000000 0.353673 0.282797 0.349361 0.000000 0.000000 0.000000 0.014168 0.000000 0.000000 0.000000 0.000000 0.000000
 0.000000 0.000000 0.000000 0.500000 0.000000 0.000000 0.000000 0.000000 0.000000 0.000000 0.000000 0.000000 0.000000 0.500000 0.000000 0.000000 0.000000 0.000000 0.000000 0.000000
 0.000000 0.500000 0.000000 0.000000 0.000000 0.000000 0.000000 0.000000 0.000000 0.000000 0.000000 0.000000 0.000000 0.000000 0.000000 0.000000 0.500000 0.000000 0.000000 0.000000
the mean of prob-rank is 1.5263157894736843
the number of false negetive edges is 0
the number of probability greater than 0 is 3.6/edge
