20
 0.000000 0.488022 0.000000 0.001376 0.000000 0.000000 0.000000 0.000000 0.000000 0.000000 0.000000 0.000000 0.000000 0.000000 0.000000 0.488222 0.000000 0.022380 0.000000 0.000000
 0.499754 0.000000 0.000000 0.000000 0.000000 0.000000 0.000000 0.000000 0.000000 0.499958 0.000000 0.000000 0.000000 0.000072 0.000000 0.000216 0.000000 0.000000 0.000000 0.000000
 0.000000 0.000000 0.000000 0.000000 0.000000 0.498480 0.003049 0.000000 0.000000 0.000000 0.000000 0.498471 0.000000 0.000000 0.000000 0.000000 0.000000 0.000000 0.000000 0.000000
 0.001407 0.000000 0.000000 0.000000 0.000000 0.000000 0.000013 0.000000 0.000000 0.000000 0.000000 0.000000 0.000000 0.499302 0.000000 0.000000 0.000000 0.499278 0.000000 0.000000
 0.000000 0.000000 0.000000 0.000000 0.000000 0.000000 0.000000 0.452000 0.028092 0.451964 0.000000 0.000000 0.067943 0.000000 0.000000 0.000000 0.000000 0.000000 0.000000 0.000000
 0.000000 0.000000 0.350979 0.000000 0.000000 0.000000 0.000000 0.000000 0.000000 0.000000 0.000000 0.000026 0.331998 0.000000 0.316997 0.000000 0.000000 0.000000 0.000000 0.000000
 0.000000 0.000000 0.003049 0.000013 0.000000 0.000000 0.000000 0.000000 0.000000 0.000000 0.000000 0.498437 0.000000 0.000000 0.000000 0.000000 0.000046 0.000000 0.498456 0.000000
 0.000000 0.000000 0.000000 0.000000 0.497275 0.000000 0.000000 0.000000 0.497298 0.005426 0.000000 0.000000 0.000000 0.000000 0.000000 0.000000 0.000000 0.000000 0.000000 0.000000
 0.000000 0.000000 0.000000 0.000000 0.023198 0.000000 0.000000 0.373271 0.000000 0.000000 0.000000 0.000000 0.241306 0.000000 0.362225 0.000000 0.000000 0.000000 0.000000 0.000000
 0.000000 0.497325 0.000000 0.000000 0.497248 0.000000 0.000000 0.005426 0.000000 0.000000 0.000000 0.000000 0.000000 0.000000 0.000000 0.000000 0.000000 0.000000 0.000000 0.000000
 0.000000 0.000000 0.000000 0.000000 0.000000 0.000000 0.000000 0.000000 0.000000 0.000000 0.000000 0.002601 0.000000 0.498693 0.000000 0.000000 0.000000 0.000000 0.000000 0.498706
 0.000000 0.000000 0.476768 0.000000 0.000000 0.000036 0.476758 0.000000 0.000000 0.000000 0.002487 0.000000 0.043951 0.000000 0.000000 0.000000 0.000000 0.000000 0.000000 0.000000
 0.000000 0.000000 0.000000 0.000000 0.053021 0.333674 0.000000 0.000000 0.228035 0.000000 0.000000 0.032518 0.000000 0.000000 0.352752 0.000000 0.000000 0.000000 0.000000 0.000000
 0.000000 0.000072 0.000000 0.499970 0.000000 0.000000 0.000000 0.000000 0.000000 0.000000 0.499957 0.000000 0.000000 0.000000 0.000000 0.000000 0.000000 0.000000 0.000000 0.000000
 0.000000 0.000000 0.000000 0.000000 0.000000 0.314307 0.000000 0.000000 0.337693 0.000000 0.000000 0.000000 0.348001 0.000000 0.000000 0.000000 0.000000 0.000000 0.000000 0.000000
 0.499908 0.000216 0.000000 0.000000 0.000000 0.000000 0.000000 0.000000 0.000000 0.000000 0.000000 0.000000 0.000000 0.000000 0.000000 0.000000 0.000000 0.499877 0.000000 0.000000
 0.000000 0.000000 0.000000 0.000000 0.000000 0.000000 0.000046 0.000000 0.000000 0.000000 0.000000 0.000000 0.000000 0.000000 0.000000 0.000000 0.000000 0.000000 0.499976 0.499979
 0.022407 0.000000 0.000000 0.488799 0.000000 0.000000 0.000000 0.000000 0.000000 0.000000 0.000000 0.000000 0.000000 0.000000 0.000000 0.488793 0.000000 0.000000 0.000000 0.000000
 0.000000 0.000000 0.000000 0.000000 0.000000 0.000000 0.499993 0.000000 0.000000 0.000000 0.000000 0.000000 0.000000 0.000000 0.000000 0.000000 0.499990 0.000000 0.000000 0.000016
 0.000000 0.000000 0.000000 0.000000 0.000000 0.000000 0.000000 0.000000 0.000000 0.000000 0.499992 0.000000 0.000000 0.000000 0.000000 0.000000 0.499992 0.000000 0.000016 0.000000
the mean of prob-rank is 1.631578947368421
the number of false negetive edges is 0
the number of probability greater than 0 is 3.6/edge
