20
 0.000000 0.343106 0.000000 0.000000 0.000000 0.000000 0.000000 0.000000 0.000000 0.299277 0.000000 0.000000 0.357617 0.000000 0.000000 0.000000 0.000000 0.000000 0.000000 0.000000
 0.362275 0.000000 0.000000 0.000000 0.000000 0.000018 0.000000 0.256218 0.000000 0.003914 0.000000 0.000000 0.000000 0.000000 0.377575 0.000000 0.000000 0.000000 0.000000 0.000000
 0.000000 0.000000 0.000000 0.000000 0.000000 0.000008 0.000000 0.000000 0.000000 0.000000 0.000000 0.000000 0.000000 0.250564 0.373150 0.000000 0.000000 0.000000 0.376278 0.000000
 0.000000 0.000000 0.000000 0.000000 0.461912 0.000000 0.000000 0.000000 0.462203 0.000000 0.000000 0.000000 0.000000 0.000000 0.000000 0.000000 0.075885 0.000000 0.000000 0.000000
 0.000000 0.000000 0.000000 0.499843 0.000000 0.000000 0.000000 0.000000 0.000000 0.000000 0.000000 0.000000 0.000000 0.000000 0.000000 0.000000 0.500157 0.000000 0.000000 0.000000
 0.000000 0.000024 0.000011 0.000000 0.000000 0.000000 0.000000 0.000579 0.000000 0.000000 0.000000 0.000000 0.000000 0.499292 0.000000 0.001310 0.000000 0.000000 0.000000 0.498783
 0.000000 0.000000 0.000000 0.000000 0.000000 0.000000 0.000000 0.000000 0.500000 0.000000 0.000000 0.500000 0.000000 0.000000 0.000000 0.000000 0.000000 0.000000 0.000000 0.000000
 0.000000 0.235746 0.000000 0.000000 0.000000 0.000403 0.000000 0.000000 0.000000 0.347410 0.000000 0.000000 0.000000 0.000000 0.000000 0.004379 0.000000 0.328993 0.000000 0.083069
 0.000000 0.000000 0.000000 0.500000 0.000000 0.000000 0.500000 0.000000 0.000000 0.000000 0.000000 0.000000 0.000000 0.000000 0.000000 0.000000 0.000000 0.000000 0.000000 0.000000
 0.303445 0.003758 0.000000 0.000000 0.000000 0.000000 0.000000 0.362581 0.000000 0.000000 0.330215 0.000000 0.000000 0.000000 0.000000 0.000000 0.000000 0.000000 0.000000 0.000000
 0.000000 0.000000 0.000000 0.000000 0.000000 0.000000 0.000000 0.000000 0.000000 0.342923 0.000000 0.000000 0.376552 0.000000 0.000000 0.000000 0.000000 0.280524 0.000000 0.000000
 0.000000 0.000000 0.000000 0.000000 0.000000 0.000000 0.500000 0.000000 0.000000 0.000000 0.000000 0.000000 0.000000 0.000000 0.000000 0.500000 0.000000 0.000000 0.000000 0.000000
 0.500000 0.000000 0.000000 0.000000 0.000000 0.000000 0.000000 0.000000 0.000000 0.000000 0.500000 0.000000 0.000000 0.000000 0.000000 0.000000 0.000000 0.000000 0.000000 0.000000
 0.000000 0.000000 0.252120 0.000000 0.000000 0.378748 0.000000 0.000000 0.000000 0.000000 0.000000 0.000000 0.000000 0.000000 0.000000 0.000000 0.000000 0.000000 0.369131 0.000000
 0.000000 0.408599 0.405070 0.000000 0.000000 0.000000 0.000000 0.000000 0.000000 0.000000 0.000000 0.000000 0.000000 0.000000 0.000000 0.000000 0.000000 0.000000 0.186330 0.000000
 0.000000 0.000000 0.000000 0.000000 0.000000 0.001302 0.000000 0.006255 0.000000 0.000000 0.000000 0.496268 0.000000 0.000000 0.000000 0.000000 0.000000 0.000000 0.000000 0.496174
 0.000000 0.000000 0.000000 0.075865 0.462081 0.000000 0.000000 0.000000 0.000000 0.000000 0.000000 0.000000 0.000000 0.000000 0.000000 0.000000 0.000000 0.462053 0.000000 0.000000
 0.000000 0.000000 0.000000 0.000000 0.000000 0.000000 0.000000 0.351780 0.000000 0.000000 0.276753 0.000000 0.000000 0.000000 0.000000 0.000000 0.371467 0.000000 0.000000 0.000000
 0.000000 0.000000 0.411332 0.000000 0.000000 0.000000 0.000000 0.000000 0.000000 0.000000 0.000000 0.000000 0.000000 0.401030 0.187638 0.000000 0.000000 0.000000 0.000000 0.000000
 0.000000 0.000000 0.000000 0.000000 0.000000 0.446387 0.000000 0.106842 0.000000 0.000000 0.000000 0.000000 0.000000 0.000000 0.000000 0.446771 0.000000 0.000000 0.000000 0.000000
the mean of prob-rank is 1.4736842105263157
the number of false negetive edges is 0
the number of probability greater than 0 is 3.3/edge
