20
 0.000000 0.000000 0.000000 0.000000 0.000000 0.000000 0.000000 0.000000 0.000000 0.000000 0.385099 0.000000 0.000000 0.000000 0.000000 0.000000 0.000000 0.396348 0.218553 0.000000
 0.000000 0.000000 0.000000 0.000000 0.443433 0.000021 0.000000 0.000000 0.000000 0.000000 0.000000 0.000000 0.000000 0.000000 0.445969 0.046755 0.000000 0.063822 0.000000 0.000000
 0.000000 0.000000 0.000000 0.413176 0.000000 0.000000 0.414248 0.000000 0.000000 0.000000 0.000000 0.000000 0.000000 0.000000 0.000000 0.000000 0.172576 0.000000 0.000000 0.000000
 0.000000 0.000000 0.395290 0.000000 0.000000 0.000000 0.000000 0.000000 0.208392 0.000000 0.000000 0.000000 0.000000 0.000000 0.000000 0.000000 0.396318 0.000000 0.000000 0.000000
 0.000000 0.287414 0.000000 0.000000 0.000000 0.000000 0.000000 0.228330 0.000000 0.000000 0.000000 0.000000 0.000000 0.000000 0.000000 0.195877 0.000000 0.288380 0.000000 0.000000
 0.000000 0.000024 0.000000 0.000000 0.000000 0.000000 0.000000 0.000000 0.000000 0.000000 0.000000 0.000000 0.000000 0.000000 0.500107 0.499869 0.000000 0.000000 0.000000 0.000000
 0.000000 0.000000 0.499999 0.000000 0.000000 0.000000 0.000000 0.000000 0.000000 0.500001 0.000000 0.000000 0.000000 0.000000 0.000000 0.000000 0.000000 0.000000 0.000000 0.000000
 0.000000 0.000000 0.000000 0.000000 0.292862 0.000000 0.000000 0.000000 0.000011 0.000000 0.000000 0.371631 0.000000 0.000000 0.000000 0.335495 0.000000 0.000000 0.000000 0.000000
 0.000000 0.000000 0.000000 0.206335 0.000000 0.000000 0.000000 0.000012 0.000000 0.000000 0.000000 0.000000 0.000000 0.000000 0.000000 0.000000 0.391899 0.009458 0.000000 0.392296
 0.000000 0.000000 0.000000 0.000000 0.000000 0.000000 0.500022 0.000000 0.000000 0.000000 0.000000 0.000000 0.499978 0.000000 0.000000 0.000000 0.000000 0.000000 0.000000 0.000000
 0.363299 0.000000 0.000000 0.000000 0.000000 0.000000 0.000000 0.000000 0.000000 0.000000 0.000000 0.000000 0.000000 0.000000 0.000000 0.000000 0.000000 0.000000 0.373968 0.262733
 0.000000 0.000000 0.000000 0.000000 0.000000 0.000000 0.000000 0.500002 0.000000 0.000000 0.000000 0.000000 0.000000 0.499998 0.000000 0.000000 0.000000 0.000000 0.000000 0.000000
 0.000000 0.000000 0.000000 0.000000 0.000000 0.000000 0.000000 0.000000 0.000000 0.499978 0.000000 0.000000 0.000000 0.500022 0.000000 0.000000 0.000000 0.000000 0.000000 0.000000
 0.000000 0.000000 0.000000 0.000000 0.000000 0.000000 0.000000 0.000000 0.000000 0.000000 0.000000 0.499998 0.500002 0.000000 0.000000 0.000000 0.000000 0.000000 0.000000 0.000000
 0.000000 0.490250 0.000000 0.000000 0.000000 0.491410 0.000000 0.000000 0.000000 0.000000 0.000000 0.000000 0.000000 0.000000 0.000000 0.018340 0.000000 0.000000 0.000000 0.000000
 0.000000 0.038449 0.000000 0.000000 0.248521 0.367440 0.000000 0.331869 0.000000 0.000000 0.000000 0.000000 0.000000 0.000000 0.013720 0.000000 0.000000 0.000000 0.000000 0.000000
 0.000000 0.000000 0.169642 0.407206 0.000000 0.000000 0.000000 0.000000 0.406681 0.000000 0.000000 0.000000 0.000000 0.000000 0.000000 0.000000 0.000000 0.000000 0.000000 0.016471
 0.462461 0.066036 0.000000 0.000000 0.460356 0.000000 0.000000 0.000000 0.011148 0.000000 0.000000 0.000000 0.000000 0.000000 0.000000 0.000000 0.000000 0.000000 0.000000 0.000000
 0.216750 0.000000 0.000000 0.000000 0.000000 0.000000 0.000000 0.000000 0.000000 0.000000 0.393137 0.000000 0.000000 0.000000 0.000000 0.000000 0.000000 0.000000 0.000000 0.390113
 0.000000 0.000000 0.000000 0.000000 0.000000 0.000000 0.000000 0.000000 0.365524 0.000000 0.256872 0.000000 0.000000 0.000000 0.000000 0.000000 0.014789 0.000000 0.362814 0.000000
the mean of prob-rank is 1.6842105263157894
the number of false negetive edges is 0
the number of probability greater than 0 is 3.3/edge
