20
 0.000000 0.000000 0.000000 0.000000 0.346007 0.000000 0.000000 0.049870 0.022046 0.000000 0.010705 0.000000 0.000547 0.021917 0.000000 0.006178 0.146745 0.347630 0.048356 0.000000
 0.000000 0.000000 0.000000 0.000000 0.000000 0.474470 0.000000 0.000000 0.000000 0.000000 0.474222 0.000000 0.000000 0.000000 0.000000 0.051308 0.000000 0.000000 0.000000 0.000000
 0.000000 0.000000 0.000000 0.044655 0.000000 0.000000 0.000000 0.260513 0.000000 0.000001 0.000000 0.339500 0.000001 0.000000 0.000000 0.000000 0.000000 0.000000 0.000000 0.355330
 0.000000 0.000000 0.058747 0.000000 0.000000 0.000000 0.470886 0.000000 0.000000 0.000000 0.000000 0.000000 0.000003 0.000000 0.469830 0.000000 0.000000 0.000000 0.000000 0.000533
 0.387016 0.000000 0.000000 0.000000 0.000000 0.000000 0.000000 0.000000 0.000000 0.000000 0.000000 0.000000 0.000000 0.000000 0.000000 0.224141 0.388843 0.000000 0.000000 0.000000
 0.000000 0.500002 0.000000 0.000000 0.000000 0.000000 0.000000 0.000000 0.000000 0.499998 0.000000 0.000000 0.000000 0.000000 0.000000 0.000000 0.000000 0.000000 0.000000 0.000000
 0.000000 0.000000 0.000000 0.381250 0.000000 0.000000 0.000000 0.000045 0.366844 0.000000 0.000000 0.000000 0.250657 0.000000 0.001205 0.000000 0.000000 0.000000 0.000000 0.000000
 0.039387 0.000000 0.199835 0.000000 0.000000 0.000000 0.000032 0.000000 0.000000 0.000000 0.109987 0.000000 0.273757 0.000000 0.000000 0.264049 0.000000 0.000000 0.112953 0.000000
 0.020357 0.000000 0.000000 0.000000 0.000000 0.000000 0.308878 0.000000 0.000000 0.000000 0.000000 0.000000 0.164656 0.321007 0.169869 0.000000 0.000000 0.000006 0.015227 0.000000
 0.000000 0.000000 0.000001 0.000000 0.000000 0.499997 0.000000 0.000000 0.000000 0.000000 0.000000 0.500002 0.000000 0.000000 0.000000 0.000000 0.000000 0.000000 0.000000 0.000000
 0.012668 0.411166 0.000000 0.000000 0.000000 0.000000 0.000000 0.164794 0.000000 0.000000 0.000000 0.000000 0.000000 0.000000 0.000000 0.411373 0.000000 0.000000 0.000000 0.000000
 0.000000 0.000000 0.338680 0.000000 0.000000 0.000000 0.000000 0.000000 0.000000 0.357070 0.000000 0.000000 0.000000 0.000000 0.000000 0.000000 0.000000 0.000000 0.000000 0.304250
 0.000502 0.000000 0.000001 0.000002 0.000000 0.000000 0.209788 0.318150 0.163672 0.000000 0.000000 0.000000 0.000000 0.000884 0.000000 0.000000 0.000000 0.000005 0.306996 0.000000
 0.028884 0.000000 0.000000 0.000000 0.000000 0.000000 0.000000 0.000000 0.458142 0.000000 0.000000 0.000000 0.001270 0.000000 0.000000 0.000000 0.454765 0.001912 0.055028 0.000000
 0.000000 0.000000 0.000000 0.398883 0.000000 0.000000 0.001264 0.000000 0.211553 0.000000 0.000000 0.000000 0.000000 0.000000 0.000000 0.000000 0.000000 0.000000 0.000000 0.388300
 0.006651 0.040468 0.000000 0.000000 0.215712 0.000000 0.000000 0.359888 0.000000 0.000000 0.374214 0.000000 0.000000 0.000000 0.000000 0.000000 0.000000 0.000000 0.003067 0.000000
 0.174808 0.000000 0.000000 0.000000 0.414122 0.000000 0.000000 0.000000 0.000000 0.000000 0.000000 0.000000 0.000000 0.411069 0.000000 0.000000 0.000000 0.000000 0.000000 0.000000
 0.498943 0.000000 0.000000 0.000000 0.000000 0.000000 0.000000 0.000001 0.000009 0.000000 0.000000 0.000000 0.000008 0.002082 0.000000 0.000000 0.000000 0.000000 0.498957 0.000000
 0.051742 0.000000 0.000000 0.000000 0.000000 0.000000 0.000000 0.153028 0.017645 0.000000 0.000000 0.000000 0.357881 0.044679 0.000000 0.003049 0.000000 0.371977 0.000000 0.000000
 0.000000 0.000000 0.352378 0.000402 0.000000 0.000000 0.000000 0.000000 0.000000 0.000000 0.000000 0.302452 0.000000 0.000000 0.344768 0.000000 0.000000 0.000000 0.000000 0.000000
the mean of prob-rank is 1.4210526315789473
the number of false negetive edges is 0
the number of probability greater than 0 is 4.95/edge
