20
 0.000000 0.000000 0.000000 0.000000 0.497124 0.000000 0.000000 0.000000 0.003568 0.000000 0.000000 0.000000 0.000000 0.000000 0.496168 0.000000 0.003139 0.000000 0.000000 0.000000
 0.000000 0.000000 0.000000 0.000000 0.000000 0.000000 0.000000 0.000000 0.000000 0.000000 0.000005 0.000134 0.374508 0.000000 0.000000 0.371095 0.254257 0.000000 0.000000 0.000000
 0.000000 0.000000 0.000000 0.346750 0.000000 0.000000 0.299224 0.000000 0.000000 0.000000 0.000000 0.000000 0.000000 0.000003 0.000000 0.000000 0.000000 0.011655 0.000000 0.342368
 0.000000 0.000000 0.380531 0.000000 0.000000 0.000000 0.000000 0.000000 0.000000 0.000000 0.000000 0.000000 0.000000 0.000000 0.000000 0.000000 0.000000 0.000000 0.382389 0.237081
 0.468350 0.000000 0.000000 0.000000 0.000000 0.000000 0.000000 0.000000 0.000000 0.000000 0.000000 0.000000 0.000000 0.043883 0.019242 0.000000 0.000000 0.468524 0.000000 0.000000
 0.000000 0.000000 0.000000 0.000000 0.000000 0.000000 0.000000 0.000000 0.000000 0.473458 0.000000 0.038353 0.000000 0.018710 0.000000 0.000000 0.000000 0.000000 0.469479 0.000000
 0.000000 0.000000 0.301893 0.000000 0.000000 0.000000 0.000000 0.000000 0.000000 0.000000 0.000000 0.000000 0.000000 0.346510 0.000000 0.000000 0.000000 0.351597 0.000000 0.000000
 0.000000 0.000000 0.000000 0.000000 0.000000 0.000000 0.000000 0.000000 0.000000 0.121857 0.372738 0.367088 0.138318 0.000000 0.000000 0.000000 0.000000 0.000000 0.000000 0.000000
 0.002955 0.000000 0.000000 0.000000 0.000000 0.000000 0.000000 0.000000 0.000000 0.000000 0.000000 0.000000 0.000000 0.000000 0.411919 0.214542 0.370584 0.000000 0.000000 0.000000
 0.000000 0.000000 0.000000 0.000000 0.000000 0.406879 0.000000 0.133008 0.000000 0.000000 0.002532 0.384641 0.000000 0.072940 0.000000 0.000000 0.000000 0.000000 0.000000 0.000000
 0.000000 0.000005 0.000000 0.000000 0.000000 0.000000 0.000000 0.352356 0.000000 0.002193 0.000000 0.303981 0.341466 0.000000 0.000000 0.000000 0.000000 0.000000 0.000000 0.000000
 0.000000 0.000103 0.000000 0.000000 0.000000 0.023216 0.000000 0.282227 0.000000 0.270929 0.247228 0.000000 0.176297 0.000000 0.000000 0.000000 0.000000 0.000000 0.000000 0.000000
 0.000000 0.311239 0.000000 0.000000 0.000000 0.000000 0.000000 0.115488 0.000000 0.000000 0.301597 0.191457 0.000000 0.000000 0.000000 0.050542 0.029677 0.000000 0.000000 0.000000
 0.000000 0.000000 0.000003 0.000000 0.039024 0.016466 0.410642 0.000000 0.000000 0.074695 0.000000 0.000000 0.000000 0.000000 0.000000 0.000000 0.000000 0.029486 0.013085 0.416599
 0.489348 0.000000 0.000000 0.000000 0.020144 0.000000 0.000000 0.000000 0.490508 0.000000 0.000000 0.000000 0.000000 0.000000 0.000000 0.000000 0.000000 0.000000 0.000000 0.000000
 0.000000 0.370548 0.000000 0.000000 0.000000 0.000000 0.000000 0.000000 0.194770 0.000000 0.000000 0.000000 0.060727 0.000000 0.000000 0.000000 0.373956 0.000000 0.000000 0.000000
 0.002355 0.253303 0.000000 0.000000 0.000000 0.000000 0.000000 0.000000 0.335663 0.000000 0.000000 0.000000 0.035575 0.000000 0.000000 0.373103 0.000000 0.000000 0.000000 0.000000
 0.000000 0.000000 0.015895 0.000000 0.475220 0.000000 0.475253 0.000000 0.000000 0.000000 0.000000 0.000000 0.000000 0.033632 0.000000 0.000000 0.000000 0.000000 0.000000 0.000000
 0.000000 0.000000 0.000000 0.380703 0.000000 0.377552 0.000000 0.000000 0.000000 0.000000 0.000000 0.000000 0.000000 0.011957 0.000000 0.000000 0.000000 0.000000 0.000000 0.229788
 0.000000 0.000000 0.306466 0.193381 0.000000 0.000000 0.000000 0.000000 0.000000 0.000000 0.000000 0.000000 0.000000 0.311891 0.000000 0.000000 0.000000 0.000000 0.188262 0.000000
the mean of prob-rank is 1.631578947368421
the number of false negetive edges is 0
the number of probability greater than 0 is 4.5/edge
