20
 0.000000 0.004603 0.000000 0.000079 0.000000 0.000000 0.000000 0.304157 0.000467 0.000000 0.000000 0.000000 0.334263 0.000000 0.000000 0.000000 0.000000 0.356431 0.000000 0.000000
 0.003774 0.000000 0.000000 0.171521 0.000000 0.000000 0.000000 0.007889 0.292206 0.000000 0.000000 0.038352 0.030506 0.000000 0.000000 0.000000 0.000000 0.164200 0.291553 0.000000
 0.000000 0.000000 0.000000 0.000000 0.000000 0.000000 0.000000 0.000000 0.000000 0.499445 0.000000 0.000000 0.000000 0.499471 0.000000 0.001084 0.000000 0.000000 0.000000 0.000000
 0.000070 0.184942 0.000000 0.000000 0.000000 0.000009 0.084316 0.000000 0.042193 0.000000 0.314924 0.298377 0.074678 0.000000 0.000000 0.000000 0.000000 0.000000 0.000484 0.000008
 0.000000 0.000000 0.000000 0.000000 0.000000 0.000000 0.000000 0.000000 0.000000 0.000000 0.000000 0.000000 0.000000 0.000000 0.000000 0.499991 0.500009 0.000000 0.000000 0.000000
 0.000000 0.000000 0.000000 0.000009 0.000000 0.000000 0.212625 0.000000 0.000000 0.026766 0.000476 0.002395 0.000000 0.306666 0.000000 0.000000 0.000000 0.000000 0.138081 0.312983
 0.000000 0.000000 0.000000 0.059483 0.000000 0.150156 0.000000 0.000000 0.000000 0.000000 0.222288 0.199695 0.000000 0.182494 0.000000 0.000000 0.000000 0.000000 0.000000 0.185885
 0.284945 0.009014 0.000000 0.000000 0.000000 0.000000 0.000000 0.000000 0.000000 0.000000 0.000000 0.000000 0.000000 0.000000 0.000000 0.000000 0.333621 0.290574 0.081847 0.000000
 0.000614 0.468341 0.000000 0.062718 0.000000 0.000000 0.000000 0.000000 0.000000 0.000000 0.000000 0.000000 0.468321 0.000000 0.000000 0.000000 0.000000 0.000006 0.000000 0.000000
 0.000000 0.000000 0.477100 0.000000 0.000000 0.040572 0.000000 0.000000 0.000000 0.000000 0.000000 0.000000 0.000000 0.000998 0.477123 0.000229 0.000000 0.000000 0.003979 0.000000
 0.000000 0.000000 0.000000 0.456771 0.000000 0.000691 0.457013 0.000000 0.000000 0.000000 0.000000 0.000410 0.000000 0.085112 0.000000 0.000000 0.000000 0.000000 0.000000 0.000004
 0.000000 0.037896 0.000000 0.273434 0.000000 0.002197 0.259401 0.000000 0.000000 0.000000 0.000259 0.000000 0.000000 0.000000 0.000000 0.000000 0.000000 0.000000 0.145716 0.281098
 0.299596 0.033350 0.000000 0.075716 0.000000 0.000000 0.000000 0.000000 0.319435 0.000000 0.000000 0.000000 0.000000 0.000000 0.000000 0.000000 0.000000 0.271900 0.000004 0.000000
 0.000000 0.000000 0.335169 0.000000 0.000000 0.326543 0.275167 0.000000 0.000000 0.000701 0.062420 0.000000 0.000000 0.000000 0.000000 0.000000 0.000000 0.000000 0.000000 0.000000
 0.000000 0.000000 0.000000 0.000000 0.000000 0.000000 0.000000 0.000000 0.000000 0.464254 0.000000 0.000000 0.000000 0.000000 0.000000 0.464255 0.000933 0.000000 0.070558 0.000000
 0.000000 0.000000 0.001084 0.000000 0.499327 0.000000 0.000000 0.000000 0.000000 0.000240 0.000000 0.000000 0.000000 0.000000 0.499345 0.000000 0.000004 0.000000 0.000000 0.000000
 0.000000 0.000000 0.000000 0.000000 0.453854 0.000000 0.000000 0.453447 0.000000 0.000000 0.000000 0.000000 0.000000 0.000000 0.000912 0.000004 0.000000 0.000000 0.091783 0.000000
 0.304552 0.171129 0.000000 0.000000 0.000000 0.000000 0.000000 0.265021 0.000004 0.000000 0.000000 0.000000 0.259207 0.000000 0.000000 0.000000 0.000000 0.000000 0.000087 0.000000
 0.000000 0.294352 0.000000 0.000453 0.000000 0.129423 0.000000 0.072315 0.000000 0.002460 0.000000 0.148886 0.000004 0.000000 0.044839 0.000000 0.059664 0.000085 0.000000 0.247520
 0.000000 0.000000 0.000000 0.000007 0.000000 0.272938 0.229542 0.000000 0.000000 0.000000 0.000002 0.267221 0.000000 0.000000 0.000000 0.000000 0.000000 0.000000 0.230291 0.000000
the mean of prob-rank is 1.631578947368421
the number of false negetive edges is 0
the number of probability greater than 0 is 6.0/edge
