20
 0.000000 0.000000 0.000000 0.000000 0.000000 0.000000 0.498991 0.000972 0.000000 0.000000 0.000000 0.498824 0.000000 0.000000 0.000000 0.000000 0.001214 0.000000 0.000000 0.000000
 0.000000 0.000000 0.000007 0.000000 0.000000 0.000000 0.000007 0.000000 0.000000 0.000000 0.000000 0.000000 0.000000 0.000000 0.000000 0.000000 0.000000 0.499993 0.000000 0.499993
 0.000000 0.000007 0.000000 0.000000 0.000000 0.000000 0.000000 0.499990 0.000000 0.000000 0.000000 0.000000 0.000000 0.000000 0.000000 0.000000 0.000000 0.499980 0.000000 0.000022
 0.000000 0.000000 0.000000 0.000000 0.000000 0.000000 0.000000 0.000000 0.000000 0.000000 0.000000 0.500003 0.000000 0.000000 0.000000 0.000000 0.000000 0.000000 0.499997 0.000000
 0.000000 0.000000 0.000000 0.000000 0.000000 0.000000 0.000000 0.000000 0.485289 0.029855 0.000000 0.000000 0.000000 0.000000 0.484855 0.000000 0.000000 0.000000 0.000000 0.000000
 0.000000 0.000000 0.000000 0.000000 0.000000 0.000000 0.000000 0.000000 0.000000 0.000000 0.500000 0.000000 0.000000 0.000000 0.500000 0.000000 0.000000 0.000000 0.000000 0.000000
 0.497540 0.000007 0.000000 0.000000 0.000000 0.000000 0.000000 0.497419 0.000000 0.000000 0.000000 0.000042 0.000000 0.000000 0.000000 0.000000 0.004470 0.000324 0.000000 0.000198
 0.000949 0.000000 0.487424 0.000000 0.000000 0.000000 0.487306 0.000000 0.000000 0.000000 0.000000 0.024321 0.000000 0.000000 0.000000 0.000000 0.000000 0.000000 0.000000 0.000000
 0.000000 0.000000 0.000000 0.000000 0.499510 0.000000 0.000000 0.000000 0.000000 0.000000 0.000000 0.000000 0.000000 0.000000 0.000976 0.000000 0.499513 0.000000 0.000000 0.000000
 0.000000 0.000000 0.000000 0.000000 0.028069 0.000000 0.000000 0.000000 0.000000 0.000000 0.000000 0.000000 0.456255 0.065038 0.000000 0.450639 0.000000 0.000000 0.000000 0.000000
 0.000000 0.000000 0.000000 0.000000 0.000000 0.500000 0.000000 0.000000 0.000000 0.000000 0.000000 0.000000 0.000000 0.000000 0.000000 0.000000 0.000000 0.000000 0.500000 0.000000
 0.487726 0.000000 0.000000 0.487889 0.000000 0.000000 0.000041 0.024344 0.000000 0.000000 0.000000 0.000000 0.000000 0.000000 0.000000 0.000000 0.000000 0.000000 0.000000 0.000000
 0.000000 0.000000 0.000000 0.000000 0.000000 0.000000 0.000000 0.000000 0.000000 0.420728 0.000000 0.000000 0.000000 0.000000 0.000000 0.162323 0.000000 0.000000 0.000000 0.416949
 0.000000 0.000000 0.000000 0.000000 0.000000 0.000000 0.000000 0.000000 0.000000 0.066532 0.000000 0.000000 0.000000 0.000000 0.000000 0.466724 0.466744 0.000000 0.000000 0.000000
 0.000000 0.000000 0.000000 0.000000 0.499280 0.499743 0.000000 0.000000 0.000977 0.000000 0.000000 0.000000 0.000000 0.000000 0.000000 0.000000 0.000000 0.000000 0.000000 0.000000
 0.000000 0.000000 0.000000 0.000000 0.000000 0.000000 0.000000 0.000000 0.000000 0.406662 0.000000 0.000000 0.158852 0.411715 0.000000 0.000000 0.000000 0.000000 0.000000 0.022771
 0.001209 0.000000 0.000000 0.000000 0.000000 0.000000 0.004467 0.000000 0.497155 0.000000 0.000000 0.000000 0.000000 0.497169 0.000000 0.000000 0.000000 0.000000 0.000000 0.000000
 0.000000 0.499843 0.499832 0.000000 0.000000 0.000000 0.000325 0.000000 0.000000 0.000000 0.000000 0.000000 0.000000 0.000000 0.000000 0.000000 0.000000 0.000000 0.000000 0.000000
 0.000000 0.000000 0.000000 0.499997 0.000000 0.000000 0.000000 0.000000 0.000000 0.000000 0.500003 0.000000 0.000000 0.000000 0.000000 0.000000 0.000000 0.000000 0.000000 0.000000
 0.000000 0.488577 0.000022 0.000000 0.000000 0.000000 0.000194 0.000000 0.000000 0.000000 0.000000 0.000000 0.484186 0.000000 0.000000 0.027021 0.000000 0.000000 0.000000 0.000000
the mean of prob-rank is 1.5263157894736843
the number of false negetive edges is 0
the number of probability greater than 0 is 3.5/edge
