20
 0.000000 0.000000 0.000002 0.000000 0.018888 0.000000 0.000000 0.000000 0.459459 0.000000 0.000000 0.000000 0.000000 0.000000 0.460049 0.000000 0.000000 0.000006 0.061596 0.000000
 0.000000 0.000000 0.000000 0.000000 0.000000 0.000000 0.500000 0.000000 0.000000 0.000000 0.000000 0.000000 0.000000 0.000000 0.000000 0.000000 0.000000 0.000000 0.000000 0.500000
 0.000002 0.000000 0.000000 0.496944 0.000000 0.496578 0.000000 0.000000 0.000000 0.006476 0.000000 0.000000 0.000000 0.000000 0.000000 0.000000 0.000000 0.000000 0.000000 0.000000
 0.000000 0.000000 0.499996 0.000000 0.000000 0.000000 0.000000 0.000000 0.000000 0.000000 0.000000 0.000000 0.000000 0.500004 0.000000 0.000000 0.000000 0.000000 0.000000 0.000000
 0.020032 0.000000 0.000000 0.000000 0.000000 0.000000 0.000000 0.000000 0.000000 0.000000 0.000000 0.000000 0.490477 0.000000 0.000000 0.000000 0.000000 0.000000 0.489491 0.000000
 0.000000 0.000000 0.490235 0.000000 0.000000 0.000000 0.000000 0.000000 0.000000 0.000006 0.000000 0.490581 0.000000 0.000000 0.000000 0.000000 0.019178 0.000000 0.000000 0.000000
 0.000000 0.500000 0.000000 0.000000 0.000000 0.000000 0.000000 0.000000 0.000000 0.000000 0.500000 0.000000 0.000000 0.000000 0.000000 0.000000 0.000000 0.000000 0.000000 0.000000
 0.000000 0.000000 0.000000 0.000000 0.000000 0.000000 0.000000 0.000000 0.000000 0.000000 0.000000 0.000000 0.000000 0.432753 0.442416 0.124831 0.000000 0.000000 0.000000 0.000000
 0.450524 0.000000 0.000000 0.000000 0.000000 0.000000 0.000000 0.000000 0.000000 0.000000 0.000000 0.000000 0.000000 0.000000 0.000000 0.453478 0.000000 0.000000 0.095998 0.000000
 0.000000 0.000000 0.006475 0.000000 0.000000 0.000006 0.000000 0.000000 0.000000 0.000000 0.000000 0.000000 0.000000 0.000000 0.000000 0.000000 0.496825 0.496695 0.000000 0.000000
 0.000000 0.000000 0.000000 0.000000 0.000000 0.000000 0.500003 0.000000 0.000000 0.000000 0.000000 0.000000 0.499997 0.000000 0.000000 0.000000 0.000000 0.000000 0.000000 0.000000
 0.000000 0.000000 0.000000 0.000000 0.000000 0.496176 0.000000 0.000000 0.000000 0.000000 0.000000 0.000000 0.000000 0.000000 0.000000 0.000000 0.496006 0.007819 0.000000 0.000000
 0.000000 0.000000 0.000000 0.000000 0.500003 0.000000 0.000000 0.000000 0.000000 0.000000 0.499997 0.000000 0.000000 0.000000 0.000000 0.000000 0.000000 0.000000 0.000000 0.000000
 0.000000 0.000000 0.000000 0.437598 0.000000 0.000000 0.000000 0.428028 0.000000 0.000000 0.000000 0.000000 0.000000 0.000000 0.134375 0.000000 0.000000 0.000000 0.000000 0.000000
 0.432166 0.000000 0.000000 0.000000 0.000000 0.000000 0.000000 0.434429 0.000000 0.000000 0.000000 0.000000 0.000000 0.133405 0.000000 0.000000 0.000000 0.000000 0.000000 0.000000
 0.000000 0.000000 0.000000 0.000000 0.000000 0.000000 0.000000 0.123940 0.439274 0.000000 0.000000 0.000000 0.000000 0.000000 0.000000 0.000000 0.000000 0.000000 0.436785 0.000000
 0.000000 0.000000 0.000000 0.000000 0.000000 0.019174 0.000000 0.000000 0.000000 0.490507 0.000000 0.490319 0.000000 0.000000 0.000000 0.000000 0.000000 0.000000 0.000000 0.000000
 0.000006 0.000000 0.000000 0.000000 0.000000 0.000000 0.000000 0.000000 0.000000 0.496021 0.000000 0.007818 0.000000 0.000000 0.000000 0.000000 0.000000 0.000000 0.000000 0.496155
 0.056986 0.000000 0.000000 0.000000 0.427001 0.000000 0.000000 0.000000 0.090575 0.000000 0.000000 0.000000 0.000000 0.000000 0.000000 0.425437 0.000000 0.000000 0.000000 0.000000
 0.000000 0.500000 0.000000 0.000000 0.000000 0.000000 0.000000 0.000000 0.000000 0.000000 0.000000 0.000000 0.000000 0.000000 0.000000 0.000000 0.000000 0.500000 0.000000 0.000000
the mean of prob-rank is 1.4736842105263157
the number of false negetive edges is 0
the number of probability greater than 0 is 3.1/edge
