20
 0.000000 0.000000 0.000180 0.000000 0.000000 0.000000 0.001794 0.000000 0.000000 0.000000 0.000000 0.268214 0.236241 0.000000 0.000000 0.297191 0.000000 0.000000 0.000000 0.196380
 0.000000 0.000000 0.000000 0.000000 0.000000 0.000000 0.000000 0.000000 0.362231 0.313127 0.000000 0.324642 0.000000 0.000000 0.000000 0.000000 0.000000 0.000000 0.000000 0.000000
 0.000178 0.000000 0.000000 0.008639 0.000000 0.153397 0.244804 0.000000 0.000000 0.000000 0.000000 0.000017 0.218018 0.000007 0.000000 0.295313 0.000000 0.000000 0.000000 0.079627
 0.000000 0.000000 0.009394 0.000000 0.000000 0.000000 0.321117 0.000000 0.000000 0.000000 0.305983 0.000000 0.145190 0.000000 0.000000 0.000000 0.000901 0.000000 0.000000 0.217414
 0.000000 0.000000 0.000000 0.000000 0.000000 0.000000 0.000000 0.000000 0.000000 0.000000 0.000862 0.000000 0.000000 0.350246 0.285243 0.000000 0.363649 0.000000 0.000000 0.000000
 0.000000 0.000000 0.206663 0.000000 0.000000 0.000000 0.000000 0.000000 0.000000 0.000000 0.000000 0.000000 0.000000 0.397862 0.000000 0.000000 0.000000 0.000000 0.000000 0.395474
 0.001834 0.000000 0.251888 0.303859 0.000000 0.000000 0.000000 0.000000 0.000000 0.000000 0.000001 0.000000 0.191990 0.000000 0.000000 0.000000 0.000000 0.000000 0.000000 0.250428
 0.000000 0.000000 0.000000 0.000000 0.000000 0.000000 0.000000 0.000000 0.499999 0.000000 0.000000 0.000000 0.000000 0.000000 0.000000 0.000000 0.000000 0.000000 0.500001 0.000000
 0.000000 0.500001 0.000000 0.000000 0.000000 0.000000 0.000000 0.499999 0.000000 0.000000 0.000000 0.000000 0.000000 0.000000 0.000000 0.000000 0.000000 0.000000 0.000000 0.000000
 0.000000 0.306076 0.000000 0.000000 0.000000 0.000000 0.000000 0.000000 0.000000 0.000000 0.000000 0.341629 0.352295 0.000000 0.000000 0.000000 0.000000 0.000000 0.000000 0.000000
 0.000000 0.000000 0.000000 0.332021 0.000826 0.000000 0.000001 0.000000 0.000000 0.000000 0.000000 0.000000 0.000000 0.000000 0.318715 0.000000 0.348437 0.000000 0.000000 0.000000
 0.250344 0.248619 0.000016 0.000000 0.000000 0.000000 0.000000 0.000000 0.000000 0.267655 0.000000 0.000000 0.233363 0.000000 0.000000 0.000003 0.000000 0.000000 0.000000 0.000000
 0.178490 0.000000 0.165776 0.101529 0.000000 0.000000 0.141880 0.000000 0.000000 0.223424 0.000000 0.188901 0.000000 0.000000 0.000000 0.000000 0.000000 0.000000 0.000000 0.000000
 0.000000 0.000000 0.000009 0.000000 0.376109 0.390503 0.000000 0.000000 0.000000 0.000000 0.000000 0.000000 0.000000 0.000000 0.000000 0.000000 0.000000 0.000000 0.000000 0.233379
 0.000000 0.000000 0.000000 0.000000 0.290607 0.000000 0.000000 0.000000 0.000000 0.000000 0.338880 0.000000 0.000000 0.000000 0.000000 0.000000 0.000000 0.370489 0.000023 0.000000
 0.499986 0.000000 0.500008 0.000000 0.000000 0.000000 0.000000 0.000000 0.000000 0.000000 0.000000 0.000006 0.000000 0.000000 0.000000 0.000000 0.000000 0.000000 0.000000 0.000000
 0.000000 0.000000 0.000000 0.001401 0.499304 0.000000 0.000000 0.000000 0.000000 0.000000 0.499294 0.000000 0.000000 0.000000 0.000000 0.000000 0.000000 0.000000 0.000000 0.000000
 0.000000 0.000000 0.000000 0.000000 0.000000 0.000000 0.000000 0.000000 0.000000 0.000000 0.000000 0.000000 0.000000 0.000000 0.500001 0.000000 0.000000 0.000000 0.499999 0.000000
 0.000000 0.000000 0.000000 0.000000 0.000000 0.000000 0.000000 0.499985 0.000000 0.000000 0.000000 0.000000 0.000000 0.000000 0.000032 0.000000 0.000000 0.499984 0.000000 0.000000
 0.164234 0.000000 0.067019 0.168286 0.000000 0.247065 0.204849 0.000000 0.000000 0.000000 0.000000 0.000000 0.000000 0.148547 0.000000 0.000000 0.000000 0.000000 0.000000 0.000000
the mean of prob-rank is 1.8421052631578947
the number of false negetive edges is 0
the number of probability greater than 0 is 4.2/edge
