20
 0.000000 0.000074 0.000000 0.000000 0.000000 0.000000 0.000000 0.000000 0.000000 0.499963 0.000000 0.000000 0.000000 0.000000 0.499963 0.000000 0.000000 0.000000 0.000000 0.000000
 0.000055 0.000000 0.000000 0.000000 0.000000 0.000000 0.000001 0.000000 0.000000 0.338800 0.000000 0.291117 0.000000 0.000000 0.000000 0.000000 0.000000 0.000000 0.370028 0.000000
 0.000000 0.000000 0.000000 0.000000 0.000000 0.000000 0.000000 0.000000 0.000000 0.000000 0.000000 0.000000 0.000000 0.360127 0.000000 0.353653 0.000000 0.000000 0.000000 0.286219
 0.000000 0.000000 0.000000 0.000000 0.000000 0.000000 0.000000 0.499901 0.000000 0.000000 0.000000 0.000000 0.500077 0.000000 0.000000 0.000000 0.000000 0.000022 0.000000 0.000000
 0.000000 0.000000 0.000000 0.000000 0.000000 0.001808 0.000000 0.000000 0.345229 0.000000 0.006389 0.000002 0.000022 0.000000 0.000000 0.000000 0.319080 0.000000 0.000000 0.327469
 0.000000 0.000000 0.000000 0.000000 0.002612 0.000000 0.000000 0.000000 0.000000 0.000000 0.000000 0.000000 0.498644 0.000000 0.000000 0.000000 0.498743 0.000000 0.000000 0.000000
 0.000000 0.000001 0.000000 0.000000 0.000000 0.000000 0.000000 0.000000 0.000000 0.000000 0.000000 0.499958 0.000000 0.000000 0.000000 0.500041 0.000000 0.000000 0.000000 0.000000
 0.000000 0.000000 0.000000 0.499882 0.000000 0.000000 0.000000 0.000000 0.000000 0.000000 0.000000 0.000000 0.000000 0.000000 0.000058 0.000000 0.000000 0.500059 0.000000 0.000000
 0.000000 0.000000 0.000000 0.000000 0.447553 0.000000 0.000000 0.000000 0.000000 0.000000 0.447410 0.000000 0.000000 0.000000 0.000000 0.000000 0.000000 0.000000 0.000000 0.105037
 0.379318 0.347306 0.000000 0.000000 0.000000 0.000000 0.000000 0.000000 0.000000 0.000000 0.000000 0.000000 0.000000 0.000000 0.000000 0.000000 0.000000 0.000000 0.273376 0.000000
 0.000000 0.000000 0.000000 0.000000 0.006513 0.000000 0.000000 0.000000 0.351806 0.000000 0.000000 0.000000 0.000000 0.348341 0.000000 0.000000 0.000000 0.000000 0.000000 0.293340
 0.000000 0.284095 0.000000 0.000000 0.000002 0.000000 0.361039 0.000000 0.000000 0.000000 0.000000 0.000000 0.000000 0.000000 0.000000 0.000000 0.000000 0.000000 0.354865 0.000000
 0.000000 0.000000 0.000000 0.500033 0.000032 0.499934 0.000000 0.000000 0.000000 0.000000 0.000000 0.000000 0.000000 0.000000 0.000000 0.000000 0.000000 0.000000 0.000000 0.000000
 0.000000 0.000000 0.355767 0.000000 0.000000 0.000000 0.000000 0.000000 0.000000 0.000000 0.352259 0.000000 0.000000 0.000000 0.000000 0.264765 0.000000 0.000000 0.000000 0.027209
 0.499971 0.000000 0.000000 0.000000 0.000000 0.000000 0.000000 0.000058 0.000000 0.000000 0.000000 0.000000 0.000000 0.000000 0.000000 0.000000 0.000000 0.499971 0.000000 0.000000
 0.000000 0.000000 0.350672 0.000000 0.000000 0.000000 0.357199 0.000000 0.000000 0.000000 0.000000 0.000000 0.000000 0.265751 0.000000 0.000000 0.000000 0.000000 0.000000 0.026378
 0.000000 0.000000 0.000000 0.000000 0.325762 0.352458 0.000000 0.000000 0.000000 0.000000 0.000000 0.000000 0.000000 0.000000 0.000000 0.000000 0.000000 0.000000 0.000000 0.321780
 0.000000 0.000000 0.000000 0.000022 0.000000 0.000000 0.000000 0.499989 0.000000 0.000000 0.000000 0.000000 0.000000 0.000000 0.499989 0.000000 0.000000 0.000000 0.000000 0.000000
 0.000000 0.369900 0.000000 0.000000 0.000000 0.000000 0.000000 0.000000 0.000000 0.266588 0.000000 0.363512 0.000000 0.000000 0.000000 0.000000 0.000000 0.000000 0.000000 0.000000
 0.000000 0.000000 0.205062 0.000000 0.244815 0.000000 0.000000 0.000000 0.060572 0.000000 0.215132 0.000000 0.000000 0.019733 0.000000 0.019059 0.235628 0.000000 0.000000 0.000000
the mean of prob-rank is 1.7894736842105263
the number of false negetive edges is 0
the number of probability greater than 0 is 3.65/edge
