20
 0.000000 0.000000 0.000000 0.000000 0.000000 0.375461 0.000000 0.328795 0.000000 0.000000 0.000000 0.000000 0.000000 0.000000 0.000000 0.295743 0.000000 0.000000 0.000000 0.000000
 0.000000 0.000000 0.000000 0.000000 0.000000 0.000000 0.499999 0.000000 0.000000 0.000000 0.000000 0.000000 0.500001 0.000000 0.000000 0.000000 0.000000 0.000000 0.000000 0.000000
 0.000000 0.000000 0.000000 0.000000 0.000000 0.004888 0.000000 0.000000 0.489181 0.000000 0.490249 0.000000 0.000000 0.000000 0.000000 0.015683 0.000000 0.000000 0.000000 0.000000
 0.000000 0.000000 0.000000 0.000000 0.000000 0.000000 0.500000 0.000000 0.000000 0.500000 0.000000 0.000000 0.000000 0.000000 0.000000 0.000000 0.000000 0.000000 0.000000 0.000000
 0.000000 0.000000 0.000000 0.000000 0.000000 0.000000 0.000000 0.000000 0.000000 0.000000 0.000000 0.000000 0.000000 0.499999 0.000005 0.000000 0.000000 0.000000 0.499995 0.000000
 0.259563 0.000000 0.002588 0.000000 0.000000 0.000000 0.000000 0.072288 0.000077 0.000000 0.000000 0.190211 0.000000 0.000000 0.000000 0.253317 0.074789 0.012024 0.000000 0.135144
 0.000000 0.499999 0.000000 0.500001 0.000000 0.000000 0.000000 0.000000 0.000000 0.000000 0.000000 0.000000 0.000000 0.000000 0.000000 0.000000 0.000000 0.000000 0.000000 0.000000
 0.346323 0.000000 0.000000 0.000000 0.000000 0.110139 0.000000 0.000000 0.000000 0.000000 0.000000 0.000000 0.000000 0.395493 0.147962 0.000000 0.000026 0.000000 0.000000 0.000057
 0.000000 0.000000 0.493364 0.000000 0.000000 0.000146 0.000000 0.000000 0.000000 0.002457 0.005635 0.003957 0.000000 0.000000 0.000000 0.000000 0.000000 0.494442 0.000000 0.000000
 0.000000 0.000000 0.000000 0.498499 0.000000 0.000000 0.000000 0.000000 0.002477 0.000000 0.496743 0.000000 0.000000 0.000000 0.000000 0.000000 0.000000 0.002265 0.000017 0.000000
 0.000000 0.000000 0.498039 0.000000 0.000000 0.000000 0.000000 0.000000 0.005676 0.496285 0.000000 0.000000 0.000000 0.000000 0.000000 0.000000 0.000000 0.000000 0.000000 0.000000
 0.000000 0.000000 0.000000 0.000000 0.000000 0.204953 0.000000 0.000000 0.002238 0.000000 0.000000 0.000000 0.000000 0.000000 0.000013 0.000000 0.251917 0.275989 0.000306 0.264583
 0.000000 0.500027 0.000000 0.000000 0.000000 0.000000 0.000000 0.000000 0.000000 0.000000 0.000000 0.000000 0.000000 0.000000 0.000000 0.499973 0.000000 0.000000 0.000000 0.000000
 0.000000 0.000000 0.000000 0.000000 0.500002 0.000000 0.000000 0.499998 0.000000 0.000000 0.000000 0.000000 0.000000 0.000000 0.000000 0.000000 0.000000 0.000000 0.000000 0.000000
 0.000000 0.000000 0.000000 0.000000 0.000003 0.000000 0.000000 0.127533 0.000000 0.000000 0.000000 0.000016 0.000000 0.000000 0.000000 0.000000 0.318003 0.000000 0.339825 0.214620
 0.281762 0.000000 0.011444 0.000000 0.000000 0.349104 0.000000 0.000000 0.000000 0.000000 0.000000 0.000000 0.357691 0.000000 0.000000 0.000000 0.000000 0.000000 0.000000 0.000000
 0.000000 0.000000 0.000000 0.000000 0.000000 0.084159 0.000000 0.000019 0.000000 0.000000 0.000000 0.263088 0.000000 0.000000 0.272486 0.000000 0.000000 0.090789 0.001513 0.287946
 0.000000 0.000000 0.000000 0.000000 0.000000 0.015950 0.000000 0.000000 0.344344 0.001564 0.000000 0.339782 0.000000 0.000000 0.000000 0.000000 0.107028 0.000000 0.001897 0.189435
 0.000000 0.000000 0.000000 0.000000 0.497828 0.000000 0.000000 0.000000 0.000000 0.000017 0.000000 0.000545 0.000000 0.000000 0.496278 0.000000 0.002579 0.002743 0.000000 0.000011
 0.000000 0.000000 0.000000 0.000000 0.000000 0.143335 0.000000 0.000039 0.000000 0.000000 0.000000 0.260435 0.000000 0.000000 0.173331 0.000000 0.271397 0.151456 0.000006 0.000000
the mean of prob-rank is 1.5263157894736843
the number of false negetive edges is 0
the number of probability greater than 0 is 4.7/edge
