20
 0.000000 0.000000 0.000000 0.000000 0.500027 0.000000 0.000000 0.000000 0.000000 0.000000 0.499973 0.000000 0.000000 0.000000 0.000000 0.000000 0.000000 0.000000 0.000000 0.000000
 0.000000 0.000000 0.434012 0.000000 0.000000 0.000000 0.000000 0.126635 0.000000 0.000003 0.000000 0.004731 0.000000 0.000000 0.000000 0.000000 0.434619 0.000000 0.000000 0.000000
 0.000000 0.448342 0.000000 0.000000 0.000000 0.000000 0.000000 0.000001 0.000000 0.000398 0.000000 0.448961 0.000000 0.000000 0.000000 0.000000 0.102298 0.000000 0.000000 0.000000
 0.000000 0.000000 0.000000 0.000000 0.000000 0.000000 0.478779 0.000000 0.000000 0.000000 0.000000 0.000000 0.000000 0.475186 0.000000 0.046036 0.000000 0.000000 0.000000 0.000000
 0.500122 0.000000 0.000000 0.000000 0.000000 0.000000 0.499877 0.000000 0.000000 0.000000 0.000000 0.000000 0.000000 0.000000 0.000000 0.000000 0.000000 0.000000 0.000000 0.000000
 0.000000 0.000000 0.000000 0.000000 0.000000 0.000000 0.000000 0.000000 0.005025 0.000000 0.000000 0.000000 0.492416 0.000000 0.000000 0.006187 0.000000 0.000000 0.000000 0.496372
 0.000000 0.000000 0.000000 0.500123 0.499877 0.000000 0.000000 0.000000 0.000000 0.000000 0.000000 0.000000 0.000000 0.000000 0.000000 0.000000 0.000000 0.000000 0.000000 0.000000
 0.000000 0.127730 0.000001 0.000000 0.000000 0.000000 0.000000 0.000000 0.000000 0.000000 0.000000 0.433893 0.000000 0.000000 0.000000 0.000000 0.000000 0.000000 0.000000 0.438376
 0.000000 0.000000 0.000000 0.000000 0.000000 0.005025 0.000000 0.000000 0.000000 0.000000 0.000000 0.000000 0.496298 0.000318 0.000000 0.004118 0.000000 0.494241 0.000000 0.000000
 0.000000 0.000003 0.000440 0.000000 0.000000 0.000000 0.000000 0.000000 0.000000 0.000000 0.000000 0.008015 0.000000 0.000000 0.000000 0.000000 0.495558 0.000000 0.495985 0.000000
 0.499973 0.000000 0.000000 0.000000 0.000000 0.000000 0.000000 0.000000 0.000000 0.000000 0.000000 0.000000 0.000000 0.000000 0.500027 0.000000 0.000000 0.000000 0.000000 0.000000
 0.000000 0.005398 0.495826 0.000000 0.000000 0.000000 0.000000 0.490763 0.000000 0.008012 0.000000 0.000000 0.000000 0.000000 0.000000 0.000000 0.000000 0.000000 0.000000 0.000000
 0.000000 0.000000 0.000000 0.000000 0.000000 0.395219 0.000000 0.000000 0.398393 0.000000 0.000000 0.000000 0.000000 0.000000 0.000000 0.046396 0.000000 0.159992 0.000000 0.000000
 0.000000 0.000000 0.000000 0.446723 0.000000 0.000000 0.000000 0.000000 0.000289 0.000000 0.000000 0.000000 0.000000 0.000000 0.000000 0.450089 0.000000 0.102899 0.000000 0.000000
 0.000000 0.000000 0.000000 0.000000 0.000000 0.000000 0.000000 0.000000 0.000000 0.000000 0.500000 0.000000 0.000000 0.000000 0.000000 0.000000 0.000000 0.000000 0.500000 0.000000
 0.000000 0.000000 0.000000 0.043104 0.000000 0.005588 0.000000 0.000000 0.003720 0.000000 0.000000 0.000000 0.052207 0.448278 0.000000 0.000000 0.000000 0.447104 0.000000 0.000000
 0.000000 0.449037 0.102314 0.000000 0.000000 0.000000 0.000000 0.000000 0.000000 0.448650 0.000000 0.000000 0.000000 0.000000 0.000000 0.000000 0.000000 0.000000 0.000000 0.000000
 0.000000 0.000000 0.000000 0.000000 0.000000 0.000000 0.000000 0.000000 0.379602 0.000000 0.000000 0.000000 0.153081 0.087144 0.000000 0.380173 0.000000 0.000000 0.000000 0.000000
 0.000000 0.000000 0.000000 0.000000 0.000000 0.000000 0.000000 0.000000 0.000000 0.500000 0.000000 0.000000 0.000000 0.000000 0.500000 0.000000 0.000000 0.000000 0.000000 0.000000
 0.000000 0.000000 0.000000 0.000000 0.000000 0.500001 0.000000 0.499999 0.000000 0.000000 0.000000 0.000000 0.000000 0.000000 0.000000 0.000000 0.000000 0.000000 0.000000 0.000000
the mean of prob-rank is 1.6842105263157894
the number of false negetive edges is 0
the number of probability greater than 0 is 3.5/edge
