20
 0.000000 0.000000 0.000000 0.000000 0.499999 0.000000 0.000000 0.499999 0.000000 0.000000 0.000000 0.000001 0.000000 0.000000 0.000000 0.000000 0.000000 0.000000 0.000000 0.000000
 0.000000 0.000000 0.000000 0.239393 0.000000 0.379117 0.000000 0.000000 0.000000 0.000000 0.000000 0.000000 0.381491 0.000000 0.000000 0.000000 0.000000 0.000000 0.000000 0.000000
 0.000000 0.000000 0.000000 0.000000 0.000000 0.000000 0.000000 0.000000 0.000000 0.499999 0.000000 0.499999 0.000002 0.000000 0.000000 0.000000 0.000000 0.000000 0.000000 0.000000
 0.000000 0.238463 0.000000 0.000000 0.000000 0.000000 0.000000 0.000000 0.000000 0.000000 0.000000 0.000000 0.000035 0.000000 0.000000 0.000000 0.000000 0.383025 0.000000 0.378477
 0.499953 0.000000 0.000000 0.000000 0.000000 0.000000 0.000000 0.000109 0.000000 0.000000 0.000000 0.499938 0.000000 0.000000 0.000000 0.000000 0.000000 0.000000 0.000000 0.000000
 0.000000 0.346321 0.000000 0.000000 0.000000 0.000000 0.000000 0.000000 0.000000 0.000000 0.000000 0.000000 0.312798 0.000000 0.000000 0.000000 0.340881 0.000000 0.000000 0.000000
 0.000000 0.000000 0.000000 0.000000 0.000000 0.000000 0.000000 0.500000 0.000000 0.000000 0.000000 0.000000 0.000000 0.000000 0.000000 0.000000 0.000000 0.000000 0.500000 0.000000
 0.499946 0.000000 0.000000 0.000000 0.000109 0.000000 0.499946 0.000000 0.000000 0.000000 0.000000 0.000000 0.000000 0.000000 0.000000 0.000000 0.000000 0.000000 0.000000 0.000000
 0.000000 0.000000 0.000000 0.000000 0.000000 0.000000 0.000000 0.000000 0.000000 0.481265 0.000000 0.000086 0.000000 0.481331 0.000000 0.037318 0.000000 0.000000 0.000000 0.000000
 0.000000 0.000000 0.486215 0.000000 0.000000 0.000000 0.000000 0.000000 0.486149 0.000000 0.000000 0.000000 0.000000 0.000000 0.000000 0.027635 0.000000 0.000000 0.000000 0.000000
 0.000000 0.000000 0.000000 0.000000 0.000000 0.000000 0.000000 0.000000 0.000000 0.000000 0.000000 0.000000 0.269176 0.000000 0.000000 0.228732 0.000000 0.306307 0.000000 0.195784
 0.000001 0.000000 0.499962 0.000000 0.499948 0.000000 0.000000 0.000000 0.000089 0.000000 0.000000 0.000000 0.000000 0.000000 0.000000 0.000000 0.000000 0.000000 0.000000 0.000000
 0.000000 0.289389 0.000001 0.000027 0.000000 0.259751 0.000000 0.000000 0.000000 0.000000 0.256307 0.000000 0.000000 0.000000 0.000000 0.000000 0.194525 0.000000 0.000000 0.000000
 0.000000 0.000000 0.000000 0.000000 0.000000 0.000000 0.000000 0.000000 0.390977 0.000000 0.000000 0.000000 0.000000 0.000000 0.000000 0.389368 0.000000 0.000000 0.000000 0.219655
 0.000000 0.000000 0.000000 0.000000 0.000000 0.000000 0.000000 0.000000 0.000000 0.000000 0.000000 0.000000 0.000000 0.000000 0.000000 0.000000 0.499998 0.000000 0.500002 0.000000
 0.000000 0.000000 0.000000 0.000000 0.000000 0.000000 0.000000 0.000000 0.027064 0.019840 0.260641 0.000000 0.000000 0.347630 0.000000 0.000000 0.000000 0.000000 0.000000 0.344825
 0.000000 0.000000 0.000000 0.000000 0.000000 0.367969 0.000000 0.000000 0.000000 0.000000 0.000000 0.000000 0.252866 0.000000 0.379165 0.000000 0.000000 0.000000 0.000000 0.000000
 0.000000 0.000000 0.000000 0.496633 0.000000 0.000000 0.000000 0.000000 0.000000 0.000000 0.496593 0.000000 0.000000 0.000000 0.000000 0.000000 0.000000 0.000000 0.000000 0.006774
 0.000000 0.000000 0.000000 0.000000 0.000000 0.000000 0.500000 0.000000 0.000000 0.000000 0.000000 0.000000 0.000000 0.000000 0.500000 0.000000 0.000000 0.000000 0.000000 0.000000
 0.000000 0.000000 0.000000 0.309704 0.000000 0.000000 0.000000 0.000000 0.000000 0.000000 0.200318 0.000000 0.000000 0.176086 0.000000 0.309617 0.000000 0.004275 0.000000 0.000000
the mean of prob-rank is 1.9473684210526316
the number of false negetive edges is 0
the number of probability greater than 0 is 3.4/edge
