20
 0.000000 0.350642 0.000000 0.000000 0.094743 0.000000 0.000000 0.000000 0.000000 0.000000 0.000000 0.000000 0.000000 0.000000 0.000000 0.096639 0.000000 0.000000 0.345068 0.112907
 0.410692 0.000000 0.000000 0.000000 0.000000 0.000000 0.000000 0.392385 0.000000 0.000000 0.000000 0.000000 0.000000 0.000000 0.000000 0.000000 0.000000 0.000000 0.196922 0.000000
 0.000000 0.000000 0.000000 0.000000 0.000000 0.000000 0.000000 0.000000 0.000000 0.000000 0.000000 0.000000 0.000000 0.225354 0.000000 0.193782 0.000000 0.297105 0.000000 0.283759
 0.000000 0.000000 0.000000 0.000000 0.000000 0.000000 0.000000 0.000000 0.500001 0.499999 0.000000 0.000000 0.000000 0.000000 0.000000 0.000000 0.000000 0.000000 0.000000 0.000000
 0.119308 0.000000 0.000000 0.000000 0.000000 0.000000 0.000000 0.000000 0.000000 0.000000 0.000000 0.000000 0.000000 0.000000 0.000000 0.439523 0.000000 0.000000 0.000000 0.441169
 0.000000 0.000000 0.000000 0.000000 0.000000 0.000000 0.000000 0.000000 0.000000 0.499999 0.000000 0.000000 0.000000 0.000000 0.000000 0.000000 0.000000 0.500001 0.000000 0.000000
 0.000000 0.000000 0.000000 0.000000 0.000000 0.000000 0.000000 0.000000 0.500095 0.000000 0.000000 0.499900 0.000000 0.000000 0.000000 0.000000 0.000005 0.000000 0.000000 0.000000
 0.000000 0.341514 0.000000 0.000000 0.000000 0.000000 0.000000 0.000000 0.000000 0.000000 0.357512 0.000000 0.000000 0.000000 0.000000 0.300975 0.000000 0.000000 0.000000 0.000000
 0.000000 0.000000 0.000000 0.500000 0.000000 0.000000 0.500000 0.000000 0.000000 0.000000 0.000000 0.000000 0.000000 0.000000 0.000000 0.000000 0.000000 0.000000 0.000000 0.000000
 0.000000 0.000000 0.000000 0.499377 0.000000 0.499378 0.000000 0.000000 0.000000 0.000000 0.000000 0.000000 0.000000 0.000000 0.000000 0.000000 0.000000 0.000000 0.000000 0.001245
 0.000000 0.000000 0.000000 0.000000 0.000000 0.000000 0.000000 0.499999 0.000000 0.000000 0.000000 0.000000 0.500001 0.000000 0.000000 0.000000 0.000000 0.000000 0.000000 0.000000
 0.000000 0.000000 0.000000 0.000000 0.000000 0.000000 0.469729 0.000000 0.000000 0.000000 0.000000 0.000000 0.000000 0.000000 0.000010 0.000000 0.469800 0.000000 0.000000 0.060462
 0.000000 0.000000 0.000000 0.000000 0.000000 0.000000 0.000000 0.000000 0.000000 0.000000 0.500000 0.000000 0.000000 0.500000 0.000000 0.000000 0.000000 0.000000 0.000000 0.000000
 0.000000 0.000000 0.277688 0.000000 0.000000 0.000000 0.000000 0.000000 0.000000 0.000000 0.000000 0.000000 0.366100 0.000000 0.000000 0.356189 0.000000 0.000023 0.000000 0.000000
 0.000000 0.000000 0.000000 0.000000 0.000000 0.000000 0.000000 0.000000 0.000000 0.000000 0.000000 0.000010 0.000000 0.000000 0.000000 0.000000 0.500038 0.000000 0.499952 0.000000
 0.069968 0.000000 0.165614 0.000000 0.252702 0.000000 0.000000 0.213762 0.000000 0.000000 0.000000 0.000000 0.000000 0.247043 0.000000 0.000000 0.000000 0.000000 0.000000 0.050911
 0.000000 0.000000 0.000000 0.000000 0.000000 0.000000 0.000005 0.000000 0.000000 0.000000 0.000000 0.499935 0.000000 0.000000 0.500056 0.000000 0.000000 0.000000 0.000003 0.000000
 0.000000 0.000000 0.499984 0.000000 0.000000 0.499984 0.000000 0.000000 0.000000 0.000000 0.000000 0.000000 0.000000 0.000031 0.000000 0.000000 0.000000 0.000000 0.000000 0.000000
 0.399456 0.194629 0.000000 0.000000 0.000000 0.000000 0.000000 0.000000 0.000000 0.000000 0.000000 0.000000 0.000000 0.000000 0.405913 0.000000 0.000003 0.000000 0.000000 0.000000
 0.123462 0.000000 0.366264 0.000000 0.383084 0.000000 0.000000 0.000000 0.000000 0.000956 0.000000 0.049342 0.000000 0.000000 0.000000 0.076891 0.000000 0.000000 0.000000 0.000000
the mean of prob-rank is 1.5789473684210527
the number of false negetive edges is 0
the number of probability greater than 0 is 3.4/edge
