20
 0.000000 0.499994 0.000000 0.000000 0.000000 0.000000 0.000000 0.000000 0.000000 0.000000 0.000000 0.500001 0.000000 0.000000 0.000000 0.000000 0.000000 0.000000 0.000006 0.000000
 0.500748 0.000000 0.000000 0.000000 0.003707 0.000000 0.495420 0.000000 0.000000 0.000000 0.000000 0.000000 0.000000 0.000000 0.000000 0.000000 0.000000 0.000123 0.000002 0.000000
 0.000000 0.000000 0.000000 0.045938 0.000000 0.017476 0.000000 0.000000 0.000000 0.000000 0.000000 0.000000 0.000000 0.469349 0.000000 0.000000 0.000003 0.000000 0.000000 0.467233
 0.000000 0.000000 0.040233 0.000000 0.409789 0.411069 0.053346 0.000000 0.000000 0.000000 0.000000 0.000000 0.000000 0.000000 0.000000 0.000000 0.000499 0.061789 0.000000 0.023275
 0.000000 0.002682 0.000000 0.361219 0.000000 0.006841 0.222248 0.000000 0.013266 0.009730 0.000188 0.000000 0.000000 0.000000 0.005470 0.000000 0.360647 0.000108 0.016540 0.001061
 0.000000 0.000000 0.018124 0.486753 0.009190 0.000000 0.000000 0.000000 0.000000 0.000000 0.000000 0.000000 0.000000 0.000000 0.000000 0.000000 0.000000 0.485930 0.000000 0.000003
 0.000000 0.362407 0.000000 0.047538 0.224678 0.000000 0.000000 0.000000 0.000000 0.000000 0.000000 0.000000 0.000000 0.000000 0.000000 0.000000 0.000000 0.365375 0.000000 0.000002
 0.000000 0.000000 0.000000 0.000000 0.000000 0.000000 0.000000 0.000000 0.000000 0.000000 0.000000 0.000000 0.000882 0.499560 0.000000 0.499558 0.000000 0.000000 0.000000 0.000000
 0.000000 0.000000 0.000000 0.000000 0.017733 0.000000 0.000000 0.000000 0.000000 0.484357 0.002180 0.000000 0.000000 0.000000 0.484357 0.000000 0.000172 0.000000 0.011202 0.000000
 0.000000 0.000000 0.000000 0.000000 0.013056 0.000000 0.000000 0.000000 0.486201 0.000000 0.486094 0.000000 0.000422 0.000000 0.002454 0.000000 0.011355 0.000000 0.000418 0.000000
 0.000000 0.000000 0.000000 0.000000 0.000258 0.000000 0.000000 0.000000 0.002237 0.496898 0.000000 0.000004 0.497007 0.000000 0.000553 0.000000 0.002203 0.000000 0.000840 0.000000
 0.499999 0.000000 0.000000 0.000000 0.000000 0.000000 0.000000 0.000000 0.000000 0.000000 0.000004 0.000000 0.000000 0.000000 0.000000 0.000000 0.000000 0.000000 0.499996 0.000000
 0.000000 0.000000 0.000000 0.000000 0.000000 0.000000 0.000000 0.000881 0.000000 0.000433 0.499370 0.000000 0.000000 0.000000 0.000000 0.499315 0.000000 0.000000 0.000000 0.000000
 0.000000 0.000000 0.498275 0.000000 0.000000 0.000000 0.000000 0.498290 0.000000 0.000000 0.000000 0.000000 0.000000 0.000000 0.000000 0.000000 0.003415 0.000000 0.000000 0.000019
 0.000000 0.000000 0.000000 0.000000 0.007470 0.000000 0.000000 0.000000 0.494862 0.002497 0.000551 0.000000 0.000000 0.000000 0.000000 0.000000 0.000000 0.000000 0.494620 0.000000
 0.000000 0.000000 0.000000 0.000000 0.000000 0.000000 0.000000 0.497807 0.000000 0.000000 0.000000 0.000000 0.497754 0.000000 0.000000 0.000000 0.004440 0.000000 0.000000 0.000000
 0.000000 0.000000 0.000003 0.000595 0.487849 0.000000 0.000000 0.000000 0.000174 0.011447 0.002173 0.000000 0.000000 0.003360 0.000000 0.004371 0.000000 0.000000 0.000000 0.490029
 0.000000 0.000109 0.000000 0.066991 0.000133 0.444928 0.444544 0.000000 0.000000 0.000000 0.000000 0.000000 0.000000 0.000000 0.000000 0.000000 0.000000 0.000000 0.000000 0.043294
 0.000005 0.000002 0.000000 0.000000 0.022043 0.000000 0.000000 0.000000 0.011168 0.000415 0.000816 0.482892 0.000000 0.000000 0.482659 0.000000 0.000000 0.000000 0.000000 0.000000
 0.000000 0.000000 0.462584 0.026312 0.001360 0.000003 0.000002 0.000000 0.000000 0.000000 0.000000 0.000000 0.000000 0.000018 0.000000 0.000000 0.464580 0.045141 0.000000 0.000000
the mean of prob-rank is 1.5263157894736843
the number of false negetive edges is 0
the number of probability greater than 0 is 5.8/edge
