20
 0.000000 0.000000 0.000000 0.000000 0.488326 0.000000 0.000000 0.000000 0.000001 0.000000 0.000000 0.000000 0.000001 0.000000 0.000000 0.489408 0.000000 0.000000 0.022265 0.000000
 0.000000 0.000000 0.000000 0.000000 0.000000 0.000000 0.500000 0.000000 0.000000 0.000000 0.000000 0.500000 0.000000 0.000000 0.000000 0.000000 0.000000 0.000000 0.000000 0.000000
 0.000000 0.000000 0.000000 0.500000 0.000000 0.000000 0.000000 0.000000 0.000000 0.000000 0.000000 0.000000 0.000000 0.500000 0.000000 0.000000 0.000000 0.000000 0.000000 0.000000
 0.000000 0.000000 0.500000 0.000000 0.000000 0.000000 0.000000 0.000000 0.000000 0.000000 0.000000 0.000000 0.000000 0.000000 0.000000 0.000000 0.000000 0.500000 0.000000 0.000000
 0.428291 0.000000 0.000000 0.000000 0.000000 0.000000 0.000000 0.000004 0.428538 0.000000 0.000000 0.000000 0.072593 0.000000 0.000000 0.010455 0.000000 0.000000 0.000000 0.060119
 0.000000 0.000000 0.000000 0.000000 0.000000 0.000000 0.000000 0.000000 0.000000 0.000000 0.000000 0.499982 0.000000 0.000000 0.499987 0.000032 0.000000 0.000000 0.000000 0.000000
 0.000000 0.500000 0.000000 0.000000 0.000000 0.000000 0.000000 0.000000 0.000000 0.000000 0.000000 0.000000 0.000000 0.500000 0.000000 0.000000 0.000000 0.000000 0.000000 0.000000
 0.000000 0.000000 0.000000 0.000000 0.000004 0.000000 0.000000 0.000000 0.001493 0.374565 0.000000 0.000000 0.379870 0.000000 0.000000 0.000000 0.000000 0.000000 0.000000 0.244068
 0.000000 0.000000 0.000000 0.000000 0.420103 0.000000 0.000000 0.001654 0.000000 0.023127 0.000000 0.000000 0.000911 0.000000 0.000000 0.056028 0.000000 0.078877 0.000000 0.419300
 0.000000 0.000000 0.000000 0.000000 0.000000 0.000000 0.000000 0.329222 0.018351 0.000000 0.000000 0.000000 0.280673 0.000000 0.000000 0.000000 0.000000 0.318537 0.000000 0.053217
 0.000000 0.000000 0.000000 0.000000 0.000000 0.000000 0.000000 0.000000 0.000000 0.000000 0.000000 0.000000 0.000000 0.000000 0.000617 0.000000 0.499699 0.000000 0.499684 0.000000
 0.000000 0.499688 0.000000 0.000000 0.000000 0.499683 0.000000 0.000000 0.000000 0.000000 0.000000 0.000000 0.000000 0.000000 0.000000 0.000000 0.000629 0.000000 0.000000 0.000000
 0.000001 0.000000 0.000000 0.000000 0.056200 0.000000 0.000000 0.332306 0.000719 0.279347 0.000000 0.000000 0.000000 0.000000 0.000000 0.000000 0.000000 0.000000 0.008756 0.322671
 0.000000 0.000000 0.500000 0.000000 0.000000 0.000000 0.500000 0.000000 0.000000 0.000000 0.000000 0.000000 0.000000 0.000000 0.000000 0.000000 0.000000 0.000000 0.000000 0.000000
 0.000000 0.000000 0.000000 0.000000 0.000000 0.499692 0.000000 0.000000 0.000000 0.000000 0.000617 0.000000 0.000000 0.000000 0.000000 0.000000 0.499691 0.000000 0.000000 0.000000
 0.463674 0.000000 0.000000 0.000000 0.011293 0.000029 0.000000 0.000000 0.061738 0.000000 0.000000 0.000000 0.000000 0.000000 0.000000 0.000000 0.000000 0.000000 0.463266 0.000000
 0.000000 0.000000 0.000000 0.000000 0.000000 0.000000 0.000000 0.000000 0.000000 0.000000 0.499686 0.000629 0.000000 0.000000 0.499685 0.000000 0.000000 0.000000 0.000000 0.000000
 0.000000 0.000000 0.000000 0.466965 0.000000 0.000000 0.000000 0.000000 0.087533 0.445502 0.000000 0.000000 0.000000 0.000000 0.000000 0.000000 0.000000 0.000000 0.000000 0.000000
 0.021968 0.000000 0.000000 0.000000 0.000000 0.000000 0.000000 0.000000 0.000000 0.000000 0.482860 0.000000 0.012724 0.000000 0.000000 0.482448 0.000000 0.000000 0.000000 0.000000
 0.000000 0.000000 0.000000 0.000000 0.048140 0.000000 0.000000 0.220837 0.342494 0.054783 0.000000 0.000000 0.333746 0.000000 0.000000 0.000000 0.000000 0.000000 0.000000 0.000000
the mean of prob-rank is 1.4736842105263157
the number of false negetive edges is 0
the number of probability greater than 0 is 3.7/edge
