20
 0.000000 0.000124 0.000753 0.000000 0.000000 0.000000 0.115796 0.000000 0.000001 0.258249 0.253788 0.000000 0.267220 0.000000 0.000000 0.005078 0.098992 0.000000 0.000000 0.000000
 0.000207 0.000000 0.011699 0.000000 0.000000 0.000000 0.011380 0.057839 0.000000 0.000092 0.000000 0.000000 0.456735 0.462049 0.000000 0.000000 0.000000 0.000000 0.000000 0.000000
 0.001342 0.012486 0.000000 0.000000 0.493141 0.000000 0.493032 0.000000 0.000000 0.000000 0.000000 0.000000 0.000000 0.000000 0.000000 0.000000 0.000000 0.000000 0.000000 0.000000
 0.000000 0.000000 0.000000 0.000000 0.500000 0.000000 0.000000 0.000000 0.000000 0.000000 0.000000 0.000000 0.000000 0.000000 0.500000 0.000000 0.000000 0.000000 0.000000 0.000000
 0.000000 0.000000 0.500000 0.500000 0.000000 0.000000 0.000000 0.000000 0.000000 0.000000 0.000000 0.000000 0.000000 0.000000 0.000000 0.000000 0.000000 0.000000 0.000000 0.000000
 0.000000 0.000000 0.000000 0.000000 0.000000 0.000000 0.000000 0.500073 0.000000 0.499927 0.000000 0.000000 0.000000 0.000000 0.000000 0.000000 0.000000 0.000000 0.000000 0.000000
 0.171721 0.010106 0.410219 0.000000 0.000000 0.000000 0.000000 0.000000 0.000000 0.005076 0.000000 0.000000 0.402878 0.000000 0.000000 0.000000 0.000000 0.000000 0.000000 0.000000
 0.000000 0.058925 0.000000 0.000000 0.000000 0.470732 0.000000 0.000000 0.000000 0.000000 0.000000 0.000000 0.000000 0.470343 0.000000 0.000000 0.000000 0.000000 0.000000 0.000000
 0.000001 0.000000 0.000000 0.000000 0.000000 0.000000 0.000000 0.000000 0.000000 0.000000 0.000000 0.000000 0.000000 0.000000 0.000000 0.227028 0.385359 0.387587 0.000000 0.000025
 0.318706 0.000068 0.000000 0.000000 0.000000 0.341354 0.004224 0.000000 0.000000 0.000000 0.286302 0.000000 0.018229 0.031117 0.000000 0.000000 0.000000 0.000000 0.000000 0.000000
 0.333697 0.000000 0.000000 0.000000 0.000000 0.000000 0.000000 0.000000 0.000000 0.305039 0.000000 0.000000 0.000000 0.000000 0.000000 0.361263 0.000000 0.000000 0.000000 0.000000
 0.000000 0.000000 0.000000 0.000000 0.000000 0.000000 0.000000 0.000000 0.000000 0.000000 0.000000 0.000000 0.000000 0.000000 0.002867 0.000000 0.000000 0.000007 0.498563 0.498563
 0.323057 0.330647 0.000000 0.000000 0.000000 0.000000 0.328438 0.000000 0.000000 0.017857 0.000000 0.000000 0.000000 0.000000 0.000000 0.000000 0.000000 0.000000 0.000000 0.000000
 0.000000 0.478396 0.000000 0.000000 0.000000 0.000000 0.000000 0.478006 0.000000 0.043597 0.000000 0.000000 0.000001 0.000000 0.000000 0.000000 0.000000 0.000000 0.000000 0.000000
 0.000000 0.000000 0.000000 0.498288 0.000000 0.000000 0.000000 0.000000 0.000000 0.000000 0.000000 0.002865 0.000000 0.000000 0.000000 0.000000 0.000579 0.000000 0.498268 0.000000
 0.007042 0.000000 0.000000 0.000000 0.000000 0.000000 0.000000 0.000000 0.223885 0.000000 0.381057 0.000000 0.000000 0.000000 0.000000 0.000000 0.004359 0.383657 0.000000 0.000000
 0.148689 0.000000 0.000000 0.000000 0.000000 0.000000 0.000000 0.000000 0.411567 0.000000 0.000000 0.000000 0.000000 0.000000 0.000483 0.004721 0.000000 0.019377 0.001017 0.414146
 0.000000 0.000000 0.000000 0.000000 0.000000 0.000000 0.000000 0.000000 0.457685 0.000000 0.000001 0.000006 0.000000 0.000000 0.000000 0.459405 0.021424 0.000000 0.000000 0.061479
 0.000000 0.000000 0.000000 0.000000 0.000000 0.000000 0.000000 0.000000 0.000000 0.000000 0.000000 0.471641 0.000000 0.000000 0.471622 0.000000 0.001154 0.000000 0.000000 0.055583
 0.000000 0.000000 0.000000 0.000000 0.000000 0.000000 0.000000 0.000000 0.000029 0.000000 0.000000 0.444790 0.000000 0.000000 0.000000 0.000000 0.443251 0.059512 0.052419 0.000000
the mean of prob-rank is 1.5263157894736843
the number of false negetive edges is 0
the number of probability greater than 0 is 4.45/edge
