20
 0.000000 0.499997 0.500003 0.000000 0.000000 0.000000 0.000000 0.000000 0.000000 0.000000 0.000000 0.000000 0.000000 0.000000 0.000000 0.000000 0.000000 0.000000 0.000000 0.000000
 0.500024 0.000000 0.000000 0.499964 0.000000 0.000000 0.000000 0.000000 0.000000 0.000000 0.000011 0.000000 0.000000 0.000000 0.000000 0.000000 0.000000 0.000000 0.000000 0.000000
 0.500000 0.000000 0.000000 0.000000 0.000000 0.000000 0.000000 0.000000 0.000000 0.000000 0.000000 0.000000 0.000000 0.500000 0.000000 0.000000 0.000000 0.000000 0.000000 0.000000
 0.000000 0.386272 0.000000 0.000000 0.000000 0.000067 0.000000 0.000000 0.000000 0.373946 0.222776 0.000000 0.000000 0.000000 0.000000 0.000000 0.016940 0.000000 0.000000 0.000000
 0.000000 0.000000 0.000000 0.000000 0.000000 0.000000 0.000000 0.500000 0.000000 0.000000 0.000000 0.000000 0.000000 0.000000 0.000000 0.000000 0.000000 0.000000 0.000000 0.500000
 0.000000 0.000000 0.000000 0.000086 0.000000 0.000000 0.499923 0.000000 0.000000 0.000000 0.000000 0.000000 0.000000 0.000000 0.000000 0.000067 0.499923 0.000000 0.000000 0.000000
 0.000000 0.000000 0.000000 0.000000 0.000000 0.500010 0.000000 0.000000 0.000000 0.000000 0.000000 0.000000 0.000000 0.000000 0.000000 0.499990 0.000000 0.000000 0.000000 0.000000
 0.000000 0.000000 0.000000 0.000000 0.455157 0.000000 0.000000 0.000000 0.000000 0.092105 0.452737 0.000000 0.000000 0.000000 0.000000 0.000000 0.000000 0.000000 0.000000 0.000001
 0.000000 0.000000 0.000000 0.000000 0.000000 0.000000 0.000000 0.000000 0.000000 0.000000 0.000000 0.210798 0.403023 0.000000 0.000000 0.000026 0.000000 0.386153 0.000000 0.000000
 0.000000 0.000000 0.000000 0.403600 0.000000 0.000000 0.000000 0.084375 0.000000 0.000000 0.416194 0.000000 0.000000 0.000000 0.000000 0.000000 0.008069 0.000000 0.000000 0.087763
 0.000000 0.000009 0.000000 0.224421 0.000000 0.000000 0.000000 0.387106 0.000000 0.388464 0.000000 0.000000 0.000000 0.000000 0.000000 0.000000 0.000000 0.000000 0.000000 0.000000
 0.000000 0.000000 0.000000 0.000000 0.000000 0.000000 0.000000 0.000000 0.208383 0.000000 0.000000 0.000000 0.000000 0.000000 0.393212 0.000000 0.000000 0.398406 0.000000 0.000000
 0.000000 0.000000 0.000000 0.000000 0.000000 0.000000 0.000000 0.000000 0.500019 0.000000 0.000000 0.000000 0.000000 0.000000 0.000000 0.499981 0.000000 0.000000 0.000000 0.000000
 0.000000 0.000000 0.500001 0.000000 0.000000 0.000000 0.000000 0.000000 0.000000 0.000000 0.000000 0.000000 0.000000 0.000000 0.000000 0.000000 0.000000 0.000000 0.499999 0.000000
 0.000000 0.000000 0.000000 0.000000 0.000000 0.000000 0.000000 0.000000 0.000000 0.000000 0.000000 0.410971 0.000000 0.000000 0.000000 0.000000 0.000000 0.172630 0.416399 0.000000
 0.000000 0.000000 0.000000 0.000000 0.000000 0.000067 0.499396 0.000000 0.000032 0.000000 0.000000 0.000000 0.499376 0.000000 0.000000 0.000000 0.000000 0.001128 0.000000 0.000000
 0.000000 0.000000 0.000000 0.021254 0.000000 0.484711 0.000000 0.000000 0.000000 0.009380 0.000000 0.000000 0.000000 0.000000 0.000000 0.000000 0.000000 0.000000 0.000000 0.484656
 0.000000 0.000000 0.000000 0.000000 0.000000 0.000000 0.000000 0.000000 0.403431 0.000000 0.000000 0.421057 0.000000 0.000000 0.174561 0.000951 0.000000 0.000000 0.000000 0.000000
 0.000000 0.000000 0.000000 0.000000 0.000000 0.000000 0.000000 0.000000 0.000000 0.000000 0.000000 0.000000 0.000000 0.499999 0.500001 0.000000 0.000000 0.000000 0.000000 0.000000
 0.000000 0.000000 0.000000 0.000000 0.452412 0.000000 0.000000 0.000001 0.000000 0.095226 0.000000 0.000000 0.000000 0.000000 0.000000 0.000000 0.452361 0.000000 0.000000 0.000000
the mean of prob-rank is 1.4736842105263157
the number of false negetive edges is 0
the number of probability greater than 0 is 3.2/edge
