20
 0.000000 0.000000 0.000000 0.000000 0.000000 0.004652 0.000000 0.000389 0.000000 0.000000 0.421941 0.000000 0.000000 0.000000 0.421981 0.000000 0.000000 0.000000 0.000000 0.151038
 0.000000 0.000000 0.000000 0.000000 0.000000 0.000000 0.000000 0.000000 0.000000 0.000000 0.000000 0.500000 0.000000 0.000000 0.000000 0.000000 0.500000 0.000000 0.000000 0.000000
 0.000000 0.000000 0.000000 0.000000 0.000000 0.000000 0.000000 0.489746 0.000000 0.019841 0.490413 0.000000 0.000000 0.000000 0.000000 0.000000 0.000000 0.000000 0.000000 0.000000
 0.000000 0.000000 0.000000 0.000000 0.000000 0.000000 0.498708 0.000000 0.498724 0.000000 0.000000 0.000000 0.000000 0.000000 0.000000 0.002540 0.000000 0.000000 0.000000 0.000028
 0.000000 0.000000 0.000000 0.000000 0.000000 0.000000 0.000000 0.000000 0.000000 0.000000 0.000000 0.000000 0.000000 0.500000 0.000000 0.000000 0.000000 0.000000 0.500000 0.000000
 0.004039 0.000000 0.000000 0.000000 0.000000 0.000000 0.000000 0.000000 0.000009 0.000024 0.000000 0.000000 0.000000 0.000000 0.359106 0.280760 0.000000 0.000014 0.000000 0.356047
 0.000000 0.000000 0.000000 0.499696 0.000000 0.000000 0.000000 0.000000 0.001148 0.000000 0.000000 0.000000 0.000000 0.000000 0.000000 0.000000 0.000000 0.000000 0.000000 0.499157
 0.000461 0.000000 0.499429 0.000000 0.000000 0.000000 0.000000 0.000000 0.000000 0.000000 0.000000 0.000000 0.500109 0.000000 0.000000 0.000000 0.000000 0.000000 0.000000 0.000000
 0.000000 0.000000 0.000000 0.383005 0.000000 0.000009 0.000880 0.000000 0.000000 0.000000 0.000000 0.000000 0.000000 0.000000 0.000000 0.351913 0.000000 0.264194 0.000000 0.000000
 0.000000 0.000000 0.019810 0.000000 0.000000 0.000033 0.000000 0.000000 0.000000 0.000000 0.000000 0.000000 0.000000 0.000000 0.000876 0.000001 0.000000 0.489631 0.489649 0.000000
 0.499927 0.000000 0.499989 0.000000 0.000000 0.000000 0.000000 0.000000 0.000000 0.000000 0.000000 0.000000 0.000000 0.000000 0.000084 0.000000 0.000000 0.000000 0.000000 0.000000
 0.000000 0.500000 0.000000 0.000000 0.000000 0.000000 0.000000 0.000000 0.000000 0.000000 0.000000 0.000000 0.000000 0.500000 0.000000 0.000000 0.000000 0.000000 0.000000 0.000000
 0.000000 0.000000 0.000000 0.000000 0.000000 0.000000 0.000000 0.500003 0.000000 0.000000 0.000000 0.000000 0.000000 0.000000 0.000000 0.000000 0.499997 0.000000 0.000000 0.000000
 0.000000 0.000000 0.000000 0.000000 0.500000 0.000000 0.000000 0.000000 0.000000 0.000000 0.000000 0.500000 0.000000 0.000000 0.000000 0.000000 0.000000 0.000000 0.000000 0.000000
 0.374099 0.000000 0.000000 0.000000 0.000000 0.366611 0.000000 0.000000 0.000000 0.000669 0.000063 0.000000 0.000000 0.000000 0.000000 0.007261 0.000000 0.000000 0.000000 0.251298
 0.000000 0.000000 0.000000 0.001460 0.000000 0.219614 0.000000 0.000000 0.263373 0.000001 0.000000 0.000000 0.000000 0.000000 0.005563 0.000000 0.000000 0.243959 0.000000 0.266029
 0.000000 0.500003 0.000000 0.000000 0.000000 0.000000 0.000000 0.000000 0.000000 0.000000 0.000000 0.000000 0.499997 0.000000 0.000000 0.000000 0.000000 0.000000 0.000000 0.000000
 0.000000 0.000000 0.000000 0.000000 0.000000 0.000015 0.000000 0.000000 0.271478 0.393548 0.000000 0.000000 0.000000 0.000000 0.000000 0.334960 0.000000 0.000000 0.000000 0.000000
 0.000000 0.000000 0.000000 0.000000 0.500002 0.000000 0.000000 0.000000 0.000000 0.499998 0.000000 0.000000 0.000000 0.000000 0.000000 0.000000 0.000000 0.000000 0.000000 0.000000
 0.091112 0.000000 0.000000 0.000014 0.000000 0.247337 0.254282 0.000000 0.000000 0.000000 0.000000 0.000000 0.000000 0.000000 0.170997 0.236258 0.000000 0.000000 0.000000 0.000000
the mean of prob-rank is 1.6842105263157894
the number of false negetive edges is 0
the number of probability greater than 0 is 3.75/edge
