20
 0.000000 0.000000 0.499146 0.000000 0.000000 0.499149 0.000000 0.000000 0.000000 0.000000 0.000000 0.000000 0.000000 0.000001 0.000000 0.000000 0.000000 0.000000 0.001705 0.000000
 0.000000 0.000000 0.000000 0.000000 0.000000 0.000000 0.000067 0.000000 0.000000 0.000000 0.000000 0.000000 0.000000 0.306298 0.000000 0.362389 0.000000 0.000000 0.000000 0.331246
 0.493284 0.000000 0.000000 0.000000 0.000000 0.000000 0.013477 0.000000 0.000000 0.000000 0.000000 0.000000 0.000000 0.493238 0.000000 0.000000 0.000000 0.000000 0.000000 0.000000
 0.000000 0.000000 0.000000 0.000000 0.000000 0.000000 0.000000 0.486830 0.481066 0.000000 0.000000 0.000000 0.000000 0.000000 0.005459 0.000000 0.026410 0.000235 0.000000 0.000000
 0.000000 0.000000 0.000000 0.000000 0.000000 0.000000 0.000000 0.000000 0.000000 0.500000 0.000000 0.000000 0.500000 0.000000 0.000000 0.000000 0.000000 0.000000 0.000000 0.000000
 0.499289 0.000000 0.000000 0.000000 0.000000 0.000000 0.000000 0.000000 0.000000 0.000000 0.000000 0.000032 0.000000 0.000000 0.499287 0.000000 0.000000 0.000000 0.001392 0.000000
 0.000000 0.000078 0.011456 0.000000 0.000000 0.000000 0.000000 0.000000 0.000000 0.000000 0.000000 0.000000 0.419288 0.000213 0.000000 0.159864 0.000000 0.000000 0.000000 0.409102
 0.000000 0.000000 0.000000 0.500002 0.000000 0.000000 0.000000 0.000000 0.000000 0.000000 0.000000 0.000000 0.000000 0.000000 0.000001 0.000000 0.000000 0.499997 0.000000 0.000000
 0.000000 0.000000 0.000000 0.452300 0.000000 0.000000 0.000000 0.000000 0.000000 0.000000 0.073314 0.000000 0.000000 0.000000 0.000000 0.016666 0.457719 0.000000 0.000000 0.000000
 0.000000 0.000000 0.000000 0.000000 0.500000 0.000000 0.000000 0.000000 0.000000 0.000000 0.000000 0.000000 0.000000 0.000000 0.000000 0.000000 0.000000 0.000000 0.500000 0.000000
 0.000000 0.000000 0.000000 0.000000 0.000000 0.000000 0.000000 0.000000 0.074639 0.000000 0.000000 0.000000 0.000000 0.000000 0.465989 0.000000 0.459373 0.000000 0.000000 0.000000
 0.000000 0.000000 0.000000 0.000000 0.000000 0.000032 0.000000 0.000000 0.000000 0.000000 0.000000 0.000000 0.000000 0.000000 0.000000 0.000000 0.000000 0.499984 0.499983 0.000000
 0.000000 0.000000 0.000000 0.000000 0.500001 0.000000 0.499999 0.000000 0.000000 0.000000 0.000000 0.000000 0.000000 0.000000 0.000000 0.000000 0.000000 0.000000 0.000000 0.000000
 0.000000 0.250150 0.295930 0.000000 0.000000 0.000000 0.000150 0.000000 0.000000 0.000000 0.000000 0.000000 0.000000 0.000000 0.000000 0.199999 0.000000 0.000000 0.000000 0.253772
 0.000000 0.000000 0.000000 0.005576 0.000000 0.497210 0.000000 0.000001 0.000000 0.000000 0.497212 0.000000 0.000000 0.000000 0.000000 0.000001 0.000000 0.000000 0.000000 0.000000
 0.000000 0.305936 0.000000 0.000000 0.000000 0.000000 0.116645 0.000000 0.011140 0.000000 0.000000 0.000000 0.000000 0.206741 0.000001 0.000000 0.117749 0.000000 0.000000 0.241789
 0.000000 0.000000 0.000000 0.022371 0.000000 0.000000 0.000000 0.000000 0.412383 0.000000 0.406528 0.000000 0.000000 0.000000 0.000000 0.158718 0.000000 0.000000 0.000000 0.000000
 0.000000 0.000000 0.000000 0.000241 0.000000 0.000000 0.000000 0.499877 0.000000 0.000000 0.000000 0.499882 0.000000 0.000000 0.000000 0.000000 0.000000 0.000000 0.000000 0.000000
 0.001702 0.000000 0.000000 0.000000 0.000000 0.001389 0.000000 0.000000 0.000000 0.498455 0.000000 0.498454 0.000000 0.000000 0.000000 0.000000 0.000000 0.000000 0.000000 0.000000
 0.000000 0.258389 0.000000 0.000000 0.000000 0.000000 0.275814 0.000000 0.000000 0.000000 0.000000 0.000000 0.000000 0.242387 0.000000 0.223410 0.000000 0.000000 0.000000 0.000000
the mean of prob-rank is 1.6842105263157894
the number of false negetive edges is 0
the number of probability greater than 0 is 3.75/edge
