20
 0.000000 0.000000 0.000000 0.000000 0.000000 0.000000 0.000000 0.453170 0.451615 0.000000 0.000000 0.000000 0.000000 0.000000 0.000005 0.000000 0.000001 0.000000 0.000000 0.095209
 0.000000 0.000000 0.000000 0.000000 0.000000 0.001184 0.000000 0.000000 0.000000 0.000000 0.000000 0.000000 0.000000 0.000000 0.000000 0.497835 0.003147 0.000000 0.497833 0.000000
 0.000000 0.000000 0.000000 0.000000 0.000629 0.000000 0.000000 0.000000 0.000000 0.000000 0.000000 0.499664 0.499707 0.000000 0.000000 0.000000 0.000000 0.000000 0.000000 0.000000
 0.000000 0.000000 0.000000 0.000000 0.000000 0.000000 0.489043 0.000000 0.000000 0.000000 0.000000 0.000000 0.000000 0.000000 0.000000 0.028439 0.482518 0.000000 0.000000 0.000000
 0.000000 0.000000 0.000629 0.000000 0.000000 0.000000 0.000000 0.000000 0.000000 0.000000 0.499881 0.499490 0.000000 0.000000 0.000000 0.000000 0.000000 0.000000 0.000000 0.000000
 0.000000 0.001187 0.000000 0.000000 0.000000 0.000000 0.000000 0.000000 0.000000 0.000000 0.000000 0.000000 0.000000 0.000000 0.000000 0.000000 0.499006 0.498868 0.000938 0.000000
 0.000000 0.000000 0.000000 0.496171 0.000000 0.000000 0.000000 0.000000 0.000000 0.000000 0.007981 0.000000 0.000000 0.000000 0.000000 0.495834 0.000000 0.000000 0.000013 0.000000
 0.500001 0.000000 0.000000 0.000000 0.000000 0.000000 0.000000 0.000000 0.000000 0.000000 0.000000 0.000000 0.000000 0.499999 0.000000 0.000000 0.000000 0.000000 0.000000 0.000001
 0.378971 0.000000 0.000000 0.000000 0.000000 0.000000 0.000000 0.000000 0.000000 0.000021 0.000000 0.000000 0.000000 0.000000 0.240734 0.000000 0.000000 0.000000 0.000000 0.380275
 0.000000 0.000000 0.000000 0.000000 0.000000 0.000000 0.000000 0.000000 0.000025 0.000000 0.000000 0.000000 0.459269 0.000000 0.457960 0.000000 0.000000 0.000000 0.000000 0.082747
 0.000000 0.000000 0.000000 0.000000 0.482267 0.000000 0.007757 0.000000 0.000000 0.000000 0.000000 0.029396 0.000000 0.000000 0.000000 0.000000 0.000000 0.000000 0.480579 0.000000
 0.000000 0.000000 0.485374 0.000000 0.485038 0.000000 0.000000 0.000000 0.000000 0.000000 0.029588 0.000000 0.000000 0.000000 0.000000 0.000000 0.000000 0.000000 0.000000 0.000000
 0.000000 0.000000 0.499999 0.000000 0.000000 0.000000 0.000000 0.000000 0.000000 0.500001 0.000000 0.000000 0.000000 0.000000 0.000000 0.000000 0.000000 0.000000 0.000000 0.000000
 0.000000 0.000000 0.000000 0.000000 0.000000 0.000000 0.000000 0.499999 0.000000 0.000000 0.000000 0.000000 0.000000 0.000000 0.000000 0.000000 0.000000 0.500001 0.000000 0.000000
 0.000004 0.000000 0.000000 0.000000 0.000000 0.000000 0.000000 0.000000 0.240903 0.379459 0.000000 0.000000 0.000000 0.000000 0.000000 0.000000 0.000000 0.000000 0.000000 0.379634
 0.000000 0.485921 0.000000 0.028258 0.000000 0.000000 0.485603 0.000000 0.000000 0.000000 0.000000 0.000000 0.000000 0.000000 0.000000 0.000000 0.000200 0.000000 0.000018 0.000000
 0.000001 0.003018 0.000000 0.470969 0.000000 0.477338 0.000000 0.000000 0.000000 0.000000 0.000000 0.000000 0.000000 0.000000 0.000000 0.000196 0.000000 0.048477 0.000001 0.000000
 0.000000 0.000000 0.000000 0.000000 0.000000 0.475768 0.000000 0.000000 0.000000 0.000000 0.000000 0.000000 0.000000 0.475900 0.000000 0.000000 0.048331 0.000000 0.000000 0.000000
 0.000000 0.500382 0.000000 0.000000 0.000000 0.000941 0.000013 0.000000 0.000000 0.000000 0.498644 0.000000 0.000000 0.000000 0.000000 0.000018 0.000001 0.000000 0.000000 0.000000
 0.087984 0.000000 0.000000 0.000000 0.000000 0.000000 0.000000 0.000000 0.418782 0.075452 0.000000 0.000000 0.000000 0.000000 0.417781 0.000000 0.000000 0.000000 0.000000 0.000000
the mean of prob-rank is 1.5789473684210527
the number of false negetive edges is 0
the number of probability greater than 0 is 3.7/edge
