20
 0.000000 0.000000 0.000000 0.000000 0.000000 0.000000 0.002309 0.000000 0.000000 0.000000 0.000000 0.000000 0.000000 0.000000 0.498879 0.498812 0.000000 0.000000 0.000000 0.000000
 0.000000 0.000000 0.000000 0.296430 0.000000 0.000000 0.000000 0.000000 0.231695 0.000000 0.000000 0.170036 0.000000 0.000000 0.000000 0.000000 0.000000 0.000000 0.301840 0.000000
 0.000000 0.000000 0.000000 0.000000 0.000000 0.001196 0.000000 0.000000 0.000000 0.000000 0.000000 0.000000 0.000000 0.000000 0.000000 0.000000 0.499412 0.499392 0.000000 0.000000
 0.000000 0.371429 0.000000 0.000000 0.248458 0.000000 0.000000 0.000000 0.000000 0.000000 0.000000 0.379091 0.000000 0.000000 0.000000 0.000000 0.000000 0.000000 0.001022 0.000000
 0.000000 0.000000 0.000000 0.196287 0.000000 0.000000 0.000000 0.268474 0.000000 0.000000 0.000000 0.292540 0.000000 0.000000 0.000000 0.000000 0.000000 0.000000 0.242698 0.000000
 0.000000 0.000000 0.001193 0.000000 0.000000 0.000000 0.498161 0.000000 0.000000 0.000004 0.000000 0.000000 0.000000 0.000000 0.000068 0.000000 0.498169 0.002407 0.000000 0.000000
 0.002297 0.000000 0.000000 0.000000 0.000000 0.496328 0.000000 0.000000 0.000000 0.000000 0.000000 0.000000 0.000000 0.000000 0.496302 0.000000 0.000000 0.005074 0.000000 0.000000
 0.000000 0.000000 0.000000 0.000000 0.320267 0.000000 0.000000 0.000000 0.000000 0.000000 0.000000 0.000000 0.000000 0.357248 0.000000 0.000000 0.000000 0.000000 0.322485 0.000000
 0.000000 0.253487 0.000000 0.000000 0.000000 0.000000 0.000000 0.000000 0.000000 0.000000 0.097437 0.009517 0.000000 0.000000 0.000000 0.000000 0.000000 0.000000 0.309142 0.330417
 0.000000 0.000000 0.000000 0.000000 0.000000 0.000004 0.000000 0.000000 0.000000 0.000000 0.469929 0.000000 0.000000 0.000000 0.000000 0.470937 0.000015 0.000000 0.000000 0.059115
 0.000000 0.000000 0.000000 0.000000 0.000000 0.000000 0.000000 0.000000 0.128421 0.435322 0.000000 0.000000 0.000000 0.000000 0.000000 0.000000 0.000000 0.000000 0.000000 0.436257
 0.000000 0.218272 0.000000 0.388372 0.379360 0.000000 0.000000 0.000000 0.011166 0.000000 0.000000 0.000000 0.000000 0.000000 0.000000 0.000000 0.000000 0.000000 0.000001 0.002829
 0.000000 0.000000 0.000000 0.000000 0.000000 0.000000 0.000000 0.000000 0.000000 0.000000 0.000000 0.000000 0.000000 0.500000 0.000000 0.000000 0.000000 0.500000 0.000000 0.000000
 0.000000 0.000000 0.000000 0.000000 0.000000 0.000000 0.000000 0.499987 0.000000 0.000000 0.000000 0.000000 0.500013 0.000000 0.000000 0.000000 0.000000 0.000000 0.000000 0.000000
 0.499482 0.000000 0.000000 0.000000 0.000000 0.000068 0.499448 0.000000 0.000000 0.000000 0.000000 0.000000 0.000000 0.000000 0.000000 0.001002 0.000000 0.000000 0.000000 0.000000
 0.499465 0.000000 0.000000 0.000000 0.000000 0.000000 0.000000 0.000000 0.000000 0.499533 0.000000 0.000000 0.000000 0.000000 0.001002 0.000000 0.000000 0.000000 0.000000 0.000000
 0.000000 0.000000 0.499992 0.000000 0.000000 0.499992 0.000000 0.000000 0.000000 0.000016 0.000000 0.000000 0.000000 0.000000 0.000000 0.000000 0.000000 0.000000 0.000000 0.000000
 0.000000 0.000000 0.496255 0.000000 0.000000 0.002397 0.005073 0.000000 0.000000 0.000000 0.000000 0.000000 0.496275 0.000000 0.000000 0.000000 0.000000 0.000000 0.000000 0.000000
 0.000000 0.273533 0.000000 0.000739 0.222181 0.000000 0.000000 0.247480 0.256065 0.000000 0.000000 0.000001 0.000000 0.000000 0.000000 0.000000 0.000000 0.000000 0.000000 0.000000
 0.000000 0.000000 0.000000 0.000000 0.000000 0.000000 0.000000 0.000000 0.468424 0.058904 0.469254 0.003418 0.000000 0.000000 0.000000 0.000000 0.000000 0.000000 0.000000 0.000000
the mean of prob-rank is 1.631578947368421
the number of false negetive edges is 0
the number of probability greater than 0 is 3.85/edge
