20
 0.000000 0.000000 0.322822 0.000000 0.000000 0.304158 0.000000 0.000000 0.000000 0.000000 0.000000 0.000000 0.373020 0.000000 0.000000 0.000000 0.000000 0.000000 0.000000 0.000000
 0.000000 0.000000 0.000373 0.497234 0.000000 0.000023 0.000000 0.005100 0.000000 0.000000 0.000000 0.000000 0.000000 0.000000 0.000000 0.000000 0.497270 0.000000 0.000000 0.000000
 0.302748 0.000263 0.000000 0.000000 0.000000 0.349824 0.000000 0.006740 0.000000 0.000000 0.000000 0.000000 0.000000 0.000000 0.000000 0.000000 0.340426 0.000000 0.000000 0.000000
 0.000000 0.460813 0.000000 0.000000 0.000000 0.000000 0.000000 0.460735 0.000000 0.000000 0.000000 0.000000 0.000000 0.000000 0.000000 0.000000 0.078452 0.000000 0.000000 0.000000
 0.000000 0.000000 0.000000 0.000000 0.000000 0.000000 0.000000 0.000000 0.000000 0.000000 0.000000 0.454912 0.000000 0.000000 0.086159 0.458929 0.000000 0.000000 0.000000 0.000000
 0.297831 0.000017 0.365260 0.000000 0.000000 0.000000 0.000000 0.000000 0.000000 0.000000 0.000000 0.000000 0.000000 0.000000 0.000000 0.000000 0.336892 0.000000 0.000000 0.000000
 0.000000 0.000000 0.000000 0.000000 0.000000 0.000000 0.000000 0.000000 0.000000 0.000000 0.500000 0.000000 0.000000 0.500000 0.000000 0.000000 0.000000 0.000000 0.000000 0.000000
 0.000000 0.005054 0.009494 0.492666 0.000000 0.000000 0.000000 0.000000 0.000000 0.000000 0.000000 0.000000 0.000000 0.492786 0.000000 0.000000 0.000000 0.000000 0.000000 0.000000
 0.000000 0.000000 0.000000 0.000000 0.000000 0.000000 0.000000 0.000000 0.000000 0.499945 0.000000 0.000000 0.000000 0.000000 0.000000 0.000000 0.000000 0.000000 0.000000 0.500055
 0.000000 0.000000 0.000000 0.000000 0.000000 0.000000 0.000000 0.000000 0.499945 0.000000 0.000000 0.000000 0.000000 0.000000 0.000000 0.000000 0.000000 0.000000 0.500055 0.000000
 0.000000 0.000000 0.000000 0.000000 0.000000 0.000000 0.500006 0.000000 0.000000 0.000000 0.000000 0.000003 0.000000 0.000000 0.000000 0.000000 0.000000 0.499991 0.000000 0.000000
 0.000000 0.000000 0.000000 0.000000 0.449981 0.000000 0.000000 0.000000 0.000000 0.000000 0.000002 0.000000 0.000000 0.000013 0.000000 0.096050 0.000000 0.453954 0.000000 0.000000
 0.500007 0.000000 0.000000 0.000000 0.000000 0.000000 0.000000 0.000000 0.000000 0.000000 0.000000 0.000000 0.000000 0.000000 0.000000 0.000000 0.000000 0.000000 0.499993 0.000000
 0.000000 0.000000 0.000000 0.000000 0.000000 0.000000 0.499992 0.499993 0.000000 0.000000 0.000000 0.000015 0.000000 0.000000 0.000000 0.000000 0.000000 0.000000 0.000000 0.000000
 0.000000 0.000000 0.000000 0.000000 0.086009 0.000000 0.000000 0.000000 0.000000 0.000000 0.000000 0.000000 0.000000 0.000000 0.000000 0.455863 0.000000 0.000000 0.000000 0.458128
 0.000000 0.000000 0.000000 0.000000 0.453178 0.000000 0.000000 0.000000 0.000000 0.000000 0.000000 0.095885 0.000000 0.000000 0.450937 0.000000 0.000000 0.000000 0.000000 0.000000
 0.000000 0.326189 0.317426 0.055529 0.000000 0.300856 0.000000 0.000000 0.000000 0.000000 0.000000 0.000000 0.000000 0.000000 0.000000 0.000000 0.000000 0.000000 0.000000 0.000000
 0.000000 0.000000 0.000000 0.000000 0.000000 0.000000 0.000000 0.000000 0.000000 0.000000 0.499992 0.500008 0.000000 0.000000 0.000000 0.000000 0.000000 0.000000 0.000000 0.000000
 0.000000 0.000000 0.000000 0.000000 0.000000 0.000000 0.000000 0.000000 0.000000 0.500007 0.000000 0.000000 0.499993 0.000000 0.000000 0.000000 0.000000 0.000000 0.000000 0.000000
 0.000000 0.000000 0.000000 0.000000 0.000000 0.000000 0.000000 0.000000 0.500000 0.000000 0.000000 0.000000 0.000000 0.000000 0.500000 0.000000 0.000000 0.000000 0.000000 0.000000
the mean of prob-rank is 1.631578947368421
the number of false negetive edges is 0
the number of probability greater than 0 is 3.1/edge
