20
 0.000000 0.000000 0.240589 0.000000 0.000000 0.000000 0.000000 0.000000 0.000000 0.000000 0.000000 0.000000 0.242797 0.278650 0.000000 0.000000 0.000000 0.000000 0.000000 0.237963
 0.000000 0.000000 0.000000 0.000000 0.000000 0.000000 0.000000 0.000000 0.500000 0.000000 0.000000 0.000000 0.000000 0.000000 0.000000 0.000000 0.000000 0.500000 0.000000 0.000000
 0.242262 0.000000 0.000000 0.000000 0.000000 0.000000 0.000594 0.000000 0.000000 0.001669 0.284857 0.000000 0.193791 0.000007 0.000000 0.000000 0.000000 0.000000 0.000000 0.276821
 0.000000 0.000000 0.000000 0.000000 0.000000 0.000000 0.000000 0.000000 0.000000 0.000000 0.000000 0.000000 0.443962 0.000000 0.110794 0.445245 0.000000 0.000000 0.000000 0.000000
 0.000000 0.000000 0.000000 0.000000 0.000000 0.000000 0.499982 0.000000 0.000000 0.499982 0.000000 0.000000 0.000000 0.000000 0.000000 0.000000 0.000000 0.000035 0.000000 0.000000
 0.000000 0.000000 0.000000 0.000000 0.000000 0.000000 0.000000 0.000000 0.000000 0.000000 0.000000 0.500000 0.000000 0.000000 0.000000 0.000000 0.500000 0.000000 0.000000 0.000000
 0.000000 0.000000 0.001041 0.000000 0.499479 0.000000 0.000000 0.000000 0.499479 0.000001 0.000000 0.000000 0.000000 0.000000 0.000000 0.000000 0.000000 0.000000 0.000000 0.000000
 0.000000 0.000000 0.000000 0.000000 0.000000 0.000000 0.000000 0.000000 0.000000 0.000000 0.000000 0.413441 0.000000 0.000000 0.163130 0.000000 0.000000 0.000000 0.423429 0.000000
 0.000000 0.500000 0.000000 0.000000 0.000000 0.000000 0.500000 0.000000 0.000000 0.000000 0.000000 0.000000 0.000000 0.000000 0.000000 0.000000 0.000000 0.000000 0.000000 0.000000
 0.000000 0.000000 0.002921 0.000000 0.498539 0.000000 0.000001 0.000000 0.000000 0.000000 0.498539 0.000000 0.000000 0.000000 0.000000 0.000000 0.000000 0.000000 0.000000 0.000000
 0.000000 0.000000 0.497854 0.000000 0.000000 0.000000 0.000000 0.000000 0.000000 0.497897 0.000000 0.000000 0.000000 0.000000 0.000000 0.000000 0.000000 0.000000 0.000000 0.004249
 0.000000 0.000000 0.000000 0.000000 0.000000 0.348050 0.000000 0.339841 0.000000 0.000000 0.000000 0.000000 0.000000 0.000000 0.000000 0.000000 0.000000 0.000000 0.312109 0.000000
 0.249009 0.000000 0.197376 0.289119 0.000000 0.000000 0.000000 0.000000 0.000000 0.000000 0.000000 0.000000 0.000000 0.233871 0.000000 0.000000 0.000000 0.000000 0.000000 0.030625
 0.352897 0.000000 0.000008 0.000000 0.000000 0.000000 0.000000 0.000000 0.000000 0.000000 0.000000 0.000000 0.288798 0.000000 0.000000 0.000000 0.000000 0.000000 0.000000 0.358297
 0.000000 0.000000 0.000000 0.099067 0.000000 0.000000 0.000000 0.153483 0.000000 0.000000 0.000000 0.000000 0.000000 0.000000 0.000000 0.397615 0.000000 0.000000 0.349835 0.000000
 0.000000 0.000000 0.000000 0.490627 0.000000 0.000000 0.000000 0.000000 0.000000 0.000000 0.000000 0.000000 0.000000 0.000000 0.490006 0.000000 0.000000 0.000000 0.000000 0.019367
 0.000000 0.000000 0.000000 0.000000 0.000000 0.500000 0.000000 0.000000 0.000000 0.000000 0.000000 0.000000 0.000000 0.000000 0.000000 0.000000 0.000000 0.500000 0.000000 0.000000
 0.000000 0.499982 0.000000 0.000000 0.000035 0.000000 0.000000 0.000000 0.000000 0.000000 0.000000 0.000000 0.000000 0.000000 0.000000 0.000000 0.499983 0.000000 0.000000 0.000000
 0.000000 0.000000 0.000000 0.000000 0.000000 0.000000 0.000000 0.360379 0.000000 0.000000 0.000000 0.323164 0.000000 0.000000 0.316457 0.000000 0.000000 0.000000 0.000000 0.000000
 0.283552 0.000000 0.327577 0.000000 0.000000 0.000000 0.000000 0.000000 0.000000 0.000000 0.002877 0.000000 0.035582 0.337115 0.000000 0.013298 0.000000 0.000000 0.000000 0.000000
the mean of prob-rank is 1.631578947368421
the number of false negetive edges is 0
the number of probability greater than 0 is 3.5/edge
