20
 0.000000 0.000000 0.000000 0.000000 0.000000 0.000000 0.000626 0.000000 0.000000 0.000000 0.014419 0.293685 0.342713 0.000000 0.000000 0.006238 0.342320 0.000000 0.000000 0.000000
 0.000000 0.000000 0.293206 0.000000 0.000000 0.000000 0.000000 0.000000 0.000000 0.000000 0.308851 0.012096 0.000001 0.000000 0.352651 0.000000 0.033196 0.000000 0.000000 0.000000
 0.000000 0.303744 0.000000 0.000000 0.365326 0.000014 0.000000 0.000000 0.000000 0.000000 0.000000 0.330916 0.000000 0.000000 0.000000 0.000000 0.000000 0.000000 0.000000 0.000000
 0.000000 0.000000 0.000000 0.000000 0.000000 0.000000 0.487708 0.000000 0.000000 0.000000 0.000000 0.000000 0.000000 0.000000 0.000000 0.014289 0.000000 0.000000 0.000000 0.498002
 0.000000 0.000000 0.499965 0.000000 0.000000 0.499856 0.000000 0.000000 0.000000 0.000179 0.000000 0.000000 0.000000 0.000000 0.000000 0.000000 0.000000 0.000000 0.000000 0.000000
 0.000000 0.000000 0.000019 0.000000 0.499862 0.000000 0.000000 0.000154 0.000000 0.499962 0.000000 0.000003 0.000000 0.000000 0.000000 0.000000 0.000000 0.000000 0.000000 0.000000
 0.000602 0.000000 0.000000 0.323410 0.000000 0.000000 0.000000 0.000000 0.000000 0.000000 0.258009 0.000000 0.110613 0.000000 0.000000 0.307367 0.000000 0.000000 0.000000 0.000000
 0.000000 0.000000 0.000000 0.000000 0.000000 0.000154 0.000000 0.000000 0.000000 0.499923 0.000000 0.000000 0.000000 0.000000 0.000000 0.000000 0.000000 0.499923 0.000000 0.000000
 0.000000 0.000000 0.000000 0.000000 0.000000 0.000000 0.000000 0.000000 0.000000 0.000000 0.000000 0.000000 0.000000 0.000000 0.500000 0.000000 0.000000 0.000000 0.500000 0.000000
 0.000000 0.000000 0.000000 0.000000 0.000179 0.499889 0.000000 0.499898 0.000000 0.000000 0.000000 0.000000 0.000000 0.000034 0.000000 0.000000 0.000000 0.000000 0.000000 0.000000
 0.015045 0.313802 0.000000 0.000000 0.000000 0.000000 0.279939 0.000000 0.000000 0.000000 0.000000 0.000000 0.358278 0.000000 0.000000 0.000003 0.032933 0.000000 0.000000 0.000000
 0.241981 0.009705 0.256289 0.000000 0.000000 0.000002 0.000000 0.000000 0.000000 0.000000 0.000000 0.000000 0.000173 0.000000 0.000000 0.209389 0.282462 0.000000 0.000000 0.000000
 0.417113 0.000001 0.000000 0.000000 0.000000 0.000000 0.139990 0.000000 0.000000 0.000000 0.417910 0.000255 0.000000 0.000000 0.000000 0.000003 0.024728 0.000000 0.000000 0.000000
 0.000000 0.000000 0.000000 0.000000 0.000000 0.000000 0.000000 0.000000 0.000000 0.000034 0.000000 0.000000 0.000000 0.000000 0.000000 0.499860 0.000000 0.500106 0.000000 0.000000
 0.000000 0.500000 0.000000 0.000000 0.000000 0.000000 0.000000 0.000000 0.500000 0.000000 0.000000 0.000000 0.000000 0.000000 0.000000 0.000000 0.000000 0.000000 0.000000 0.000000
 0.006686 0.000000 0.000000 0.010560 0.000000 0.000000 0.342543 0.000000 0.000000 0.000000 0.000003 0.272361 0.000002 0.367845 0.000000 0.000000 0.000000 0.000000 0.000000 0.000000
 0.444953 0.042015 0.000000 0.000000 0.000000 0.000000 0.000000 0.000000 0.000000 0.000000 0.041026 0.445596 0.026409 0.000000 0.000000 0.000000 0.000000 0.000000 0.000000 0.000000
 0.000000 0.000000 0.000000 0.000000 0.000000 0.000000 0.000000 0.500002 0.000000 0.000000 0.000000 0.000000 0.000000 0.499998 0.000000 0.000000 0.000000 0.000000 0.000000 0.000000
 0.000000 0.000000 0.000000 0.000000 0.000000 0.000000 0.000000 0.000000 0.500000 0.000000 0.000000 0.000000 0.000000 0.000000 0.000000 0.000000 0.000000 0.000000 0.000000 0.500000
 0.000000 0.000000 0.000000 0.500000 0.000000 0.000000 0.000000 0.000000 0.000000 0.000000 0.000000 0.000000 0.000000 0.000000 0.000000 0.000000 0.000000 0.000000 0.500000 0.000000
the mean of prob-rank is 1.5789473684210527
the number of false negetive edges is 0
the number of probability greater than 0 is 4.1/edge
