20
 0.000000 0.000000 0.000000 0.000000 0.488164 0.000000 0.000000 0.000000 0.000000 0.487515 0.024321 0.000000 0.000000 0.000000 0.000000 0.000000 0.000000 0.000000 0.000000 0.000000
 0.000000 0.000000 0.000000 0.494525 0.000000 0.000000 0.000000 0.000000 0.000000 0.000000 0.000000 0.494700 0.000000 0.000000 0.000000 0.000000 0.000000 0.010775 0.000000 0.000000
 0.000000 0.000000 0.000000 0.000000 0.000000 0.000000 0.000000 0.000000 0.500000 0.000000 0.000000 0.000000 0.000000 0.500000 0.000000 0.000000 0.000000 0.000000 0.000000 0.000000
 0.000000 0.499779 0.000000 0.000000 0.000000 0.000000 0.000000 0.000000 0.000000 0.000000 0.000000 0.000000 0.000000 0.000000 0.000000 0.000000 0.000000 0.000000 0.500221 0.000000
 0.475790 0.000000 0.000000 0.000000 0.000000 0.000000 0.000000 0.000000 0.000000 0.048603 0.475607 0.000000 0.000000 0.000000 0.000000 0.000000 0.000000 0.000000 0.000000 0.000000
 0.000000 0.000000 0.000000 0.000000 0.000000 0.000000 0.000000 0.000000 0.000000 0.000000 0.000000 0.000000 0.000000 0.000000 0.000000 0.000072 0.499899 0.500029 0.000000 0.000000
 0.000000 0.000000 0.000000 0.000000 0.000000 0.000000 0.000000 0.000000 0.000000 0.000000 0.000000 0.006735 0.430229 0.000000 0.114526 0.000000 0.019135 0.429375 0.000000 0.000000
 0.000000 0.000000 0.000000 0.000000 0.000000 0.000000 0.000000 0.000000 0.000000 0.000000 0.500001 0.000000 0.000000 0.000000 0.000000 0.000000 0.000000 0.000000 0.499999 0.000000
 0.000000 0.000000 0.500000 0.000000 0.000000 0.000000 0.000000 0.000000 0.000000 0.500000 0.000000 0.000000 0.000000 0.000000 0.000000 0.000000 0.000000 0.000000 0.000000 0.000000
 0.475371 0.000000 0.000000 0.000000 0.048625 0.000000 0.000000 0.000000 0.476004 0.000000 0.000000 0.000000 0.000000 0.000000 0.000000 0.000000 0.000000 0.000000 0.000000 0.000000
 0.024310 0.000000 0.000000 0.000000 0.487751 0.000000 0.000000 0.487939 0.000000 0.000000 0.000000 0.000000 0.000000 0.000000 0.000000 0.000000 0.000000 0.000000 0.000000 0.000000
 0.000000 0.417451 0.000000 0.000000 0.000000 0.000000 0.006539 0.000000 0.000000 0.000000 0.000000 0.000000 0.159042 0.000000 0.416968 0.000000 0.000000 0.000000 0.000000 0.000000
 0.000000 0.000000 0.000000 0.000000 0.000000 0.000000 0.428618 0.000000 0.000000 0.000000 0.000000 0.163210 0.000000 0.000000 0.405999 0.000000 0.000144 0.001535 0.000494 0.000000
 0.000000 0.000000 0.499998 0.000000 0.000000 0.000000 0.000000 0.000000 0.000000 0.000000 0.000000 0.000000 0.000000 0.000000 0.000000 0.499995 0.000000 0.000000 0.000000 0.000007
 0.000000 0.000000 0.000000 0.000000 0.000000 0.000000 0.109504 0.000000 0.000000 0.000000 0.000000 0.410668 0.389653 0.000000 0.000000 0.000000 0.000007 0.090168 0.000000 0.000000
 0.000000 0.000000 0.000000 0.000000 0.000000 0.000071 0.000000 0.000000 0.000000 0.000000 0.000000 0.000000 0.000000 0.499811 0.000000 0.000000 0.000303 0.000000 0.000000 0.499814
 0.000000 0.000000 0.000000 0.000000 0.000000 0.480826 0.021391 0.000000 0.000000 0.000000 0.000000 0.000000 0.000162 0.000000 0.000008 0.000292 0.000000 0.016419 0.000000 0.480903
 0.000000 0.009562 0.000000 0.000000 0.000000 0.439233 0.438362 0.000000 0.000000 0.000000 0.000000 0.000000 0.001573 0.000000 0.096277 0.000000 0.014994 0.000000 0.000000 0.000000
 0.000000 0.000000 0.000000 0.499713 0.000000 0.000000 0.000000 0.499711 0.000000 0.000000 0.000000 0.000000 0.000576 0.000000 0.000000 0.000000 0.000000 0.000000 0.000000 0.000000
 0.000000 0.000000 0.000000 0.000000 0.000000 0.000000 0.000000 0.000000 0.000000 0.000000 0.000000 0.000000 0.000000 0.000007 0.000000 0.500021 0.499972 0.000000 0.000000 0.000000
the mean of prob-rank is 1.4736842105263157
the number of false negetive edges is 0
the number of probability greater than 0 is 3.6/edge
