20
 0.000000 0.000000 0.000000 0.000000 0.000000 0.000000 0.000541 0.460939 0.000000 0.046209 0.031108 0.000000 0.000000 0.000000 0.000000 0.000000 0.000000 0.000000 0.000000 0.461202
 0.000000 0.000000 0.000000 0.446483 0.441236 0.000000 0.000000 0.000000 0.000000 0.000000 0.000000 0.000000 0.000000 0.111597 0.000000 0.000000 0.000637 0.000046 0.000000 0.000000
 0.000000 0.000000 0.000000 0.000000 0.000000 0.000000 0.490350 0.000000 0.000000 0.019337 0.000000 0.000000 0.000000 0.000000 0.490314 0.000000 0.000000 0.000000 0.000000 0.000000
 0.000000 0.411704 0.000000 0.000000 0.000633 0.000000 0.000000 0.000000 0.000000 0.000000 0.000000 0.000000 0.000000 0.000000 0.000000 0.000000 0.176655 0.411008 0.000000 0.000000
 0.000000 0.449043 0.000000 0.000698 0.000000 0.000000 0.000000 0.000000 0.000000 0.000000 0.000000 0.000000 0.454382 0.000000 0.000000 0.000000 0.001408 0.094468 0.000000 0.000000
 0.000000 0.000000 0.000000 0.000000 0.000000 0.000000 0.000000 0.000000 0.500008 0.000000 0.000000 0.000000 0.000000 0.000000 0.000000 0.000000 0.000000 0.000000 0.499992 0.000000
 0.000514 0.000000 0.437933 0.000000 0.000000 0.000000 0.000000 0.002370 0.000000 0.120244 0.000000 0.000000 0.000000 0.000000 0.001487 0.000000 0.000000 0.000000 0.000000 0.437452
 0.471033 0.000000 0.000000 0.000000 0.000000 0.000000 0.002550 0.000000 0.000000 0.470821 0.000000 0.000000 0.000000 0.000000 0.000000 0.000000 0.000000 0.000000 0.000000 0.055596
 0.000000 0.000000 0.000000 0.000000 0.000000 0.500000 0.000000 0.000000 0.000000 0.000000 0.000000 0.000000 0.000000 0.000000 0.000000 0.500000 0.000000 0.000000 0.000000 0.000000
 0.041662 0.000000 0.016397 0.000000 0.000000 0.000000 0.114171 0.415391 0.000000 0.000000 0.411883 0.000000 0.000000 0.000000 0.000000 0.000000 0.000000 0.000000 0.000000 0.000496
 0.029912 0.000000 0.000000 0.000000 0.000000 0.000000 0.000000 0.000000 0.000000 0.439273 0.000000 0.000000 0.000000 0.000000 0.000000 0.443467 0.000000 0.000000 0.000000 0.087348
 0.000000 0.000000 0.000000 0.000000 0.000000 0.000000 0.000000 0.000000 0.000000 0.000000 0.000000 0.000000 0.000000 0.000000 0.000000 0.000000 0.000000 0.499993 0.500007 0.000000
 0.000000 0.000000 0.000000 0.000000 0.500001 0.000000 0.000000 0.000000 0.000000 0.000000 0.000000 0.000000 0.000000 0.000000 0.000000 0.000000 0.499999 0.000000 0.000000 0.000000
 0.000000 0.111609 0.000000 0.000000 0.000000 0.000000 0.000000 0.000000 0.000000 0.000000 0.000000 0.000000 0.000000 0.000000 0.446529 0.000000 0.441862 0.000000 0.000000 0.000000
 0.000000 0.000000 0.494377 0.000000 0.000000 0.000000 0.001679 0.000000 0.000000 0.000000 0.000000 0.000000 0.000000 0.494414 0.000000 0.000000 0.000000 0.000000 0.000000 0.009530
 0.000000 0.000000 0.000000 0.000000 0.000000 0.000000 0.000000 0.000000 0.500000 0.000000 0.500000 0.000000 0.000000 0.000000 0.000000 0.000000 0.000000 0.000000 0.000000 0.000000
 0.000000 0.000589 0.000000 0.177077 0.001279 0.000000 0.000000 0.000000 0.000000 0.000000 0.000000 0.000000 0.412684 0.408371 0.000000 0.000000 0.000000 0.000000 0.000000 0.000000
 0.000000 0.000047 0.000000 0.452483 0.094233 0.000000 0.000000 0.000000 0.000000 0.000000 0.000000 0.453237 0.000000 0.000000 0.000000 0.000000 0.000000 0.000000 0.000000 0.000000
 0.000000 0.000000 0.000000 0.000000 0.000000 0.499992 0.000000 0.000000 0.000000 0.000000 0.000000 0.500008 0.000000 0.000000 0.000000 0.000000 0.000000 0.000000 0.000000 0.000000
 0.428393 0.000000 0.000000 0.000000 0.000000 0.000000 0.427923 0.050535 0.000000 0.000511 0.084379 0.000000 0.000000 0.000000 0.008258 0.000000 0.000000 0.000000 0.000000 0.000000
the mean of prob-rank is 1.4210526315789473
the number of false negetive edges is 0
the number of probability greater than 0 is 3.8/edge
