20
 0.000000 0.000000 0.000000 0.000000 0.489889 0.019937 0.000000 0.000000 0.000000 0.490174 0.000000 0.000000 0.000000 0.000000 0.000000 0.000000 0.000000 0.000000 0.000000 0.000000
 0.000000 0.000000 0.000000 0.498519 0.000000 0.000000 0.498522 0.000000 0.000000 0.000000 0.000000 0.000000 0.000000 0.002959 0.000000 0.000000 0.000000 0.000000 0.000000 0.000000
 0.000000 0.000000 0.000000 0.000000 0.000000 0.000000 0.000000 0.000000 0.000000 0.000000 0.000000 0.000000 0.000000 0.000000 0.000000 0.500000 0.000000 0.000000 0.500000 0.000000
 0.000000 0.478040 0.000000 0.000000 0.000000 0.000000 0.000013 0.000000 0.000000 0.000000 0.000000 0.000000 0.000000 0.043905 0.000000 0.000000 0.000000 0.000000 0.478043 0.000000
 0.471194 0.000000 0.000000 0.000000 0.000000 0.000000 0.000000 0.000000 0.471468 0.057338 0.000000 0.000000 0.000000 0.000000 0.000000 0.000000 0.000000 0.000000 0.000000 0.000000
 0.019931 0.000000 0.000000 0.000000 0.000000 0.000000 0.000000 0.000000 0.000000 0.490030 0.000000 0.000000 0.490039 0.000000 0.000000 0.000000 0.000000 0.000000 0.000000 0.000000
 0.000000 0.356065 0.000000 0.000010 0.000000 0.000000 0.000000 0.000000 0.000000 0.000000 0.000000 0.000000 0.000000 0.343797 0.000000 0.000000 0.000000 0.300128 0.000000 0.000000
 0.000000 0.000000 0.000000 0.000000 0.000000 0.000000 0.000000 0.000000 0.000000 0.000000 0.000737 0.000000 0.499633 0.000000 0.000000 0.000000 0.499631 0.000000 0.000000 0.000000
 0.000000 0.000000 0.000000 0.000000 0.500001 0.000000 0.000000 0.000000 0.000000 0.000000 0.000002 0.000000 0.000000 0.000000 0.000000 0.000000 0.000000 0.000000 0.000000 0.499997
 0.471343 0.000000 0.000000 0.000000 0.057323 0.471334 0.000000 0.000000 0.000000 0.000000 0.000000 0.000000 0.000000 0.000000 0.000000 0.000000 0.000000 0.000000 0.000000 0.000000
 0.000000 0.000000 0.000000 0.000000 0.000000 0.000000 0.000000 0.000721 0.000002 0.000000 0.000000 0.489251 0.000000 0.000000 0.489334 0.000000 0.020691 0.000000 0.000000 0.000000
 0.000000 0.000000 0.000000 0.000000 0.000000 0.000000 0.000000 0.000000 0.000000 0.000000 0.498171 0.000000 0.000000 0.000000 0.003601 0.000014 0.498214 0.000000 0.000000 0.000000
 0.000000 0.000000 0.000000 0.000000 0.000000 0.500000 0.000000 0.499999 0.000000 0.000000 0.000000 0.000000 0.000000 0.000000 0.000000 0.000000 0.000000 0.000000 0.000000 0.000000
 0.000000 0.002087 0.000000 0.032290 0.000000 0.000000 0.339466 0.000000 0.000000 0.000000 0.000000 0.000000 0.000000 0.000000 0.000000 0.000000 0.000000 0.351567 0.000000 0.274591
 0.000000 0.000000 0.000000 0.000000 0.000000 0.000000 0.000000 0.000000 0.000000 0.000000 0.498201 0.003600 0.000000 0.000000 0.000000 0.498199 0.000000 0.000000 0.000000 0.000000
 0.000000 0.000000 0.499994 0.000000 0.000000 0.000000 0.000000 0.000000 0.000000 0.000000 0.000000 0.000014 0.000000 0.000000 0.499992 0.000000 0.000000 0.000000 0.000000 0.000000
 0.000000 0.000000 0.000000 0.000000 0.000000 0.000000 0.000000 0.489666 0.000000 0.000000 0.020705 0.489629 0.000000 0.000000 0.000000 0.000000 0.000000 0.000000 0.000000 0.000000
 0.000000 0.000000 0.000000 0.000000 0.000000 0.000000 0.296659 0.000000 0.000000 0.000000 0.000000 0.000000 0.000000 0.351938 0.000000 0.000000 0.000000 0.000000 0.000000 0.351403
 0.000000 0.000000 0.500000 0.500000 0.000000 0.000000 0.000000 0.000000 0.000000 0.000000 0.000000 0.000000 0.000000 0.000000 0.000000 0.000000 0.000000 0.000000 0.000000 0.000000
 0.000000 0.000000 0.000000 0.000000 0.000000 0.000000 0.000000 0.000000 0.359780 0.000000 0.000000 0.000000 0.000000 0.280998 0.000000 0.000000 0.000000 0.359223 0.000000 0.000000
the mean of prob-rank is 1.5263157894736843
the number of false negetive edges is 0
the number of probability greater than 0 is 3.2/edge
