20
 0.000000 0.000000 0.000012 0.314711 0.000000 0.000000 0.000457 0.000000 0.000000 0.000000 0.000009 0.257554 0.311301 0.075010 0.000000 0.040946 0.000000 0.000000 0.000000 0.000000
 0.000000 0.000000 0.000000 0.000000 0.000000 0.000000 0.000000 0.000000 0.000000 0.000000 0.000000 0.000000 0.000000 0.000000 0.500000 0.000000 0.500000 0.000000 0.000000 0.000000
 0.000011 0.000000 0.000000 0.138617 0.000053 0.000000 0.000000 0.301096 0.000000 0.014275 0.000000 0.018410 0.021918 0.000000 0.000000 0.295316 0.000001 0.000033 0.000000 0.210270
 0.301369 0.000000 0.139534 0.000000 0.000000 0.000000 0.000000 0.000000 0.000000 0.096109 0.000000 0.002565 0.063573 0.090500 0.000000 0.306350 0.000000 0.000000 0.000000 0.000000
 0.000000 0.000000 0.000088 0.000000 0.000000 0.000000 0.000000 0.000000 0.499941 0.499972 0.000000 0.000000 0.000000 0.000000 0.000000 0.000000 0.000000 0.000000 0.000000 0.000000
 0.000000 0.000000 0.000000 0.000000 0.000000 0.000000 0.000000 0.000000 0.000000 0.000000 0.499989 0.000000 0.000000 0.000000 0.500011 0.000000 0.000000 0.000000 0.000000 0.000000
 0.000713 0.000000 0.000000 0.000000 0.000000 0.000000 0.000000 0.000000 0.000000 0.000000 0.499644 0.000000 0.000000 0.499643 0.000000 0.000000 0.000000 0.000000 0.000000 0.000000
 0.000000 0.000000 0.402434 0.000000 0.000000 0.000000 0.000000 0.000000 0.000000 0.000000 0.000000 0.000000 0.000000 0.000000 0.000000 0.000000 0.000000 0.406783 0.002075 0.188707
 0.000000 0.000000 0.000000 0.000000 0.499800 0.000000 0.000000 0.000000 0.000000 0.000000 0.000000 0.000000 0.000000 0.000000 0.000000 0.000000 0.000000 0.000370 0.499831 0.000000
 0.000000 0.000000 0.019882 0.132979 0.423896 0.000000 0.000000 0.000000 0.000000 0.000000 0.000000 0.000000 0.000000 0.423243 0.000000 0.000000 0.000000 0.000000 0.000000 0.000000
 0.000014 0.000000 0.000000 0.000000 0.000000 0.499982 0.500004 0.000000 0.000000 0.000000 0.000000 0.000000 0.000000 0.000000 0.000000 0.000000 0.000000 0.000000 0.000000 0.000000
 0.253941 0.000000 0.019081 0.002641 0.000000 0.000000 0.000000 0.000000 0.000000 0.000000 0.000000 0.000000 0.315440 0.000000 0.000000 0.075659 0.048124 0.000000 0.000000 0.285114
 0.321829 0.000000 0.023819 0.068633 0.000000 0.000000 0.000000 0.000000 0.000000 0.000000 0.000000 0.330746 0.000000 0.000000 0.000000 0.240307 0.000000 0.000000 0.000000 0.014665
 0.092733 0.000000 0.000000 0.116837 0.000000 0.000000 0.395519 0.000000 0.000000 0.394911 0.000000 0.000000 0.000000 0.000000 0.000000 0.000000 0.000000 0.000000 0.000000 0.000000
 0.000000 0.500000 0.000000 0.000000 0.000000 0.500000 0.000000 0.000000 0.000000 0.000000 0.000000 0.000000 0.000000 0.000000 0.000000 0.000000 0.000000 0.000000 0.000000 0.000000
 0.041761 0.000000 0.316607 0.326280 0.000000 0.000000 0.000000 0.000000 0.000000 0.000000 0.000000 0.078263 0.237072 0.000000 0.000000 0.000000 0.000000 0.000000 0.000000 0.000018
 0.000000 0.465083 0.000001 0.000000 0.000000 0.000000 0.000000 0.000000 0.000000 0.000000 0.000000 0.070953 0.000000 0.000000 0.000000 0.000000 0.000000 0.000000 0.000000 0.463963
 0.000000 0.000000 0.000054 0.000000 0.000000 0.000000 0.000000 0.499787 0.000370 0.000000 0.000000 0.000000 0.000000 0.000000 0.000000 0.000000 0.000000 0.000000 0.499790 0.000000
 0.000000 0.000000 0.000000 0.000000 0.000000 0.000000 0.000000 0.002544 0.498729 0.000000 0.000000 0.000000 0.000000 0.000000 0.000000 0.000000 0.000000 0.498727 0.000000 0.000000
 0.000000 0.000000 0.222818 0.000000 0.000000 0.000000 0.000000 0.149615 0.000000 0.000000 0.000000 0.291509 0.014300 0.000000 0.000000 0.000018 0.321740 0.000000 0.000000 0.000000
the mean of prob-rank is 1.5789473684210527
the number of false negetive edges is 0
the number of probability greater than 0 is 4.5/edge
