20
 0.000000 0.499824 0.000000 0.000065 0.000000 0.000000 0.000000 0.000000 0.000000 0.000000 0.000000 0.000000 0.000000 0.000000 0.000000 0.000000 0.000000 0.500111 0.000000 0.000000
 0.339742 0.000000 0.000000 0.001575 0.000000 0.000000 0.000000 0.000000 0.000000 0.000000 0.000000 0.000000 0.000000 0.000000 0.000000 0.326242 0.000000 0.000000 0.332441 0.000000
 0.000000 0.000000 0.000000 0.000000 0.000000 0.247568 0.000000 0.266017 0.000000 0.000000 0.000000 0.199101 0.000000 0.282437 0.004877 0.000000 0.000000 0.000000 0.000000 0.000000
 0.000065 0.002311 0.000000 0.000000 0.000000 0.000000 0.000000 0.000000 0.498786 0.000000 0.000000 0.000000 0.000000 0.000000 0.000000 0.000000 0.000000 0.000000 0.498838 0.000000
 0.000000 0.000000 0.000000 0.000000 0.000000 0.083467 0.000000 0.000000 0.458342 0.458191 0.000001 0.000000 0.000000 0.000000 0.000000 0.000000 0.000000 0.000000 0.000000 0.000000
 0.000000 0.000000 0.234341 0.000000 0.048669 0.000000 0.000000 0.267347 0.005418 0.000000 0.091103 0.141391 0.178141 0.000000 0.033590 0.000000 0.000000 0.000000 0.000000 0.000000
 0.000000 0.000000 0.000000 0.000000 0.000000 0.000000 0.000000 0.000000 0.000000 0.000000 0.000000 0.000000 0.000000 0.000000 0.000000 0.000000 0.500000 0.500000 0.000000 0.000000
 0.000000 0.000000 0.270052 0.000000 0.000000 0.286721 0.000000 0.000000 0.000000 0.000000 0.000000 0.274290 0.000000 0.000000 0.168937 0.000000 0.000000 0.000000 0.000000 0.000000
 0.000000 0.000000 0.000000 0.488593 0.488476 0.009903 0.000000 0.000000 0.000000 0.000180 0.000000 0.000000 0.000000 0.000000 0.000000 0.000000 0.000000 0.000000 0.012848 0.000000
 0.000000 0.000000 0.000000 0.000000 0.498766 0.000000 0.000000 0.000000 0.000183 0.000000 0.499032 0.000000 0.000000 0.000000 0.000000 0.002019 0.000000 0.000000 0.000000 0.000000
 0.000000 0.000000 0.000000 0.000000 0.000001 0.115323 0.000000 0.000000 0.000000 0.338374 0.000000 0.000000 0.212003 0.000000 0.000000 0.334300 0.000000 0.000000 0.000000 0.000000
 0.000000 0.000000 0.183956 0.000000 0.000000 0.138010 0.000000 0.249641 0.000000 0.000000 0.000000 0.000000 0.083099 0.000001 0.260954 0.000000 0.000000 0.000000 0.000000 0.084339
 0.000000 0.000000 0.000000 0.000000 0.000000 0.177272 0.000000 0.000000 0.000000 0.000000 0.166662 0.084719 0.000000 0.000000 0.265758 0.188232 0.117356 0.000000 0.000000 0.000000
 0.000000 0.000000 0.499999 0.000000 0.000000 0.000000 0.000000 0.000000 0.000000 0.000000 0.000000 0.000002 0.000000 0.000000 0.000000 0.000000 0.000000 0.000000 0.000000 0.499999
 0.000000 0.000000 0.006323 0.000000 0.000000 0.046005 0.000000 0.215743 0.000000 0.000000 0.000000 0.366161 0.365768 0.000000 0.000000 0.000000 0.000000 0.000000 0.000000 0.000000
 0.000000 0.275136 0.000000 0.000000 0.000000 0.000000 0.000000 0.000000 0.000000 0.001160 0.283194 0.000000 0.202837 0.000000 0.000000 0.000000 0.000000 0.000000 0.237673 0.000000
 0.000000 0.000000 0.000000 0.000000 0.000000 0.000000 0.410511 0.000000 0.000000 0.000000 0.000000 0.000000 0.181083 0.000000 0.000000 0.000000 0.000000 0.000000 0.000000 0.408406
 0.500000 0.000000 0.000000 0.000000 0.000000 0.000000 0.500000 0.000000 0.000000 0.000000 0.000000 0.000000 0.000000 0.000000 0.000000 0.000000 0.000000 0.000000 0.000000 0.000000
 0.000000 0.345165 0.000000 0.352948 0.000000 0.000000 0.000000 0.000000 0.009280 0.000000 0.000000 0.000000 0.000000 0.000000 0.000000 0.292607 0.000000 0.000000 0.000000 0.000000
 0.000000 0.000000 0.000000 0.000000 0.000000 0.000000 0.000000 0.000000 0.000000 0.000000 0.000000 0.139425 0.000000 0.431393 0.000000 0.000000 0.429182 0.000000 0.000000 0.000000
the mean of prob-rank is 1.5789473684210527
the number of false negetive edges is 0
the number of probability greater than 0 is 4.2/edge
