20
 0.000000 0.000000 0.000000 0.000078 0.000000 0.000000 0.000000 0.000000 0.499965 0.000000 0.000000 0.000000 0.000000 0.000000 0.000000 0.000000 0.499956 0.000000 0.000000 0.000000
 0.000000 0.000000 0.000000 0.000000 0.404952 0.000000 0.000000 0.000000 0.000000 0.190867 0.000000 0.000000 0.000000 0.000000 0.000000 0.000000 0.000000 0.404181 0.000000 0.000000
 0.000000 0.000000 0.000000 0.017516 0.000000 0.000000 0.000000 0.476753 0.028956 0.000000 0.000000 0.000000 0.000000 0.000000 0.476774 0.000000 0.000000 0.000000 0.000000 0.000000
 0.000077 0.000000 0.018031 0.000000 0.000000 0.000000 0.000000 0.000000 0.490546 0.000000 0.000000 0.000000 0.000000 0.000000 0.491345 0.000000 0.000000 0.000000 0.000000 0.000000
 0.000000 0.491172 0.000000 0.000000 0.000000 0.000000 0.000000 0.000000 0.000000 0.000000 0.490331 0.000000 0.000000 0.000000 0.000000 0.000000 0.000000 0.018497 0.000000 0.000000
 0.000000 0.000000 0.000000 0.000000 0.000000 0.000000 0.372516 0.381995 0.000000 0.000000 0.000000 0.000000 0.000000 0.000000 0.000000 0.000000 0.000000 0.000000 0.000000 0.245489
 0.000000 0.000000 0.000000 0.000000 0.000000 0.352434 0.000000 0.000000 0.000000 0.000000 0.000000 0.000000 0.000000 0.000000 0.000000 0.286164 0.000000 0.000000 0.000000 0.361402
 0.000000 0.000000 0.474944 0.000000 0.000000 0.475506 0.000000 0.000000 0.000000 0.000000 0.000000 0.000000 0.000000 0.000000 0.049551 0.000000 0.000000 0.000000 0.000000 0.000000
 0.485664 0.000000 0.029463 0.484874 0.000000 0.000000 0.000000 0.000000 0.000000 0.000000 0.000000 0.000000 0.000000 0.000000 0.000000 0.000000 0.000000 0.000000 0.000000 0.000000
 0.000000 0.199226 0.000000 0.000000 0.000000 0.000000 0.000000 0.000000 0.000000 0.000000 0.422709 0.000000 0.000000 0.000000 0.000000 0.378065 0.000000 0.000000 0.000000 0.000000
 0.000000 0.000000 0.000000 0.000000 0.425215 0.000000 0.000000 0.000000 0.000000 0.425968 0.000000 0.000000 0.000000 0.000000 0.000000 0.148817 0.000000 0.000000 0.000000 0.000000
 0.000000 0.000000 0.000000 0.000000 0.000000 0.000000 0.000000 0.000000 0.000000 0.000000 0.000000 0.000000 0.500000 0.000000 0.000000 0.000000 0.000000 0.000000 0.500000 0.000000
 0.000000 0.000000 0.000000 0.000000 0.000000 0.000000 0.000000 0.000000 0.000000 0.000000 0.000000 0.500000 0.000000 0.000000 0.000000 0.000000 0.500000 0.000000 0.000000 0.000000
 0.000000 0.000000 0.000000 0.000000 0.000000 0.000000 0.000000 0.000000 0.000000 0.000000 0.000000 0.000000 0.000000 0.000000 0.000000 0.000000 0.000000 0.500000 0.500000 0.000000
 0.000000 0.000000 0.474955 0.475496 0.000000 0.000000 0.000000 0.049550 0.000000 0.000000 0.000000 0.000000 0.000000 0.000000 0.000000 0.000000 0.000000 0.000000 0.000000 0.000000
 0.000000 0.000000 0.000000 0.000000 0.000000 0.000000 0.263191 0.000000 0.000000 0.297250 0.116111 0.000000 0.000000 0.000000 0.000000 0.000000 0.000000 0.000000 0.000000 0.323448
 0.499995 0.000000 0.000000 0.000000 0.000000 0.000000 0.000000 0.000000 0.000000 0.000000 0.000000 0.000000 0.500005 0.000000 0.000000 0.000000 0.000000 0.000000 0.000000 0.000000
 0.000000 0.490243 0.000000 0.000000 0.018497 0.000000 0.000000 0.000000 0.000000 0.000000 0.000000 0.000000 0.000000 0.491260 0.000000 0.000000 0.000000 0.000000 0.000000 0.000000
 0.000000 0.000000 0.000000 0.000000 0.000000 0.000000 0.000000 0.000000 0.000000 0.000000 0.000000 0.500000 0.000000 0.500000 0.000000 0.000000 0.000000 0.000000 0.000000 0.000000
 0.000000 0.000000 0.000000 0.000000 0.000000 0.245685 0.382299 0.000000 0.000000 0.000000 0.000000 0.000000 0.000000 0.000000 0.000000 0.372016 0.000000 0.000000 0.000000 0.000000
the mean of prob-rank is 1.5789473684210527
the number of false negetive edges is 0
the number of probability greater than 0 is 2.9/edge
