20
 0.000000 0.013737 0.000000 0.000000 0.000000 0.000002 0.492636 0.000000 0.000000 0.000000 0.000000 0.000000 0.493625 0.000000 0.000000 0.000000 0.000000 0.000000 0.000000 0.000000
 0.013717 0.000000 0.000000 0.000000 0.000000 0.492735 0.000000 0.000000 0.000000 0.000000 0.000000 0.000000 0.000000 0.000000 0.000000 0.000000 0.492910 0.000637 0.000000 0.000000
 0.000000 0.000000 0.000000 0.500000 0.000000 0.000000 0.000000 0.500000 0.000000 0.000000 0.000000 0.000000 0.000000 0.000000 0.000000 0.000000 0.000000 0.000000 0.000000 0.000000
 0.000000 0.000000 0.500011 0.000000 0.000000 0.000000 0.000000 0.000000 0.000000 0.000000 0.000000 0.499989 0.000000 0.000000 0.000000 0.000000 0.000000 0.000000 0.000000 0.000000
 0.000000 0.000000 0.000000 0.000000 0.000000 0.000000 0.000000 0.000000 0.000000 0.000000 0.499129 0.499129 0.000000 0.000000 0.000000 0.001742 0.000000 0.000000 0.000000 0.000000
 0.000002 0.449013 0.000000 0.000000 0.000000 0.000000 0.449173 0.000000 0.000000 0.000000 0.000000 0.000000 0.000000 0.000000 0.000000 0.000000 0.101812 0.000000 0.000000 0.000000
 0.468113 0.000000 0.000000 0.000000 0.000000 0.469054 0.000000 0.000000 0.062824 0.000000 0.000000 0.000000 0.000000 0.000000 0.000000 0.000000 0.000010 0.000000 0.000000 0.000000
 0.000000 0.000000 0.500000 0.000000 0.000000 0.000000 0.000000 0.000000 0.000000 0.000000 0.000000 0.000000 0.000000 0.500000 0.000000 0.000000 0.000000 0.000000 0.000000 0.000000
 0.000000 0.000000 0.000000 0.000000 0.000000 0.000000 0.049216 0.000000 0.000000 0.321579 0.000000 0.000000 0.000000 0.000000 0.367455 0.000000 0.000000 0.000000 0.000000 0.261749
 0.000000 0.000000 0.000000 0.000000 0.000000 0.000000 0.000000 0.000000 0.281010 0.000000 0.000000 0.000000 0.000000 0.000000 0.273267 0.321099 0.000000 0.000000 0.124623 0.000001
 0.000000 0.000000 0.000000 0.000000 0.500001 0.000000 0.000000 0.000000 0.000001 0.000000 0.000000 0.000000 0.000000 0.000000 0.000000 0.499999 0.000000 0.000000 0.000000 0.000000
 0.000000 0.000000 0.000000 0.499989 0.500011 0.000000 0.000000 0.000000 0.000000 0.000000 0.000000 0.000000 0.000000 0.000000 0.000000 0.000000 0.000000 0.000000 0.000000 0.000000
 0.500000 0.000000 0.000000 0.000000 0.000000 0.000000 0.000000 0.000000 0.000000 0.000000 0.000000 0.000000 0.000000 0.500000 0.000000 0.000000 0.000000 0.000000 0.000000 0.000000
 0.000000 0.000000 0.000000 0.000000 0.000000 0.000000 0.000000 0.500001 0.000000 0.000000 0.000000 0.000000 0.499999 0.000000 0.000000 0.000000 0.000000 0.000000 0.000000 0.000000
 0.000000 0.000000 0.000000 0.000000 0.000000 0.000000 0.000000 0.000000 0.353584 0.300913 0.000000 0.000000 0.000000 0.000000 0.000000 0.000000 0.000000 0.000000 0.000000 0.345503
 0.000000 0.000000 0.000000 0.000000 0.001742 0.000000 0.000000 0.000000 0.000000 0.499130 0.499127 0.000000 0.000000 0.000000 0.000000 0.000000 0.000000 0.000000 0.000000 0.000000
 0.000000 0.449697 0.000000 0.000000 0.000000 0.101931 0.000009 0.000000 0.000000 0.000000 0.000000 0.000000 0.000000 0.000000 0.000000 0.000000 0.000000 0.448362 0.000000 0.000001
 0.000000 0.000572 0.000000 0.000000 0.000000 0.000000 0.000000 0.000000 0.000000 0.000000 0.000000 0.000000 0.000000 0.000000 0.000000 0.000000 0.441459 0.000000 0.442773 0.115197
 0.000000 0.000000 0.000000 0.000000 0.000000 0.000000 0.000000 0.000000 0.000000 0.162791 0.000000 0.000000 0.000000 0.000000 0.000000 0.000000 0.000000 0.419440 0.000000 0.417769
 0.000000 0.000000 0.000000 0.000000 0.000000 0.000000 0.000000 0.000000 0.241823 0.000001 0.000000 0.000000 0.000000 0.000000 0.331723 0.000000 0.000000 0.088324 0.338129 0.000000
the mean of prob-rank is 1.4736842105263157
the number of false negetive edges is 0
the number of probability greater than 0 is 3.15/edge
