20
 0.000000 0.192714 0.000000 0.000000 0.000000 0.199056 0.000000 0.000000 0.000000 0.000000 0.000000 0.000000 0.000000 0.000000 0.000000 0.000000 0.353927 0.000000 0.254303 0.000000
 0.191579 0.000000 0.000000 0.000000 0.000000 0.352653 0.000000 0.000000 0.000000 0.000000 0.000000 0.000970 0.291710 0.000000 0.000000 0.000000 0.163087 0.000000 0.000000 0.000000
 0.000000 0.000000 0.000000 0.244595 0.000000 0.000000 0.005665 0.000000 0.000000 0.367952 0.000001 0.000000 0.000000 0.000000 0.000514 0.000000 0.000000 0.381272 0.000000 0.000000
 0.000000 0.000000 0.245324 0.000000 0.000000 0.000000 0.000000 0.000000 0.000000 0.382405 0.372132 0.000000 0.000000 0.000000 0.000139 0.000000 0.000000 0.000000 0.000000 0.000000
 0.000000 0.000000 0.000000 0.000000 0.000000 0.000000 0.000000 0.000000 0.000000 0.000000 0.015867 0.000000 0.000000 0.491752 0.000027 0.492353 0.000000 0.000000 0.000000 0.000000
 0.220433 0.392839 0.000000 0.000000 0.000000 0.000000 0.000000 0.000000 0.000000 0.000000 0.000000 0.386728 0.000000 0.000000 0.000000 0.000000 0.000000 0.000000 0.000000 0.000000
 0.000000 0.000000 0.007374 0.000000 0.000000 0.000000 0.000000 0.000000 0.000000 0.000000 0.000000 0.000000 0.000000 0.000000 0.496308 0.496318 0.000000 0.000000 0.000000 0.000000
 0.000000 0.000000 0.000000 0.000000 0.000000 0.000000 0.000000 0.000000 0.000000 0.000000 0.000000 0.000000 0.000000 0.500000 0.000000 0.000000 0.000000 0.000000 0.500000 0.000000
 0.000000 0.000000 0.000000 0.000000 0.000000 0.000000 0.000000 0.000000 0.000000 0.208360 0.000000 0.000000 0.000000 0.096101 0.000000 0.000000 0.345782 0.000000 0.349757 0.000000
 0.000000 0.000000 0.329157 0.341070 0.000000 0.000000 0.000000 0.000000 0.201245 0.000000 0.128528 0.000000 0.000000 0.000000 0.000000 0.000000 0.000000 0.000000 0.000000 0.000000
 0.000000 0.000000 0.000001 0.408155 0.013517 0.000000 0.000000 0.000000 0.000000 0.158053 0.000000 0.000000 0.000000 0.000926 0.419348 0.000000 0.000000 0.000000 0.000000 0.000000
 0.000000 0.001172 0.000000 0.000000 0.000000 0.419505 0.000000 0.000000 0.000000 0.000000 0.000000 0.000000 0.426131 0.000000 0.000000 0.000000 0.000000 0.000000 0.000000 0.153192
 0.000000 0.293613 0.000000 0.000000 0.000000 0.000000 0.000000 0.000000 0.000000 0.000000 0.000000 0.354951 0.000000 0.000000 0.000000 0.000000 0.000179 0.000000 0.000000 0.351257
 0.000000 0.000000 0.000000 0.000000 0.439385 0.000000 0.000000 0.439922 0.119721 0.000000 0.000971 0.000000 0.000000 0.000000 0.000000 0.000000 0.000000 0.000000 0.000000 0.000000
 0.000000 0.000000 0.000674 0.000182 0.000027 0.000000 0.499600 0.000000 0.000000 0.000000 0.499517 0.000000 0.000000 0.000000 0.000000 0.000000 0.000000 0.000000 0.000000 0.000000
 0.000000 0.000000 0.000000 0.000000 0.500000 0.000000 0.500000 0.000000 0.000000 0.000000 0.000000 0.000000 0.000000 0.000000 0.000000 0.000000 0.000000 0.000000 0.000000 0.000000
 0.408918 0.189543 0.000000 0.000000 0.000000 0.000000 0.000000 0.000000 0.401331 0.000000 0.000000 0.000000 0.000207 0.000000 0.000000 0.000000 0.000000 0.000000 0.000000 0.000000
 0.000000 0.000000 0.500000 0.000000 0.000000 0.000000 0.000000 0.000000 0.000000 0.000000 0.000000 0.000000 0.000000 0.000000 0.000000 0.000000 0.000000 0.000000 0.000000 0.500000
 0.264789 0.000000 0.000000 0.000000 0.000000 0.000000 0.000000 0.369370 0.365842 0.000000 0.000000 0.000000 0.000000 0.000000 0.000000 0.000000 0.000000 0.000000 0.000000 0.000000
 0.000000 0.000000 0.000000 0.000000 0.000000 0.000000 0.000000 0.000000 0.000000 0.000000 0.000000 0.153035 0.421265 0.000000 0.000000 0.000000 0.000000 0.425699 0.000000 0.000000
the mean of prob-rank is 1.631578947368421
the number of false negetive edges is 0
the number of probability greater than 0 is 3.75/edge
