20
 0.000000 0.000000 0.000000 0.000000 0.000000 0.000000 0.328192 0.025485 0.000000 0.000000 0.341599 0.000000 0.000000 0.000000 0.000000 0.304236 0.000488 0.000000 0.000000 0.000000
 0.000000 0.000000 0.000000 0.000000 0.000000 0.000000 0.231230 0.000000 0.000000 0.000000 0.300309 0.000000 0.302670 0.165790 0.000000 0.000000 0.000000 0.000000 0.000000 0.000000
 0.000000 0.000000 0.000000 0.000000 0.000000 0.500047 0.000000 0.000000 0.000000 0.000000 0.000000 0.000074 0.000000 0.000000 0.000000 0.000000 0.000000 0.000000 0.499879 0.000000
 0.000000 0.000000 0.000000 0.000000 0.000000 0.000000 0.000000 0.000000 0.000000 0.458823 0.000000 0.078029 0.000000 0.000000 0.000000 0.000000 0.000000 0.463148 0.000000 0.000000
 0.000000 0.000000 0.000000 0.000000 0.000000 0.000000 0.000000 0.000000 0.395973 0.000000 0.214521 0.000000 0.000000 0.000000 0.000000 0.000001 0.000000 0.000000 0.000000 0.389506
 0.000000 0.000000 0.500000 0.000000 0.000000 0.000000 0.000000 0.000000 0.000000 0.000000 0.000000 0.500000 0.000000 0.000000 0.000000 0.000000 0.000000 0.000000 0.000000 0.000000
 0.309762 0.245283 0.000000 0.000000 0.000000 0.000000 0.000000 0.322195 0.000000 0.000000 0.004133 0.000000 0.118627 0.000000 0.000000 0.000000 0.000000 0.000000 0.000000 0.000000
 0.035970 0.000000 0.000000 0.000000 0.000000 0.000000 0.481811 0.000000 0.000000 0.000000 0.000000 0.000000 0.000000 0.000000 0.482219 0.000000 0.000000 0.000000 0.000000 0.000000
 0.000000 0.000000 0.000000 0.000000 0.378246 0.000000 0.000000 0.000000 0.000000 0.000000 0.025874 0.000000 0.000000 0.000000 0.000000 0.345194 0.000000 0.000000 0.000000 0.250686
 0.000000 0.000000 0.000000 0.332114 0.000000 0.000000 0.000000 0.000000 0.000000 0.000000 0.000000 0.000000 0.000000 0.331716 0.000000 0.000000 0.000000 0.175675 0.000000 0.160495
 0.348506 0.344338 0.000000 0.000000 0.188835 0.000000 0.004468 0.000000 0.023844 0.000000 0.000000 0.000000 0.000000 0.010482 0.000000 0.000000 0.000000 0.000000 0.000000 0.079528
 0.000000 0.000000 0.000069 0.078798 0.000000 0.467716 0.000000 0.000000 0.000000 0.000000 0.000000 0.000000 0.000000 0.000000 0.000000 0.000000 0.000000 0.453417 0.000000 0.000000
 0.000000 0.421257 0.000000 0.000000 0.000000 0.000000 0.155646 0.000000 0.000000 0.000000 0.000000 0.000000 0.000000 0.000000 0.000000 0.000000 0.000000 0.000000 0.423098 0.000000
 0.000000 0.213180 0.000000 0.000000 0.000000 0.000000 0.000000 0.000000 0.000000 0.386770 0.011754 0.000000 0.000000 0.000000 0.000000 0.000000 0.000000 0.000000 0.000000 0.388295
 0.000000 0.000000 0.000000 0.000000 0.000000 0.000000 0.000000 0.500000 0.000000 0.000000 0.000000 0.000000 0.000000 0.000000 0.000000 0.000000 0.499999 0.000000 0.000000 0.000000
 0.317677 0.000000 0.000000 0.000000 0.000001 0.000000 0.000000 0.000000 0.325574 0.000000 0.000000 0.000000 0.000000 0.000000 0.000000 0.000000 0.356748 0.000000 0.000000 0.000000
 0.000714 0.000000 0.000000 0.000000 0.000000 0.000000 0.000000 0.000000 0.000000 0.000000 0.000000 0.000000 0.000000 0.000000 0.499643 0.499643 0.000000 0.000000 0.000000 0.000000
 0.000000 0.000000 0.000000 0.401050 0.000000 0.000000 0.000000 0.000000 0.000000 0.210158 0.000000 0.388792 0.000000 0.000000 0.000000 0.000000 0.000000 0.000000 0.000000 0.000000
 0.000000 0.000000 0.499916 0.000000 0.000000 0.000000 0.000000 0.000000 0.000000 0.000000 0.000000 0.000000 0.500084 0.000000 0.000000 0.000000 0.000000 0.000000 0.000000 0.000000
 0.000000 0.000000 0.000000 0.000000 0.293923 0.000000 0.000000 0.000000 0.198034 0.143048 0.068175 0.000000 0.000000 0.296821 0.000000 0.000000 0.000000 0.000000 0.000000 0.000000
the mean of prob-rank is 1.4736842105263157
the number of false negetive edges is 0
the number of probability greater than 0 is 3.6/edge
