20
 0.000000 0.000000 0.000000 0.000101 0.000000 0.000000 0.000000 0.000000 0.484347 0.000000 0.000000 0.000000 0.000000 0.031105 0.000000 0.000000 0.000000 0.000000 0.000000 0.484447
 0.000000 0.000000 0.000000 0.000000 0.000000 0.000000 0.000000 0.000000 0.000000 0.000000 0.500000 0.000000 0.500000 0.000000 0.000000 0.000000 0.000000 0.000000 0.000000 0.000000
 0.000000 0.000000 0.000000 0.000000 0.000000 0.000001 0.000000 0.000000 0.000000 0.500000 0.000000 0.000000 0.000000 0.000000 0.000000 0.499999 0.000000 0.000000 0.000000 0.000000
 0.000104 0.000000 0.000000 0.000000 0.000000 0.000000 0.000000 0.000000 0.000000 0.000000 0.000000 0.000000 0.000000 0.499948 0.000000 0.000000 0.000000 0.499948 0.000000 0.000000
 0.000000 0.000000 0.000000 0.000000 0.000000 0.000000 0.000000 0.000000 0.000000 0.000000 0.338225 0.000000 0.000000 0.000000 0.000000 0.000000 0.299950 0.000000 0.361825 0.000000
 0.000000 0.000000 0.000001 0.000000 0.000000 0.000000 0.000000 0.358004 0.000000 0.000000 0.000000 0.000153 0.000000 0.000000 0.000000 0.329082 0.312747 0.000000 0.000013 0.000000
 0.000000 0.000000 0.000000 0.000000 0.000000 0.000000 0.000000 0.000000 0.000000 0.000000 0.000000 0.499931 0.000000 0.000000 0.000138 0.000000 0.000000 0.499931 0.000000 0.000000
 0.000000 0.000000 0.000000 0.000000 0.000000 0.347855 0.000000 0.000000 0.000000 0.000000 0.000000 0.000000 0.000000 0.000000 0.000000 0.318442 0.331354 0.000000 0.002349 0.000000
 0.466694 0.000000 0.000000 0.000000 0.000000 0.000000 0.000000 0.000000 0.000000 0.466791 0.000000 0.000000 0.000000 0.000000 0.000000 0.000000 0.000000 0.000000 0.000000 0.066515
 0.000000 0.000000 0.500000 0.000000 0.000000 0.000000 0.000000 0.000000 0.500000 0.000000 0.000000 0.000000 0.000000 0.000000 0.000000 0.000000 0.000000 0.000000 0.000000 0.000000
 0.000000 0.346084 0.000000 0.000000 0.323492 0.000000 0.000000 0.000000 0.000000 0.000000 0.000000 0.000000 0.000000 0.000000 0.000000 0.000000 0.000000 0.000000 0.330423 0.000000
 0.000000 0.000000 0.000000 0.000000 0.000000 0.000214 0.499900 0.000000 0.000000 0.000000 0.000000 0.000000 0.000000 0.000000 0.499886 0.000000 0.000000 0.000000 0.000000 0.000000
 0.000000 0.500000 0.000000 0.000000 0.000000 0.000000 0.000000 0.000000 0.000000 0.000000 0.000000 0.000000 0.000000 0.000000 0.500000 0.000000 0.000000 0.000000 0.000000 0.000000
 0.031119 0.000000 0.000000 0.484670 0.000000 0.000000 0.000000 0.000000 0.000000 0.000000 0.000000 0.000000 0.000000 0.000000 0.000000 0.000000 0.000000 0.000000 0.000000 0.484210
 0.000000 0.000000 0.000000 0.000000 0.000000 0.000000 0.000138 0.000000 0.000000 0.000000 0.000000 0.499924 0.499938 0.000000 0.000000 0.000000 0.000000 0.000000 0.000000 0.000000
 0.000000 0.000000 0.319512 0.000000 0.000000 0.293700 0.000000 0.292495 0.000000 0.000000 0.000000 0.000000 0.000000 0.000000 0.000000 0.000000 0.000000 0.000000 0.094293 0.000000
 0.000000 0.000000 0.000000 0.000000 0.253193 0.266828 0.000000 0.290951 0.000000 0.000000 0.000000 0.000000 0.000000 0.000000 0.000000 0.000000 0.000000 0.000000 0.189029 0.000000
 0.000000 0.000000 0.000000 0.500000 0.000000 0.000000 0.500000 0.000000 0.000000 0.000000 0.000000 0.000000 0.000000 0.000000 0.000000 0.000000 0.000000 0.000000 0.000000 0.000000
 0.000000 0.000000 0.000000 0.000000 0.347750 0.000013 0.000000 0.002348 0.000000 0.000000 0.332032 0.000000 0.000000 0.000000 0.000000 0.102632 0.215225 0.000000 0.000000 0.000000
 0.466952 0.000000 0.000000 0.000000 0.000000 0.000000 0.000000 0.000000 0.066538 0.000000 0.000000 0.000000 0.000000 0.466509 0.000000 0.000000 0.000000 0.000000 0.000000 0.000000
the mean of prob-rank is 1.8421052631578947
the number of false negetive edges is 0
the number of probability greater than 0 is 3.25/edge
