20
 0.000000 0.000000 0.000029 0.000001 0.185578 0.259395 0.000000 0.000000 0.000000 0.000000 0.000000 0.283338 0.000000 0.000006 0.000000 0.000000 0.003243 0.000000 0.000000 0.268410
 0.000000 0.000000 0.000000 0.000000 0.000000 0.394379 0.000000 0.000000 0.395899 0.000000 0.000000 0.000000 0.000000 0.000000 0.000000 0.000000 0.000345 0.000000 0.209376 0.000000
 0.000041 0.000000 0.000000 0.000000 0.000000 0.000000 0.000000 0.000002 0.000000 0.000000 0.000000 0.402521 0.000000 0.398412 0.000000 0.033928 0.000323 0.000000 0.000000 0.164773
 0.000003 0.000000 0.000000 0.000000 0.499999 0.000000 0.000000 0.000000 0.000000 0.000000 0.000000 0.000000 0.000000 0.000000 0.000000 0.000000 0.000000 0.000000 0.000000 0.499999
 0.214994 0.000000 0.000000 0.328314 0.000000 0.325272 0.000000 0.000000 0.000000 0.000000 0.000000 0.000000 0.000000 0.000000 0.000000 0.000000 0.000000 0.000000 0.000000 0.131420
 0.314678 0.342473 0.000000 0.000000 0.340606 0.000000 0.000000 0.000000 0.000000 0.000000 0.000000 0.000000 0.000000 0.000000 0.000000 0.000000 0.002242 0.000000 0.000000 0.000000
 0.000000 0.000000 0.000000 0.000000 0.000000 0.000000 0.000000 0.000000 0.000000 0.500001 0.000000 0.000000 0.000000 0.000000 0.499999 0.000000 0.000000 0.000000 0.000000 0.000000
 0.000000 0.000000 0.000003 0.000000 0.000000 0.000000 0.000000 0.000000 0.000000 0.000000 0.447055 0.000000 0.012798 0.010754 0.000000 0.447811 0.000001 0.081578 0.000000 0.000000
 0.000000 0.368456 0.000000 0.000000 0.000000 0.000000 0.000000 0.000000 0.000000 0.000000 0.068447 0.000000 0.000000 0.000000 0.000004 0.000000 0.198291 0.000000 0.364801 0.000000
 0.000000 0.000000 0.000000 0.000000 0.000000 0.000000 0.500086 0.000000 0.000000 0.000000 0.000137 0.000000 0.499778 0.000000 0.000000 0.000000 0.000000 0.000000 0.000000 0.000000
 0.000000 0.000000 0.000000 0.000000 0.000000 0.000000 0.000000 0.406588 0.075658 0.000111 0.000000 0.000000 0.000000 0.082437 0.000000 0.028998 0.406207 0.000000 0.000000 0.000000
 0.467073 0.000000 0.467124 0.000000 0.000000 0.000000 0.000000 0.000000 0.000000 0.000000 0.000001 0.000000 0.000000 0.023113 0.000000 0.000000 0.033619 0.000000 0.000000 0.009070
 0.000000 0.000000 0.000000 0.000000 0.000000 0.000000 0.000000 0.014092 0.000000 0.492801 0.000000 0.000000 0.000000 0.000000 0.000000 0.000000 0.000000 0.493105 0.000000 0.000001
 0.000008 0.000000 0.393204 0.000000 0.000000 0.000000 0.000000 0.009541 0.000000 0.000000 0.080417 0.019656 0.000000 0.000000 0.000000 0.100786 0.396028 0.000000 0.000000 0.000360
 0.000000 0.000000 0.000000 0.000000 0.000000 0.000000 0.499996 0.000000 0.000006 0.000000 0.000000 0.000000 0.000000 0.000000 0.000000 0.000000 0.000000 0.000000 0.499998 0.000000
 0.000000 0.000000 0.029510 0.000000 0.000000 0.000000 0.000000 0.350135 0.000000 0.000000 0.024930 0.000000 0.000000 0.088822 0.000000 0.000000 0.000000 0.347673 0.000000 0.158931
 0.004361 0.000332 0.000306 0.000000 0.000000 0.002486 0.000000 0.000001 0.205097 0.000000 0.380104 0.027426 0.000000 0.379887 0.000000 0.000000 0.000000 0.000000 0.000000 0.000000
 0.000000 0.000000 0.000000 0.000000 0.000000 0.000000 0.000000 0.082750 0.000000 0.000000 0.000000 0.000000 0.454246 0.000000 0.000000 0.451051 0.000000 0.000000 0.000000 0.011952
 0.000000 0.209954 0.000000 0.000000 0.000000 0.000000 0.000000 0.000000 0.393054 0.000000 0.000000 0.000000 0.000000 0.000000 0.396992 0.000000 0.000000 0.000000 0.000000 0.000000
 0.290772 0.000000 0.125662 0.307004 0.122890 0.000000 0.000000 0.000000 0.000000 0.000000 0.000000 0.005961 0.000001 0.000278 0.000000 0.139353 0.000000 0.008078 0.000000 0.000000
the mean of prob-rank is 1.5263157894736843
the number of false negetive edges is 0
the number of probability greater than 0 is 5.1/edge
