20
 0.000000 0.000000 0.000000 0.000000 0.000000 0.061278 0.000000 0.000000 0.000000 0.000000 0.000000 0.000000 0.000000 0.000000 0.434440 0.000000 0.000000 0.079565 0.000000 0.424717
 0.000000 0.000000 0.462466 0.462956 0.000004 0.000000 0.000000 0.000000 0.000000 0.000000 0.000000 0.000000 0.000000 0.000000 0.000000 0.005156 0.001274 0.000000 0.068144 0.000000
 0.000000 0.336178 0.000000 0.000330 0.000000 0.000000 0.000000 0.000000 0.281249 0.000000 0.000932 0.000000 0.000000 0.000000 0.000000 0.057754 0.000005 0.000000 0.323552 0.000000
 0.000000 0.487389 0.000478 0.000000 0.000556 0.000000 0.000000 0.000000 0.000000 0.000000 0.000000 0.000000 0.000000 0.000000 0.000000 0.024687 0.486836 0.000000 0.000055 0.000000
 0.000000 0.000003 0.000000 0.000417 0.000000 0.006146 0.000000 0.000027 0.000000 0.355126 0.000000 0.000000 0.000000 0.009243 0.105640 0.157133 0.365817 0.000000 0.000445 0.000001
 0.040595 0.000000 0.000000 0.000000 0.004836 0.000000 0.000000 0.281006 0.000000 0.005884 0.000000 0.000000 0.000000 0.052034 0.264479 0.000000 0.000000 0.071270 0.000178 0.279718
 0.000000 0.000000 0.000000 0.000000 0.000000 0.000000 0.000000 0.000000 0.000000 0.000000 0.000000 0.500003 0.000000 0.000000 0.000000 0.000000 0.000000 0.499997 0.000000 0.000000
 0.000000 0.000000 0.000000 0.000000 0.000026 0.333781 0.000000 0.000000 0.000000 0.002482 0.000000 0.000000 0.000000 0.341260 0.000328 0.000000 0.000000 0.216207 0.000000 0.105917
 0.000000 0.000000 0.296113 0.000000 0.000000 0.000000 0.000000 0.000000 0.000000 0.000000 0.354270 0.000000 0.000000 0.000000 0.000000 0.349617 0.000000 0.000000 0.000000 0.000000
 0.000000 0.000000 0.000000 0.000000 0.389142 0.008194 0.000000 0.002910 0.000000 0.000000 0.000000 0.000000 0.000000 0.400857 0.000007 0.000000 0.000000 0.198883 0.000000 0.000007
 0.000000 0.000000 0.001364 0.000000 0.000000 0.000000 0.000000 0.000000 0.492713 0.000000 0.000000 0.000000 0.492782 0.000000 0.000000 0.000000 0.000000 0.000000 0.013141 0.000000
 0.000000 0.000000 0.000000 0.000000 0.000000 0.000000 0.500000 0.000000 0.000000 0.000000 0.000000 0.000000 0.000000 0.000000 0.000000 0.500000 0.000000 0.000000 0.000000 0.000000
 0.000000 0.000000 0.000000 0.000000 0.000000 0.000000 0.000000 0.000000 0.000000 0.000000 0.472281 0.000000 0.000000 0.000000 0.055439 0.000000 0.000000 0.000000 0.472280 0.000000
 0.000000 0.000000 0.000000 0.000000 0.010584 0.075732 0.000000 0.418144 0.000000 0.418900 0.000000 0.000000 0.000000 0.000000 0.000627 0.000000 0.000000 0.071211 0.000000 0.004802
 0.322237 0.000000 0.000000 0.000000 0.093062 0.296123 0.000000 0.000309 0.000000 0.000006 0.000000 0.000000 0.037828 0.000482 0.000000 0.000000 0.000011 0.000000 0.249934 0.000008
 0.000000 0.004201 0.064729 0.019105 0.162014 0.000000 0.000000 0.000000 0.372172 0.000000 0.000000 0.377180 0.000000 0.000000 0.000000 0.000000 0.000599 0.000000 0.000000 0.000000
 0.000000 0.001268 0.000007 0.460431 0.460957 0.000000 0.000000 0.000000 0.000000 0.000000 0.000000 0.000000 0.000000 0.000000 0.000016 0.000732 0.000000 0.000000 0.076587 0.000000
 0.050176 0.000000 0.000000 0.000000 0.000000 0.067846 0.273989 0.173275 0.000000 0.135940 0.000000 0.000000 0.000000 0.046577 0.000000 0.000000 0.000000 0.000000 0.000000 0.252197
 0.000000 0.047806 0.312257 0.000036 0.000395 0.000201 0.000000 0.000000 0.000000 0.000000 0.008661 0.000000 0.324786 0.000000 0.251894 0.000000 0.053963 0.000000 0.000000 0.000000
 0.306331 0.000000 0.000000 0.000000 0.000001 0.304542 0.000000 0.097084 0.000000 0.000005 0.000000 0.000000 0.000000 0.003592 0.000007 0.000000 0.000000 0.288438 0.000000 0.000000
the mean of prob-rank is 1.6842105263157894
the number of false negetive edges is 0
the number of probability greater than 0 is 6.2/edge
