20
 0.000000 0.006704 0.000000 0.252055 0.000000 0.000000 0.000000 0.005948 0.000000 0.028133 0.000000 0.000000 0.000000 0.000000 0.004113 0.000000 0.000000 0.272536 0.134481 0.296031
 0.007951 0.000000 0.324186 0.317397 0.000000 0.000000 0.000000 0.002001 0.000000 0.348428 0.000000 0.000000 0.000000 0.000000 0.000000 0.000000 0.000010 0.000000 0.000000 0.000027
 0.000000 0.352857 0.000000 0.000000 0.000000 0.000000 0.000000 0.034241 0.000000 0.230588 0.000000 0.382314 0.000000 0.000000 0.000000 0.000000 0.000000 0.000000 0.000000 0.000000
 0.225668 0.239575 0.000000 0.000000 0.000000 0.000000 0.000000 0.000000 0.000002 0.081423 0.000000 0.000000 0.000000 0.000000 0.000000 0.000000 0.250368 0.000000 0.076742 0.126223
 0.000000 0.000000 0.000000 0.000000 0.000000 0.000000 0.000000 0.000000 0.000000 0.000000 0.000000 0.000000 0.000000 0.500011 0.499989 0.000000 0.000000 0.000000 0.000000 0.000000
 0.000000 0.000000 0.000000 0.000000 0.000000 0.000000 0.000000 0.000000 0.000000 0.000000 0.500000 0.000000 0.500000 0.000000 0.000000 0.000000 0.000000 0.000000 0.000000 0.000000
 0.000000 0.000000 0.000000 0.000000 0.000000 0.000000 0.000000 0.000000 0.449131 0.000000 0.000000 0.000000 0.449433 0.000000 0.000000 0.000000 0.101435 0.000000 0.000000 0.000000
 0.009368 0.002657 0.041774 0.000000 0.000000 0.000000 0.000000 0.000000 0.000000 0.466413 0.000000 0.000000 0.000000 0.000000 0.462809 0.000000 0.000000 0.000000 0.000000 0.016980
 0.000000 0.000000 0.000000 0.000003 0.000000 0.000000 0.470206 0.000000 0.000000 0.000000 0.000000 0.000000 0.000000 0.000000 0.000000 0.000000 0.470462 0.026661 0.032666 0.000001
 0.031165 0.325409 0.197856 0.100745 0.000000 0.000000 0.000000 0.328045 0.000000 0.000000 0.000000 0.000000 0.000000 0.000000 0.000374 0.000000 0.000000 0.000000 0.000000 0.016405
 0.000000 0.000000 0.000000 0.000000 0.000000 0.500000 0.000000 0.000000 0.000000 0.000000 0.000000 0.000000 0.000000 0.000000 0.000000 0.500000 0.000000 0.000000 0.000000 0.000000
 0.000000 0.000000 0.500000 0.000000 0.000000 0.000000 0.000000 0.000000 0.000000 0.000000 0.000000 0.000000 0.000000 0.000000 0.000000 0.500000 0.000000 0.000000 0.000000 0.000000
 0.000000 0.000000 0.000000 0.000000 0.000000 0.499851 0.499850 0.000000 0.000000 0.000000 0.000000 0.000000 0.000000 0.000000 0.000000 0.000000 0.000299 0.000000 0.000000 0.000000
 0.000000 0.000000 0.000000 0.000000 0.500009 0.000000 0.000000 0.000000 0.000000 0.000000 0.000000 0.000000 0.000000 0.000000 0.000000 0.000000 0.000000 0.499991 0.000000 0.000000
 0.006920 0.000000 0.000000 0.000000 0.498169 0.000000 0.000000 0.494342 0.000000 0.000568 0.000000 0.000000 0.000000 0.000000 0.000000 0.000000 0.000000 0.000000 0.000000 0.000000
 0.000000 0.000000 0.000000 0.000000 0.000000 0.000000 0.000000 0.000000 0.000000 0.000000 0.500000 0.500000 0.000000 0.000000 0.000000 0.000000 0.000000 0.000000 0.000000 0.000000
 0.000001 0.000010 0.000000 0.325822 0.000000 0.000000 0.077872 0.000000 0.344985 0.000000 0.000000 0.000000 0.000207 0.000000 0.000000 0.000000 0.000000 0.013975 0.228581 0.008548
 0.332940 0.000000 0.000000 0.000000 0.000000 0.000000 0.000000 0.000000 0.020498 0.000000 0.000000 0.000000 0.000000 0.361746 0.000000 0.000000 0.014653 0.000000 0.270162 0.000002
 0.141032 0.000000 0.000000 0.089891 0.000000 0.000000 0.000000 0.000000 0.021560 0.000000 0.000000 0.000000 0.000000 0.000000 0.000000 0.000000 0.205741 0.231922 0.000000 0.309852
 0.386755 0.000029 0.000000 0.184188 0.000000 0.000000 0.000000 0.014084 0.000001 0.019348 0.000000 0.000000 0.000000 0.000000 0.000000 0.000000 0.009585 0.000002 0.386007 0.000000
the mean of prob-rank is 1.8421052631578947
the number of false negetive edges is 0
the number of probability greater than 0 is 4.8/edge
