20
 0.000000 0.000000 0.000000 0.000000 0.344892 0.000000 0.000000 0.000090 0.000000 0.359789 0.000000 0.000000 0.000000 0.000000 0.000000 0.295229 0.000000 0.000000 0.000000 0.000000
 0.000000 0.000000 0.000000 0.000000 0.000000 0.000000 0.000000 0.000000 0.000000 0.000000 0.000000 0.000000 0.000000 0.360140 0.364747 0.000000 0.000000 0.275113 0.000000 0.000000
 0.000000 0.000000 0.000000 0.500000 0.000000 0.000000 0.000000 0.000000 0.000000 0.000000 0.000000 0.500000 0.000000 0.000000 0.000000 0.000000 0.000000 0.000000 0.000000 0.000000
 0.000000 0.000000 0.500001 0.000000 0.000000 0.000000 0.000000 0.000000 0.499999 0.000000 0.000000 0.000000 0.000000 0.000000 0.000000 0.000000 0.000000 0.000000 0.000000 0.000000
 0.349178 0.000000 0.000000 0.000000 0.000000 0.364260 0.261139 0.001252 0.000000 0.024171 0.000000 0.000000 0.000000 0.000000 0.000000 0.000000 0.000000 0.000000 0.000000 0.000000
 0.000000 0.000000 0.000000 0.000000 0.500000 0.000000 0.000000 0.000000 0.000000 0.000000 0.000000 0.000000 0.500000 0.000000 0.000000 0.000000 0.000000 0.000000 0.000000 0.000000
 0.000000 0.000000 0.000000 0.000000 0.277790 0.000000 0.000000 0.387485 0.000000 0.000000 0.000000 0.334725 0.000000 0.000000 0.000000 0.000000 0.000000 0.000000 0.000000 0.000000
 0.000125 0.000000 0.000000 0.000000 0.001716 0.000000 0.499159 0.000000 0.000000 0.499000 0.000000 0.000000 0.000000 0.000000 0.000000 0.000000 0.000000 0.000000 0.000000 0.000000
 0.000000 0.000000 0.000000 0.341572 0.000000 0.000000 0.000000 0.000000 0.000000 0.000000 0.000003 0.000000 0.000000 0.000000 0.000000 0.285725 0.118115 0.000000 0.000000 0.254586
 0.484018 0.000000 0.000000 0.000000 0.032118 0.000000 0.000000 0.483864 0.000000 0.000000 0.000000 0.000000 0.000000 0.000000 0.000000 0.000000 0.000000 0.000000 0.000000 0.000000
 0.000000 0.000000 0.000000 0.000000 0.000000 0.000000 0.000000 0.000000 0.000004 0.000000 0.000000 0.000000 0.000000 0.000000 0.000000 0.000000 0.500082 0.000000 0.000000 0.499914
 0.000000 0.000000 0.360538 0.000000 0.000000 0.000000 0.311446 0.000000 0.000000 0.000000 0.000000 0.000000 0.000000 0.000000 0.000000 0.328015 0.000000 0.000000 0.000000 0.000000
 0.000000 0.000000 0.000000 0.000000 0.000000 0.500003 0.000000 0.000000 0.000000 0.000000 0.000000 0.000000 0.000000 0.000000 0.000000 0.000000 0.000000 0.000000 0.499997 0.000000
 0.000000 0.362480 0.000000 0.000000 0.000000 0.000000 0.000000 0.000000 0.000000 0.000000 0.000000 0.000000 0.000000 0.000000 0.036994 0.238922 0.361604 0.000000 0.000000 0.000000
 0.000000 0.466391 0.000000 0.000000 0.000000 0.000000 0.000000 0.000000 0.000000 0.000000 0.000000 0.000000 0.000000 0.046998 0.000000 0.000000 0.027653 0.458959 0.000000 0.000000
 0.195408 0.000000 0.000000 0.000000 0.000000 0.000000 0.000000 0.000000 0.199202 0.000000 0.000000 0.216657 0.000000 0.154982 0.000000 0.000000 0.000000 0.000000 0.000000 0.233751
 0.000000 0.000000 0.000000 0.000000 0.000000 0.000000 0.000000 0.000000 0.144680 0.000000 0.418397 0.000000 0.000000 0.412114 0.024807 0.000000 0.000000 0.000000 0.000000 0.000002
 0.000000 0.275445 0.000000 0.000000 0.000000 0.000000 0.000000 0.000000 0.000000 0.000000 0.000000 0.000000 0.000000 0.000000 0.359368 0.000000 0.000000 0.000000 0.365187 0.000000
 0.000000 0.000000 0.000000 0.000000 0.000000 0.000000 0.000000 0.000000 0.000000 0.000000 0.000000 0.000000 0.499997 0.000000 0.000000 0.000000 0.000000 0.500003 0.000000 0.000000
 0.000000 0.000000 0.000000 0.000000 0.000000 0.000000 0.000000 0.000000 0.273359 0.000000 0.366637 0.000000 0.000000 0.000000 0.000000 0.360003 0.000002 0.000000 0.000000 0.000000
the mean of prob-rank is 1.736842105263158
the number of false negetive edges is 0
the number of probability greater than 0 is 3.4/edge
