20
 0.000000 0.000000 0.448696 0.000000 0.000000 0.110948 0.000000 0.000000 0.000000 0.000000 0.000000 0.000000 0.440355 0.000000 0.000000 0.000000 0.000000 0.000000 0.000000 0.000000
 0.000000 0.000000 0.000000 0.000000 0.000000 0.241342 0.000000 0.000000 0.000000 0.374282 0.367928 0.000000 0.000000 0.000000 0.000000 0.000000 0.000000 0.000000 0.016447 0.000000
 0.500008 0.000000 0.000000 0.000000 0.000000 0.000000 0.000000 0.000000 0.000000 0.000000 0.000000 0.000000 0.000000 0.499992 0.000000 0.000000 0.000000 0.000000 0.000000 0.000000
 0.000000 0.000000 0.000000 0.000000 0.000000 0.000000 0.348474 0.000000 0.021393 0.000000 0.000000 0.307144 0.000000 0.000000 0.000000 0.000000 0.000000 0.000000 0.000000 0.322988
 0.000000 0.000000 0.000000 0.000000 0.000000 0.000000 0.228522 0.000000 0.000098 0.000000 0.000000 0.000000 0.000000 0.000000 0.385325 0.000000 0.000000 0.000000 0.000000 0.386055
 0.074880 0.195107 0.000000 0.000000 0.000000 0.000000 0.000000 0.000000 0.000000 0.288461 0.000000 0.000000 0.301353 0.000000 0.000000 0.000000 0.000000 0.000000 0.140199 0.000000
 0.000000 0.000000 0.000000 0.329693 0.195165 0.000000 0.000000 0.000000 0.280595 0.000000 0.000000 0.000007 0.000000 0.000000 0.000000 0.000000 0.000000 0.000000 0.000000 0.194540
 0.000000 0.000000 0.000000 0.000000 0.000000 0.000000 0.000000 0.000000 0.000000 0.000000 0.500000 0.000000 0.000000 0.000000 0.000000 0.500000 0.000000 0.000000 0.000000 0.000000
 0.000000 0.000000 0.000000 0.021653 0.000089 0.000000 0.300184 0.000000 0.000000 0.000000 0.000000 0.325338 0.000000 0.000000 0.000000 0.000000 0.352735 0.000000 0.000000 0.000000
 0.000000 0.301415 0.000000 0.000000 0.000000 0.287350 0.000000 0.000000 0.000000 0.000000 0.000000 0.277080 0.000000 0.000000 0.000000 0.000000 0.000000 0.000000 0.091012 0.043143
 0.000000 0.360839 0.000000 0.000000 0.000000 0.000000 0.000000 0.367374 0.000000 0.000000 0.000000 0.000000 0.271787 0.000000 0.000000 0.000000 0.000000 0.000000 0.000000 0.000000
 0.000000 0.000000 0.000000 0.241105 0.000000 0.000000 0.000006 0.000000 0.252321 0.251275 0.000000 0.000000 0.000000 0.000000 0.000000 0.000000 0.225260 0.000000 0.000000 0.030034
 0.361298 0.000000 0.000000 0.000000 0.000000 0.366346 0.000000 0.000000 0.000000 0.000000 0.272355 0.000000 0.000000 0.000000 0.000000 0.000000 0.000000 0.000000 0.000000 0.000000
 0.000000 0.000000 0.499992 0.000000 0.000000 0.000000 0.000000 0.000000 0.000000 0.000000 0.000000 0.000000 0.000000 0.000000 0.000000 0.000000 0.000000 0.500008 0.000000 0.000000
 0.000000 0.000000 0.000000 0.000000 0.415273 0.000000 0.000000 0.000000 0.000000 0.000000 0.000000 0.000000 0.000000 0.000000 0.000000 0.416078 0.000000 0.000000 0.000000 0.168649
 0.000000 0.000000 0.000000 0.000000 0.000000 0.000000 0.000000 0.500000 0.000000 0.000000 0.000000 0.000000 0.000000 0.000000 0.500000 0.000000 0.000000 0.000000 0.000000 0.000000
 0.000000 0.000000 0.000000 0.000000 0.000000 0.000000 0.000000 0.000000 0.368092 0.000000 0.000000 0.303091 0.000000 0.000000 0.000000 0.000000 0.000000 0.000000 0.328817 0.000000
 0.000000 0.000000 0.000000 0.000000 0.000000 0.000000 0.000000 0.000000 0.000000 0.000000 0.000000 0.000000 0.000000 0.500000 0.000000 0.000000 0.000000 0.000000 0.500000 0.000000
 0.000000 0.016251 0.000000 0.000000 0.000000 0.171349 0.000000 0.000000 0.000000 0.111664 0.000000 0.000000 0.000000 0.000000 0.000000 0.000000 0.330623 0.370114 0.000000 0.000000
 0.000000 0.000000 0.000000 0.291912 0.314957 0.000000 0.185839 0.000000 0.000000 0.045046 0.000000 0.034579 0.000000 0.000000 0.127667 0.000000 0.000000 0.000000 0.000000 0.000000
the mean of prob-rank is 1.894736842105263
the number of false negetive edges is 0
the number of probability greater than 0 is 3.7/edge
