20
 0.000000 0.449893 0.000000 0.106124 0.000000 0.000000 0.000000 0.000000 0.000000 0.443983 0.000000 0.000000 0.000000 0.000000 0.000000 0.000000 0.000000 0.000000 0.000000 0.000000
 0.500000 0.000000 0.000000 0.000000 0.000000 0.000000 0.000000 0.000000 0.500000 0.000000 0.000000 0.000000 0.000000 0.000000 0.000000 0.000000 0.000000 0.000000 0.000000 0.000000
 0.000000 0.000000 0.000000 0.000000 0.000000 0.491324 0.491822 0.000000 0.000000 0.000000 0.000000 0.000000 0.000000 0.002767 0.014087 0.000000 0.000000 0.000000 0.000000 0.000000
 0.091362 0.000000 0.000000 0.000000 0.000000 0.000000 0.000000 0.000000 0.000000 0.387310 0.000000 0.000000 0.381101 0.000000 0.000000 0.000000 0.000000 0.000000 0.140226 0.000000
 0.000000 0.000000 0.000000 0.000000 0.000000 0.000000 0.000000 0.000000 0.000000 0.000000 0.000000 0.000000 0.000000 0.000000 0.000000 0.500002 0.000000 0.499998 0.000000 0.000000
 0.000000 0.000000 0.389302 0.000000 0.000000 0.000000 0.007520 0.000000 0.000000 0.000000 0.000000 0.000000 0.003056 0.383207 0.216018 0.000000 0.000000 0.000000 0.000897 0.000000
 0.000000 0.000000 0.489285 0.000000 0.000000 0.009441 0.000000 0.001630 0.000000 0.000000 0.000000 0.488387 0.000000 0.009169 0.002086 0.000000 0.000002 0.000000 0.000000 0.000000
 0.000000 0.000000 0.000000 0.000000 0.000000 0.000000 0.001663 0.000000 0.000000 0.000000 0.499169 0.000000 0.000000 0.000000 0.000000 0.000000 0.499169 0.000000 0.000000 0.000000
 0.000000 0.500000 0.000000 0.000000 0.000000 0.000000 0.000000 0.000000 0.000000 0.000000 0.000000 0.000000 0.000000 0.000000 0.000000 0.000000 0.000000 0.000000 0.000000 0.500000
 0.358027 0.000000 0.000000 0.362789 0.000000 0.000000 0.000000 0.000000 0.000000 0.000000 0.000000 0.000000 0.000000 0.000000 0.000000 0.000000 0.000000 0.000000 0.279184 0.000000
 0.000000 0.000000 0.000000 0.000000 0.000000 0.000000 0.000000 0.500000 0.000000 0.000000 0.000000 0.000000 0.000000 0.000000 0.000000 0.500000 0.000000 0.000000 0.000000 0.000000
 0.000000 0.000000 0.000000 0.000000 0.000000 0.000000 0.406597 0.000000 0.000000 0.000000 0.000000 0.000000 0.000000 0.010378 0.175681 0.000000 0.407344 0.000000 0.000000 0.000000
 0.000000 0.000000 0.000000 0.412905 0.000000 0.003291 0.000000 0.000000 0.000000 0.000000 0.000000 0.000000 0.000000 0.086957 0.077209 0.000000 0.000000 0.000000 0.419637 0.000000
 0.000000 0.000000 0.001867 0.000000 0.000000 0.326290 0.006218 0.000000 0.000000 0.000000 0.000000 0.008454 0.068759 0.000000 0.331072 0.000000 0.000000 0.000000 0.257339 0.000000
 0.000000 0.000000 0.009714 0.000000 0.000000 0.188003 0.001446 0.000000 0.000000 0.000000 0.000000 0.146273 0.062402 0.338397 0.000000 0.000000 0.000002 0.000000 0.253763 0.000000
 0.000000 0.000000 0.000000 0.000000 0.500000 0.000000 0.000000 0.000000 0.000000 0.000000 0.500000 0.000000 0.000000 0.000000 0.000000 0.000000 0.000000 0.000000 0.000000 0.000000
 0.000000 0.000000 0.000000 0.000000 0.000000 0.000000 0.000002 0.499997 0.000000 0.000000 0.000000 0.499998 0.000000 0.000000 0.000003 0.000000 0.000000 0.000000 0.000000 0.000000
 0.000000 0.000000 0.000000 0.000000 0.499998 0.000000 0.000000 0.000000 0.000000 0.000000 0.000000 0.000000 0.000000 0.000000 0.000000 0.000000 0.000000 0.000000 0.000000 0.500002
 0.000000 0.000000 0.000000 0.098983 0.000000 0.000630 0.000000 0.000000 0.000000 0.210392 0.000000 0.000000 0.273399 0.212034 0.204562 0.000000 0.000000 0.000000 0.000000 0.000000
 0.000000 0.000000 0.000000 0.000000 0.000000 0.000000 0.000000 0.000000 0.500000 0.000000 0.000000 0.000000 0.000000 0.000000 0.000000 0.000000 0.000000 0.500000 0.000000 0.000000
the mean of prob-rank is 1.6842105263157894
the number of false negetive edges is 0
the number of probability greater than 0 is 3.9/edge
