20
 0.000000 0.000000 0.285053 0.013391 0.000000 0.000000 0.000000 0.000000 0.000000 0.000000 0.000000 0.222987 0.000000 0.000000 0.281020 0.000000 0.197548 0.000000 0.000000 0.000000
 0.000000 0.000000 0.000011 0.000000 0.367949 0.243818 0.000000 0.000000 0.002192 0.000000 0.358196 0.000000 0.000000 0.027835 0.000000 0.000000 0.000000 0.000000 0.000000 0.000000
 0.293029 0.000009 0.000000 0.000000 0.158187 0.000000 0.000392 0.000000 0.000000 0.000000 0.122233 0.000000 0.000000 0.000000 0.136873 0.000000 0.289277 0.000000 0.000000 0.000000
 0.022638 0.000000 0.000000 0.000000 0.000000 0.000000 0.000000 0.000000 0.000000 0.000000 0.000000 0.000000 0.000000 0.000000 0.000000 0.000000 0.488167 0.000000 0.000000 0.489195
 0.000000 0.386753 0.205504 0.000000 0.000000 0.368100 0.038333 0.000000 0.000000 0.000000 0.001310 0.000000 0.000000 0.000000 0.000000 0.000000 0.000000 0.000000 0.000000 0.000000
 0.000000 0.253032 0.000000 0.000000 0.363438 0.000000 0.001675 0.000000 0.000000 0.000000 0.000000 0.000000 0.381855 0.000000 0.000000 0.000000 0.000000 0.000000 0.000000 0.000000
 0.000000 0.000000 0.000626 0.000000 0.047119 0.002086 0.000000 0.000000 0.000000 0.000000 0.000000 0.000000 0.474926 0.000000 0.000000 0.000000 0.000000 0.475243 0.000000 0.000000
 0.000000 0.000000 0.000000 0.000000 0.000000 0.000000 0.000000 0.000000 0.000000 0.000052 0.000000 0.000000 0.000000 0.002685 0.000000 0.498719 0.000000 0.000000 0.498543 0.000000
 0.000000 0.002971 0.000000 0.000000 0.000000 0.000000 0.000000 0.000000 0.000000 0.000000 0.498253 0.000000 0.000000 0.498776 0.000000 0.000000 0.000000 0.000000 0.000000 0.000000
 0.000000 0.000000 0.000000 0.000000 0.000000 0.000000 0.000000 0.000052 0.000000 0.000000 0.000000 0.499991 0.000000 0.000000 0.000000 0.000000 0.000000 0.000000 0.499956 0.000000
 0.000000 0.316266 0.133391 0.000000 0.001101 0.000000 0.000000 0.000000 0.324538 0.000000 0.000000 0.000000 0.000000 0.000000 0.224704 0.000000 0.000000 0.000000 0.000000 0.000000
 0.280752 0.000000 0.000000 0.000000 0.000000 0.000000 0.000000 0.000000 0.000000 0.364625 0.000000 0.000000 0.000000 0.000000 0.354623 0.000000 0.000000 0.000000 0.000000 0.000000
 0.000000 0.000000 0.000000 0.000000 0.000000 0.485827 0.485342 0.000000 0.000000 0.000000 0.000000 0.000000 0.000000 0.000000 0.000000 0.000000 0.000000 0.028830 0.000000 0.000000
 0.000000 0.036358 0.000000 0.000000 0.000000 0.000000 0.000000 0.002588 0.480626 0.000000 0.000000 0.000000 0.000000 0.000000 0.000000 0.480428 0.000000 0.000000 0.000000 0.000000
 0.308786 0.000000 0.146303 0.000000 0.000000 0.000000 0.000000 0.000000 0.000000 0.000000 0.220096 0.309487 0.000000 0.000000 0.000000 0.000017 0.000000 0.000000 0.015311 0.000000
 0.000000 0.000000 0.000000 0.000000 0.000000 0.000000 0.000000 0.476821 0.000000 0.000000 0.000000 0.000000 0.000000 0.476624 0.000025 0.000000 0.000000 0.000000 0.046530 0.000000
 0.252524 0.000000 0.359717 0.369136 0.000000 0.000000 0.000000 0.000000 0.000000 0.000000 0.000000 0.000000 0.000000 0.000000 0.000000 0.000000 0.000000 0.000000 0.000000 0.018623
 0.000000 0.000000 0.000000 0.000000 0.000000 0.000000 0.485509 0.000000 0.000000 0.000000 0.000000 0.000000 0.028821 0.000000 0.000000 0.000000 0.000000 0.000000 0.000000 0.485670
 0.000000 0.000000 0.000000 0.000000 0.000000 0.000000 0.000000 0.465976 0.000000 0.466108 0.000000 0.000000 0.000000 0.000000 0.022428 0.045488 0.000000 0.000000 0.000000 0.000000
 0.000000 0.000000 0.000000 0.487541 0.000000 0.000000 0.000000 0.000000 0.000000 0.000000 0.000000 0.000000 0.000000 0.000000 0.000000 0.000000 0.024545 0.487914 0.000000 0.000000
the mean of prob-rank is 1.8421052631578947
the number of false negetive edges is 0
the number of probability greater than 0 is 4.2/edge
