20
 0.000000 0.000000 0.000001 0.317502 0.000000 0.025867 0.000000 0.024896 0.334039 0.000000 0.000000 0.101941 0.000000 0.000244 0.000000 0.195510 0.000000 0.000000 0.000000 0.000000
 0.000000 0.000000 0.000000 0.000000 0.000000 0.000000 0.000000 0.000000 0.000000 0.000000 0.500000 0.000000 0.000000 0.000000 0.000000 0.000000 0.000000 0.000000 0.500000 0.000000
 0.000002 0.000000 0.000000 0.239117 0.366541 0.011014 0.000000 0.002156 0.000000 0.000000 0.000000 0.362970 0.000000 0.000000 0.000000 0.000000 0.018199 0.000000 0.000000 0.000000
 0.316409 0.000000 0.216221 0.000000 0.000000 0.041903 0.000000 0.334397 0.000000 0.000000 0.000000 0.091070 0.000000 0.000000 0.000000 0.000000 0.000000 0.000000 0.000000 0.000000
 0.000000 0.000000 0.422443 0.000000 0.000000 0.000000 0.000000 0.000000 0.000000 0.000000 0.000000 0.150916 0.000000 0.000000 0.000000 0.000000 0.000000 0.000000 0.426641 0.000000
 0.026449 0.000000 0.010218 0.042992 0.000000 0.000000 0.073624 0.343443 0.000000 0.000000 0.000000 0.004317 0.000000 0.000000 0.000000 0.313177 0.000000 0.185779 0.000000 0.000000
 0.000000 0.000000 0.000000 0.000000 0.000000 0.093107 0.000000 0.000121 0.000000 0.038810 0.000000 0.000000 0.000000 0.000000 0.000000 0.433849 0.000000 0.434113 0.000000 0.000000
 0.034867 0.000000 0.002740 0.469948 0.000000 0.470428 0.000132 0.000000 0.000000 0.000000 0.000000 0.000082 0.000000 0.000000 0.000000 0.021591 0.000000 0.000212 0.000000 0.000000
 0.439117 0.000000 0.000000 0.000000 0.000000 0.000000 0.000000 0.000000 0.000000 0.000000 0.000000 0.000000 0.000000 0.000000 0.000000 0.119325 0.000000 0.000000 0.000000 0.441558
 0.000000 0.000000 0.000000 0.000000 0.000000 0.000000 0.042798 0.000000 0.000000 0.000000 0.000000 0.000000 0.000000 0.000000 0.000000 0.000000 0.478635 0.478567 0.000000 0.000000
 0.000000 0.500186 0.000000 0.000000 0.000000 0.000000 0.000000 0.000000 0.000000 0.000000 0.000000 0.000000 0.000000 0.000000 0.499814 0.000000 0.000000 0.000000 0.000000 0.000000
 0.103844 0.000000 0.335498 0.093091 0.121034 0.004301 0.000000 0.000060 0.000000 0.000000 0.000000 0.000000 0.000000 0.342167 0.000000 0.000000 0.000000 0.000000 0.000005 0.000000
 0.000000 0.000000 0.000000 0.000000 0.000000 0.000000 0.000000 0.000000 0.000000 0.000000 0.000000 0.000000 0.000000 0.000000 0.500000 0.000000 0.500000 0.000000 0.000000 0.000000
 0.000363 0.000000 0.000000 0.000000 0.000000 0.000000 0.000000 0.000000 0.000000 0.000000 0.000000 0.499819 0.000000 0.000000 0.000000 0.000000 0.000000 0.000000 0.000000 0.499818
 0.000000 0.000000 0.000000 0.000000 0.000000 0.000000 0.000000 0.000000 0.000000 0.000000 0.499814 0.000000 0.500186 0.000000 0.000000 0.000000 0.000000 0.000000 0.000000 0.000000
 0.207214 0.000000 0.000000 0.000000 0.000000 0.324631 0.355610 0.016340 0.096205 0.000000 0.000000 0.000000 0.000000 0.000000 0.000000 0.000000 0.000000 0.000000 0.000000 0.000000
 0.000000 0.000000 0.024000 0.000000 0.000000 0.000000 0.000000 0.000000 0.000000 0.487834 0.000000 0.000000 0.488167 0.000000 0.000000 0.000000 0.000000 0.000000 0.000000 0.000000
 0.000000 0.000000 0.000000 0.000000 0.000000 0.212960 0.393495 0.000177 0.000000 0.393367 0.000000 0.000000 0.000000 0.000000 0.000000 0.000000 0.000000 0.000000 0.000000 0.000000
 0.000000 0.499997 0.000000 0.000000 0.499996 0.000000 0.000000 0.000000 0.000000 0.000000 0.000000 0.000007 0.000000 0.000000 0.000000 0.000000 0.000000 0.000000 0.000000 0.000000
 0.000000 0.000000 0.000000 0.000000 0.000000 0.000000 0.000000 0.000000 0.500001 0.000000 0.000000 0.000000 0.000000 0.499999 0.000000 0.000000 0.000000 0.000000 0.000000 0.000000
the mean of prob-rank is 1.4736842105263157
the number of false negetive edges is 0
the number of probability greater than 0 is 4.3/edge
