20
 0.000000 0.000000 0.000000 0.052209 0.000000 0.000000 0.000000 0.000000 0.000000 0.473631 0.000000 0.000000 0.000000 0.000000 0.474160 0.000000 0.000000 0.000000 0.000000 0.000000
 0.000000 0.000000 0.000000 0.000000 0.000000 0.000000 0.000000 0.000000 0.000000 0.000000 0.007296 0.000000 0.000000 0.495998 0.000000 0.000000 0.000635 0.000000 0.496071 0.000000
 0.000000 0.000000 0.000000 0.391415 0.000000 0.000000 0.000000 0.000000 0.000000 0.000000 0.000000 0.000000 0.000000 0.000000 0.216930 0.000000 0.391654 0.000000 0.000000 0.000000
 0.050022 0.000000 0.453823 0.000000 0.000000 0.000000 0.000000 0.000000 0.000000 0.045031 0.000000 0.000000 0.000000 0.000000 0.451125 0.000000 0.000000 0.000000 0.000000 0.000000
 0.000000 0.000000 0.000000 0.000000 0.000000 0.000000 0.000000 0.000000 0.500000 0.000000 0.000000 0.000000 0.000000 0.000000 0.000000 0.000000 0.500000 0.000000 0.000000 0.000000
 0.000000 0.000000 0.000000 0.000000 0.000000 0.000000 0.000000 0.472848 0.000000 0.000000 0.000000 0.000000 0.049095 0.004433 0.000000 0.000000 0.000000 0.000000 0.000581 0.473043
 0.000000 0.000000 0.000000 0.000000 0.000000 0.000000 0.000000 0.000001 0.500000 0.000000 0.000000 0.500000 0.000000 0.000000 0.000000 0.000000 0.000000 0.000000 0.000000 0.000000
 0.000000 0.000000 0.000000 0.000000 0.000000 0.417587 0.000001 0.000000 0.000000 0.000000 0.013870 0.089892 0.417101 0.061549 0.000000 0.000000 0.000000 0.000000 0.000000 0.000000
 0.000000 0.000000 0.000000 0.000000 0.500000 0.000000 0.499999 0.000000 0.000000 0.000000 0.000000 0.000000 0.000000 0.000000 0.000000 0.000000 0.000001 0.000000 0.000000 0.000000
 0.476112 0.000000 0.000000 0.047245 0.000000 0.000000 0.000000 0.000000 0.000000 0.000000 0.000000 0.000000 0.000000 0.000000 0.000000 0.000000 0.000000 0.476644 0.000000 0.000000
 0.000000 0.007182 0.000000 0.000000 0.000000 0.000000 0.000000 0.016212 0.000000 0.000000 0.000000 0.488286 0.000000 0.488320 0.000000 0.000000 0.000000 0.000000 0.000000 0.000000
 0.000000 0.000000 0.000000 0.000000 0.000000 0.000000 0.450391 0.096913 0.000000 0.000000 0.450360 0.000000 0.000000 0.002336 0.000000 0.000000 0.000000 0.000000 0.000000 0.000000
 0.000000 0.000000 0.000000 0.000000 0.000000 0.048611 0.000000 0.467641 0.000000 0.000000 0.000000 0.000000 0.000000 0.000000 0.000000 0.468380 0.000000 0.000000 0.000000 0.015368
 0.000000 0.462522 0.000000 0.000000 0.000000 0.004335 0.000000 0.068154 0.000000 0.000000 0.462590 0.002399 0.000000 0.000000 0.000000 0.000000 0.000000 0.000000 0.000000 0.000000
 0.392675 0.000000 0.217398 0.389927 0.000000 0.000000 0.000000 0.000000 0.000000 0.000000 0.000000 0.000000 0.000000 0.000000 0.000000 0.000000 0.000000 0.000000 0.000000 0.000000
 0.000000 0.000000 0.000000 0.000000 0.000000 0.000000 0.000000 0.000000 0.000000 0.000000 0.000000 0.000000 0.500000 0.000000 0.000000 0.000000 0.000000 0.500000 0.000000 0.000000
 0.000000 0.000640 0.499567 0.000000 0.499792 0.000000 0.000000 0.000000 0.000001 0.000000 0.000000 0.000000 0.000000 0.000000 0.000000 0.000000 0.000000 0.000000 0.000000 0.000000
 0.000000 0.000000 0.000000 0.000000 0.000000 0.000000 0.000000 0.000000 0.000000 0.500000 0.000000 0.000000 0.000000 0.000000 0.000000 0.500000 0.000000 0.000000 0.000000 0.000000
 0.000000 0.499754 0.000000 0.000000 0.000000 0.000614 0.000000 0.000000 0.000000 0.000000 0.000000 0.000000 0.000000 0.000000 0.000000 0.000000 0.000000 0.000000 0.000000 0.499632
 0.000000 0.000000 0.000000 0.000000 0.000000 0.491988 0.000000 0.000000 0.000000 0.000000 0.000000 0.000000 0.016142 0.000000 0.000000 0.000000 0.000000 0.000000 0.491869 0.000000
the mean of prob-rank is 1.5263157894736843
the number of false negetive edges is 0
the number of probability greater than 0 is 3.3/edge
