20
 0.000000 0.000000 0.000000 0.000000 0.011767 0.000000 0.000000 0.000000 0.000000 0.000000 0.308721 0.000000 0.368347 0.000000 0.000000 0.311165 0.000000 0.000000 0.000000 0.000000
 0.000000 0.000000 0.000000 0.000000 0.000000 0.000000 0.000000 0.000000 0.500000 0.000000 0.000000 0.500000 0.000000 0.000000 0.000000 0.000000 0.000000 0.000000 0.000000 0.000000
 0.000000 0.000000 0.000000 0.000000 0.000000 0.000000 0.000000 0.000000 0.000000 0.000000 0.000000 0.000000 0.000001 0.000000 0.499998 0.000000 0.000000 0.000000 0.000000 0.500000
 0.000000 0.000000 0.000000 0.000000 0.000000 0.000000 0.000000 0.000000 0.000000 0.000000 0.000000 0.000000 0.000000 0.499995 0.000000 0.000000 0.000000 0.499995 0.000000 0.000010
 0.015724 0.000000 0.000000 0.000000 0.000000 0.492123 0.000000 0.000000 0.000000 0.000000 0.000000 0.000000 0.000000 0.000000 0.000000 0.492153 0.000000 0.000000 0.000000 0.000000
 0.000000 0.000000 0.000000 0.000000 0.325293 0.000000 0.000000 0.000000 0.064674 0.000000 0.322206 0.000000 0.000000 0.000000 0.000000 0.050956 0.236870 0.000000 0.000000 0.000000
 0.000000 0.000000 0.000000 0.000000 0.000000 0.000000 0.000000 0.500000 0.000000 0.000000 0.000000 0.500000 0.000000 0.000000 0.000000 0.000000 0.000000 0.000000 0.000000 0.000000
 0.000000 0.000000 0.000000 0.000000 0.000000 0.000000 0.466580 0.000000 0.000000 0.466221 0.000000 0.000000 0.000000 0.000000 0.000000 0.000000 0.033597 0.000000 0.033602 0.000000
 0.000000 0.454828 0.000000 0.000000 0.000000 0.090408 0.000000 0.000000 0.000000 0.000000 0.000000 0.000000 0.000000 0.000000 0.000000 0.000000 0.454764 0.000000 0.000000 0.000000
 0.000000 0.000000 0.000000 0.000000 0.000000 0.000000 0.000000 0.462405 0.000000 0.000000 0.000000 0.000000 0.000000 0.055206 0.000000 0.000000 0.019627 0.000000 0.462762 0.000000
 0.227873 0.000000 0.000000 0.000000 0.000000 0.269244 0.000000 0.000000 0.000000 0.000000 0.000000 0.000000 0.001072 0.000000 0.005548 0.236253 0.260009 0.000000 0.000000 0.000000
 0.000000 0.500000 0.000000 0.000000 0.000000 0.000000 0.500000 0.000000 0.000000 0.000000 0.000000 0.000000 0.000000 0.000000 0.000000 0.000000 0.000000 0.000000 0.000000 0.000000
 0.499014 0.000000 0.000001 0.000000 0.000000 0.000000 0.000000 0.000000 0.000000 0.000000 0.001968 0.000000 0.000000 0.000000 0.499016 0.000000 0.000000 0.000000 0.000000 0.000000
 0.000000 0.000000 0.000000 0.472232 0.000000 0.000000 0.000000 0.000000 0.000000 0.056335 0.000000 0.000000 0.000000 0.000000 0.000000 0.000000 0.000000 0.000000 0.471433 0.000000
 0.000001 0.000000 0.494949 0.000000 0.000000 0.000000 0.000000 0.000000 0.000000 0.000000 0.010100 0.000000 0.494951 0.000000 0.000000 0.000000 0.000000 0.000000 0.000000 0.000000
 0.294325 0.000000 0.000000 0.000000 0.348357 0.054566 0.000000 0.000000 0.000000 0.000000 0.302753 0.000000 0.000000 0.000000 0.000000 0.000000 0.000000 0.000000 0.000000 0.000000
 0.000000 0.000000 0.000000 0.000000 0.000000 0.260133 0.000000 0.025729 0.357270 0.015155 0.341713 0.000000 0.000000 0.000000 0.000000 0.000000 0.000000 0.000000 0.000000 0.000000
 0.000000 0.000000 0.000000 0.500000 0.000000 0.000000 0.000000 0.000000 0.000000 0.000000 0.000000 0.000000 0.000000 0.000000 0.000000 0.000000 0.000000 0.000000 0.000000 0.500000
 0.000000 0.000000 0.000000 0.000000 0.000000 0.000000 0.000000 0.034785 0.000000 0.483016 0.000000 0.000000 0.000000 0.482199 0.000000 0.000000 0.000000 0.000000 0.000000 0.000000
 0.000000 0.000000 0.499995 0.000010 0.000000 0.000000 0.000000 0.000000 0.000000 0.000000 0.000000 0.000000 0.000000 0.000000 0.000000 0.000000 0.000000 0.499995 0.000000 0.000000
the mean of prob-rank is 1.5263157894736843
the number of false negetive edges is 0
the number of probability greater than 0 is 3.4/edge
