20
 0.000000 0.000000 0.000000 0.000000 0.000000 0.000000 0.000000 0.000000 0.469625 0.000000 0.000011 0.000000 0.000000 0.000000 0.469361 0.000000 0.000000 0.000000 0.000000 0.061003
 0.000000 0.000000 0.387787 0.213987 0.000000 0.000000 0.000000 0.000000 0.000000 0.000000 0.000000 0.000000 0.000000 0.000000 0.000000 0.398226 0.000000 0.000000 0.000000 0.000000
 0.000000 0.376406 0.000000 0.222460 0.000000 0.000000 0.000000 0.000000 0.000000 0.000000 0.000000 0.000000 0.000000 0.385457 0.000000 0.000000 0.000000 0.015677 0.000000 0.000000
 0.000000 0.172162 0.184390 0.000000 0.000000 0.317640 0.000000 0.000000 0.000000 0.000000 0.317547 0.000000 0.000023 0.000000 0.000000 0.008238 0.000000 0.000000 0.000000 0.000000
 0.000000 0.000000 0.000000 0.000000 0.000000 0.000000 0.432850 0.133442 0.000000 0.000000 0.000000 0.000000 0.000000 0.433678 0.000000 0.000000 0.000000 0.000030 0.000000 0.000000
 0.000000 0.000000 0.000000 0.350651 0.000000 0.000000 0.000000 0.000000 0.000000 0.000000 0.289889 0.000000 0.353698 0.000000 0.000000 0.000000 0.000000 0.000000 0.005762 0.000000
 0.000000 0.000000 0.000000 0.000000 0.483285 0.000000 0.000000 0.028848 0.000000 0.000000 0.000000 0.000000 0.000000 0.003657 0.000000 0.000000 0.000000 0.484210 0.000000 0.000000
 0.000000 0.000000 0.000000 0.000000 0.113150 0.000000 0.021909 0.000000 0.000000 0.367732 0.000000 0.000000 0.000000 0.133368 0.000000 0.000000 0.000000 0.363842 0.000000 0.000000
 0.500000 0.000000 0.000000 0.000000 0.000000 0.000000 0.000000 0.000000 0.000000 0.000000 0.000000 0.000000 0.000000 0.000000 0.000000 0.000000 0.000000 0.000000 0.500000 0.000000
 0.000000 0.000000 0.000000 0.000000 0.000000 0.000000 0.000000 0.500000 0.000000 0.000000 0.000000 0.500000 0.000000 0.000000 0.000000 0.000000 0.000000 0.000000 0.000000 0.000000
 0.000009 0.000000 0.000000 0.352683 0.000000 0.291654 0.000000 0.000000 0.000000 0.000000 0.000000 0.000000 0.000000 0.000000 0.000000 0.000000 0.000000 0.000012 0.355643 0.000000
 0.000000 0.000000 0.000000 0.000000 0.000000 0.000000 0.000000 0.000000 0.000000 0.500000 0.000000 0.000000 0.000000 0.000000 0.000000 0.000000 0.500000 0.000000 0.000000 0.000000
 0.000000 0.000000 0.000000 0.000035 0.000000 0.499984 0.000000 0.000000 0.000000 0.000000 0.000000 0.000000 0.000000 0.000000 0.000000 0.499980 0.000000 0.000000 0.000000 0.000000
 0.000000 0.000000 0.421208 0.000000 0.422405 0.000000 0.003190 0.153197 0.000000 0.000000 0.000000 0.000000 0.000000 0.000000 0.000000 0.000000 0.000000 0.000000 0.000000 0.000000
 0.460631 0.000000 0.000000 0.000000 0.000000 0.000000 0.000000 0.000000 0.000000 0.000000 0.000000 0.000000 0.000000 0.000000 0.000000 0.000000 0.078477 0.000000 0.000000 0.460891
 0.000000 0.493646 0.000000 0.012693 0.000000 0.000000 0.000000 0.000000 0.000000 0.000000 0.000000 0.000000 0.493660 0.000000 0.000000 0.000000 0.000000 0.000000 0.000000 0.000000
 0.000000 0.000000 0.000000 0.000000 0.000000 0.000000 0.000000 0.000000 0.000000 0.000000 0.000000 0.461433 0.000000 0.000000 0.078570 0.000000 0.000000 0.000000 0.000000 0.459997
 0.000000 0.000000 0.019977 0.000000 0.000034 0.000000 0.492591 0.487381 0.000000 0.000000 0.000017 0.000000 0.000000 0.000000 0.000000 0.000000 0.000000 0.000000 0.000000 0.000000
 0.000000 0.000000 0.000000 0.000000 0.000000 0.008082 0.000000 0.000000 0.496105 0.000000 0.495814 0.000000 0.000000 0.000000 0.000000 0.000000 0.000000 0.000000 0.000000 0.000000
 0.061076 0.000000 0.000000 0.000000 0.000000 0.000000 0.000000 0.000000 0.000000 0.000000 0.000000 0.000000 0.000000 0.000000 0.470193 0.000000 0.468730 0.000000 0.000000 0.000000
the mean of prob-rank is 1.5789473684210527
the number of false negetive edges is 0
the number of probability greater than 0 is 3.6/edge
