20
 0.000000 0.000000 0.000000 0.000000 0.000000 0.000000 0.000000 0.027115 0.000000 0.000000 0.000000 0.000000 0.000000 0.486030 0.000000 0.000000 0.000000 0.000000 0.000000 0.486855
 0.000000 0.000000 0.054790 0.000000 0.000006 0.000752 0.000000 0.000000 0.000000 0.000000 0.000000 0.023987 0.426228 0.419499 0.000000 0.074738 0.000000 0.000000 0.000000 0.000000
 0.000000 0.055831 0.000000 0.000000 0.434329 0.002735 0.000000 0.001767 0.000000 0.000001 0.000000 0.000000 0.000003 0.000001 0.000000 0.433319 0.000000 0.072014 0.000000 0.000000
 0.000000 0.000000 0.000000 0.000000 0.000000 0.000000 0.000000 0.000000 0.000025 0.000000 0.000000 0.499888 0.000000 0.000000 0.000000 0.000000 0.500087 0.000000 0.000000 0.000000
 0.000000 0.000006 0.492005 0.000000 0.000000 0.000380 0.000000 0.491503 0.000000 0.002588 0.000000 0.000000 0.000000 0.000001 0.013374 0.000141 0.000000 0.000000 0.000000 0.000000
 0.000000 0.000878 0.003135 0.000000 0.000385 0.000000 0.000000 0.000000 0.000000 0.000000 0.497869 0.497732 0.000000 0.000000 0.000000 0.000000 0.000000 0.000000 0.000000 0.000000
 0.000000 0.000000 0.000000 0.000000 0.000000 0.000000 0.000000 0.000000 0.500013 0.000000 0.000000 0.000000 0.000000 0.000000 0.000000 0.000000 0.000000 0.000000 0.000000 0.499987
 0.026568 0.000000 0.001940 0.000000 0.476560 0.000000 0.000000 0.000000 0.000000 0.000000 0.000000 0.000000 0.000000 0.013809 0.477043 0.000000 0.000000 0.000000 0.004079 0.000000
 0.000000 0.000000 0.000000 0.000025 0.000000 0.000000 0.499992 0.000000 0.000000 0.000000 0.000000 0.000000 0.000000 0.000000 0.000000 0.000000 0.499983 0.000000 0.000000 0.000000
 0.000000 0.000000 0.000001 0.000000 0.002636 0.000000 0.000000 0.000000 0.000000 0.000000 0.000000 0.000000 0.000000 0.000000 0.000035 0.000000 0.000000 0.496039 0.501289 0.000000
 0.000000 0.000000 0.000000 0.000000 0.000000 0.500001 0.000000 0.000000 0.000000 0.000000 0.000000 0.000000 0.000000 0.000000 0.000000 0.000000 0.000000 0.499999 0.000000 0.000000
 0.000000 0.027204 0.000000 0.483207 0.000000 0.483266 0.000000 0.000000 0.000000 0.000000 0.000000 0.000000 0.000000 0.000000 0.000000 0.000000 0.006322 0.000000 0.000000 0.000000
 0.000000 0.413548 0.000003 0.000000 0.000000 0.000000 0.000000 0.000000 0.000000 0.000000 0.000000 0.000000 0.000000 0.173223 0.000000 0.413226 0.000000 0.000000 0.000000 0.000000
 0.396124 0.390543 0.000001 0.000000 0.000001 0.000000 0.000000 0.011486 0.000000 0.000000 0.000000 0.000000 0.166211 0.000000 0.000000 0.035634 0.000000 0.000000 0.000000 0.000000
 0.000000 0.000000 0.000000 0.000000 0.013413 0.000000 0.000000 0.493436 0.000000 0.000034 0.000000 0.000000 0.000000 0.000000 0.000000 0.000000 0.000000 0.000000 0.493118 0.000000
 0.000000 0.077507 0.440995 0.000000 0.000127 0.000000 0.000000 0.000000 0.000000 0.000000 0.000000 0.000000 0.441676 0.039695 0.000000 0.000000 0.000000 0.000000 0.000000 0.000000
 0.000000 0.000000 0.000000 0.496756 0.000000 0.000000 0.000000 0.000000 0.496747 0.000000 0.000000 0.006497 0.000000 0.000000 0.000000 0.000000 0.000000 0.000000 0.000000 0.000000
 0.000000 0.000000 0.076929 0.000000 0.000000 0.000000 0.000000 0.000000 0.000000 0.459106 0.463965 0.000000 0.000000 0.000000 0.000000 0.000000 0.000000 0.000000 0.000000 0.000000
 0.000000 0.000000 0.000000 0.000000 0.000000 0.000000 0.000000 0.004259 0.000000 0.498032 0.000000 0.000000 0.000000 0.000000 0.497709 0.000000 0.000000 0.000000 0.000000 0.000000
 0.500005 0.000000 0.000000 0.000000 0.000000 0.000000 0.499995 0.000000 0.000000 0.000000 0.000000 0.000000 0.000000 0.000000 0.000000 0.000000 0.000000 0.000000 0.000000 0.000000
the mean of prob-rank is 1.5789473684210527
the number of false negetive edges is 0
the number of probability greater than 0 is 4.15/edge
