20
 0.000000 0.000000 0.000000 0.000005 0.000007 0.000030 0.000019 0.000000 0.000000 0.000000 0.000000 0.000000 0.000000 0.000000 0.000000 0.273814 0.000000 0.365019 0.000003 0.361102
 0.000000 0.000000 0.000000 0.000308 0.000000 0.006240 0.000000 0.000000 0.000000 0.000000 0.082748 0.000000 0.000000 0.314181 0.327513 0.049584 0.000025 0.000000 0.000000 0.219401
 0.000000 0.000000 0.000000 0.000000 0.000000 0.000000 0.000000 0.499241 0.000000 0.001474 0.000000 0.499285 0.000000 0.000000 0.000000 0.000000 0.000000 0.000000 0.000000 0.000000
 0.000006 0.000457 0.000000 0.000000 0.487766 0.487773 0.000000 0.000000 0.000000 0.000000 0.000000 0.000000 0.000000 0.000000 0.000000 0.000000 0.000000 0.023998 0.000000 0.000000
 0.000010 0.000000 0.000000 0.499992 0.000000 0.000000 0.000000 0.000000 0.000000 0.000000 0.000000 0.000000 0.499999 0.000000 0.000000 0.000000 0.000000 0.000000 0.000000 0.000000
 0.000034 0.007931 0.000000 0.417482 0.000000 0.000000 0.000000 0.000000 0.000000 0.000000 0.000000 0.000000 0.000000 0.000000 0.000000 0.000000 0.000000 0.404765 0.000000 0.169788
 0.000018 0.000000 0.000000 0.000000 0.000000 0.000000 0.000000 0.000000 0.000000 0.000000 0.000000 0.000000 0.000000 0.000000 0.000000 0.346508 0.342722 0.000000 0.310751 0.000000
 0.000000 0.000000 0.385688 0.000000 0.000000 0.000000 0.000000 0.000000 0.229663 0.384515 0.000134 0.000000 0.000000 0.000000 0.000000 0.000000 0.000000 0.000000 0.000000 0.000000
 0.000000 0.000000 0.000000 0.000000 0.000000 0.000000 0.000000 0.162868 0.000000 0.060291 0.272446 0.000000 0.000000 0.244369 0.103722 0.000000 0.000003 0.000000 0.156301 0.000000
 0.000000 0.000000 0.001330 0.000000 0.000000 0.000000 0.000000 0.448994 0.099274 0.000000 0.450402 0.000000 0.000000 0.000000 0.000000 0.000000 0.000000 0.000000 0.000000 0.000000
 0.000000 0.110806 0.000000 0.000000 0.000000 0.000000 0.000000 0.000152 0.438135 0.439893 0.000000 0.000000 0.000000 0.000000 0.011013 0.000000 0.000000 0.000000 0.000000 0.000000
 0.000000 0.000000 0.499982 0.000000 0.000000 0.000000 0.000000 0.000000 0.000000 0.000000 0.000000 0.000000 0.499977 0.000000 0.000000 0.000000 0.000000 0.000000 0.000041 0.000000
 0.000000 0.000000 0.000000 0.000000 0.498481 0.000000 0.000000 0.000000 0.000000 0.000000 0.000000 0.498475 0.000000 0.000000 0.000000 0.000000 0.000000 0.000000 0.003044 0.000000
 0.000000 0.235028 0.000000 0.000000 0.000000 0.000000 0.000000 0.000000 0.219536 0.000000 0.000000 0.000000 0.000000 0.000000 0.231152 0.000001 0.106907 0.000000 0.207376 0.000000
 0.000000 0.350010 0.000000 0.000000 0.000000 0.000000 0.000000 0.000000 0.133119 0.000000 0.008790 0.000000 0.000000 0.330225 0.000000 0.175060 0.001950 0.000000 0.000847 0.000000
 0.223685 0.045214 0.000000 0.000000 0.000000 0.000000 0.299516 0.000000 0.000000 0.000000 0.000000 0.000000 0.000000 0.000001 0.149369 0.000000 0.011934 0.000000 0.000326 0.269956
 0.000000 0.000031 0.000000 0.000000 0.000000 0.000000 0.400484 0.000000 0.000004 0.000000 0.000000 0.000000 0.000000 0.176168 0.002249 0.016133 0.000000 0.000000 0.404931 0.000000
 0.335605 0.000000 0.000000 0.016586 0.000000 0.326858 0.000000 0.000000 0.000000 0.000000 0.000000 0.000000 0.000000 0.000000 0.000000 0.000000 0.000000 0.000000 0.000000 0.320951
 0.000003 0.000000 0.000000 0.000000 0.000000 0.000000 0.269962 0.000000 0.172023 0.000000 0.000000 0.000025 0.001838 0.254054 0.000726 0.000327 0.301042 0.000000 0.000000 0.000000
 0.251699 0.170699 0.000000 0.000000 0.000000 0.103945 0.000000 0.000000 0.000000 0.000000 0.000000 0.000000 0.000000 0.000000 0.000000 0.230336 0.000000 0.243320 0.000000 0.000000
the mean of prob-rank is 1.6842105263157894
the number of false negetive edges is 0
the number of probability greater than 0 is 5.4/edge
