20
 0.000000 0.000000 0.000000 0.499870 0.000000 0.499887 0.000000 0.000000 0.000000 0.000000 0.000000 0.000000 0.000000 0.000000 0.000000 0.000243 0.000000 0.000000 0.000000 0.000000
 0.000000 0.000000 0.000000 0.000000 0.000000 0.500000 0.000000 0.000000 0.000000 0.000000 0.000000 0.000000 0.000000 0.000000 0.000000 0.000000 0.000000 0.000000 0.000000 0.500000
 0.000000 0.000000 0.000000 0.000000 0.000000 0.000000 0.000000 0.000000 0.500000 0.000000 0.000000 0.500000 0.000000 0.000000 0.000000 0.000000 0.000000 0.000000 0.000000 0.000000
 0.499991 0.000000 0.000000 0.000000 0.000000 0.000000 0.000000 0.000000 0.000000 0.000000 0.500009 0.000000 0.000000 0.000000 0.000000 0.000000 0.000000 0.000000 0.000000 0.000000
 0.000000 0.000000 0.000000 0.000000 0.000000 0.000000 0.000000 0.000000 0.000001 0.000000 0.000002 0.000000 0.000012 0.389310 0.389035 0.221641 0.000000 0.000000 0.000000 0.000000
 0.499961 0.499967 0.000000 0.000000 0.000000 0.000000 0.000000 0.000073 0.000000 0.000000 0.000000 0.000000 0.000000 0.000000 0.000000 0.000000 0.000000 0.000000 0.000000 0.000000
 0.000000 0.000000 0.000000 0.000000 0.000000 0.000000 0.000000 0.000000 0.410955 0.000000 0.000000 0.000000 0.173915 0.000000 0.000002 0.415128 0.000000 0.000000 0.000000 0.000000
 0.000000 0.000000 0.000000 0.000000 0.000000 0.000073 0.000000 0.000000 0.000000 0.000001 0.000000 0.000000 0.000000 0.000000 0.000000 0.000000 0.000000 0.499956 0.499970 0.000000
 0.000000 0.000000 0.484546 0.000000 0.000001 0.000000 0.479641 0.000000 0.000000 0.000000 0.000000 0.000000 0.000060 0.000000 0.025290 0.000001 0.010455 0.000000 0.000006 0.000000
 0.000000 0.000000 0.000000 0.000000 0.000000 0.000000 0.000000 0.000001 0.000000 0.000000 0.000000 0.000000 0.000000 0.000000 0.000000 0.000000 0.000000 0.499999 0.000000 0.500000
 0.000000 0.000000 0.000000 0.500003 0.000002 0.000000 0.000000 0.000000 0.000000 0.000000 0.000000 0.000000 0.000000 0.499995 0.000000 0.000000 0.000000 0.000000 0.000000 0.000000
 0.000000 0.000000 0.499295 0.000000 0.000000 0.000000 0.000000 0.000000 0.000000 0.000000 0.000000 0.000000 0.000000 0.000000 0.000000 0.000000 0.499286 0.001420 0.000000 0.000000
 0.000000 0.000000 0.000000 0.000000 0.000013 0.000000 0.173461 0.000000 0.000051 0.000000 0.000000 0.000000 0.000000 0.000000 0.414073 0.412402 0.000000 0.000000 0.000000 0.000000
 0.000000 0.000000 0.000000 0.000000 0.499983 0.000000 0.000000 0.000000 0.000000 0.000000 0.500017 0.000000 0.000000 0.000000 0.000000 0.000000 0.000000 0.000000 0.000000 0.000000
 0.000000 0.000000 0.000000 0.000000 0.447504 0.000000 0.000003 0.000000 0.023375 0.000000 0.000000 0.000000 0.447861 0.000000 0.000000 0.081258 0.000000 0.000000 0.000000 0.000000
 0.000177 0.000000 0.000000 0.000000 0.207226 0.000000 0.363997 0.000000 0.000001 0.000000 0.000000 0.000000 0.362553 0.000000 0.066046 0.000000 0.000000 0.000000 0.000000 0.000000
 0.000000 0.000000 0.000000 0.000000 0.000000 0.000000 0.000000 0.000000 0.010673 0.000000 0.000000 0.494638 0.000000 0.000000 0.000000 0.000000 0.000000 0.000043 0.494647 0.000000
 0.000000 0.000000 0.000000 0.000000 0.000000 0.000000 0.000000 0.499262 0.000000 0.499275 0.000000 0.001420 0.000000 0.000000 0.000000 0.000000 0.000043 0.000000 0.000000 0.000000
 0.000000 0.000000 0.000000 0.000000 0.000000 0.000000 0.000000 0.499997 0.000007 0.000000 0.000000 0.000000 0.000000 0.000000 0.000000 0.000000 0.499997 0.000000 0.000000 0.000000
 0.000000 0.500000 0.000000 0.000000 0.000000 0.000000 0.000000 0.000000 0.000000 0.500000 0.000000 0.000000 0.000000 0.000000 0.000000 0.000000 0.000000 0.000000 0.000000 0.000000
the mean of prob-rank is 1.5263157894736843
the number of false negetive edges is 0
the number of probability greater than 0 is 3.4/edge
