20
 0.000000 0.000000 0.000000 0.000000 0.000000 0.000000 0.000000 0.000000 0.000000 0.000000 0.000000 0.000000 0.000000 0.000000 0.000000 0.000000 0.500019 0.000000 0.499981 0.000000
 0.000000 0.000000 0.000000 0.000000 0.000000 0.000000 0.000000 0.000000 0.000000 0.000000 0.000000 0.000000 0.000000 0.000000 0.500052 0.000010 0.499938 0.000000 0.000000 0.000000
 0.000000 0.000000 0.000000 0.000000 0.000000 0.208437 0.263625 0.247720 0.000000 0.000000 0.000000 0.000000 0.031098 0.249120 0.000000 0.000000 0.000000 0.000000 0.000000 0.000000
 0.000000 0.000000 0.000000 0.000000 0.000000 0.000000 0.000000 0.000000 0.000000 0.000000 0.000000 0.000000 0.000000 0.000000 0.000000 0.000000 0.000000 0.500000 0.000000 0.500000
 0.000000 0.000000 0.000000 0.000000 0.000000 0.000000 0.000000 0.091105 0.000000 0.000000 0.221743 0.341029 0.000000 0.000000 0.000000 0.346123 0.000000 0.000000 0.000000 0.000000
 0.000000 0.000000 0.270230 0.000000 0.000000 0.000000 0.012706 0.000000 0.000000 0.000000 0.032691 0.000000 0.006786 0.330794 0.000000 0.000000 0.000000 0.346793 0.000000 0.000000
 0.000000 0.000000 0.342768 0.000000 0.000000 0.012743 0.000000 0.297693 0.000000 0.000000 0.000004 0.000000 0.346792 0.000000 0.000000 0.000000 0.000000 0.000000 0.000000 0.000000
 0.000000 0.000000 0.299999 0.000000 0.085267 0.000000 0.277277 0.000000 0.000000 0.323944 0.000000 0.012802 0.000711 0.000000 0.000000 0.000000 0.000000 0.000000 0.000000 0.000000
 0.000000 0.000000 0.000000 0.000000 0.000000 0.000000 0.000000 0.000000 0.000000 0.000000 0.000000 0.000000 0.000000 0.000000 0.499999 0.000000 0.000000 0.000000 0.000000 0.500001
 0.000000 0.000000 0.000000 0.000000 0.000000 0.000000 0.000000 0.500000 0.000000 0.000000 0.000000 0.000000 0.000000 0.500000 0.000000 0.000000 0.000000 0.000000 0.000000 0.000000
 0.000000 0.000000 0.000000 0.000000 0.239764 0.035280 0.000004 0.000000 0.000000 0.000000 0.000000 0.000000 0.374254 0.000000 0.000000 0.350697 0.000000 0.000000 0.000000 0.000000
 0.000000 0.000000 0.000000 0.000000 0.357007 0.000000 0.000000 0.014319 0.000000 0.000000 0.000000 0.000000 0.000000 0.000000 0.000000 0.266335 0.000000 0.000000 0.362339 0.000000
 0.000000 0.000000 0.054449 0.000000 0.000000 0.009165 0.467003 0.001028 0.000000 0.000000 0.468355 0.000000 0.000000 0.000000 0.000000 0.000000 0.000000 0.000000 0.000000 0.000000
 0.000000 0.000000 0.322793 0.000000 0.000000 0.330609 0.000000 0.000000 0.000000 0.346598 0.000000 0.000000 0.000000 0.000000 0.000000 0.000000 0.000000 0.000000 0.000000 0.000000
 0.000000 0.499981 0.000000 0.000000 0.000000 0.000000 0.000000 0.000000 0.499979 0.000000 0.000000 0.000000 0.000000 0.000000 0.000000 0.000040 0.000000 0.000000 0.000000 0.000000
 0.000000 0.000007 0.000000 0.000000 0.373730 0.000000 0.000000 0.000000 0.000000 0.000000 0.350206 0.274707 0.000000 0.000000 0.000030 0.000000 0.001320 0.000000 0.000000 0.000000
 0.499175 0.499062 0.000000 0.000000 0.000000 0.000000 0.000000 0.000000 0.000000 0.000000 0.000000 0.000000 0.000000 0.000000 0.000000 0.001763 0.000000 0.000000 0.000000 0.000000
 0.000000 0.000000 0.000000 0.500000 0.000000 0.500000 0.000000 0.000000 0.000000 0.000000 0.000000 0.000000 0.000000 0.000000 0.000000 0.000000 0.000000 0.000000 0.000000 0.000000
 0.499981 0.000000 0.000000 0.000000 0.000000 0.000000 0.000000 0.000000 0.000000 0.000000 0.000000 0.500019 0.000000 0.000000 0.000000 0.000000 0.000000 0.000000 0.000000 0.000000
 0.000000 0.000000 0.000000 0.500000 0.000000 0.000000 0.000000 0.000000 0.500000 0.000000 0.000000 0.000000 0.000000 0.000000 0.000000 0.000000 0.000000 0.000000 0.000000 0.000000
the mean of prob-rank is 1.6842105263157894
the number of false negetive edges is 0
the number of probability greater than 0 is 3.6/edge
