20
 0.000000 0.000000 0.499927 0.000000 0.000000 0.000000 0.000000 0.000000 0.000000 0.000000 0.000000 0.000000 0.000000 0.500071 0.000000 0.000000 0.000000 0.000000 0.000000 0.000002
 0.000000 0.000000 0.000000 0.000000 0.308711 0.073504 0.000000 0.000000 0.289394 0.000000 0.000942 0.327449 0.000000 0.000000 0.000000 0.000000 0.000000 0.000000 0.000000 0.000000
 0.499735 0.000000 0.000000 0.000000 0.000000 0.000000 0.000000 0.000000 0.000000 0.000000 0.499879 0.000000 0.000000 0.000386 0.000000 0.000000 0.000000 0.000000 0.000000 0.000000
 0.000000 0.000000 0.000000 0.000000 0.000000 0.000000 0.000000 0.499966 0.000000 0.000000 0.000000 0.000000 0.500027 0.000000 0.000000 0.000000 0.000000 0.000006 0.000000 0.000000
 0.000000 0.236237 0.000000 0.000000 0.000000 0.248803 0.000000 0.124489 0.000000 0.000000 0.000000 0.071521 0.000000 0.000000 0.081139 0.000000 0.000000 0.237811 0.000000 0.000000
 0.000000 0.074444 0.000000 0.000000 0.329293 0.000000 0.000000 0.000000 0.282973 0.000000 0.000000 0.000957 0.000000 0.000000 0.000000 0.000000 0.000000 0.000000 0.312334 0.000000
 0.000000 0.000000 0.000000 0.000000 0.000000 0.000000 0.000000 0.000000 0.000000 0.000000 0.000000 0.000000 0.098824 0.000000 0.000000 0.303816 0.345401 0.251960 0.000000 0.000000
 0.000000 0.000000 0.000000 0.385433 0.191512 0.000000 0.000000 0.000000 0.000000 0.000014 0.000000 0.000000 0.000000 0.000000 0.385331 0.000000 0.000000 0.037710 0.000000 0.000000
 0.000000 0.323611 0.000000 0.000000 0.000000 0.312434 0.000000 0.000000 0.000000 0.000000 0.000000 0.000000 0.000000 0.000000 0.000000 0.000000 0.000000 0.000000 0.363955 0.000000
 0.000000 0.000000 0.000000 0.000000 0.000000 0.000000 0.000000 0.000018 0.000000 0.000000 0.000000 0.000000 0.000000 0.000000 0.499995 0.000000 0.000000 0.000000 0.000000 0.499986
 0.000000 0.001437 0.499543 0.000000 0.000000 0.000000 0.000000 0.000000 0.000000 0.000000 0.000000 0.498982 0.000000 0.000000 0.000000 0.000000 0.000000 0.000000 0.000038 0.000000
 0.000000 0.437218 0.000000 0.000000 0.124793 0.001261 0.000000 0.000000 0.000000 0.000000 0.436727 0.000000 0.000000 0.000000 0.000000 0.000000 0.000000 0.000000 0.000000 0.000000
 0.000000 0.000000 0.000000 0.437368 0.000000 0.000000 0.125137 0.000000 0.000000 0.000000 0.000000 0.000000 0.000000 0.000000 0.000000 0.000000 0.432635 0.000000 0.000000 0.004860
 0.499935 0.000000 0.000386 0.000000 0.000000 0.000000 0.000000 0.000000 0.000000 0.000000 0.000000 0.000000 0.000000 0.000000 0.000000 0.000000 0.000000 0.000000 0.000000 0.499679
 0.000000 0.000000 0.000000 0.000000 0.139367 0.000000 0.000000 0.430229 0.000000 0.430396 0.000000 0.000000 0.000000 0.000000 0.000000 0.000000 0.000000 0.000000 0.000000 0.000008
 0.000000 0.000000 0.000000 0.000000 0.000000 0.000000 0.291755 0.000000 0.000000 0.000000 0.000000 0.000000 0.000000 0.000000 0.000000 0.000000 0.059287 0.331511 0.317448 0.000000
 0.000000 0.000000 0.000000 0.000000 0.000000 0.000000 0.461272 0.000000 0.000000 0.000000 0.000000 0.000000 0.456280 0.000000 0.000000 0.082449 0.000000 0.000000 0.000000 0.000000
 0.000000 0.000000 0.000000 0.000005 0.341901 0.000000 0.262794 0.035242 0.000000 0.000000 0.000000 0.000000 0.000000 0.000000 0.000000 0.360059 0.000000 0.000000 0.000000 0.000000
 0.000000 0.000000 0.000000 0.000000 0.000000 0.325552 0.000000 0.000000 0.343588 0.000000 0.000026 0.000000 0.000000 0.000000 0.000000 0.330834 0.000000 0.000000 0.000000 0.000000
 0.000002 0.000000 0.000000 0.000000 0.000000 0.000000 0.000000 0.000000 0.000000 0.497354 0.000000 0.000000 0.005527 0.497108 0.000009 0.000000 0.000000 0.000000 0.000000 0.000000
the mean of prob-rank is 1.736842105263158
the number of false negetive edges is 0
the number of probability greater than 0 is 4.0/edge
