20
 0.000000 0.000000 0.477745 0.000000 0.000000 0.000000 0.001735 0.000000 0.477145 0.000000 0.000000 0.000000 0.000000 0.043376 0.000000 0.000000 0.000000 0.000000 0.000000 0.000000
 0.000000 0.000000 0.000000 0.155122 0.000000 0.000000 0.000000 0.146121 0.000000 0.000000 0.000449 0.000015 0.000000 0.000000 0.332832 0.060033 0.000000 0.305429 0.000000 0.000000
 0.490802 0.000000 0.000000 0.000000 0.000000 0.000000 0.000000 0.000000 0.019389 0.000000 0.000000 0.000000 0.000000 0.489809 0.000000 0.000000 0.000000 0.000000 0.000000 0.000000
 0.000000 0.173911 0.000000 0.000000 0.000000 0.373160 0.000000 0.000000 0.000000 0.000000 0.328775 0.000000 0.000000 0.000000 0.000000 0.000000 0.000000 0.124154 0.000000 0.000000
 0.000000 0.000000 0.000000 0.000000 0.000000 0.000000 0.000000 0.000000 0.500000 0.000000 0.000000 0.000000 0.000000 0.000000 0.000000 0.000000 0.000000 0.000000 0.000000 0.500000
 0.000000 0.000000 0.000000 0.499952 0.000000 0.000000 0.000000 0.000000 0.000000 0.000101 0.000001 0.000000 0.499934 0.000000 0.000000 0.000000 0.000000 0.000013 0.000000 0.000000
 0.001073 0.000000 0.000000 0.000000 0.000000 0.000000 0.000000 0.242328 0.000000 0.000000 0.000003 0.161281 0.000000 0.277009 0.000000 0.021620 0.295535 0.001149 0.000000 0.000000
 0.000000 0.135687 0.000000 0.000000 0.000000 0.000000 0.253431 0.000000 0.000000 0.000000 0.005558 0.304815 0.000000 0.000003 0.000000 0.283173 0.000000 0.017332 0.000000 0.000000
 0.490001 0.000000 0.019381 0.000000 0.490617 0.000000 0.000000 0.000000 0.000000 0.000000 0.000000 0.000000 0.000000 0.000001 0.000000 0.000000 0.000000 0.000000 0.000000 0.000000
 0.000000 0.000000 0.000000 0.000000 0.000000 0.000101 0.000000 0.000000 0.000000 0.000000 0.000000 0.000000 0.499950 0.000000 0.000000 0.000000 0.000000 0.000000 0.499950 0.000000
 0.000000 0.000451 0.000000 0.294781 0.000000 0.000000 0.000004 0.006017 0.000000 0.000000 0.000000 0.092172 0.000000 0.000000 0.000000 0.272025 0.000000 0.334548 0.000000 0.000000
 0.000000 0.000012 0.000000 0.000000 0.000000 0.000000 0.145759 0.263411 0.000000 0.000000 0.073581 0.000000 0.000006 0.236711 0.000000 0.248934 0.000000 0.031587 0.000000 0.000000
 0.000000 0.000000 0.000000 0.000000 0.000000 0.499986 0.000000 0.000000 0.000000 0.500004 0.000000 0.000010 0.000000 0.000000 0.000000 0.000000 0.000000 0.000000 0.000000 0.000000
 0.031175 0.000000 0.342672 0.000000 0.000000 0.000000 0.321841 0.000004 0.000001 0.000000 0.000000 0.304308 0.000000 0.000000 0.000000 0.000000 0.000000 0.000000 0.000000 0.000000
 0.000000 0.499992 0.000000 0.000000 0.000000 0.000000 0.000000 0.000000 0.000000 0.000000 0.000000 0.000000 0.000000 0.000000 0.000000 0.000000 0.500008 0.000000 0.000000 0.000000
 0.000000 0.048233 0.000000 0.000000 0.000000 0.000000 0.019563 0.245007 0.000000 0.000000 0.217423 0.249237 0.000000 0.000000 0.000000 0.000000 0.000000 0.220536 0.000000 0.000000
 0.000000 0.000000 0.000000 0.000000 0.000000 0.000000 0.499546 0.000000 0.000000 0.000000 0.000000 0.000000 0.000000 0.000000 0.499548 0.000000 0.000000 0.000906 0.000000 0.000000
 0.000000 0.281916 0.000000 0.102214 0.000000 0.000008 0.001194 0.017227 0.000000 0.000000 0.307193 0.036332 0.000000 0.000000 0.000000 0.253358 0.000557 0.000000 0.000000 0.000000
 0.000000 0.000000 0.000000 0.000000 0.000000 0.000000 0.000000 0.000000 0.000000 0.500001 0.000000 0.000000 0.000000 0.000000 0.000000 0.000000 0.000000 0.000000 0.000000 0.499999
 0.000000 0.000000 0.000000 0.000000 0.500001 0.000000 0.000000 0.000000 0.000000 0.000000 0.000000 0.000000 0.000000 0.000000 0.000000 0.000000 0.000000 0.000000 0.499999 0.000000
the mean of prob-rank is 1.6842105263157894
the number of false negetive edges is 0
the number of probability greater than 0 is 4.6/edge
