20
 0.000000 0.000000 0.000000 0.000000 0.000000 0.366386 0.000000 0.000000 0.000000 0.000000 0.219802 0.374495 0.000000 0.000000 0.000000 0.039317 0.000000 0.000000 0.000000 0.000000
 0.000000 0.000000 0.000000 0.000000 0.074004 0.000000 0.000000 0.341568 0.000000 0.000000 0.000000 0.000000 0.000000 0.000000 0.000000 0.000000 0.263612 0.005595 0.315221 0.000000
 0.000000 0.000000 0.000000 0.000000 0.000009 0.000000 0.000000 0.000000 0.000000 0.000000 0.000000 0.000000 0.462127 0.463891 0.000000 0.000000 0.000000 0.000000 0.073973 0.000000
 0.000000 0.000000 0.000000 0.000000 0.000000 0.000000 0.000000 0.000000 0.324814 0.148783 0.000000 0.000000 0.000000 0.000000 0.000000 0.000000 0.000000 0.277904 0.000000 0.248499
 0.000000 0.075258 0.000007 0.000000 0.000000 0.000000 0.303785 0.000000 0.000000 0.000000 0.000000 0.000000 0.000000 0.000006 0.000000 0.000000 0.347349 0.000000 0.273595 0.000000
 0.338135 0.000000 0.000000 0.000000 0.000000 0.000000 0.000000 0.000000 0.000000 0.000000 0.341179 0.000000 0.000000 0.000000 0.000000 0.320687 0.000000 0.000000 0.000000 0.000000
 0.000000 0.000000 0.000000 0.000000 0.242409 0.000000 0.000000 0.000000 0.000000 0.000883 0.242890 0.000000 0.008837 0.000000 0.000000 0.108343 0.138001 0.000000 0.000005 0.258633
 0.000000 0.499139 0.000000 0.000000 0.000000 0.000000 0.000000 0.000000 0.000000 0.000000 0.000000 0.000000 0.000000 0.001984 0.000000 0.000000 0.000000 0.498877 0.000000 0.000000
 0.000000 0.000000 0.000000 0.331602 0.000000 0.000000 0.000000 0.000000 0.000000 0.000000 0.000000 0.000000 0.000000 0.000000 0.000000 0.000000 0.300547 0.308919 0.000000 0.058931
 0.000000 0.000000 0.000000 0.186759 0.000000 0.000000 0.001299 0.000000 0.000000 0.000000 0.000000 0.000000 0.000000 0.000000 0.000000 0.404219 0.000000 0.000000 0.000000 0.407723
 0.173642 0.000000 0.000000 0.000000 0.000000 0.292049 0.259251 0.000000 0.000000 0.000000 0.000000 0.000000 0.000000 0.000000 0.000008 0.275050 0.000000 0.000000 0.000000 0.000000
 0.500005 0.000000 0.000000 0.000000 0.000000 0.000000 0.000000 0.000000 0.000000 0.000000 0.000000 0.000000 0.000000 0.000000 0.499995 0.000000 0.000000 0.000000 0.000000 0.000000
 0.000000 0.000000 0.491024 0.000000 0.000000 0.000000 0.015714 0.000000 0.000000 0.000000 0.000000 0.000000 0.000000 0.000364 0.492898 0.000000 0.000000 0.000000 0.000000 0.000000
 0.000000 0.000000 0.498994 0.000000 0.000008 0.000000 0.000000 0.001983 0.000000 0.000000 0.000000 0.000000 0.000368 0.000000 0.000000 0.000000 0.000000 0.000000 0.498646 0.000000
 0.000000 0.000000 0.000000 0.000000 0.000000 0.000000 0.000000 0.000000 0.000000 0.000000 0.000013 0.499988 0.499999 0.000000 0.000000 0.000000 0.000000 0.000000 0.000000 0.000000
 0.031387 0.000000 0.000000 0.000000 0.000000 0.277394 0.116857 0.000000 0.000000 0.296391 0.277942 0.000000 0.000000 0.000000 0.000000 0.000000 0.000000 0.000000 0.000000 0.000030
 0.000000 0.211905 0.000000 0.000000 0.274565 0.000000 0.136703 0.000000 0.248856 0.000000 0.000000 0.000000 0.000000 0.000000 0.000000 0.000000 0.000000 0.000000 0.086377 0.041594
 0.000000 0.005844 0.000000 0.305233 0.000000 0.000000 0.000000 0.356570 0.332352 0.000000 0.000000 0.000000 0.000000 0.000000 0.000000 0.000000 0.000001 0.000000 0.000000 0.000000
 0.000000 0.289854 0.050084 0.000000 0.247386 0.000000 0.000006 0.000000 0.000000 0.000000 0.000000 0.000000 0.000000 0.313863 0.000000 0.000000 0.098807 0.000000 0.000000 0.000000
 0.000000 0.000000 0.000000 0.252703 0.000000 0.000000 0.308212 0.000000 0.058702 0.330312 0.000000 0.000000 0.000000 0.000000 0.000000 0.000033 0.050038 0.000000 0.000000 0.000000
the mean of prob-rank is 1.631578947368421
the number of false negetive edges is 0
the number of probability greater than 0 is 4.6/edge
