20
 0.000000 0.070550 0.000000 0.000000 0.000000 0.465630 0.000000 0.000000 0.000000 0.000000 0.000000 0.000000 0.463820 0.000000 0.000000 0.000000 0.000000 0.000000 0.000000 0.000000
 0.070446 0.000000 0.000000 0.000000 0.000000 0.464552 0.465002 0.000000 0.000000 0.000000 0.000000 0.000000 0.000000 0.000000 0.000000 0.000000 0.000000 0.000000 0.000000 0.000000
 0.000000 0.000000 0.000000 0.000000 0.000000 0.000000 0.000000 0.012341 0.000000 0.470371 0.000000 0.000000 0.047144 0.000000 0.000000 0.000000 0.000000 0.470144 0.000000 0.000000
 0.000000 0.000000 0.000000 0.000000 0.000000 0.000000 0.000000 0.000000 0.000000 0.000000 0.000000 0.000702 0.000000 0.499888 0.000000 0.000000 0.000000 0.000000 0.499410 0.000000
 0.000000 0.000000 0.000000 0.000000 0.000000 0.000000 0.000000 0.414132 0.396877 0.149464 0.000000 0.000000 0.000000 0.000000 0.016876 0.000000 0.022650 0.000000 0.000000 0.000000
 0.478208 0.477805 0.000000 0.000000 0.000000 0.000000 0.000000 0.000000 0.000000 0.000000 0.000000 0.000000 0.000000 0.000000 0.000000 0.000000 0.000269 0.043718 0.000000 0.000000
 0.000000 0.500001 0.000000 0.000000 0.000000 0.000000 0.000000 0.000000 0.000000 0.000000 0.000000 0.000000 0.000000 0.000000 0.000000 0.000000 0.000000 0.000000 0.000000 0.499999
 0.000000 0.000000 0.011004 0.000000 0.419407 0.000000 0.000000 0.000000 0.000000 0.418427 0.000000 0.000000 0.000000 0.000000 0.151162 0.000000 0.000000 0.000000 0.000000 0.000000
 0.000000 0.000000 0.000000 0.000000 0.324533 0.000000 0.000000 0.000000 0.000000 0.000001 0.316827 0.000000 0.000000 0.000000 0.022328 0.000000 0.336311 0.000000 0.000000 0.000000
 0.000000 0.000000 0.422043 0.000000 0.152320 0.000000 0.000000 0.421056 0.000001 0.000000 0.000000 0.000000 0.000000 0.000000 0.000000 0.000000 0.000807 0.003773 0.000000 0.000000
 0.000000 0.000000 0.000000 0.000000 0.000000 0.000000 0.000000 0.000000 0.319770 0.000000 0.000000 0.000000 0.000000 0.000000 0.341789 0.000000 0.338437 0.000000 0.000004 0.000000
 0.000000 0.000000 0.000000 0.000563 0.000000 0.000000 0.000000 0.000000 0.000000 0.000000 0.000000 0.000000 0.000000 0.399446 0.000000 0.400859 0.000000 0.000000 0.000000 0.199133
 0.475138 0.000000 0.047813 0.000000 0.000000 0.000000 0.000000 0.000000 0.000000 0.000000 0.000000 0.000000 0.000000 0.000000 0.000000 0.000000 0.000000 0.477049 0.000000 0.000000
 0.000000 0.000000 0.000000 0.423144 0.000000 0.000000 0.000000 0.000000 0.000000 0.000000 0.000000 0.421652 0.000000 0.000000 0.000000 0.154910 0.000000 0.000000 0.000294 0.000000
 0.000000 0.000000 0.000000 0.000000 0.015750 0.000000 0.000000 0.139302 0.025484 0.000000 0.386503 0.000000 0.000000 0.000000 0.000000 0.000000 0.049228 0.000000 0.383732 0.000000
 0.000000 0.000000 0.000000 0.000000 0.000000 0.000000 0.000000 0.000000 0.000000 0.000000 0.000000 0.425781 0.000000 0.155875 0.000000 0.000000 0.000000 0.000000 0.000000 0.418344
 0.000000 0.000000 0.000000 0.000000 0.017475 0.000179 0.000000 0.000000 0.317312 0.000611 0.316379 0.000000 0.000000 0.000000 0.040696 0.000000 0.000000 0.000000 0.307347 0.000000
 0.000000 0.000000 0.475992 0.000000 0.000000 0.043531 0.000000 0.000000 0.000000 0.004258 0.000000 0.000000 0.476219 0.000000 0.000000 0.000000 0.000000 0.000000 0.000000 0.000000
 0.000000 0.000000 0.000000 0.338142 0.000000 0.000000 0.000000 0.000000 0.000000 0.000000 0.000004 0.000000 0.000000 0.000235 0.336039 0.000000 0.325579 0.000000 0.000000 0.000000
 0.000000 0.000000 0.000000 0.000000 0.000000 0.000000 0.403339 0.000000 0.000000 0.000000 0.000000 0.200366 0.000000 0.000000 0.000000 0.396295 0.000000 0.000000 0.000000 0.000000
the mean of prob-rank is 1.4736842105263157
the number of false negetive edges is 0
the number of probability greater than 0 is 4.0/edge
