20
 0.000000 0.000000 0.000000 0.000000 0.000000 0.000000 0.000000 0.000000 0.000000 0.000000 0.000000 0.000000 0.000000 0.000000 0.355550 0.000000 0.000000 0.327805 0.000000 0.316645
 0.000000 0.000000 0.000000 0.000000 0.000000 0.000000 0.000000 0.000000 0.000000 0.000000 0.500000 0.000000 0.000000 0.000000 0.000000 0.000000 0.000000 0.500000 0.000000 0.000000
 0.000000 0.000000 0.000000 0.000000 0.055135 0.428759 0.000000 0.000000 0.000000 0.000000 0.000000 0.000000 0.000000 0.088635 0.000000 0.000000 0.427471 0.000000 0.000000 0.000000
 0.000000 0.000000 0.000000 0.000000 0.000000 0.499482 0.000000 0.000000 0.000000 0.000000 0.000000 0.000000 0.000000 0.000000 0.000000 0.000000 0.001040 0.000000 0.499478 0.000000
 0.000000 0.000000 0.049027 0.000000 0.000000 0.000000 0.189720 0.000000 0.000000 0.000000 0.000000 0.000000 0.000000 0.379999 0.000000 0.000000 0.381254 0.000000 0.000000 0.000000
 0.000000 0.000000 0.500000 0.500000 0.000000 0.000000 0.000000 0.000000 0.000000 0.000000 0.000000 0.000000 0.000000 0.000000 0.000000 0.000000 0.000000 0.000000 0.000000 0.000000
 0.000000 0.000000 0.000000 0.000000 0.182492 0.000000 0.000000 0.363171 0.000000 0.091400 0.000000 0.000000 0.362857 0.000080 0.000000 0.000000 0.000001 0.000000 0.000000 0.000000
 0.000000 0.000000 0.000000 0.000000 0.000000 0.000000 0.383767 0.000000 0.000000 0.000000 0.000000 0.000000 0.000007 0.000000 0.000000 0.228699 0.000000 0.000000 0.387526 0.000000
 0.000000 0.000000 0.000000 0.000000 0.000000 0.000000 0.000000 0.000000 0.000000 0.000000 0.499999 0.500001 0.000000 0.000000 0.000000 0.000000 0.000000 0.000000 0.000000 0.000000
 0.000000 0.000000 0.000000 0.000000 0.000000 0.000000 0.111241 0.000000 0.000000 0.000000 0.000000 0.000000 0.000000 0.442426 0.000000 0.000000 0.000000 0.000000 0.000000 0.446333
 0.000000 0.500001 0.000000 0.000000 0.000000 0.000000 0.000000 0.000000 0.499999 0.000000 0.000000 0.000000 0.000000 0.000000 0.000000 0.000000 0.000000 0.000000 0.000000 0.000000
 0.000000 0.000000 0.000000 0.000000 0.000000 0.000000 0.000000 0.000000 0.441301 0.000000 0.000000 0.000000 0.126658 0.000000 0.000000 0.432041 0.000000 0.000000 0.000000 0.000000
 0.000000 0.000000 0.000000 0.000000 0.000000 0.000000 0.434640 0.000008 0.000000 0.000000 0.000000 0.126077 0.000000 0.000000 0.000000 0.439275 0.000000 0.000000 0.000000 0.000000
 0.000000 0.000000 0.083588 0.000000 0.403017 0.000000 0.000088 0.000000 0.000000 0.400803 0.000000 0.000000 0.000000 0.000000 0.000000 0.000000 0.112504 0.000000 0.000000 0.000000
 0.355053 0.000000 0.000000 0.000000 0.000000 0.000000 0.000000 0.000000 0.000000 0.000000 0.000000 0.000000 0.000000 0.000000 0.000000 0.000000 0.000000 0.327503 0.000000 0.317444
 0.000000 0.000000 0.000000 0.000000 0.000000 0.000000 0.000000 0.229705 0.000000 0.000000 0.000000 0.381064 0.389230 0.000000 0.000000 0.000000 0.000000 0.000000 0.000000 0.000000
 0.000000 0.000000 0.437794 0.000914 0.439113 0.000000 0.000001 0.000000 0.000000 0.000000 0.000000 0.000000 0.000000 0.122178 0.000000 0.000000 0.000000 0.000000 0.000000 0.000000
 0.324136 0.351571 0.000000 0.000000 0.000000 0.000000 0.000000 0.000000 0.000000 0.000000 0.000000 0.000000 0.000000 0.000000 0.324292 0.000000 0.000000 0.000000 0.000000 0.000000
 0.000000 0.000000 0.000000 0.499998 0.000000 0.000000 0.000000 0.500002 0.000000 0.000000 0.000000 0.000000 0.000000 0.000000 0.000000 0.000000 0.000000 0.000000 0.000000 0.000000
 0.319817 0.000000 0.000000 0.000000 0.000000 0.000000 0.000000 0.000000 0.000000 0.359109 0.000000 0.000000 0.000000 0.000000 0.321074 0.000000 0.000000 0.000000 0.000000 0.000000
the mean of prob-rank is 1.5263157894736843
the number of false negetive edges is 0
the number of probability greater than 0 is 3.25/edge
