20
 0.000000 0.000000 0.000000 0.000000 0.000000 0.000000 0.500052 0.000000 0.000000 0.000000 0.000000 0.000000 0.000000 0.000000 0.000000 0.000000 0.000000 0.000000 0.499948 0.000000
 0.000000 0.000000 0.000000 0.314346 0.000000 0.000000 0.000000 0.283752 0.000000 0.000000 0.000000 0.000000 0.075013 0.000000 0.043267 0.000000 0.000000 0.000000 0.000000 0.283622
 0.000000 0.000000 0.000000 0.000000 0.000000 0.000000 0.000000 0.000000 0.418281 0.418627 0.000000 0.000000 0.000000 0.000000 0.000000 0.000000 0.163092 0.000000 0.000000 0.000000
 0.000000 0.500000 0.000000 0.000000 0.000000 0.000000 0.500000 0.000000 0.000000 0.000000 0.000000 0.000000 0.000000 0.000000 0.000000 0.000000 0.000000 0.000000 0.000000 0.000000
 0.000000 0.000000 0.000000 0.000000 0.000000 0.499998 0.000000 0.000000 0.000000 0.000000 0.500002 0.000000 0.000000 0.000000 0.000000 0.000000 0.000000 0.000000 0.000000 0.000000
 0.000000 0.000000 0.000000 0.000000 0.499998 0.000000 0.000000 0.000000 0.000000 0.000000 0.000000 0.000000 0.000000 0.500002 0.000000 0.000000 0.000000 0.000000 0.000000 0.000000
 0.500000 0.000000 0.000000 0.500000 0.000000 0.000000 0.000000 0.000000 0.000000 0.000000 0.000000 0.000000 0.000000 0.000000 0.000000 0.000000 0.000000 0.000000 0.000000 0.000000
 0.000000 0.317272 0.000000 0.000000 0.000000 0.000000 0.000000 0.000000 0.000000 0.000000 0.000000 0.000000 0.332757 0.000000 0.000000 0.000000 0.000000 0.349503 0.000000 0.000468
 0.000000 0.000000 0.451695 0.000000 0.000000 0.000000 0.000000 0.000000 0.000000 0.096262 0.000000 0.000000 0.000000 0.000000 0.000000 0.000000 0.000000 0.000000 0.452043 0.000000
 0.000000 0.000000 0.456254 0.000000 0.000000 0.000000 0.000000 0.000000 0.097153 0.000000 0.000000 0.000000 0.000000 0.000000 0.000000 0.000000 0.446593 0.000000 0.000000 0.000000
 0.000000 0.000000 0.000000 0.000000 0.499734 0.000000 0.000000 0.000000 0.000000 0.000000 0.000000 0.000000 0.000000 0.000000 0.499695 0.000000 0.000000 0.000000 0.000000 0.000570
 0.000000 0.000000 0.000000 0.000000 0.000000 0.000000 0.000000 0.000000 0.000000 0.000000 0.000000 0.000000 0.307638 0.000000 0.000000 0.336115 0.356247 0.000000 0.000000 0.000000
 0.000000 0.062869 0.000000 0.000000 0.000000 0.000000 0.000000 0.249421 0.000000 0.000000 0.000000 0.227509 0.000000 0.000000 0.000000 0.248084 0.000000 0.212117 0.000000 0.000000
 0.000000 0.000000 0.000000 0.000000 0.000000 0.376144 0.000000 0.000000 0.000000 0.000000 0.000000 0.000000 0.000000 0.000000 0.000000 0.369072 0.000000 0.254784 0.000000 0.000000
 0.000000 0.064392 0.000000 0.000000 0.000000 0.000000 0.000000 0.000000 0.000000 0.000000 0.467786 0.000000 0.000000 0.000000 0.000000 0.000000 0.000000 0.000000 0.000000 0.467823
 0.000000 0.000000 0.000000 0.000000 0.000000 0.000000 0.000000 0.000000 0.000000 0.000000 0.000000 0.328843 0.328203 0.341988 0.000000 0.000000 0.000000 0.000966 0.000000 0.000000
 0.000000 0.000000 0.164451 0.000000 0.000000 0.000000 0.000000 0.000000 0.000000 0.413177 0.000000 0.422116 0.000000 0.000000 0.000000 0.000000 0.000000 0.000000 0.000256 0.000000
 0.000000 0.000000 0.000000 0.000000 0.000000 0.000000 0.000000 0.291990 0.000000 0.000000 0.000000 0.000000 0.236421 0.198901 0.000000 0.000813 0.000000 0.000000 0.000000 0.271875
 0.499810 0.000000 0.000000 0.000000 0.000000 0.000000 0.000000 0.000000 0.499887 0.000000 0.000000 0.000000 0.000000 0.000000 0.000000 0.000000 0.000303 0.000000 0.000000 0.000000
 0.000000 0.318752 0.000000 0.000000 0.000000 0.000000 0.000000 0.000471 0.000000 0.000000 0.000403 0.000000 0.000000 0.000000 0.353281 0.000000 0.000000 0.327093 0.000000 0.000000
the mean of prob-rank is 1.631578947368421
the number of false negetive edges is 0
the number of probability greater than 0 is 3.3/edge
