20
 0.000000 0.000000 0.000000 0.252369 0.000000 0.000000 0.000000 0.000000 0.000000 0.000000 0.000000 0.019760 0.291709 0.000000 0.240311 0.195521 0.000000 0.000000 0.000330 0.000000
 0.000000 0.000000 0.000000 0.000001 0.000001 0.000000 0.000000 0.000000 0.000000 0.000000 0.000000 0.000000 0.000000 0.501823 0.000000 0.498175 0.000000 0.000000 0.000000 0.000000
 0.000000 0.000000 0.000000 0.000002 0.000000 0.000000 0.213047 0.000682 0.138110 0.000000 0.000099 0.211016 0.000000 0.000000 0.228658 0.000000 0.171602 0.000000 0.000000 0.036784
 0.250736 0.000001 0.000002 0.000000 0.189919 0.000000 0.000000 0.000000 0.000086 0.000000 0.000000 0.273301 0.000014 0.000120 0.007548 0.278275 0.000000 0.000000 0.000000 0.000000
 0.000000 0.000001 0.000000 0.252274 0.000000 0.000000 0.000000 0.000927 0.361831 0.000000 0.000000 0.000029 0.000000 0.384938 0.000000 0.000000 0.000000 0.000000 0.000000 0.000000
 0.000000 0.000000 0.000000 0.000000 0.000000 0.000000 0.000000 0.000000 0.000000 0.000000 0.064109 0.000000 0.000000 0.000000 0.000001 0.000000 0.000551 0.468461 0.466879 0.000000
 0.000000 0.000000 0.208932 0.000000 0.000000 0.000000 0.000000 0.000000 0.000000 0.034053 0.144668 0.000011 0.000000 0.000000 0.066351 0.000000 0.155656 0.158620 0.000000 0.231707
 0.000000 0.000000 0.001353 0.000000 0.001139 0.000000 0.000000 0.000000 0.473060 0.470560 0.000000 0.008179 0.000000 0.000000 0.000000 0.000000 0.000000 0.000000 0.000000 0.045708
 0.000000 0.000000 0.182366 0.000093 0.295819 0.000000 0.000000 0.314742 0.000000 0.000041 0.000000 0.206936 0.000000 0.000000 0.000001 0.000000 0.000000 0.000000 0.000000 0.000001
 0.000000 0.000000 0.000000 0.000000 0.000000 0.000000 0.068058 0.464710 0.000061 0.000000 0.000000 0.000000 0.000000 0.000000 0.000000 0.000000 0.000000 0.000000 0.000000 0.467171
 0.000000 0.000000 0.000151 0.000000 0.000000 0.049949 0.225889 0.000000 0.000000 0.000000 0.000000 0.000000 0.000000 0.000000 0.002307 0.000000 0.364865 0.356819 0.000000 0.000020
 0.019968 0.000000 0.260961 0.277976 0.000022 0.000000 0.000014 0.005097 0.193811 0.000000 0.000000 0.000000 0.000000 0.000000 0.241692 0.000000 0.000435 0.000000 0.000000 0.000025
 0.499991 0.000000 0.000000 0.000023 0.000000 0.000000 0.000000 0.000000 0.000000 0.000000 0.000000 0.000000 0.000000 0.000000 0.000000 0.000023 0.000000 0.000000 0.499962 0.000000
 0.000000 0.499919 0.000000 0.000206 0.499875 0.000000 0.000000 0.000000 0.000000 0.000000 0.000000 0.000000 0.000000 0.000000 0.000000 0.000000 0.000000 0.000000 0.000000 0.000000
 0.192714 0.000000 0.224410 0.006092 0.000000 0.000000 0.066401 0.000000 0.000001 0.000000 0.001479 0.191803 0.000000 0.000000 0.000000 0.000000 0.214027 0.022365 0.080707 0.000000
 0.255514 0.378440 0.000000 0.366029 0.000000 0.000000 0.000000 0.000000 0.000000 0.000000 0.000000 0.000000 0.000018 0.000000 0.000000 0.000000 0.000000 0.000000 0.000000 0.000000
 0.000000 0.000000 0.198432 0.000000 0.000000 0.000324 0.183537 0.000000 0.000000 0.000000 0.275530 0.000407 0.000000 0.000000 0.252176 0.000000 0.000000 0.089595 0.000000 0.000000
 0.000000 0.000000 0.000000 0.000000 0.000000 0.319729 0.216957 0.000000 0.000000 0.000000 0.312567 0.000000 0.000000 0.000000 0.030568 0.000000 0.103930 0.000000 0.016249 0.000000
 0.000473 0.000000 0.000000 0.000000 0.000000 0.416384 0.000000 0.000000 0.000000 0.000000 0.000000 0.000000 0.417771 0.000000 0.144140 0.000000 0.000000 0.021233 0.000000 0.000000
 0.000000 0.000000 0.068823 0.000000 0.000000 0.000000 0.442059 0.043091 0.000002 0.445964 0.000024 0.000037 0.000000 0.000000 0.000000 0.000000 0.000000 0.000000 0.000000 0.000000
the mean of prob-rank is 1.8421052631578947
the number of false negetive edges is 0
the number of probability greater than 0 is 6.3/edge
