20
 0.000000 0.000000 0.000000 0.046633 0.000000 0.000000 0.000000 0.000000 0.000000 0.000000 0.000000 0.000000 0.265476 0.000000 0.336558 0.351220 0.000000 0.000000 0.000000 0.000113
 0.000000 0.000000 0.000000 0.500031 0.000000 0.499969 0.000000 0.000000 0.000000 0.000000 0.000000 0.000000 0.000000 0.000000 0.000000 0.000000 0.000000 0.000000 0.000000 0.000000
 0.000000 0.000000 0.000000 0.000000 0.000000 0.000000 0.237776 0.000000 0.205255 0.000306 0.255742 0.005970 0.000000 0.000000 0.000000 0.000008 0.258558 0.000000 0.000000 0.036385
 0.061543 0.463514 0.000000 0.000000 0.000000 0.012270 0.000000 0.000000 0.000000 0.000000 0.000000 0.000000 0.000000 0.000000 0.000000 0.000000 0.000000 0.000000 0.000000 0.462672
 0.000000 0.000000 0.000000 0.000000 0.000000 0.000000 0.016897 0.000000 0.009250 0.337631 0.000000 0.343149 0.000000 0.000000 0.000000 0.000000 0.000000 0.293073 0.000000 0.000000
 0.000000 0.493437 0.000000 0.013064 0.000000 0.000000 0.000000 0.000000 0.000000 0.000000 0.000000 0.000000 0.000000 0.000000 0.000000 0.000000 0.000000 0.000000 0.493499 0.000000
 0.000000 0.000000 0.307602 0.000000 0.016832 0.000000 0.000000 0.000000 0.326663 0.347858 0.000000 0.001037 0.000000 0.000000 0.000000 0.000000 0.000000 0.000008 0.000000 0.000000
 0.000000 0.000000 0.000000 0.000000 0.000000 0.000000 0.000000 0.000000 0.000000 0.000000 0.000000 0.000000 0.406712 0.409980 0.183307 0.000000 0.000000 0.000000 0.000000 0.000000
 0.000000 0.000000 0.279426 0.000000 0.009696 0.000000 0.343757 0.000000 0.000000 0.000424 0.000000 0.000000 0.000000 0.000000 0.000000 0.000000 0.000266 0.366430 0.000000 0.000000
 0.000000 0.000000 0.000394 0.000000 0.334019 0.000000 0.345459 0.000000 0.000400 0.000000 0.000000 0.319728 0.000000 0.000000 0.000000 0.000000 0.000000 0.000000 0.000000 0.000000
 0.000000 0.000000 0.337401 0.000000 0.000000 0.000000 0.000000 0.000000 0.000000 0.000000 0.000000 0.307572 0.000000 0.000000 0.000000 0.000000 0.000000 0.000000 0.355028 0.000000
 0.000000 0.000000 0.007928 0.000000 0.350910 0.000000 0.001064 0.000000 0.000000 0.330496 0.309601 0.000000 0.000000 0.000000 0.000000 0.000000 0.000000 0.000000 0.000000 0.000000
 0.271927 0.000000 0.000000 0.000000 0.000000 0.000000 0.000000 0.356887 0.000000 0.000000 0.000000 0.000000 0.000000 0.000000 0.359754 0.000000 0.011433 0.000000 0.000000 0.000000
 0.000000 0.000000 0.000000 0.000000 0.000000 0.000000 0.000000 0.382153 0.000000 0.000000 0.000000 0.000000 0.000000 0.000000 0.000000 0.000000 0.372052 0.245795 0.000000 0.000000
 0.322617 0.000000 0.000000 0.000000 0.000000 0.000000 0.000000 0.150530 0.000000 0.000000 0.000000 0.000000 0.336672 0.000000 0.000000 0.000000 0.190181 0.000000 0.000000 0.000000
 0.499992 0.000000 0.000015 0.000000 0.000000 0.000000 0.000000 0.000000 0.000000 0.000000 0.000000 0.000000 0.000000 0.000000 0.000000 0.000000 0.000000 0.000000 0.000000 0.499992
 0.000000 0.000000 0.284316 0.000000 0.000000 0.000000 0.000000 0.000000 0.000215 0.000000 0.000000 0.000000 0.009407 0.288164 0.167198 0.000000 0.000000 0.250700 0.000000 0.000000
 0.000000 0.000000 0.000000 0.000000 0.251882 0.000000 0.000007 0.000000 0.300420 0.000000 0.000000 0.000000 0.000000 0.193230 0.000000 0.000000 0.254461 0.000000 0.000000 0.000000
 0.000000 0.000000 0.000000 0.000000 0.000000 0.500065 0.000000 0.000000 0.000000 0.000000 0.499935 0.000000 0.000000 0.000000 0.000000 0.000000 0.000000 0.000000 0.000000 0.000000
 0.000150 0.000000 0.063352 0.467823 0.000000 0.000000 0.000000 0.000000 0.000000 0.000000 0.000000 0.000000 0.000000 0.000000 0.000000 0.468675 0.000000 0.000000 0.000000 0.000000
the mean of prob-rank is 1.736842105263158
the number of false negetive edges is 0
the number of probability greater than 0 is 4.3/edge
