20
 0.000000 0.000008 0.126289 0.000000 0.000000 0.000007 0.000000 0.000000 0.000000 0.023001 0.304172 0.000000 0.000000 0.000000 0.000000 0.293737 0.252785 0.000000 0.000000 0.000000
 0.000010 0.000000 0.170275 0.000000 0.000000 0.000000 0.000000 0.000000 0.000000 0.000000 0.000000 0.000000 0.410772 0.418942 0.000000 0.000000 0.000000 0.000000 0.000000 0.000000
 0.088750 0.087744 0.000000 0.000000 0.000000 0.000000 0.008183 0.163423 0.000000 0.046861 0.000000 0.000000 0.112352 0.000000 0.097230 0.180903 0.000000 0.214553 0.000000 0.000000
 0.000000 0.000000 0.000000 0.000000 0.000000 0.243286 0.000000 0.000000 0.186833 0.000000 0.000000 0.199574 0.000000 0.000000 0.219251 0.000000 0.151056 0.000000 0.000000 0.000000
 0.000000 0.000000 0.000000 0.000000 0.000000 0.000000 0.000000 0.000000 0.000000 0.000000 0.369289 0.000000 0.000000 0.000000 0.000000 0.000000 0.271979 0.000000 0.000000 0.358732
 0.000011 0.000000 0.000001 0.457759 0.000000 0.000000 0.000000 0.000000 0.032067 0.462625 0.000000 0.000001 0.000000 0.000000 0.000179 0.000247 0.047110 0.000000 0.000000 0.000000
 0.000000 0.000000 0.013241 0.000000 0.000000 0.000000 0.000000 0.321752 0.000000 0.000000 0.000000 0.000000 0.000000 0.000000 0.315678 0.000000 0.000000 0.349330 0.000000 0.000000
 0.000000 0.000000 0.246942 0.000000 0.000000 0.000000 0.300460 0.000000 0.000000 0.000000 0.000000 0.000000 0.326176 0.000000 0.000000 0.000000 0.000000 0.126422 0.000000 0.000000
 0.000000 0.000000 0.000000 0.270579 0.000000 0.024682 0.000000 0.000000 0.000000 0.000000 0.000000 0.348560 0.000000 0.000000 0.000000 0.000000 0.356179 0.000000 0.000000 0.000000
 0.032682 0.000000 0.094746 0.000000 0.000000 0.436364 0.000000 0.000000 0.000000 0.000000 0.000000 0.000000 0.000000 0.000000 0.000024 0.436184 0.000000 0.000000 0.000000 0.000000
 0.394335 0.000000 0.000000 0.000000 0.398162 0.000000 0.000000 0.000000 0.000000 0.000000 0.000000 0.000000 0.000000 0.000000 0.000000 0.000000 0.000000 0.000000 0.013241 0.194262
 0.000000 0.000000 0.000000 0.290842 0.000000 0.000001 0.000000 0.000000 0.350746 0.000000 0.000000 0.000000 0.000000 0.000000 0.358411 0.000000 0.000001 0.000000 0.000000 0.000000
 0.000000 0.392072 0.208103 0.000000 0.000000 0.000000 0.000000 0.399825 0.000000 0.000000 0.000000 0.000000 0.000000 0.000000 0.000000 0.000000 0.000000 0.000000 0.000000 0.000000
 0.000000 0.500004 0.000000 0.000000 0.000000 0.000000 0.000000 0.000000 0.000000 0.000000 0.000000 0.000000 0.000000 0.000000 0.000000 0.000000 0.000000 0.000000 0.499996 0.000000
 0.000000 0.000000 0.138751 0.274642 0.000000 0.000119 0.278397 0.000000 0.000000 0.000017 0.000000 0.308073 0.000000 0.000000 0.000000 0.000000 0.000000 0.000000 0.000000 0.000000
 0.342230 0.000000 0.299916 0.000000 0.000000 0.000191 0.000000 0.000000 0.000000 0.357663 0.000000 0.000000 0.000000 0.000000 0.000000 0.000000 0.000000 0.000000 0.000000 0.000000
 0.251245 0.000000 0.000000 0.187530 0.224818 0.031083 0.000000 0.000000 0.305323 0.000000 0.000000 0.000001 0.000000 0.000000 0.000000 0.000000 0.000000 0.000000 0.000000 0.000000
 0.000000 0.000000 0.417337 0.000000 0.000000 0.000000 0.419924 0.162739 0.000000 0.000000 0.000000 0.000000 0.000000 0.000000 0.000000 0.000000 0.000000 0.000000 0.000000 0.000000
 0.000000 0.000000 0.000000 0.000000 0.000000 0.000000 0.000000 0.000000 0.000000 0.000000 0.016366 0.000000 0.000000 0.492266 0.000000 0.000000 0.000000 0.000000 0.000000 0.491367
 0.000000 0.000000 0.000000 0.000000 0.395253 0.000000 0.000000 0.000000 0.000000 0.000000 0.198518 0.000000 0.000000 0.000000 0.000000 0.000000 0.000000 0.000000 0.406229 0.000000
the mean of prob-rank is 1.6842105263157894
the number of false negetive edges is 0
the number of probability greater than 0 is 4.4/edge
