20
 0.000000 0.000000 0.000000 0.496801 0.000000 0.006341 0.000000 0.000000 0.000000 0.000000 0.000000 0.000000 0.000000 0.000000 0.000000 0.496857 0.000000 0.000000 0.000000 0.000000
 0.000000 0.000000 0.416788 0.000000 0.000000 0.000000 0.000000 0.000000 0.000000 0.000000 0.000000 0.007017 0.005006 0.414747 0.000000 0.000000 0.156442 0.000000 0.000000 0.000000
 0.000000 0.367745 0.000000 0.000000 0.000000 0.000000 0.000000 0.000000 0.000000 0.000000 0.000000 0.000000 0.360660 0.271595 0.000000 0.000000 0.000000 0.000000 0.000000 0.000000
 0.496593 0.000000 0.000000 0.000000 0.000000 0.000000 0.004487 0.000000 0.000000 0.000000 0.000000 0.000000 0.000000 0.000000 0.000000 0.001103 0.000000 0.000000 0.496649 0.001167
 0.000000 0.000000 0.000000 0.000000 0.000000 0.000000 0.000000 0.000000 0.000000 0.208737 0.287513 0.000000 0.000000 0.000000 0.000006 0.000000 0.221178 0.282565 0.000000 0.000000
 0.006343 0.000000 0.000000 0.000000 0.000000 0.000000 0.000000 0.496954 0.000000 0.000000 0.000000 0.000000 0.000000 0.000000 0.000000 0.496703 0.000000 0.000000 0.000000 0.000000
 0.000000 0.000000 0.000000 0.004496 0.000000 0.000000 0.000000 0.000000 0.000000 0.000000 0.000000 0.000000 0.000000 0.000000 0.000000 0.000379 0.000000 0.000000 0.497480 0.497644
 0.000000 0.000000 0.000000 0.000000 0.000000 0.500000 0.000000 0.000000 0.000000 0.000000 0.000000 0.000000 0.500000 0.000000 0.000000 0.000000 0.000000 0.000000 0.000000 0.000000
 0.000000 0.000000 0.000000 0.000000 0.000000 0.000000 0.000000 0.000000 0.000000 0.325959 0.000002 0.000000 0.000000 0.000000 0.349701 0.000000 0.000000 0.000000 0.000000 0.324337
 0.000000 0.000000 0.000000 0.000000 0.265401 0.000000 0.000000 0.000000 0.341650 0.000000 0.366535 0.000000 0.000000 0.000000 0.026414 0.000000 0.000000 0.000000 0.000000 0.000000
 0.000000 0.000000 0.000000 0.000000 0.351794 0.000000 0.000000 0.000000 0.000002 0.352731 0.000000 0.000000 0.000000 0.000000 0.295473 0.000000 0.000000 0.000000 0.000000 0.000000
 0.000000 0.006056 0.000000 0.000000 0.000000 0.000000 0.000000 0.000000 0.000000 0.000000 0.000000 0.000000 0.000000 0.343760 0.000000 0.000000 0.351565 0.298619 0.000000 0.000000
 0.000000 0.004469 0.364956 0.000000 0.000000 0.000000 0.000000 0.372125 0.000000 0.000000 0.000000 0.000000 0.000000 0.258449 0.000000 0.000000 0.000000 0.000000 0.000000 0.000000
 0.000000 0.294075 0.218256 0.000000 0.000000 0.000000 0.000000 0.000000 0.000000 0.000000 0.000000 0.282422 0.205247 0.000000 0.000000 0.000000 0.000000 0.000000 0.000000 0.000000
 0.000000 0.000000 0.000000 0.000000 0.000008 0.000000 0.000000 0.000000 0.373402 0.026909 0.312789 0.000000 0.000000 0.000000 0.000000 0.000000 0.000000 0.000000 0.000000 0.286891
 0.499381 0.000000 0.000000 0.001109 0.000000 0.499129 0.000381 0.000000 0.000000 0.000000 0.000000 0.000000 0.000000 0.000000 0.000000 0.000000 0.000000 0.000000 0.000000 0.000000
 0.000000 0.120441 0.000000 0.000000 0.246187 0.000000 0.000000 0.000000 0.000000 0.000000 0.000000 0.313614 0.000000 0.000000 0.000000 0.000000 0.000000 0.319758 0.000000 0.000000
 0.000000 0.000000 0.000000 0.000000 0.349207 0.000000 0.000000 0.000000 0.000000 0.000000 0.000000 0.295766 0.000000 0.000000 0.000000 0.000000 0.355027 0.000000 0.000000 0.000000
 0.000000 0.000000 0.000000 0.489015 0.000000 0.000000 0.488846 0.000000 0.000000 0.000000 0.000000 0.000000 0.000000 0.000000 0.000000 0.000000 0.000000 0.000000 0.000000 0.022138
 0.000000 0.000000 0.000000 0.000857 0.000000 0.000000 0.364506 0.000000 0.338074 0.000000 0.000000 0.000000 0.000000 0.000000 0.280061 0.000000 0.000000 0.000000 0.016502 0.000000
the mean of prob-rank is 1.736842105263158
the number of false negetive edges is 0
the number of probability greater than 0 is 3.9/edge
