20
 0.000000 0.500141 0.000000 0.000000 0.000000 0.000000 0.000000 0.000000 0.000000 0.000002 0.499625 0.000000 0.000000 0.000000 0.000000 0.000192 0.000000 0.000000 0.000040 0.000000
 0.499511 0.000000 0.000000 0.000000 0.000000 0.000000 0.001449 0.000000 0.000000 0.000000 0.000000 0.000000 0.000000 0.000000 0.000000 0.000000 0.000000 0.000000 0.000000 0.499040
 0.000000 0.000000 0.000000 0.000000 0.000000 0.499354 0.000000 0.000001 0.000000 0.001136 0.000000 0.000000 0.000000 0.000000 0.000000 0.000000 0.000000 0.000000 0.499509 0.000000
 0.000000 0.000000 0.000000 0.000000 0.454946 0.089724 0.000000 0.455330 0.000000 0.000000 0.000000 0.000000 0.000000 0.000000 0.000000 0.000000 0.000000 0.000000 0.000000 0.000000
 0.000000 0.000000 0.000000 0.413487 0.000000 0.000000 0.000000 0.000000 0.413841 0.000000 0.000000 0.000000 0.000000 0.000000 0.000000 0.000000 0.000000 0.172671 0.000000 0.000000
 0.000000 0.000000 0.455118 0.089709 0.000000 0.000000 0.000000 0.455173 0.000000 0.000000 0.000000 0.000000 0.000000 0.000000 0.000000 0.000000 0.000000 0.000000 0.000000 0.000000
 0.000000 0.001452 0.000000 0.000000 0.000000 0.000000 0.000000 0.000000 0.000000 0.000000 0.000000 0.000000 0.497979 0.000000 0.000000 0.000000 0.000000 0.000000 0.000000 0.500569
 0.000000 0.000000 0.000000 0.372971 0.000000 0.372904 0.000000 0.000000 0.000000 0.000000 0.000000 0.000000 0.000000 0.000000 0.000000 0.000000 0.000000 0.254124 0.000000 0.000000
 0.000000 0.000000 0.000000 0.000000 0.459855 0.000000 0.000000 0.000000 0.000000 0.000000 0.000000 0.000000 0.000000 0.000000 0.082167 0.000000 0.000000 0.457978 0.000000 0.000000
 0.000002 0.000000 0.001136 0.000000 0.000000 0.000000 0.000000 0.000000 0.000000 0.000000 0.000000 0.000000 0.499442 0.000000 0.000000 0.000000 0.000000 0.000000 0.499420 0.000000
 0.457729 0.000000 0.000000 0.000000 0.000000 0.000000 0.000000 0.000000 0.000000 0.000000 0.000000 0.083573 0.000000 0.000000 0.000000 0.458205 0.000000 0.000002 0.000490 0.000000
 0.000000 0.000000 0.000000 0.000000 0.000000 0.000000 0.000000 0.000000 0.000000 0.000000 0.083582 0.000000 0.000000 0.458229 0.000000 0.458189 0.000000 0.000000 0.000000 0.000000
 0.000000 0.000000 0.000000 0.000000 0.000000 0.000000 0.474501 0.000000 0.000000 0.476969 0.000000 0.000000 0.000000 0.000000 0.000000 0.000000 0.000000 0.000000 0.000000 0.048530
 0.000000 0.000000 0.000000 0.000000 0.000000 0.000000 0.000000 0.000000 0.000000 0.000000 0.000000 0.465419 0.000000 0.000000 0.000000 0.009869 0.464999 0.059714 0.000000 0.000000
 0.000000 0.000000 0.000000 0.000000 0.000000 0.000000 0.000000 0.000000 0.082082 0.000000 0.000000 0.000000 0.000000 0.000000 0.000000 0.000000 0.459381 0.458537 0.000000 0.000000
 0.000190 0.000000 0.000000 0.000000 0.000000 0.000000 0.000000 0.000000 0.000000 0.000000 0.494694 0.494626 0.000000 0.010489 0.000000 0.000000 0.000000 0.000000 0.000000 0.000000
 0.000000 0.000000 0.000000 0.000000 0.000000 0.000000 0.000000 0.000000 0.000000 0.000000 0.000000 0.000000 0.000000 0.434291 0.434708 0.000000 0.000000 0.131001 0.000000 0.000000
 0.000000 0.000000 0.000000 0.000000 0.118456 0.000000 0.000000 0.193436 0.282745 0.000000 0.000001 0.000000 0.000000 0.036423 0.283383 0.000000 0.085556 0.000000 0.000000 0.000000
 0.000040 0.000000 0.499724 0.000000 0.000000 0.000000 0.000000 0.000000 0.000000 0.499701 0.000535 0.000000 0.000000 0.000000 0.000000 0.000000 0.000000 0.000000 0.000000 0.000000
 0.000000 0.475556 0.000000 0.000000 0.000000 0.000000 0.476012 0.000000 0.000000 0.000000 0.000000 0.000000 0.048433 0.000000 0.000000 0.000000 0.000000 0.000000 0.000000 0.000000
the mean of prob-rank is 1.5789473684210527
the number of false negetive edges is 0
the number of probability greater than 0 is 3.6/edge
