20
 0.000000 0.027187 0.000000 0.000000 0.000000 0.000000 0.000000 0.000000 0.000000 0.486524 0.000000 0.000000 0.000000 0.000000 0.000000 0.000000 0.000000 0.486289 0.000000 0.000000
 0.027197 0.000000 0.000000 0.000000 0.000000 0.000000 0.000000 0.000000 0.000000 0.000000 0.000000 0.000000 0.000000 0.486700 0.000000 0.000000 0.000000 0.000000 0.486103 0.000000
 0.000000 0.000000 0.000000 0.000000 0.000000 0.468591 0.000000 0.000000 0.063263 0.000000 0.000000 0.000000 0.000000 0.000000 0.000000 0.000000 0.000000 0.000000 0.000000 0.468146
 0.000000 0.000000 0.000000 0.000000 0.000000 0.000000 0.000000 0.000000 0.000000 0.000000 0.497375 0.497437 0.000000 0.000000 0.000000 0.000000 0.000000 0.005188 0.000000 0.000000
 0.000000 0.000000 0.000000 0.000000 0.000000 0.000000 0.000000 0.000739 0.000000 0.000000 0.000000 0.000000 0.000000 0.000000 0.000000 0.000000 0.000000 0.431503 0.430444 0.137314
 0.000000 0.000000 0.499804 0.000000 0.000000 0.000000 0.000000 0.499801 0.000000 0.000000 0.000395 0.000000 0.000000 0.000000 0.000000 0.000000 0.000000 0.000000 0.000000 0.000000
 0.000000 0.000000 0.000000 0.000000 0.000000 0.000000 0.000000 0.000000 0.000000 0.000000 0.000000 0.000000 0.500001 0.000000 0.000000 0.499999 0.000000 0.000000 0.000000 0.000000
 0.000000 0.000000 0.000000 0.000000 0.000856 0.499345 0.000000 0.000000 0.000000 0.000000 0.499348 0.000000 0.000000 0.000000 0.000000 0.000000 0.000000 0.000138 0.000000 0.000313
 0.000000 0.000000 0.058571 0.000000 0.000000 0.000000 0.000000 0.000000 0.000000 0.000000 0.000000 0.000000 0.000000 0.000000 0.000000 0.000000 0.433836 0.000000 0.074507 0.433086
 0.499986 0.000000 0.000000 0.000000 0.000000 0.000000 0.000000 0.000000 0.000000 0.000000 0.000000 0.499987 0.000000 0.000000 0.000000 0.000000 0.000000 0.000027 0.000000 0.000000
 0.000000 0.000000 0.000000 0.499772 0.000000 0.000395 0.000000 0.499834 0.000000 0.000000 0.000000 0.000000 0.000000 0.000000 0.000000 0.000000 0.000000 0.000000 0.000000 0.000000
 0.000000 0.000000 0.000000 0.500000 0.000000 0.000000 0.000000 0.000000 0.000000 0.500000 0.000000 0.000000 0.000000 0.000000 0.000000 0.000000 0.000000 0.000000 0.000000 0.000000
 0.000000 0.000000 0.000000 0.000000 0.000000 0.000000 0.500000 0.000000 0.000000 0.000000 0.000000 0.000000 0.000000 0.000000 0.500000 0.000000 0.000000 0.000000 0.000000 0.000000
 0.000000 0.499999 0.000000 0.000000 0.000000 0.000000 0.000000 0.000000 0.000000 0.000000 0.000000 0.000000 0.000000 0.000000 0.500001 0.000000 0.000000 0.000000 0.000000 0.000000
 0.000000 0.000000 0.000000 0.000000 0.000000 0.000000 0.000000 0.000000 0.000000 0.000000 0.000000 0.000000 0.500000 0.500000 0.000000 0.000000 0.000000 0.000000 0.000000 0.000000
 0.000000 0.000000 0.000000 0.000000 0.000000 0.000000 0.498616 0.000000 0.000000 0.000000 0.000000 0.000000 0.000000 0.000000 0.000000 0.000000 0.498617 0.000000 0.002767 0.000000
 0.000000 0.000000 0.000000 0.000000 0.000000 0.000000 0.000000 0.000000 0.500000 0.000000 0.000000 0.000000 0.000000 0.000000 0.000000 0.500000 0.000000 0.000000 0.000000 0.000000
 0.486296 0.000000 0.000000 0.005074 0.486531 0.000000 0.000000 0.000135 0.000000 0.000026 0.000000 0.000000 0.000000 0.000000 0.000000 0.000000 0.000000 0.000000 0.021419 0.000520
 0.000000 0.442216 0.000000 0.000000 0.441674 0.000000 0.000000 0.000000 0.076040 0.000000 0.000000 0.000000 0.000000 0.000000 0.000000 0.002457 0.000000 0.019492 0.000000 0.018121
 0.000000 0.000000 0.423656 0.000000 0.134945 0.000000 0.000000 0.000266 0.423325 0.000000 0.000000 0.000000 0.000000 0.000000 0.000000 0.000000 0.000000 0.000453 0.017355 0.000000
the mean of prob-rank is 1.631578947368421
the number of false negetive edges is 0
the number of probability greater than 0 is 3.4/edge
