20
 0.000000 0.000000 0.000000 0.000000 0.000000 0.000000 0.000000 0.000000 0.000000 0.000000 0.500000 0.000000 0.000000 0.000000 0.500000 0.000000 0.000000 0.000000 0.000000 0.000000
 0.000000 0.000000 0.000000 0.499659 0.000000 0.000000 0.000000 0.000000 0.000000 0.000000 0.000218 0.000000 0.000000 0.000000 0.000000 0.000000 0.000000 0.000000 0.500123 0.000000
 0.000000 0.000000 0.000000 0.000000 0.000000 0.000000 0.000000 0.292002 0.311710 0.000000 0.000000 0.000000 0.000000 0.000000 0.272236 0.000000 0.000000 0.000000 0.000000 0.124053
 0.000000 0.432335 0.000000 0.000000 0.000000 0.000000 0.134977 0.000000 0.000000 0.000000 0.000000 0.432688 0.000000 0.000000 0.000000 0.000000 0.000000 0.000000 0.000000 0.000000
 0.000000 0.000000 0.000000 0.000000 0.000000 0.000000 0.000000 0.000000 0.000000 0.000000 0.000000 0.163346 0.092405 0.373556 0.000000 0.000000 0.000000 0.370693 0.000000 0.000000
 0.000000 0.000000 0.000000 0.000000 0.000000 0.000000 0.000000 0.005019 0.000000 0.015488 0.000000 0.000000 0.000000 0.000002 0.000000 0.489727 0.489764 0.000000 0.000000 0.000000
 0.000000 0.000000 0.000000 0.135195 0.000000 0.000000 0.000000 0.000000 0.000000 0.000000 0.000000 0.431389 0.000000 0.000000 0.000000 0.000000 0.000000 0.433416 0.000000 0.000000
 0.000000 0.000000 0.334581 0.000000 0.000000 0.003660 0.000000 0.000000 0.291660 0.000000 0.000000 0.000000 0.000000 0.000000 0.000000 0.000000 0.012936 0.000000 0.000000 0.357163
 0.000000 0.000000 0.364492 0.000000 0.000000 0.000000 0.000000 0.297645 0.000000 0.000000 0.000000 0.000000 0.000000 0.000000 0.337863 0.000000 0.000000 0.000000 0.000000 0.000000
 0.000000 0.000000 0.000000 0.000000 0.000000 0.015250 0.000000 0.000000 0.000000 0.000000 0.000000 0.000000 0.482240 0.000000 0.000000 0.482235 0.020275 0.000000 0.000000 0.000000
 0.499894 0.000218 0.000000 0.000000 0.000000 0.000000 0.000000 0.000000 0.000000 0.000000 0.000000 0.000000 0.000000 0.000000 0.000000 0.000000 0.000000 0.000000 0.499888 0.000000
 0.000000 0.000000 0.000000 0.376494 0.164648 0.000000 0.374757 0.000000 0.000000 0.000000 0.000000 0.000000 0.004527 0.079574 0.000000 0.000000 0.000000 0.000000 0.000000 0.000000
 0.000000 0.000000 0.000000 0.000000 0.108821 0.000000 0.000000 0.000000 0.000000 0.439922 0.000000 0.005289 0.000000 0.438604 0.000000 0.007364 0.000000 0.000000 0.000000 0.000000
 0.000000 0.000000 0.000000 0.000000 0.411087 0.000002 0.000000 0.000000 0.000000 0.000000 0.000000 0.086876 0.409855 0.000000 0.000000 0.000014 0.000000 0.092166 0.000000 0.000000
 0.357104 0.000000 0.311882 0.000000 0.000000 0.000000 0.000000 0.000000 0.331015 0.000000 0.000000 0.000000 0.000000 0.000000 0.000000 0.000000 0.000000 0.000000 0.000000 0.000000
 0.000000 0.000000 0.000000 0.000000 0.000000 0.495825 0.000000 0.000000 0.000000 0.495857 0.000000 0.000000 0.008301 0.000017 0.000000 0.000000 0.000000 0.000000 0.000000 0.000000
 0.000000 0.000000 0.000000 0.000000 0.000000 0.481412 0.000000 0.017436 0.000000 0.020240 0.000000 0.000000 0.000000 0.000000 0.000000 0.000000 0.000000 0.000000 0.000000 0.480911
 0.000000 0.000000 0.000000 0.000000 0.447706 0.000000 0.451143 0.000000 0.000000 0.000000 0.000000 0.000000 0.000000 0.101152 0.000000 0.000000 0.000000 0.000000 0.000000 0.000000
 0.000000 0.500003 0.000000 0.000000 0.000000 0.000000 0.000000 0.000000 0.000000 0.000000 0.499997 0.000000 0.000000 0.000000 0.000000 0.000000 0.000000 0.000000 0.000000 0.000000
 0.000000 0.000000 0.166035 0.000000 0.000000 0.000000 0.000000 0.417200 0.000000 0.000000 0.000000 0.000000 0.000000 0.000000 0.000000 0.000000 0.416765 0.000000 0.000000 0.000000
the mean of prob-rank is 1.5263157894736843
the number of false negetive edges is 0
the number of probability greater than 0 is 3.7/edge
