20
 0.000000 0.000000 0.000000 0.000000 0.000000 0.000000 0.000000 0.000000 0.500000 0.000000 0.000000 0.000000 0.000000 0.000000 0.000000 0.000000 0.000000 0.000000 0.500000 0.000000
 0.000000 0.000000 0.000000 0.000000 0.000000 0.000000 0.000000 0.000000 0.000000 0.251030 0.202017 0.000000 0.000000 0.296560 0.000000 0.000000 0.000000 0.000000 0.000000 0.250393
 0.000000 0.000000 0.000000 0.000000 0.000000 0.000000 0.000000 0.000000 0.000000 0.000000 0.000000 0.000000 0.000000 0.000000 0.000000 0.499545 0.000000 0.000908 0.499547 0.000000
 0.000000 0.000000 0.000000 0.000000 0.000000 0.000000 0.000000 0.000000 0.000000 0.119967 0.440247 0.000000 0.000000 0.000000 0.000000 0.000000 0.439786 0.000000 0.000000 0.000000
 0.000000 0.000000 0.000000 0.000000 0.000000 0.000000 0.470153 0.000000 0.000000 0.000000 0.000000 0.000000 0.000000 0.000000 0.000000 0.053296 0.005159 0.471393 0.000000 0.000000
 0.000000 0.000000 0.000000 0.000000 0.000000 0.000000 0.488424 0.023146 0.000000 0.000000 0.000000 0.000000 0.000000 0.000000 0.488430 0.000000 0.000000 0.000000 0.000000 0.000000
 0.000000 0.000000 0.000000 0.000000 0.476713 0.477963 0.000000 0.023421 0.000000 0.000000 0.000000 0.000000 0.000000 0.000000 0.000000 0.000000 0.000000 0.021903 0.000000 0.000000
 0.000000 0.000000 0.000000 0.000000 0.000000 0.022660 0.023431 0.000000 0.000000 0.000000 0.000000 0.477802 0.000000 0.000011 0.476095 0.000000 0.000001 0.000000 0.000000 0.000000
 0.500000 0.000000 0.000000 0.000000 0.000000 0.000000 0.000000 0.000000 0.000000 0.000000 0.000000 0.000000 0.500000 0.000000 0.000000 0.000000 0.000000 0.000000 0.000000 0.000000
 0.000000 0.282292 0.000000 0.090848 0.000000 0.000000 0.000000 0.000000 0.000000 0.000000 0.332648 0.000000 0.000000 0.289449 0.000000 0.000000 0.004764 0.000000 0.000000 0.000000
 0.000000 0.251048 0.000000 0.368422 0.000000 0.000000 0.000000 0.000000 0.000000 0.367605 0.000000 0.000000 0.000035 0.005368 0.000000 0.000000 0.007454 0.000000 0.000000 0.000069
 0.000000 0.000000 0.000000 0.000000 0.000000 0.000000 0.000000 0.458401 0.000000 0.000000 0.000000 0.000000 0.000000 0.000000 0.082849 0.000000 0.458750 0.000000 0.000000 0.000000
 0.000000 0.000000 0.000000 0.000000 0.000000 0.000000 0.000000 0.000000 0.499991 0.000000 0.000047 0.000000 0.000000 0.000000 0.000000 0.000000 0.000000 0.000000 0.000000 0.499962
 0.000000 0.360130 0.000000 0.000000 0.000000 0.000000 0.000000 0.000008 0.000000 0.312570 0.005246 0.000000 0.000000 0.000000 0.000000 0.000000 0.000000 0.000000 0.000000 0.322046
 0.000000 0.000000 0.000000 0.000000 0.000000 0.459508 0.000000 0.457508 0.000000 0.000000 0.000000 0.082984 0.000000 0.000000 0.000000 0.000000 0.000000 0.000000 0.000000 0.000000
 0.000000 0.000000 0.473382 0.000000 0.053521 0.000000 0.000000 0.000000 0.000000 0.000000 0.000000 0.000000 0.000000 0.000000 0.000000 0.000000 0.000000 0.473097 0.000000 0.000000
 0.000000 0.000000 0.000000 0.488553 0.005354 0.000000 0.000000 0.000001 0.000000 0.006988 0.009894 0.489208 0.000000 0.000000 0.000000 0.000000 0.000000 0.000000 0.000000 0.000000
 0.000000 0.000000 0.000888 0.000000 0.488511 0.000000 0.022386 0.000000 0.000000 0.000000 0.000000 0.000000 0.000000 0.000000 0.000000 0.488215 0.000000 0.000000 0.000000 0.000000
 0.500000 0.000000 0.500000 0.000000 0.000000 0.000000 0.000000 0.000000 0.000000 0.000000 0.000000 0.000000 0.000000 0.000000 0.000000 0.000000 0.000000 0.000000 0.000000 0.000000
 0.000000 0.308294 0.000000 0.000000 0.000000 0.000000 0.000000 0.000000 0.000000 0.000000 0.000069 0.000000 0.365115 0.326523 0.000000 0.000000 0.000000 0.000000 0.000000 0.000000
the mean of prob-rank is 1.6842105263157894
the number of false negetive edges is 0
the number of probability greater than 0 is 3.8/edge
