20
 0.000000 0.000000 0.000000 0.000000 0.500003 0.000000 0.000000 0.000000 0.000000 0.000000 0.000000 0.000000 0.000000 0.000000 0.499997 0.000000 0.000000 0.000000 0.000000 0.000000
 0.000000 0.000000 0.000000 0.499999 0.000000 0.000000 0.000000 0.000002 0.000000 0.000000 0.000000 0.000000 0.000000 0.499999 0.000000 0.000000 0.000000 0.000000 0.000000 0.000000
 0.000000 0.000000 0.000000 0.000000 0.000000 0.414179 0.005080 0.000000 0.000000 0.000000 0.000000 0.000000 0.428432 0.000000 0.014879 0.137430 0.000000 0.000000 0.000000 0.000000
 0.000000 0.455308 0.000000 0.000000 0.000000 0.000000 0.000000 0.082349 0.000000 0.007094 0.455249 0.000000 0.000000 0.000000 0.000000 0.000000 0.000000 0.000000 0.000000 0.000000
 0.500000 0.000000 0.000000 0.000000 0.000000 0.000000 0.000000 0.000000 0.000000 0.000000 0.000000 0.000000 0.000000 0.000000 0.000000 0.000000 0.500000 0.000000 0.000000 0.000000
 0.000000 0.000000 0.405335 0.000000 0.000000 0.000000 0.120024 0.000000 0.000000 0.000000 0.000000 0.000000 0.055419 0.000000 0.419222 0.000000 0.000000 0.000000 0.000000 0.000000
 0.000000 0.000000 0.005161 0.000000 0.000000 0.124611 0.000000 0.434712 0.000000 0.434926 0.000585 0.000000 0.000005 0.000000 0.000000 0.000000 0.000000 0.000000 0.000000 0.000000
 0.000000 0.000002 0.000000 0.082981 0.000000 0.000000 0.458174 0.000000 0.000000 0.000041 0.000000 0.000000 0.000000 0.000000 0.000000 0.000000 0.000000 0.000000 0.458803 0.000000
 0.000000 0.000000 0.000000 0.000000 0.000000 0.000000 0.000000 0.000000 0.000000 0.000000 0.002133 0.498789 0.000000 0.000000 0.000000 0.000000 0.000000 0.000000 0.000000 0.499078
 0.000000 0.000000 0.000000 0.007733 0.000000 0.000000 0.495894 0.000044 0.000000 0.000000 0.496330 0.000000 0.000000 0.000000 0.000000 0.000000 0.000000 0.000000 0.000000 0.000000
 0.000000 0.000000 0.000000 0.497424 0.000000 0.000000 0.000669 0.000000 0.002126 0.497488 0.000000 0.002293 0.000000 0.000000 0.000000 0.000000 0.000000 0.000000 0.000000 0.000000
 0.000000 0.000000 0.000000 0.000000 0.000000 0.000000 0.000000 0.000000 0.498688 0.000000 0.002300 0.000000 0.000000 0.498978 0.000000 0.000000 0.000000 0.000010 0.000000 0.000024
 0.000000 0.000000 0.464236 0.000000 0.000000 0.061361 0.000005 0.000000 0.000000 0.000000 0.000000 0.000000 0.000000 0.000000 0.013111 0.461288 0.000000 0.000000 0.000000 0.000000
 0.000000 0.500000 0.000000 0.000000 0.000000 0.000000 0.000000 0.000000 0.000000 0.000000 0.000000 0.500000 0.000000 0.000000 0.000000 0.000000 0.000000 0.000000 0.000000 0.000000
 0.484769 0.000000 0.016835 0.000000 0.000000 0.484705 0.000000 0.000000 0.000000 0.000000 0.000000 0.000000 0.013691 0.000000 0.000000 0.000000 0.000000 0.000000 0.000000 0.000000
 0.000000 0.000000 0.138598 0.000000 0.000000 0.000000 0.000000 0.000000 0.000000 0.000000 0.000000 0.000000 0.429329 0.000000 0.000000 0.000000 0.000000 0.432073 0.000000 0.000001
 0.000000 0.000000 0.000000 0.000000 0.500000 0.000000 0.000000 0.000000 0.000000 0.000000 0.000000 0.000000 0.000000 0.000000 0.000000 0.000000 0.000000 0.000000 0.500000 0.000000
 0.000000 0.000000 0.000000 0.000000 0.000000 0.000000 0.000000 0.000000 0.000000 0.000000 0.000000 0.000010 0.000000 0.000000 0.000000 0.499996 0.000000 0.000000 0.000000 0.499994
 0.000000 0.000000 0.000000 0.000000 0.000000 0.000000 0.000000 0.500000 0.000000 0.000000 0.000000 0.000000 0.000000 0.000000 0.000000 0.000000 0.500000 0.000000 0.000000 0.000000
 0.000000 0.000000 0.000000 0.000000 0.000000 0.000000 0.000000 0.000000 0.499988 0.000000 0.000000 0.000024 0.000000 0.000000 0.000000 0.000001 0.000000 0.499987 0.000000 0.000000
the mean of prob-rank is 1.631578947368421
the number of false negetive edges is 0
the number of probability greater than 0 is 3.6/edge
