20
 0.000000 0.000000 0.000000 0.000000 0.000000 0.390261 0.000000 0.000000 0.000000 0.000000 0.000000 0.000022 0.389582 0.000000 0.000000 0.220136 0.000000 0.000000 0.000000 0.000000
 0.000000 0.000000 0.333926 0.000000 0.000000 0.000000 0.061339 0.296948 0.000000 0.307787 0.000000 0.000000 0.000000 0.000000 0.000000 0.000000 0.000000 0.000000 0.000000 0.000000
 0.000000 0.302685 0.000000 0.000000 0.000000 0.000000 0.299318 0.230991 0.000000 0.003177 0.000000 0.000000 0.000000 0.000011 0.000000 0.000000 0.000000 0.000000 0.000000 0.163817
 0.000000 0.000000 0.000000 0.000000 0.000000 0.000000 0.000000 0.000000 0.000000 0.000000 0.000000 0.000000 0.500000 0.000000 0.000000 0.000000 0.500000 0.000000 0.000000 0.000000
 0.000000 0.000000 0.000000 0.000000 0.000000 0.000000 0.000000 0.000000 0.000000 0.000000 0.000000 0.000000 0.000000 0.000000 0.000000 0.000000 0.140580 0.430524 0.428896 0.000000
 0.496405 0.000000 0.000000 0.000000 0.000000 0.000000 0.000000 0.000000 0.000000 0.000000 0.000000 0.497051 0.000000 0.000000 0.000000 0.006544 0.000000 0.000000 0.000000 0.000000
 0.000000 0.065815 0.354310 0.000000 0.000000 0.000000 0.000000 0.000000 0.360728 0.040268 0.000000 0.000000 0.000000 0.163243 0.000149 0.015488 0.000000 0.000000 0.000000 0.000000
 0.000000 0.293975 0.252281 0.000000 0.000000 0.000000 0.000000 0.000000 0.000000 0.332829 0.000000 0.000000 0.000000 0.000000 0.000000 0.000000 0.000000 0.000000 0.000000 0.120914
 0.000000 0.000000 0.000000 0.000000 0.000000 0.000000 0.348317 0.000000 0.000000 0.000000 0.000000 0.000000 0.031254 0.327389 0.000000 0.293036 0.000005 0.000000 0.000000 0.000000
 0.000000 0.270758 0.003083 0.000000 0.000000 0.000000 0.033014 0.295747 0.000000 0.000000 0.165177 0.005014 0.000000 0.000000 0.227179 0.000000 0.000000 0.000000 0.000000 0.000027
 0.000000 0.000000 0.000000 0.000000 0.000000 0.000000 0.000000 0.000000 0.000000 0.184506 0.000000 0.304308 0.000000 0.000000 0.330355 0.180831 0.000000 0.000000 0.000000 0.000000
 0.000020 0.000000 0.000000 0.000000 0.000000 0.354737 0.000000 0.000000 0.000000 0.006015 0.326767 0.000000 0.000000 0.000000 0.000000 0.312461 0.000000 0.000000 0.000000 0.000000
 0.477744 0.000000 0.000000 0.479199 0.000000 0.000000 0.000000 0.000000 0.042998 0.000000 0.000000 0.000000 0.000000 0.000000 0.000000 0.000059 0.000000 0.000000 0.000000 0.000000
 0.000000 0.000000 0.000012 0.000000 0.000000 0.000000 0.148653 0.000000 0.308751 0.000000 0.000000 0.000000 0.000000 0.000000 0.000000 0.000000 0.000000 0.000000 0.216302 0.326283
 0.000000 0.000000 0.000000 0.000000 0.000000 0.000000 0.000150 0.000000 0.000000 0.279470 0.363820 0.000001 0.000000 0.000000 0.000000 0.356559 0.000000 0.000000 0.000000 0.000000
 0.145599 0.000000 0.000000 0.000000 0.000000 0.003403 0.011097 0.000000 0.217438 0.000000 0.141476 0.227656 0.000032 0.000000 0.253300 0.000000 0.000000 0.000000 0.000000 0.000000
 0.000000 0.000000 0.000000 0.430271 0.140497 0.000000 0.000000 0.000000 0.000006 0.000000 0.000000 0.000000 0.000000 0.000000 0.000000 0.000000 0.000000 0.429227 0.000000 0.000000
 0.000000 0.000000 0.000000 0.000000 0.476466 0.000000 0.000000 0.000000 0.000000 0.000000 0.000000 0.000000 0.000000 0.000000 0.000000 0.000000 0.475310 0.000000 0.048224 0.000000
 0.000000 0.000000 0.000000 0.000000 0.361906 0.000000 0.000000 0.000000 0.000000 0.000000 0.000000 0.000000 0.000000 0.239212 0.000000 0.000000 0.000000 0.036768 0.000000 0.362113
 0.000000 0.000000 0.185941 0.000000 0.000000 0.000000 0.000000 0.125663 0.000000 0.000032 0.000000 0.000000 0.000000 0.343577 0.000000 0.000000 0.000000 0.000000 0.344787 0.000000
the mean of prob-rank is 1.8421052631578947
the number of false negetive edges is 0
the number of probability greater than 0 is 4.6/edge
