20
 0.000000 0.000000 0.000000 0.499999 0.000000 0.000000 0.000000 0.000000 0.000000 0.000000 0.500001 0.000000 0.000000 0.000000 0.000000 0.000000 0.000000 0.000000 0.000000 0.000000
 0.000000 0.000000 0.000000 0.000000 0.000000 0.499975 0.000000 0.000000 0.000000 0.000000 0.000000 0.000000 0.000051 0.000000 0.000000 0.000000 0.499974 0.000000 0.000000 0.000000
 0.000000 0.000000 0.000000 0.000000 0.000000 0.000000 0.000000 0.000000 0.000000 0.000000 0.000000 0.000000 0.000000 0.000000 0.055335 0.471697 0.000000 0.000000 0.000000 0.472968
 0.499934 0.000000 0.000000 0.000000 0.000000 0.000000 0.499934 0.000000 0.000000 0.000000 0.000000 0.000000 0.000000 0.000000 0.000000 0.000000 0.000000 0.000132 0.000000 0.000000
 0.000000 0.000000 0.000000 0.000000 0.000000 0.000000 0.000000 0.000000 0.495258 0.007456 0.000000 0.000000 0.000015 0.000000 0.000000 0.495264 0.000000 0.002007 0.000000 0.000000
 0.000000 0.306186 0.000000 0.000000 0.000000 0.000000 0.000000 0.135042 0.000000 0.000000 0.000000 0.000000 0.268625 0.290148 0.000000 0.000000 0.000000 0.000000 0.000000 0.000000
 0.000000 0.000000 0.000000 0.499987 0.000000 0.000000 0.000000 0.000000 0.000000 0.000000 0.000000 0.000000 0.000000 0.000000 0.000000 0.000000 0.000000 0.000026 0.499987 0.000000
 0.000000 0.000000 0.000000 0.000000 0.000000 0.138839 0.000000 0.000000 0.000000 0.295206 0.000000 0.000000 0.239478 0.314665 0.000000 0.000000 0.000000 0.011812 0.000000 0.000000
 0.000000 0.000000 0.000000 0.000000 0.499960 0.000000 0.000000 0.000000 0.000000 0.000067 0.000000 0.000000 0.000000 0.000001 0.000000 0.000000 0.000000 0.499971 0.000000 0.000000
 0.000000 0.000000 0.000000 0.000000 0.005167 0.000000 0.000000 0.321872 0.000046 0.000000 0.000000 0.000000 0.343229 0.032079 0.000000 0.000000 0.000000 0.297607 0.000000 0.000000
 0.500000 0.000000 0.000000 0.000000 0.000000 0.000000 0.000000 0.000000 0.000000 0.000000 0.000000 0.500000 0.000000 0.000000 0.000000 0.000000 0.000000 0.000000 0.000000 0.000000
 0.000000 0.000000 0.000000 0.000000 0.000000 0.000000 0.000000 0.000000 0.000000 0.000000 0.500000 0.000000 0.000000 0.000000 0.000000 0.000000 0.500000 0.000000 0.000000 0.000000
 0.000000 0.000033 0.000000 0.000000 0.000010 0.283864 0.000000 0.246144 0.000000 0.323557 0.000000 0.000000 0.000000 0.146392 0.000000 0.000000 0.000000 0.000000 0.000000 0.000000
 0.000000 0.000000 0.000000 0.000000 0.000000 0.281637 0.000000 0.297082 0.000001 0.027777 0.000000 0.000000 0.134470 0.000000 0.000000 0.000000 0.000000 0.259033 0.000000 0.000000
 0.000000 0.000000 0.055294 0.000000 0.000000 0.000000 0.000000 0.000000 0.000000 0.000000 0.000000 0.000000 0.000000 0.000000 0.000000 0.000000 0.000000 0.000000 0.472615 0.472091
 0.000000 0.000000 0.408641 0.000000 0.409737 0.000000 0.000000 0.000000 0.000000 0.000000 0.000000 0.000000 0.000000 0.000000 0.000000 0.000000 0.000000 0.000000 0.000000 0.181622
 0.000000 0.500000 0.000000 0.000000 0.000000 0.000000 0.000000 0.000000 0.000000 0.000000 0.000000 0.500000 0.000000 0.000000 0.000000 0.000000 0.000000 0.000000 0.000000 0.000000
 0.000000 0.000000 0.000000 0.000095 0.001458 0.000000 0.000019 0.013494 0.359643 0.311839 0.000000 0.000000 0.000000 0.313452 0.000000 0.000000 0.000000 0.000000 0.000000 0.000000
 0.000000 0.000000 0.000000 0.000000 0.000000 0.000000 0.499999 0.000000 0.000000 0.000000 0.000000 0.000000 0.000000 0.000000 0.500001 0.000000 0.000000 0.000000 0.000000 0.000000
 0.000000 0.000000 0.409475 0.000000 0.000000 0.000000 0.000000 0.000000 0.000000 0.000000 0.000000 0.000000 0.000000 0.000000 0.409021 0.181504 0.000000 0.000000 0.000000 0.000000
the mean of prob-rank is 1.631578947368421
the number of false negetive edges is 0
the number of probability greater than 0 is 3.65/edge
