20
 0.000000 0.000000 0.000000 0.500131 0.000000 0.000000 0.000000 0.000000 0.000000 0.000000 0.499868 0.000000 0.000000 0.000000 0.000000 0.000000 0.000000 0.000001 0.000000 0.000000
 0.000000 0.000000 0.000000 0.000000 0.495547 0.000000 0.000000 0.000000 0.000000 0.000000 0.000000 0.000000 0.000000 0.495558 0.000000 0.000000 0.000000 0.000000 0.000000 0.008896
 0.000000 0.000000 0.000000 0.000000 0.000000 0.000000 0.000000 0.000601 0.000195 0.000000 0.000000 0.484123 0.000000 0.000000 0.000000 0.000000 0.030821 0.000000 0.484260 0.000000
 0.469944 0.000000 0.000000 0.000000 0.000000 0.000000 0.469811 0.000000 0.000000 0.000000 0.000005 0.000000 0.000000 0.000000 0.000000 0.000000 0.000000 0.060240 0.000000 0.000000
 0.000000 0.478601 0.000000 0.000000 0.000000 0.000000 0.000000 0.000000 0.000000 0.000000 0.000000 0.042761 0.000000 0.000015 0.000000 0.000000 0.000000 0.000000 0.000000 0.478623
 0.000000 0.000000 0.000000 0.000000 0.000000 0.000000 0.000000 0.480528 0.000000 0.480545 0.000000 0.000000 0.016731 0.000000 0.000000 0.022196 0.000000 0.000000 0.000000 0.000000
 0.000000 0.000000 0.000000 0.470402 0.000000 0.000000 0.000000 0.000000 0.009599 0.000000 0.000000 0.000000 0.000000 0.000000 0.000000 0.470535 0.000000 0.049463 0.000000 0.000000
 0.000000 0.000000 0.000617 0.000000 0.000000 0.497606 0.000000 0.000000 0.000009 0.000000 0.000000 0.004079 0.000000 0.000000 0.000000 0.000000 0.497689 0.000000 0.000000 0.000000
 0.000000 0.000000 0.000160 0.000000 0.000000 0.000000 0.008115 0.000007 0.000000 0.000000 0.000000 0.000000 0.000000 0.000000 0.000000 0.196670 0.397705 0.397343 0.000000 0.000000
 0.000000 0.000000 0.000000 0.000000 0.000000 0.490227 0.000000 0.000000 0.000000 0.000000 0.000000 0.000000 0.490292 0.019481 0.000000 0.000000 0.000000 0.000000 0.000000 0.000000
 0.499867 0.000000 0.000000 0.000005 0.000000 0.000000 0.000000 0.000000 0.000000 0.000000 0.000000 0.000000 0.000000 0.000000 0.500128 0.000000 0.000000 0.000000 0.000000 0.000000
 0.000000 0.000000 0.476699 0.000000 0.042601 0.000000 0.000000 0.003908 0.000000 0.000000 0.000000 0.000000 0.000000 0.000000 0.000000 0.000000 0.000000 0.000000 0.000000 0.476792
 0.000000 0.000000 0.000000 0.000000 0.000000 0.017110 0.000000 0.000000 0.000000 0.491479 0.000000 0.000000 0.000000 0.491411 0.000000 0.000000 0.000000 0.000000 0.000000 0.000000
 0.000000 0.490044 0.000000 0.000000 0.000016 0.000000 0.000000 0.000000 0.000000 0.019471 0.000000 0.000000 0.489988 0.000000 0.000000 0.000480 0.000000 0.000000 0.000000 0.000000
 0.000000 0.000000 0.000000 0.000000 0.000000 0.000000 0.000000 0.000000 0.000000 0.000000 0.499999 0.000000 0.000000 0.000000 0.000000 0.000000 0.000000 0.000000 0.500001 0.000000
 0.000000 0.000000 0.000000 0.000000 0.000000 0.018193 0.393923 0.000000 0.194754 0.000000 0.000000 0.000000 0.000000 0.000386 0.000000 0.000000 0.000000 0.392743 0.000000 0.000000
 0.000000 0.000000 0.030845 0.000000 0.000000 0.000000 0.000000 0.484635 0.484520 0.000000 0.000000 0.000000 0.000000 0.000000 0.000000 0.000000 0.000000 0.000000 0.000000 0.000000
 0.000001 0.000000 0.000000 0.057503 0.000000 0.000000 0.047157 0.000000 0.448085 0.000000 0.000000 0.000000 0.000000 0.000000 0.000000 0.447254 0.000000 0.000000 0.000000 0.000000
 0.000000 0.000000 0.499999 0.000000 0.000000 0.000000 0.000000 0.000000 0.000000 0.000000 0.000000 0.000000 0.000000 0.000000 0.500001 0.000000 0.000000 0.000000 0.000000 0.000000
 0.000000 0.008896 0.000000 0.000000 0.495575 0.000000 0.000000 0.000000 0.000000 0.000000 0.000000 0.495529 0.000000 0.000000 0.000000 0.000000 0.000000 0.000000 0.000000 0.000000
the mean of prob-rank is 1.4210526315789473
the number of false negetive edges is 0
the number of probability greater than 0 is 3.7/edge
