20
 0.000000 0.499998 0.000000 0.000000 0.000000 0.000000 0.000000 0.000000 0.000000 0.000000 0.500002 0.000000 0.000000 0.000000 0.000000 0.000000 0.000000 0.000000 0.000000 0.000000
 0.499998 0.000000 0.000000 0.000000 0.000000 0.000000 0.000000 0.000000 0.000000 0.000000 0.000000 0.000000 0.000000 0.000000 0.000000 0.500002 0.000000 0.000000 0.000000 0.000000
 0.000000 0.000000 0.000000 0.000000 0.000000 0.000000 0.499407 0.499415 0.000000 0.000000 0.000000 0.000000 0.000000 0.000000 0.001178 0.000000 0.000000 0.000000 0.000000 0.000000
 0.000000 0.000000 0.000000 0.000000 0.000000 0.000000 0.489116 0.000000 0.000000 0.000000 0.000000 0.000000 0.000000 0.489148 0.000000 0.000000 0.000000 0.000000 0.000000 0.021736
 0.000000 0.000000 0.000000 0.000000 0.000000 0.058518 0.000000 0.000000 0.000000 0.062166 0.000000 0.438791 0.000000 0.000000 0.000000 0.000000 0.440525 0.000000 0.000000 0.000000
 0.000000 0.000000 0.000000 0.000000 0.055575 0.000000 0.000000 0.000000 0.000000 0.000000 0.000000 0.111242 0.000000 0.000000 0.000000 0.414834 0.418350 0.000000 0.000000 0.000000
 0.000000 0.000000 0.498843 0.498819 0.000000 0.000000 0.000000 0.000000 0.000000 0.000000 0.000000 0.000000 0.000000 0.000055 0.000005 0.000000 0.000000 0.000000 0.000000 0.002279
 0.000000 0.000000 0.499990 0.000000 0.000000 0.000000 0.000000 0.000000 0.000000 0.000000 0.000000 0.000000 0.000000 0.000000 0.499922 0.000088 0.000000 0.000000 0.000000 0.000000
 0.000000 0.000000 0.000000 0.000000 0.000000 0.000000 0.000000 0.000000 0.000000 0.000000 0.500000 0.000000 0.500000 0.000000 0.000000 0.000000 0.000000 0.000000 0.000000 0.000000
 0.000000 0.000000 0.000000 0.000000 0.065912 0.000000 0.000000 0.000000 0.000000 0.000000 0.000000 0.466843 0.000000 0.000191 0.000000 0.000000 0.000000 0.000000 0.000000 0.467054
 0.500000 0.000000 0.000000 0.000000 0.000000 0.000000 0.000000 0.000000 0.500000 0.000000 0.000000 0.000000 0.000000 0.000000 0.000000 0.000000 0.000000 0.000000 0.000000 0.000000
 0.000000 0.000000 0.000000 0.000000 0.413076 0.110269 0.000000 0.000000 0.000000 0.414507 0.000000 0.000000 0.000000 0.000000 0.000000 0.046431 0.015717 0.000000 0.000000 0.000000
 0.000000 0.000000 0.000000 0.000000 0.000000 0.000000 0.000000 0.000000 0.500021 0.000000 0.000000 0.000000 0.000000 0.000000 0.000000 0.000000 0.000000 0.000000 0.499979 0.000000
 0.000000 0.000000 0.000000 0.499871 0.000000 0.000000 0.000055 0.000000 0.000000 0.000204 0.000000 0.000000 0.000000 0.000000 0.000000 0.000000 0.000000 0.000000 0.000000 0.499870
 0.000000 0.000000 0.001178 0.000000 0.000000 0.000000 0.000005 0.499375 0.000000 0.000000 0.000000 0.000000 0.000000 0.000000 0.000000 0.000000 0.000000 0.499443 0.000000 0.000000
 0.000000 0.475356 0.000000 0.000000 0.000000 0.471338 0.000000 0.000084 0.000000 0.000000 0.000000 0.053221 0.000000 0.000000 0.000000 0.000000 0.000001 0.000000 0.000000 0.000000
 0.000000 0.000000 0.000000 0.000000 0.490712 0.490689 0.000000 0.000000 0.000000 0.000000 0.000000 0.018598 0.000000 0.000000 0.000000 0.000001 0.000000 0.000000 0.000000 0.000000
 0.000000 0.000000 0.000000 0.000000 0.000000 0.000000 0.000000 0.000000 0.000000 0.000000 0.000000 0.000000 0.000000 0.000000 0.500000 0.000000 0.000000 0.000000 0.500000 0.000000
 0.000000 0.000000 0.000000 0.000000 0.000000 0.000000 0.000000 0.000000 0.000000 0.000000 0.000000 0.000000 0.499979 0.000000 0.000000 0.000000 0.000000 0.500021 0.000000 0.000000
 0.000000 0.000000 0.000000 0.021687 0.000000 0.000000 0.002229 0.000000 0.000000 0.488034 0.000000 0.000000 0.000000 0.488050 0.000000 0.000000 0.000000 0.000000 0.000000 0.000000
the mean of prob-rank is 1.6842105263157894
the number of false negetive edges is 0
the number of probability greater than 0 is 3.3/edge
