20
 0.000000 0.013367 0.343217 0.000000 0.000000 0.000000 0.358064 0.000000 0.000000 0.000000 0.000000 0.000000 0.000000 0.285352 0.000000 0.000000 0.000000 0.000000 0.000000 0.000000
 0.013064 0.000000 0.325513 0.000000 0.000000 0.000000 0.000000 0.000000 0.000000 0.000000 0.000000 0.000000 0.000000 0.312951 0.348472 0.000000 0.000000 0.000000 0.000000 0.000000
 0.265698 0.257828 0.000000 0.000000 0.000000 0.000000 0.224454 0.000000 0.000000 0.000000 0.000000 0.000000 0.000000 0.000000 0.252020 0.000000 0.000000 0.000000 0.000000 0.000000
 0.000000 0.000000 0.000000 0.000000 0.000000 0.000000 0.000000 0.000000 0.000000 0.000000 0.500009 0.499985 0.000000 0.000000 0.000000 0.000000 0.000000 0.000000 0.000000 0.000006
 0.000000 0.000000 0.000000 0.000000 0.000000 0.000000 0.000000 0.000000 0.499912 0.000000 0.000000 0.000000 0.000000 0.000175 0.000000 0.000000 0.000000 0.000000 0.499913 0.000000
 0.000000 0.000000 0.000000 0.000000 0.000000 0.000000 0.000000 0.000000 0.000000 0.351195 0.000000 0.000000 0.000000 0.000000 0.000000 0.000000 0.321092 0.327713 0.000000 0.000000
 0.359821 0.000000 0.291362 0.000000 0.000000 0.000000 0.000000 0.000000 0.000000 0.000000 0.000015 0.000000 0.000000 0.000000 0.000001 0.000000 0.000000 0.000000 0.000000 0.348801
 0.000000 0.000000 0.000000 0.000000 0.000000 0.000000 0.000000 0.000000 0.500000 0.000000 0.000000 0.000000 0.000000 0.000000 0.000000 0.000000 0.500000 0.000000 0.000000 0.000000
 0.000000 0.000000 0.000000 0.000000 0.500000 0.000000 0.000000 0.500000 0.000000 0.000000 0.000000 0.000000 0.000000 0.000000 0.000000 0.000000 0.000000 0.000000 0.000000 0.000000
 0.000000 0.000000 0.000000 0.000000 0.000000 0.378315 0.000000 0.000000 0.000000 0.000000 0.000000 0.000000 0.000000 0.000000 0.000000 0.338368 0.000000 0.283317 0.000000 0.000000
 0.000000 0.000000 0.000000 0.499989 0.000000 0.000000 0.000021 0.000000 0.000000 0.000000 0.000000 0.000000 0.000000 0.000000 0.000000 0.000000 0.000000 0.000000 0.000000 0.499990
 0.000000 0.000000 0.000000 0.499988 0.000000 0.000000 0.000000 0.000000 0.000000 0.000000 0.000000 0.000000 0.500012 0.000000 0.000000 0.000000 0.000000 0.000000 0.000000 0.000000
 0.000000 0.000000 0.000000 0.000000 0.000000 0.000000 0.000000 0.000000 0.000000 0.000000 0.000000 0.500004 0.000000 0.000000 0.000000 0.499996 0.000000 0.000000 0.000000 0.000000
 0.293733 0.329603 0.000000 0.000000 0.000129 0.000000 0.000000 0.000000 0.000000 0.000000 0.000000 0.000000 0.000000 0.000000 0.008132 0.000000 0.000000 0.000000 0.368402 0.000000
 0.000000 0.352165 0.321551 0.000000 0.000000 0.000000 0.000001 0.000000 0.000000 0.000000 0.000000 0.000000 0.000000 0.007803 0.000000 0.000000 0.000000 0.000000 0.000000 0.318480
 0.000000 0.000000 0.000000 0.000000 0.000000 0.000000 0.000000 0.000000 0.000000 0.319292 0.000000 0.000000 0.356981 0.000000 0.000000 0.000000 0.000000 0.323728 0.000000 0.000000
 0.000000 0.000000 0.000000 0.000000 0.000000 0.341763 0.000000 0.373804 0.000000 0.000000 0.000000 0.000000 0.000000 0.000000 0.000000 0.000000 0.000000 0.284432 0.000000 0.000000
 0.000000 0.000000 0.000000 0.000000 0.000000 0.278568 0.000000 0.000000 0.000000 0.223564 0.000000 0.000000 0.000000 0.000000 0.000000 0.270715 0.227153 0.000000 0.000000 0.000000
 0.000000 0.000000 0.000000 0.000000 0.500121 0.000000 0.000000 0.000000 0.000000 0.000000 0.000000 0.000000 0.000000 0.499879 0.000000 0.000000 0.000000 0.000000 0.000000 0.000000
 0.000000 0.000000 0.000000 0.000004 0.000000 0.000000 0.337774 0.000000 0.000000 0.000000 0.348445 0.000000 0.000000 0.000000 0.313777 0.000000 0.000000 0.000000 0.000000 0.000000
the mean of prob-rank is 1.736842105263158
the number of false negetive edges is 0
the number of probability greater than 0 is 3.2/edge
