20
 0.000000 0.000000 0.000000 0.000000 0.000000 0.000000 0.000000 0.500000 0.000000 0.000000 0.000000 0.000000 0.000000 0.000000 0.000000 0.000000 0.000000 0.500000 0.000000 0.000000
 0.000000 0.000000 0.000000 0.000000 0.000000 0.000000 0.000000 0.000000 0.000000 0.000000 0.000000 0.000000 0.500001 0.000000 0.000000 0.000000 0.499999 0.000000 0.000000 0.000000
 0.000000 0.000000 0.000000 0.000000 0.355312 0.000000 0.000000 0.000000 0.219962 0.000000 0.062608 0.362118 0.000000 0.000000 0.000000 0.000000 0.000000 0.000000 0.000000 0.000000
 0.000000 0.000000 0.000000 0.000000 0.000000 0.410410 0.000000 0.000000 0.000000 0.000000 0.000000 0.000000 0.157751 0.408562 0.023277 0.000000 0.000000 0.000000 0.000000 0.000000
 0.000000 0.000000 0.360122 0.000000 0.000000 0.000000 0.000000 0.000000 0.239938 0.367021 0.000000 0.032919 0.000000 0.000000 0.000000 0.000000 0.000000 0.000000 0.000000 0.000000
 0.000000 0.000000 0.000000 0.424458 0.000000 0.000000 0.000000 0.000000 0.000000 0.000000 0.000000 0.000000 0.421382 0.154160 0.000000 0.000000 0.000000 0.000000 0.000000 0.000000
 0.000000 0.000000 0.000000 0.000000 0.000000 0.000000 0.000000 0.000000 0.000000 0.000000 0.000000 0.000000 0.000000 0.008977 0.495479 0.000000 0.000000 0.000000 0.495544 0.000000
 0.500000 0.000000 0.000000 0.000000 0.000000 0.000000 0.000000 0.000000 0.000000 0.000000 0.000000 0.000000 0.000000 0.000000 0.500000 0.000000 0.000000 0.000000 0.000000 0.000000
 0.000000 0.000000 0.185961 0.000000 0.200140 0.000000 0.000000 0.000000 0.000000 0.000000 0.306055 0.297080 0.000000 0.000000 0.000000 0.010762 0.000000 0.000000 0.000001 0.000000
 0.000000 0.000000 0.000000 0.000000 0.500000 0.000000 0.000000 0.000000 0.000000 0.000000 0.000000 0.000000 0.000000 0.000000 0.000000 0.000000 0.500000 0.000000 0.000000 0.000000
 0.000000 0.000000 0.060678 0.000000 0.000000 0.000000 0.000000 0.000000 0.350852 0.000000 0.000000 0.238650 0.000000 0.000000 0.000000 0.349819 0.000000 0.000000 0.000000 0.000000
 0.000000 0.000000 0.317752 0.000000 0.028500 0.000000 0.000000 0.000000 0.308344 0.000000 0.216072 0.000000 0.000000 0.000000 0.000000 0.129333 0.000000 0.000000 0.000000 0.000000
 0.000000 0.420676 0.000000 0.161697 0.000000 0.417628 0.000000 0.000000 0.000000 0.000000 0.000000 0.000000 0.000000 0.000000 0.000000 0.000000 0.000000 0.000000 0.000000 0.000000
 0.000000 0.000000 0.000000 0.418953 0.000000 0.152850 0.007624 0.000000 0.000000 0.000000 0.000000 0.000000 0.000000 0.000000 0.000000 0.000000 0.000000 0.000000 0.420574 0.000000
 0.000000 0.000000 0.000000 0.027577 0.000000 0.000000 0.486159 0.486223 0.000000 0.000000 0.000000 0.000000 0.000000 0.000000 0.000000 0.000000 0.000000 0.000000 0.000040 0.000000
 0.000000 0.000000 0.000000 0.000000 0.000000 0.000000 0.000000 0.000000 0.014413 0.000000 0.408687 0.166886 0.000000 0.000000 0.000000 0.000000 0.000000 0.000000 0.000000 0.410014
 0.000000 0.499999 0.000000 0.000000 0.000000 0.000000 0.000000 0.000000 0.000000 0.500001 0.000000 0.000000 0.000000 0.000000 0.000000 0.000000 0.000000 0.000000 0.000000 0.000000
 0.500000 0.000000 0.000000 0.000000 0.000000 0.000000 0.000000 0.000000 0.000000 0.000000 0.000000 0.000000 0.000000 0.000000 0.000000 0.000000 0.000000 0.000000 0.000000 0.500000
 0.000000 0.000000 0.000000 0.000000 0.000000 0.000000 0.500142 0.000000 0.000002 0.000000 0.000000 0.000000 0.000000 0.499815 0.000042 0.000000 0.000000 0.000000 0.000000 0.000000
 0.000000 0.000000 0.000000 0.000000 0.000000 0.000000 0.000000 0.000000 0.000000 0.000000 0.000000 0.000000 0.000000 0.000000 0.000000 0.500000 0.000000 0.500000 0.000000 0.000000
the mean of prob-rank is 1.894736842105263
the number of false negetive edges is 0
the number of probability greater than 0 is 3.25/edge
