20
 0.000000 0.000000 0.000000 0.000000 0.000000 0.500000 0.000000 0.000000 0.000000 0.000000 0.000000 0.000000 0.000000 0.500000 0.000000 0.000000 0.000000 0.000000 0.000000 0.000000
 0.000000 0.000000 0.000000 0.000000 0.000000 0.384824 0.000000 0.000000 0.000000 0.000000 0.000000 0.378853 0.000000 0.000000 0.000000 0.236323 0.000000 0.000000 0.000000 0.000000
 0.000000 0.000000 0.000000 0.000000 0.005538 0.000000 0.223661 0.004970 0.275177 0.000000 0.000000 0.000000 0.000000 0.000000 0.000000 0.000000 0.232745 0.000005 0.257904 0.000000
 0.000000 0.000000 0.000000 0.000000 0.000000 0.000000 0.000000 0.155418 0.000000 0.001505 0.420096 0.000000 0.000000 0.000000 0.000000 0.000000 0.010308 0.000000 0.000000 0.412673
 0.000000 0.000000 0.007294 0.000000 0.000000 0.000000 0.310630 0.000000 0.000000 0.000000 0.000000 0.000000 0.000000 0.000000 0.000000 0.000000 0.000000 0.363775 0.318301 0.000000
 0.500004 0.499996 0.000000 0.000000 0.000000 0.000000 0.000000 0.000000 0.000000 0.000000 0.000000 0.000000 0.000000 0.000000 0.000000 0.000000 0.000000 0.000000 0.000000 0.000000
 0.000000 0.000000 0.217737 0.000000 0.229587 0.000000 0.000000 0.000007 0.028316 0.261773 0.000000 0.000000 0.000000 0.000000 0.000000 0.000000 0.000000 0.060458 0.202122 0.000000
 0.000000 0.000000 0.005751 0.118235 0.000000 0.000000 0.000009 0.000000 0.253375 0.318896 0.297504 0.000000 0.000000 0.000000 0.000000 0.000000 0.006230 0.000000 0.000000 0.000000
 0.000000 0.000000 0.347204 0.000000 0.000000 0.000000 0.036700 0.276272 0.000000 0.000000 0.000000 0.000000 0.000000 0.000000 0.000000 0.000000 0.339824 0.000000 0.000000 0.000000
 0.000000 0.000000 0.000000 0.001366 0.000000 0.000000 0.371137 0.380367 0.000000 0.000000 0.247130 0.000000 0.000000 0.000000 0.000000 0.000000 0.000000 0.000000 0.000000 0.000000
 0.000000 0.000000 0.000000 0.323028 0.000000 0.000000 0.000000 0.300705 0.000000 0.209421 0.000000 0.000000 0.000000 0.000000 0.000000 0.000000 0.000000 0.000000 0.000000 0.166847
 0.000000 0.387745 0.000000 0.000000 0.000000 0.000000 0.000000 0.000000 0.000000 0.000000 0.000000 0.000000 0.000000 0.000000 0.393862 0.218393 0.000000 0.000000 0.000000 0.000000
 0.000000 0.000000 0.000000 0.000000 0.000000 0.000000 0.000000 0.000000 0.000000 0.000000 0.000000 0.000000 0.000000 0.000000 0.500000 0.000000 0.000000 0.000000 0.000000 0.500000
 0.356677 0.000000 0.000000 0.000000 0.000000 0.000000 0.000000 0.000000 0.000000 0.000000 0.000000 0.000000 0.000000 0.000000 0.000000 0.344684 0.001573 0.296588 0.000479 0.000000
 0.000000 0.000000 0.000000 0.000000 0.000000 0.000000 0.000000 0.000000 0.000000 0.000000 0.000000 0.500000 0.500000 0.000000 0.000000 0.000000 0.000000 0.000000 0.000000 0.000000
 0.000000 0.196586 0.000000 0.000000 0.000000 0.000000 0.000000 0.000000 0.000000 0.000000 0.000000 0.177505 0.000000 0.309359 0.000000 0.000000 0.316549 0.000000 0.000000 0.000000
 0.000000 0.000000 0.295152 0.008594 0.000000 0.000000 0.000000 0.006827 0.341545 0.000000 0.000000 0.000000 0.000000 0.001545 0.000000 0.346337 0.000000 0.000000 0.000000 0.000000
 0.000000 0.000000 0.000006 0.000000 0.333195 0.000000 0.074924 0.000000 0.000000 0.000000 0.000000 0.000000 0.000000 0.277070 0.000000 0.000000 0.000000 0.000000 0.314805 0.000000
 0.000000 0.000000 0.266294 0.000000 0.249519 0.000000 0.214376 0.000000 0.000000 0.000000 0.000000 0.000000 0.000000 0.000383 0.000000 0.000000 0.000000 0.269428 0.000000 0.000000
 0.000000 0.000000 0.000000 0.393110 0.000000 0.000000 0.000000 0.000000 0.000000 0.000000 0.206697 0.000000 0.400193 0.000000 0.000000 0.000000 0.000000 0.000000 0.000000 0.000000
the mean of prob-rank is 1.631578947368421
the number of false negetive edges is 0
the number of probability greater than 0 is 4.2/edge
