20
 0.000000 0.500001 0.000000 0.000000 0.000000 0.000000 0.499999 0.000000 0.000000 0.000000 0.000000 0.000000 0.000000 0.000000 0.000000 0.000000 0.000000 0.000000 0.000000 0.000000
 0.500000 0.000000 0.000000 0.000000 0.000000 0.000000 0.000000 0.000000 0.000000 0.000000 0.500000 0.000000 0.000000 0.000000 0.000000 0.000000 0.000000 0.000000 0.000000 0.000000
 0.000000 0.000000 0.000000 0.000000 0.000000 0.000000 0.000000 0.477720 0.000000 0.044059 0.000000 0.000000 0.000000 0.000000 0.478220 0.000000 0.000000 0.000000 0.000000 0.000000
 0.000000 0.000000 0.000000 0.000000 0.000000 0.000000 0.000000 0.463272 0.000000 0.463153 0.000000 0.000000 0.000000 0.000000 0.000000 0.000000 0.000000 0.073575 0.000000 0.000000
 0.000000 0.000000 0.000000 0.000000 0.000000 0.000000 0.000000 0.000000 0.000000 0.000302 0.000000 0.000000 0.000000 0.499848 0.000000 0.499850 0.000000 0.000000 0.000000 0.000000
 0.000000 0.000000 0.000000 0.000000 0.000000 0.000000 0.500000 0.000000 0.000000 0.000000 0.000000 0.000000 0.000000 0.000000 0.000000 0.000000 0.000000 0.000000 0.500000 0.000000
 0.499999 0.000000 0.000000 0.000000 0.000000 0.500001 0.000000 0.000000 0.000000 0.000000 0.000000 0.000000 0.000000 0.000000 0.000000 0.000000 0.000000 0.000000 0.000000 0.000000
 0.000000 0.000000 0.499005 0.499533 0.000000 0.000000 0.000000 0.000000 0.000000 0.001462 0.000000 0.000000 0.000000 0.000000 0.000000 0.000000 0.000000 0.000000 0.000000 0.000000
 0.000000 0.000000 0.000000 0.000000 0.000000 0.000000 0.000000 0.000000 0.000000 0.000000 0.000000 0.000000 0.000000 0.000000 0.481936 0.000000 0.481083 0.000000 0.000000 0.036981
 0.000000 0.000000 0.040686 0.441493 0.000267 0.000000 0.000000 0.001292 0.000000 0.000000 0.000000 0.000000 0.000000 0.075612 0.000001 0.000000 0.000000 0.440650 0.000000 0.000000
 0.000000 0.476285 0.000000 0.000000 0.000000 0.000000 0.000000 0.000000 0.000000 0.000000 0.000000 0.000000 0.049100 0.000000 0.000000 0.000000 0.000000 0.000000 0.000000 0.474615
 0.000000 0.000000 0.000000 0.000000 0.000000 0.000000 0.000000 0.000000 0.000000 0.000000 0.000000 0.000000 0.500000 0.000000 0.000000 0.000000 0.500000 0.000000 0.000000 0.000000
 0.000000 0.000000 0.000000 0.000000 0.000000 0.000000 0.000000 0.000000 0.000000 0.000000 0.049094 0.476226 0.000000 0.000000 0.000000 0.000000 0.000000 0.000000 0.000000 0.474680
 0.000000 0.000000 0.000000 0.000000 0.460265 0.000000 0.000000 0.000000 0.000000 0.078807 0.000000 0.000000 0.000000 0.000000 0.000000 0.000662 0.000000 0.460266 0.000000 0.000000
 0.000000 0.000000 0.499998 0.000000 0.000000 0.000000 0.000000 0.000000 0.500002 0.000001 0.000000 0.000000 0.000000 0.000000 0.000000 0.000000 0.000000 0.000000 0.000000 0.000000
 0.000000 0.000000 0.000000 0.000000 0.499726 0.000000 0.000000 0.000000 0.000000 0.000000 0.000000 0.000000 0.000000 0.000719 0.000000 0.000000 0.000000 0.000000 0.499555 0.000000
 0.000000 0.000000 0.000000 0.000000 0.000000 0.000000 0.000000 0.000000 0.493526 0.000000 0.000000 0.494403 0.000000 0.000000 0.000000 0.000000 0.000000 0.000000 0.000000 0.012071
 0.000000 0.000000 0.000000 0.072441 0.000000 0.000000 0.000000 0.000000 0.000000 0.455141 0.000000 0.000000 0.000000 0.456129 0.000000 0.000000 0.000000 0.000000 0.016290 0.000000
 0.000000 0.000000 0.000000 0.000000 0.000000 0.491311 0.000000 0.000000 0.000000 0.000000 0.000000 0.000000 0.000000 0.000000 0.000000 0.491143 0.000000 0.017546 0.000000 0.000000
 0.000000 0.000000 0.000000 0.000000 0.000000 0.000000 0.000000 0.000000 0.036638 0.000000 0.475790 0.000000 0.475914 0.000000 0.000000 0.000000 0.011658 0.000000 0.000000 0.000000
the mean of prob-rank is 1.5263157894736843
the number of false negetive edges is 0
the number of probability greater than 0 is 3.0/edge
