20
 0.000000 0.000000 0.000000 0.000000 0.000000 0.000000 0.000000 0.000112 0.492097 0.015667 0.000000 0.000000 0.000000 0.000000 0.000000 0.000000 0.000000 0.492124 0.000000 0.000000
 0.000000 0.000000 0.000000 0.000000 0.000000 0.000000 0.000000 0.000000 0.000000 0.000000 0.000000 0.500000 0.000000 0.000000 0.000000 0.500000 0.000000 0.000000 0.000000 0.000000
 0.000000 0.000000 0.000000 0.001668 0.000000 0.000000 0.000000 0.000000 0.000000 0.000000 0.000000 0.000000 0.000000 0.000000 0.499165 0.000000 0.499167 0.000000 0.000000 0.000000
 0.000000 0.000000 0.001668 0.000000 0.000000 0.000000 0.000000 0.000000 0.000000 0.000000 0.499166 0.000000 0.000000 0.000000 0.499166 0.000000 0.000000 0.000000 0.000000 0.000000
 0.000000 0.000000 0.000000 0.000000 0.000000 0.500060 0.000000 0.000000 0.000000 0.000000 0.000000 0.000000 0.000000 0.000000 0.000000 0.000000 0.000000 0.000000 0.499940 0.000000
 0.000000 0.000000 0.000000 0.000000 0.496750 0.000000 0.000000 0.496713 0.000000 0.000000 0.000000 0.000000 0.000000 0.000000 0.000000 0.000000 0.000000 0.006535 0.000002 0.000000
 0.000000 0.000000 0.000000 0.000000 0.000000 0.000000 0.000000 0.000000 0.000000 0.000000 0.350289 0.000000 0.288923 0.360588 0.000000 0.000002 0.000000 0.000000 0.000000 0.000197
 0.000114 0.000000 0.000000 0.000000 0.000000 0.499920 0.000000 0.000000 0.000009 0.000000 0.000000 0.000000 0.000000 0.000000 0.000000 0.000000 0.000000 0.499956 0.000000 0.000000
 0.488841 0.000000 0.000000 0.000000 0.000000 0.000000 0.000000 0.000009 0.000000 0.488888 0.000000 0.000000 0.000000 0.000000 0.000000 0.000000 0.022262 0.000000 0.000000 0.000000
 0.015675 0.000000 0.000000 0.000000 0.000000 0.000000 0.000000 0.000000 0.492391 0.000000 0.000000 0.000000 0.000000 0.000000 0.000000 0.000000 0.491935 0.000000 0.000000 0.000000
 0.000000 0.000000 0.000000 0.374493 0.000000 0.000000 0.363796 0.000000 0.000000 0.000000 0.000000 0.000000 0.000000 0.000000 0.000004 0.000000 0.000000 0.000000 0.000000 0.261707
 0.000000 0.500000 0.000000 0.000000 0.000000 0.000000 0.000000 0.000000 0.000000 0.000000 0.000000 0.000000 0.000000 0.000000 0.000000 0.000000 0.000000 0.000000 0.500000 0.000000
 0.000000 0.000000 0.000000 0.000000 0.000000 0.000000 0.292167 0.000000 0.000000 0.000000 0.000000 0.000000 0.000000 0.000000 0.000000 0.364637 0.000000 0.000000 0.000000 0.343197
 0.000000 0.000000 0.000000 0.000000 0.000000 0.000000 0.500000 0.000000 0.000000 0.000000 0.000000 0.000000 0.000000 0.000000 0.000000 0.000000 0.000000 0.000000 0.000000 0.500000
 0.000000 0.000000 0.499996 0.499998 0.000000 0.000000 0.000000 0.000000 0.000000 0.000000 0.000006 0.000000 0.000000 0.000000 0.000000 0.000000 0.000000 0.000000 0.000000 0.000000
 0.000000 0.499998 0.000000 0.000000 0.000000 0.000000 0.000003 0.000000 0.000000 0.000000 0.000000 0.000000 0.499999 0.000000 0.000000 0.000000 0.000000 0.000000 0.000000 0.000000
 0.000000 0.000000 0.489091 0.000000 0.000000 0.000000 0.000000 0.000000 0.022272 0.488638 0.000000 0.000000 0.000000 0.000000 0.000000 0.000000 0.000000 0.000000 0.000000 0.000000
 0.496723 0.000000 0.000000 0.000000 0.000000 0.006535 0.000000 0.496742 0.000000 0.000000 0.000000 0.000000 0.000000 0.000000 0.000000 0.000000 0.000000 0.000000 0.000000 0.000000
 0.000000 0.000000 0.000000 0.000000 0.499938 0.000002 0.000000 0.000000 0.000000 0.000000 0.000000 0.500059 0.000000 0.000000 0.000000 0.000000 0.000000 0.000000 0.000000 0.000000
 0.000000 0.000000 0.000000 0.000000 0.000000 0.000000 0.000207 0.000000 0.000000 0.000000 0.264651 0.000000 0.356437 0.378705 0.000000 0.000000 0.000000 0.000000 0.000000 0.000000
the mean of prob-rank is 1.4736842105263157
the number of false negetive edges is 0
the number of probability greater than 0 is 3.2/edge
