20
 0.000000 0.000000 0.000000 0.000000 0.000000 0.000000 0.000000 0.500000 0.000000 0.000000 0.000000 0.000000 0.500000 0.000000 0.000000 0.000000 0.000000 0.000000 0.000000 0.000000
 0.000000 0.000000 0.000000 0.000000 0.000000 0.500003 0.000000 0.000000 0.000000 0.499992 0.000005 0.000000 0.000000 0.000000 0.000000 0.000000 0.000000 0.000000 0.000000 0.000000
 0.000000 0.000000 0.000000 0.000000 0.000000 0.000000 0.000000 0.000000 0.000000 0.000000 0.000000 0.000000 0.353928 0.000000 0.000000 0.383966 0.262106 0.000000 0.000000 0.000000
 0.000000 0.000000 0.000000 0.000000 0.000000 0.000000 0.000000 0.000000 0.000000 0.000000 0.000000 0.484330 0.000000 0.031388 0.000000 0.000000 0.000000 0.000011 0.484270 0.000000
 0.000000 0.000000 0.000000 0.000000 0.000000 0.000000 0.000000 0.000000 0.000000 0.000000 0.000000 0.000000 0.000000 0.499994 0.500006 0.000000 0.000000 0.000000 0.000000 0.000000
 0.000000 0.500001 0.000000 0.000000 0.000000 0.000000 0.000000 0.000000 0.000000 0.000000 0.499999 0.000000 0.000000 0.000000 0.000000 0.000000 0.000000 0.000000 0.000000 0.000000
 0.000000 0.000000 0.000000 0.000000 0.000000 0.000000 0.000000 0.000000 0.000000 0.000000 0.002972 0.000060 0.000000 0.000000 0.000000 0.000000 0.000000 0.497866 0.000000 0.499102
 0.500000 0.000000 0.000000 0.000000 0.000000 0.000000 0.000000 0.000000 0.000000 0.000000 0.000000 0.000000 0.000000 0.000000 0.000000 0.000000 0.000000 0.000000 0.500000 0.000000
 0.000000 0.000000 0.000000 0.000000 0.000000 0.000000 0.000000 0.000000 0.000000 0.000000 0.000000 0.000000 0.000000 0.000000 0.499965 0.000000 0.000000 0.000000 0.000000 0.500035
 0.000000 0.499994 0.000000 0.000000 0.000000 0.000000 0.000000 0.000000 0.000000 0.000000 0.000000 0.000000 0.000000 0.000000 0.000000 0.000000 0.500006 0.000000 0.000000 0.000000
 0.000000 0.000005 0.000000 0.000000 0.000000 0.498562 0.002969 0.000000 0.000000 0.000000 0.000000 0.000000 0.000000 0.000000 0.000000 0.000000 0.000000 0.498464 0.000000 0.000000
 0.000000 0.000000 0.000000 0.455162 0.000000 0.000000 0.000055 0.000000 0.000000 0.000000 0.000000 0.000000 0.000000 0.454099 0.000000 0.000000 0.000000 0.090684 0.000000 0.000000
 0.372907 0.000000 0.343734 0.000000 0.000000 0.000000 0.000000 0.000000 0.000000 0.000000 0.000000 0.000000 0.000000 0.000000 0.000000 0.283358 0.000000 0.000000 0.000000 0.000000
 0.000000 0.000000 0.000000 0.031422 0.484853 0.000000 0.000000 0.000000 0.000000 0.000000 0.000000 0.483725 0.000000 0.000000 0.000000 0.000000 0.000000 0.000000 0.000000 0.000000
 0.000000 0.000000 0.000000 0.000000 0.500035 0.000000 0.000000 0.000000 0.499965 0.000000 0.000000 0.000000 0.000000 0.000000 0.000000 0.000000 0.000000 0.000000 0.000000 0.000000
 0.000000 0.000000 0.378102 0.000000 0.000000 0.000000 0.000000 0.000000 0.000000 0.000000 0.000000 0.000000 0.287305 0.000000 0.000000 0.000000 0.334593 0.000000 0.000000 0.000000
 0.000000 0.000000 0.265867 0.000000 0.000000 0.000000 0.000000 0.000000 0.000000 0.389475 0.000000 0.000000 0.000000 0.000000 0.000000 0.344658 0.000000 0.000000 0.000000 0.000000
 0.000000 0.000000 0.000000 0.000011 0.000000 0.000000 0.454016 0.000000 0.000000 0.000000 0.455051 0.090679 0.000000 0.000000 0.000000 0.000000 0.000000 0.000000 0.000243 0.000000
 0.000000 0.000000 0.000000 0.499831 0.000000 0.000000 0.000000 0.499901 0.000000 0.000000 0.000000 0.000000 0.000000 0.000000 0.000000 0.000000 0.000000 0.000267 0.000000 0.000000
 0.000000 0.000000 0.000000 0.000000 0.000000 0.000000 0.500000 0.000000 0.500000 0.000000 0.000000 0.000000 0.000000 0.000000 0.000000 0.000000 0.000000 0.000000 0.000000 0.000000
the mean of prob-rank is 1.5263157894736843
the number of false negetive edges is 0
the number of probability greater than 0 is 2.9/edge
