20
 0.000000 0.000000 0.000000 0.000000 0.000000 0.000000 0.000000 0.000000 0.000000 0.000000 0.012942 0.000000 0.493534 0.000000 0.000000 0.000000 0.000000 0.493525 0.000000 0.000000
 0.000000 0.000000 0.000000 0.000000 0.000000 0.037962 0.000000 0.000000 0.000000 0.000000 0.480882 0.000000 0.000000 0.000000 0.000000 0.000000 0.000000 0.000000 0.000000 0.481156
 0.000000 0.000000 0.000000 0.000000 0.000000 0.000000 0.000000 0.000000 0.000000 0.000000 0.000000 0.000000 0.000000 0.500000 0.500000 0.000000 0.000000 0.000000 0.000000 0.000000
 0.000000 0.000000 0.000000 0.000000 0.000000 0.246711 0.000000 0.000000 0.000000 0.222034 0.250674 0.218327 0.000000 0.000000 0.000000 0.000000 0.000000 0.000000 0.062254 0.000000
 0.000000 0.000000 0.000000 0.000000 0.000000 0.000000 0.499418 0.000000 0.001254 0.000000 0.000000 0.000000 0.000000 0.000000 0.000000 0.000000 0.499328 0.000000 0.000000 0.000000
 0.000000 0.026020 0.000000 0.297826 0.000000 0.000000 0.000000 0.000000 0.000000 0.041911 0.304462 0.000000 0.000000 0.000000 0.000000 0.000000 0.000000 0.000000 0.329781 0.000000
 0.000000 0.000000 0.000000 0.000000 0.498289 0.000000 0.000000 0.496596 0.000000 0.000000 0.000000 0.000000 0.000000 0.000000 0.000000 0.000000 0.000000 0.005114 0.000000 0.000000
 0.000000 0.000000 0.000000 0.000000 0.000000 0.000000 0.492523 0.000000 0.000000 0.000000 0.000000 0.000000 0.000000 0.494215 0.000000 0.000000 0.000000 0.013262 0.000000 0.000000
 0.000000 0.000000 0.000000 0.000000 0.001246 0.000000 0.000000 0.000000 0.000000 0.000000 0.006725 0.000000 0.495970 0.000000 0.000000 0.000000 0.000000 0.000000 0.000000 0.496059
 0.000000 0.000000 0.000000 0.282725 0.000000 0.044208 0.000000 0.000000 0.000000 0.000000 0.000000 0.325193 0.000000 0.000000 0.000000 0.000000 0.000000 0.000000 0.347874 0.000000
 0.009104 0.346999 0.000000 0.318570 0.000000 0.320520 0.000000 0.000000 0.004707 0.000000 0.000000 0.000000 0.000000 0.000000 0.000000 0.000000 0.000000 0.000000 0.000000 0.000099
 0.000000 0.000000 0.000000 0.292307 0.000000 0.000000 0.000000 0.000000 0.000000 0.341923 0.000000 0.000000 0.000000 0.000000 0.365770 0.000000 0.000000 0.000000 0.000000 0.000000
 0.494885 0.000000 0.000000 0.000000 0.000000 0.000000 0.000000 0.000000 0.494799 0.000000 0.000000 0.000000 0.000000 0.000000 0.000000 0.010315 0.000000 0.000000 0.000000 0.000000
 0.000000 0.000000 0.500000 0.000000 0.000000 0.000000 0.000000 0.500000 0.000000 0.000000 0.000000 0.000000 0.000000 0.000000 0.000000 0.000000 0.000000 0.000000 0.000000 0.000000
 0.000000 0.000000 0.500000 0.000000 0.000000 0.000000 0.000000 0.000000 0.000000 0.000000 0.000000 0.500000 0.000000 0.000000 0.000000 0.000000 0.000000 0.000000 0.000000 0.000000
 0.000000 0.000000 0.000000 0.000000 0.000000 0.000000 0.000000 0.000000 0.000000 0.000000 0.000000 0.000000 0.010328 0.000000 0.000000 0.000000 0.495498 0.494174 0.000000 0.000000
 0.000000 0.000000 0.000000 0.000000 0.499949 0.000000 0.000000 0.000000 0.000000 0.000000 0.000000 0.000000 0.000000 0.000000 0.000000 0.500051 0.000000 0.000000 0.000000 0.000000
 0.491533 0.000000 0.000000 0.000000 0.000000 0.000000 0.005045 0.013190 0.000000 0.000000 0.000000 0.000000 0.000000 0.000000 0.000000 0.490231 0.000000 0.000000 0.000000 0.000000
 0.000000 0.000000 0.000000 0.102284 0.000000 0.448845 0.000000 0.000000 0.000000 0.448871 0.000000 0.000000 0.000000 0.000000 0.000000 0.000000 0.000000 0.000000 0.000000 0.000000
 0.000000 0.499929 0.000000 0.000000 0.000000 0.000000 0.000000 0.000000 0.499929 0.000000 0.000143 0.000000 0.000000 0.000000 0.000000 0.000000 0.000000 0.000000 0.000000 0.000000
the mean of prob-rank is 1.5789473684210527
the number of false negetive edges is 0
the number of probability greater than 0 is 3.3/edge
