20
 0.000000 0.000001 0.000000 0.024401 0.324586 0.000000 0.317885 0.000000 0.000000 0.000000 0.000000 0.000000 0.000000 0.000000 0.000000 0.000000 0.000000 0.333035 0.000092 0.000000
 0.000002 0.000000 0.000000 0.000000 0.000000 0.000000 0.499995 0.000000 0.000000 0.000000 0.000000 0.500003 0.000000 0.000000 0.000000 0.000000 0.000000 0.000000 0.000000 0.000000
 0.000000 0.000000 0.000000 0.000000 0.000000 0.000000 0.000000 0.000000 0.000000 0.000000 0.000000 0.000000 0.000000 0.500000 0.000000 0.000000 0.000000 0.000000 0.000000 0.500000
 0.035340 0.000000 0.000000 0.000000 0.000000 0.000000 0.000000 0.000000 0.482302 0.000000 0.000000 0.000000 0.482347 0.000000 0.000000 0.000000 0.000000 0.000000 0.000000 0.000010
 0.318772 0.000000 0.000000 0.000000 0.000000 0.000000 0.071139 0.000000 0.000000 0.000000 0.000000 0.000000 0.000000 0.000000 0.000000 0.000000 0.000000 0.282997 0.327092 0.000000
 0.000000 0.000000 0.000000 0.000000 0.000000 0.000000 0.000000 0.499324 0.000000 0.000000 0.000000 0.000000 0.000000 0.000000 0.001183 0.499492 0.000000 0.000000 0.000000 0.000000
 0.317210 0.332344 0.000000 0.000000 0.072282 0.000000 0.000000 0.000000 0.000000 0.000000 0.000000 0.000000 0.000000 0.000000 0.000000 0.000000 0.000000 0.278164 0.000000 0.000000
 0.000000 0.000000 0.000000 0.000000 0.000000 0.496525 0.000000 0.000000 0.000000 0.006782 0.000000 0.000000 0.000000 0.000000 0.496693 0.000000 0.000000 0.000000 0.000000 0.000000
 0.000000 0.000000 0.000000 0.496406 0.000000 0.000000 0.000000 0.000000 0.000000 0.496460 0.000000 0.000000 0.000792 0.000000 0.000000 0.000000 0.006342 0.000000 0.000000 0.000000
 0.000000 0.000000 0.000000 0.000000 0.000000 0.000000 0.000000 0.006781 0.496625 0.000000 0.496594 0.000000 0.000000 0.000000 0.000000 0.000000 0.000000 0.000000 0.000000 0.000000
 0.000000 0.000000 0.000000 0.000000 0.000000 0.000000 0.000000 0.000000 0.000000 0.499336 0.000000 0.001485 0.000000 0.000000 0.000000 0.000000 0.499179 0.000000 0.000000 0.000000
 0.000000 0.499282 0.000000 0.000000 0.000000 0.000000 0.000000 0.000000 0.000000 0.000000 0.001484 0.000000 0.000000 0.000000 0.000000 0.000000 0.499233 0.000000 0.000000 0.000000
 0.000000 0.000000 0.000000 0.499595 0.000000 0.000000 0.000000 0.000000 0.000797 0.000000 0.000000 0.000000 0.000000 0.000000 0.000000 0.499608 0.000000 0.000000 0.000000 0.000000
 0.000000 0.000000 0.500003 0.000000 0.000000 0.000000 0.000000 0.000000 0.000000 0.000000 0.000000 0.000000 0.000000 0.000000 0.499997 0.000000 0.000000 0.000000 0.000000 0.000000
 0.000000 0.000000 0.000000 0.000000 0.000000 0.001183 0.000000 0.499411 0.000000 0.000000 0.000000 0.000000 0.000000 0.499406 0.000000 0.000000 0.000000 0.000000 0.000000 0.000000
 0.000000 0.000000 0.000000 0.000000 0.000000 0.500000 0.000000 0.000000 0.000000 0.000000 0.000000 0.000000 0.500000 0.000000 0.000000 0.000000 0.000000 0.000000 0.000000 0.000000
 0.000000 0.000000 0.000000 0.000001 0.000000 0.000000 0.000000 0.000000 0.006348 0.000000 0.496754 0.496897 0.000000 0.000000 0.000000 0.000000 0.000000 0.000000 0.000000 0.000000
 0.369813 0.000000 0.000000 0.000000 0.319981 0.000000 0.309540 0.000000 0.000000 0.000000 0.000000 0.000000 0.000000 0.000000 0.000000 0.000000 0.000000 0.000000 0.000666 0.000000
 0.000138 0.000000 0.000000 0.000000 0.499485 0.000000 0.000000 0.000000 0.000000 0.000000 0.000000 0.000000 0.000000 0.000000 0.000000 0.000000 0.000000 0.000899 0.000000 0.499478
 0.000000 0.000000 0.499998 0.000011 0.000000 0.000000 0.000000 0.000000 0.000000 0.000000 0.000000 0.000000 0.000000 0.000000 0.000000 0.000000 0.000000 0.000000 0.499991 0.000000
the mean of prob-rank is 1.4736842105263157
the number of false negetive edges is 0
the number of probability greater than 0 is 3.3/edge
