20
 0.000000 0.367949 0.354736 0.069520 0.000000 0.000000 0.000000 0.000000 0.000000 0.000000 0.000000 0.000000 0.000000 0.207795 0.000000 0.000000 0.000000 0.000000 0.000000 0.000000
 0.401705 0.000000 0.198992 0.000000 0.397277 0.000000 0.000000 0.000000 0.000000 0.000000 0.000000 0.000000 0.000000 0.002026 0.000000 0.000000 0.000000 0.000000 0.000000 0.000000
 0.296767 0.152484 0.000000 0.236486 0.000003 0.000000 0.006779 0.000000 0.000000 0.000000 0.000000 0.000000 0.000000 0.307482 0.000000 0.000000 0.000000 0.000000 0.000000 0.000000
 0.064417 0.000000 0.261933 0.000000 0.000000 0.000000 0.000000 0.000000 0.000000 0.000000 0.000000 0.000000 0.000000 0.332707 0.000000 0.000000 0.000000 0.000000 0.340943 0.000000
 0.000000 0.426947 0.000004 0.000000 0.000000 0.000000 0.016657 0.000000 0.123982 0.000704 0.000000 0.000000 0.000000 0.000000 0.000000 0.000000 0.431705 0.000000 0.000000 0.000000
 0.000000 0.000000 0.000000 0.000000 0.000000 0.000000 0.000000 0.000000 0.000000 0.000000 0.000000 0.000000 0.500008 0.000000 0.499992 0.000000 0.000000 0.000000 0.000000 0.000000
 0.000000 0.000000 0.010652 0.000000 0.018664 0.000000 0.000000 0.000001 0.000000 0.005777 0.000000 0.000000 0.000000 0.000000 0.000000 0.002475 0.478718 0.483713 0.000000 0.000000
 0.000000 0.000000 0.000000 0.000000 0.000000 0.000000 0.000001 0.000000 0.000000 0.000000 0.000000 0.499994 0.000000 0.000000 0.000000 0.500004 0.000000 0.000002 0.000000 0.000000
 0.000000 0.000000 0.000000 0.000000 0.120933 0.000000 0.000000 0.000000 0.000000 0.418345 0.421088 0.000000 0.000000 0.000000 0.000000 0.000001 0.039632 0.000000 0.000000 0.000000
 0.000000 0.000000 0.000000 0.000000 0.000770 0.000000 0.005634 0.000000 0.468630 0.000000 0.043294 0.000000 0.000000 0.000000 0.000000 0.000000 0.010006 0.471667 0.000000 0.000000
 0.000000 0.000000 0.000000 0.000000 0.000000 0.000000 0.000000 0.000000 0.478103 0.043881 0.000000 0.000000 0.000000 0.000000 0.000000 0.478016 0.000000 0.000000 0.000000 0.000000
 0.000000 0.000000 0.000000 0.000000 0.000000 0.000000 0.000000 0.499993 0.000000 0.000000 0.000000 0.000000 0.500001 0.000000 0.000000 0.000006 0.000000 0.000000 0.000000 0.000000
 0.000000 0.000000 0.000000 0.000000 0.000000 0.500001 0.000000 0.000000 0.000000 0.000000 0.000000 0.499999 0.000000 0.000000 0.000000 0.000000 0.000000 0.000000 0.000000 0.000000
 0.221943 0.001983 0.392568 0.383506 0.000000 0.000000 0.000000 0.000000 0.000000 0.000000 0.000000 0.000000 0.000000 0.000000 0.000000 0.000000 0.000000 0.000000 0.000000 0.000000
 0.000000 0.000000 0.000000 0.000000 0.000000 0.499912 0.000000 0.000000 0.000000 0.000000 0.000000 0.000000 0.000000 0.000000 0.000000 0.000000 0.000000 0.000000 0.000160 0.499929
 0.000000 0.000000 0.000000 0.000000 0.000000 0.000000 0.002476 0.483834 0.000001 0.000000 0.483747 0.000006 0.000000 0.000000 0.000000 0.000000 0.000000 0.029937 0.000000 0.000000
 0.000000 0.000000 0.000000 0.000000 0.475059 0.000000 0.470152 0.000000 0.044712 0.010077 0.000000 0.000000 0.000000 0.000000 0.000000 0.000000 0.000000 0.000000 0.000000 0.000000
 0.000000 0.000000 0.000000 0.000000 0.000000 0.000000 0.485012 0.000002 0.000000 0.484977 0.000000 0.000000 0.000000 0.000000 0.000000 0.030010 0.000000 0.000000 0.000000 0.000000
 0.000000 0.000000 0.000000 0.499934 0.000000 0.000000 0.000000 0.000000 0.000000 0.000000 0.000000 0.000000 0.000000 0.000000 0.000160 0.000000 0.000000 0.000000 0.000000 0.499906
 0.000000 0.000000 0.000000 0.000000 0.000000 0.000000 0.000000 0.000000 0.000000 0.000000 0.000000 0.000000 0.000000 0.000000 0.500014 0.000000 0.000000 0.000000 0.499986 0.000000
the mean of prob-rank is 1.631578947368421
the number of false negetive edges is 0
the number of probability greater than 0 is 3.9/edge
