20
 0.000000 0.000000 0.000162 0.000000 0.000000 0.000000 0.095788 0.002567 0.000000 0.000000 0.000000 0.000000 0.295253 0.000000 0.000000 0.000000 0.311438 0.000000 0.294791 0.000000
 0.000000 0.000000 0.000000 0.000000 0.464726 0.000000 0.000000 0.000000 0.000000 0.000000 0.069998 0.000000 0.000000 0.465276 0.000000 0.000000 0.000000 0.000000 0.000000 0.000000
 0.000259 0.000000 0.000000 0.006128 0.000000 0.000000 0.000000 0.000000 0.000000 0.000000 0.000000 0.000000 0.496516 0.000000 0.000000 0.496718 0.000380 0.000000 0.000000 0.000000
 0.000000 0.000000 0.005958 0.000000 0.000000 0.000000 0.000000 0.000000 0.000000 0.000000 0.000000 0.482993 0.000000 0.000000 0.000000 0.028725 0.000000 0.482324 0.000000 0.000000
 0.000000 0.452740 0.000000 0.000000 0.000000 0.000000 0.000000 0.000000 0.000000 0.000000 0.453275 0.000000 0.000000 0.000000 0.000000 0.000000 0.000000 0.000000 0.093985 0.000000
 0.000000 0.000000 0.000000 0.000000 0.000000 0.000000 0.000000 0.000000 0.000000 0.000000 0.000000 0.000000 0.000000 0.000000 0.000000 0.000000 0.000000 0.500000 0.000000 0.500000
 0.133361 0.000000 0.000000 0.000000 0.000000 0.000000 0.000000 0.433643 0.000000 0.000000 0.000000 0.432996 0.000000 0.000000 0.000000 0.000000 0.000000 0.000000 0.000000 0.000000
 0.004103 0.000000 0.000000 0.000000 0.000000 0.000000 0.497721 0.000000 0.000000 0.000000 0.000000 0.000000 0.000000 0.000000 0.000000 0.000000 0.000434 0.000000 0.497742 0.000000
 0.000000 0.000000 0.000000 0.000000 0.000000 0.000000 0.000000 0.000000 0.000000 0.500000 0.000000 0.000000 0.000000 0.000000 0.500000 0.000000 0.000000 0.000000 0.000000 0.000000
 0.000000 0.000000 0.000000 0.000000 0.000000 0.000000 0.000000 0.000000 0.500029 0.000000 0.000000 0.000000 0.000000 0.499971 0.000000 0.000000 0.000000 0.000000 0.000000 0.000000
 0.000000 0.069735 0.000000 0.000000 0.463529 0.000000 0.000000 0.000000 0.000000 0.000000 0.000000 0.000000 0.000000 0.003654 0.000000 0.463082 0.000000 0.000000 0.000000 0.000000
 0.000000 0.000000 0.000000 0.480308 0.000000 0.000000 0.479570 0.000000 0.000000 0.000000 0.000000 0.000000 0.000000 0.000000 0.000000 0.000000 0.000000 0.040122 0.000000 0.000000
 0.323471 0.000000 0.341108 0.000000 0.000000 0.000000 0.000000 0.000000 0.000000 0.000000 0.000000 0.000000 0.000000 0.000000 0.000000 0.000000 0.335421 0.000000 0.000000 0.000000
 0.000000 0.498066 0.000000 0.000000 0.000000 0.000000 0.000000 0.000000 0.000000 0.498008 0.003926 0.000000 0.000000 0.000000 0.000000 0.000000 0.000000 0.000000 0.000000 0.000000
 0.000000 0.000000 0.000000 0.000000 0.000000 0.000000 0.000000 0.000000 0.500000 0.000000 0.000000 0.000000 0.000000 0.000000 0.000000 0.000000 0.000000 0.000000 0.000000 0.500000
 0.000000 0.000000 0.485786 0.028891 0.000000 0.000000 0.000000 0.000000 0.000000 0.000000 0.485323 0.000000 0.000000 0.000000 0.000000 0.000000 0.000000 0.000000 0.000000 0.000000
 0.339172 0.000000 0.000259 0.000000 0.000000 0.000000 0.000000 0.000296 0.000000 0.000000 0.000000 0.000000 0.333425 0.000000 0.000000 0.000000 0.000000 0.000000 0.326848 0.000000
 0.000000 0.000000 0.000000 0.479608 0.000000 0.480273 0.000000 0.000000 0.000000 0.000000 0.000000 0.040119 0.000000 0.000000 0.000000 0.000000 0.000000 0.000000 0.000000 0.000000
 0.303602 0.000000 0.000000 0.000000 0.066515 0.000000 0.000000 0.320791 0.000000 0.000000 0.000000 0.000000 0.000000 0.000000 0.000000 0.000000 0.309091 0.000000 0.000000 0.000000
 0.000000 0.000000 0.000000 0.000000 0.000000 0.500000 0.000000 0.000000 0.000000 0.000000 0.000000 0.000000 0.000000 0.000000 0.500000 0.000000 0.000000 0.000000 0.000000 0.000000
the mean of prob-rank is 1.5789473684210527
the number of false negetive edges is 0
the number of probability greater than 0 is 3.3/edge
