20
 0.000000 0.000000 0.000000 0.000000 0.000000 0.000000 0.000000 0.000000 0.000000 0.000000 0.000000 0.000000 0.500000 0.000000 0.000000 0.000000 0.000000 0.500000 0.000000 0.000000
 0.000000 0.000000 0.496736 0.000000 0.000000 0.000000 0.000000 0.000000 0.000000 0.000000 0.000000 0.000000 0.000000 0.497216 0.000000 0.006048 0.000000 0.000000 0.000000 0.000000
 0.000000 0.408731 0.000000 0.000000 0.407238 0.000000 0.000000 0.069988 0.000000 0.000000 0.000000 0.000000 0.000000 0.002842 0.000000 0.000000 0.000000 0.000000 0.111200 0.000000
 0.000000 0.000000 0.000000 0.000000 0.000000 0.000002 0.000000 0.389620 0.000000 0.000000 0.000000 0.219303 0.000000 0.000000 0.000000 0.000000 0.000000 0.000000 0.391075 0.000000
 0.000000 0.000000 0.397175 0.000000 0.000000 0.000000 0.000000 0.203809 0.000000 0.000000 0.000000 0.000000 0.000000 0.000000 0.000000 0.000000 0.399016 0.000000 0.000000 0.000000
 0.000000 0.000000 0.000000 0.000002 0.000000 0.000000 0.000000 0.000000 0.000000 0.000145 0.000000 0.123543 0.000000 0.000000 0.424907 0.000000 0.000000 0.000000 0.025266 0.426138
 0.000000 0.000000 0.000000 0.000000 0.000000 0.000000 0.000000 0.000000 0.499599 0.499888 0.000000 0.000000 0.000000 0.000000 0.000022 0.000000 0.000000 0.000492 0.000000 0.000000
 0.000000 0.000000 0.064011 0.372226 0.191126 0.000000 0.000000 0.000000 0.000000 0.000000 0.000000 0.000000 0.000000 0.000000 0.000000 0.000000 0.372637 0.000000 0.000000 0.000000
 0.000000 0.000000 0.000000 0.000000 0.000000 0.000000 0.497640 0.000000 0.000000 0.004431 0.000000 0.000000 0.497930 0.000000 0.000000 0.000000 0.000000 0.000000 0.000000 0.000000
 0.000000 0.000000 0.000000 0.000000 0.000000 0.000169 0.497694 0.000000 0.004429 0.000000 0.497708 0.000000 0.000000 0.000000 0.000000 0.000000 0.000000 0.000000 0.000000 0.000000
 0.000000 0.000000 0.000000 0.000000 0.000000 0.000000 0.000000 0.000000 0.000000 0.500000 0.000000 0.000000 0.000000 0.000000 0.000000 0.500000 0.000000 0.000000 0.000000 0.000000
 0.000000 0.000000 0.000000 0.199242 0.000000 0.103163 0.000000 0.000000 0.000000 0.000000 0.000000 0.000000 0.000000 0.000000 0.001013 0.000000 0.000000 0.000000 0.342397 0.354184
 0.500007 0.000000 0.000000 0.000000 0.000000 0.000000 0.000000 0.000000 0.499993 0.000000 0.000000 0.000000 0.000000 0.000000 0.000000 0.000000 0.000000 0.000000 0.000000 0.000000
 0.000000 0.498284 0.003461 0.000000 0.000000 0.000000 0.000000 0.000000 0.000000 0.000000 0.000000 0.000000 0.000000 0.000000 0.000000 0.498254 0.000000 0.000000 0.000000 0.000000
 0.000000 0.000000 0.000000 0.000000 0.000000 0.438279 0.000019 0.000000 0.000000 0.000000 0.000000 0.001251 0.000000 0.000000 0.000000 0.000000 0.120933 0.439518 0.000000 0.000000
 0.000000 0.006045 0.000000 0.000000 0.000000 0.000000 0.000000 0.000000 0.000000 0.000000 0.496992 0.000000 0.000000 0.496963 0.000000 0.000000 0.000000 0.000000 0.000000 0.000000
 0.000000 0.000000 0.000000 0.000000 0.440336 0.000000 0.000000 0.438514 0.000000 0.000000 0.000000 0.000000 0.000000 0.000000 0.121150 0.000000 0.000000 0.000000 0.000000 0.000000
 0.499771 0.000000 0.000000 0.000000 0.000000 0.000000 0.000492 0.000000 0.000000 0.000000 0.000000 0.000000 0.000000 0.000000 0.499738 0.000000 0.000000 0.000000 0.000000 0.000000
 0.000000 0.000000 0.098370 0.361369 0.000000 0.021458 0.000000 0.000000 0.000000 0.000000 0.000000 0.348245 0.000000 0.000000 0.000000 0.000000 0.000000 0.000000 0.000000 0.170558
 0.000000 0.000000 0.000000 0.000000 0.000000 0.405417 0.000000 0.000000 0.000000 0.000000 0.000000 0.403528 0.000000 0.000000 0.000000 0.000000 0.000000 0.000000 0.191056 0.000000
the mean of prob-rank is 1.5789473684210527
the number of false negetive edges is 0
the number of probability greater than 0 is 3.6/edge
