20
 0.000000 0.000000 0.000000 0.000000 0.000000 0.000000 0.000000 0.000000 0.000000 0.000000 0.000000 0.000000 0.000000 0.000000 0.000000 0.500000 0.500000 0.000000 0.000000 0.000000
 0.000000 0.000000 0.016741 0.000000 0.002196 0.000000 0.442500 0.000000 0.000000 0.000000 0.000000 0.014753 0.000000 0.000000 0.000000 0.000000 0.000000 0.000000 0.079622 0.444188
 0.000000 0.013282 0.000000 0.068000 0.335641 0.000001 0.000000 0.000000 0.271621 0.000000 0.311453 0.000003 0.000000 0.000000 0.000000 0.000000 0.000000 0.000000 0.000000 0.000000
 0.000000 0.000000 0.065588 0.000000 0.000000 0.340041 0.000000 0.000000 0.311354 0.000000 0.283016 0.000000 0.000000 0.000000 0.000000 0.000000 0.000000 0.000000 0.000000 0.000000
 0.000000 0.002138 0.411862 0.000000 0.000000 0.000000 0.000000 0.000000 0.153395 0.000000 0.000000 0.000000 0.432605 0.000000 0.000000 0.000000 0.000000 0.000000 0.000000 0.000000
 0.000000 0.000000 0.000001 0.500000 0.000000 0.000000 0.000000 0.000000 0.000000 0.000000 0.000000 0.000000 0.000000 0.500000 0.000000 0.000000 0.000000 0.000000 0.000000 0.000000
 0.000000 0.458491 0.000000 0.000000 0.000000 0.000000 0.000000 0.002093 0.000000 0.000000 0.000000 0.069451 0.000000 0.009461 0.000000 0.000000 0.000000 0.000000 0.460425 0.000079
 0.000000 0.000000 0.000000 0.000000 0.000000 0.000000 0.002267 0.000000 0.000000 0.000386 0.000000 0.000000 0.000000 0.000000 0.000000 0.000000 0.498685 0.498663 0.000000 0.000000
 0.000000 0.000000 0.253384 0.301129 0.116614 0.000000 0.000000 0.000000 0.000000 0.000000 0.328873 0.000000 0.000000 0.000000 0.000000 0.000000 0.000000 0.000000 0.000000 0.000000
 0.000000 0.000000 0.000000 0.000000 0.000000 0.000000 0.000000 0.000387 0.000000 0.000000 0.000000 0.000000 0.000000 0.000000 0.000000 0.000000 0.000000 0.499830 0.000000 0.499784
 0.000000 0.000000 0.325305 0.306472 0.000000 0.000000 0.000000 0.000000 0.368223 0.000000 0.000000 0.000000 0.000000 0.000000 0.000000 0.000000 0.000000 0.000000 0.000000 0.000000
 0.000000 0.015208 0.000004 0.000000 0.000000 0.000000 0.069099 0.000000 0.000000 0.000000 0.000000 0.000000 0.000000 0.458036 0.000000 0.000000 0.000000 0.000000 0.457653 0.000000
 0.000000 0.000000 0.000000 0.000000 0.500000 0.000000 0.000000 0.000000 0.000000 0.000000 0.000000 0.000000 0.000000 0.000000 0.500000 0.000000 0.000000 0.000000 0.000000 0.000000
 0.000000 0.000000 0.000000 0.000000 0.000000 0.494944 0.010170 0.000000 0.000000 0.000000 0.000000 0.494885 0.000000 0.000000 0.000000 0.000000 0.000000 0.000000 0.000000 0.000000
 0.000000 0.000000 0.000000 0.000000 0.000000 0.000000 0.000000 0.000000 0.000000 0.000000 0.000000 0.000000 0.500001 0.000000 0.000000 0.499999 0.000000 0.000000 0.000000 0.000000
 0.500001 0.000000 0.000000 0.000000 0.000000 0.000000 0.000000 0.000000 0.000000 0.000000 0.000000 0.000000 0.000000 0.000000 0.499999 0.000000 0.000000 0.000000 0.000000 0.000000
 0.497967 0.000000 0.000000 0.000000 0.000000 0.000000 0.000000 0.497952 0.000000 0.000000 0.000000 0.000000 0.000000 0.000000 0.000000 0.000000 0.000000 0.004080 0.000000 0.000000
 0.000000 0.000000 0.000000 0.000000 0.000000 0.000000 0.000000 0.497900 0.000000 0.497938 0.000000 0.000000 0.000000 0.000000 0.000000 0.000000 0.004080 0.000000 0.000000 0.000082
 0.000000 0.082260 0.000000 0.000000 0.000000 0.000000 0.459089 0.000000 0.000000 0.000000 0.000000 0.458651 0.000000 0.000000 0.000000 0.000000 0.000000 0.000000 0.000000 0.000000
 0.000000 0.499838 0.000000 0.000000 0.000000 0.000000 0.000086 0.000000 0.000000 0.499994 0.000000 0.000000 0.000000 0.000000 0.000000 0.000000 0.000000 0.000082 0.000000 0.000000
the mean of prob-rank is 1.6842105263157894
the number of false negetive edges is 0
the number of probability greater than 0 is 3.6/edge
