20
 0.000000 0.000000 0.000000 0.000000 0.000000 0.000000 0.000000 0.499973 0.000000 0.000054 0.000000 0.000000 0.000000 0.000000 0.000000 0.000000 0.000000 0.000000 0.000000 0.499973
 0.000000 0.000000 0.000000 0.000000 0.000000 0.373216 0.000000 0.000000 0.000000 0.000000 0.000000 0.000000 0.000000 0.000000 0.240881 0.000000 0.000000 0.385904 0.000000 0.000000
 0.000000 0.000000 0.000000 0.091892 0.132526 0.000000 0.000000 0.000000 0.000000 0.000000 0.000000 0.011838 0.381205 0.382539 0.000000 0.000000 0.000000 0.000000 0.000000 0.000000
 0.000000 0.000000 0.083093 0.000000 0.272345 0.000000 0.000000 0.000000 0.000000 0.000000 0.000000 0.000000 0.345512 0.000039 0.000000 0.299011 0.000000 0.000000 0.000000 0.000000
 0.000000 0.000000 0.116562 0.264907 0.000000 0.000000 0.000000 0.000000 0.000000 0.000000 0.336459 0.000001 0.000000 0.000000 0.000000 0.282070 0.000000 0.000000 0.000000 0.000000
 0.000000 0.337533 0.000000 0.000000 0.000000 0.000000 0.000000 0.000000 0.000000 0.000000 0.000000 0.000000 0.000000 0.000000 0.349002 0.313464 0.000000 0.000000 0.000000 0.000000
 0.000000 0.000000 0.000000 0.000000 0.000000 0.000000 0.000000 0.000000 0.000000 0.000000 0.000000 0.000000 0.000000 0.000000 0.000000 0.000000 0.000000 0.500000 0.500000 0.000000
 0.416914 0.000000 0.000000 0.000000 0.000000 0.000000 0.000000 0.000000 0.000000 0.403274 0.000000 0.000000 0.000000 0.000000 0.000000 0.000000 0.179812 0.000000 0.000000 0.000000
 0.000000 0.000000 0.000000 0.000000 0.000000 0.000000 0.000000 0.000000 0.000000 0.000000 0.000000 0.500000 0.000000 0.000000 0.000000 0.000000 0.000000 0.000000 0.500000 0.000000
 0.000039 0.000000 0.000000 0.000000 0.000000 0.000000 0.000000 0.350194 0.000000 0.000000 0.000000 0.000000 0.000000 0.000000 0.146375 0.141699 0.361693 0.000000 0.000000 0.000000
 0.000000 0.000000 0.000000 0.000000 0.500000 0.000000 0.000000 0.000000 0.000000 0.000000 0.000000 0.000000 0.000000 0.000000 0.000000 0.000000 0.000000 0.000000 0.000000 0.500000
 0.000000 0.000000 0.015240 0.000000 0.000002 0.000000 0.000000 0.000000 0.492498 0.000000 0.000000 0.000000 0.000000 0.492245 0.000000 0.000000 0.000000 0.000000 0.000014 0.000000
 0.000000 0.000000 0.451801 0.452866 0.000000 0.000000 0.000000 0.000000 0.000000 0.000000 0.000000 0.000000 0.000000 0.095333 0.000000 0.000000 0.000000 0.000000 0.000000 0.000000
 0.000000 0.000000 0.452515 0.000051 0.000000 0.000000 0.000000 0.000000 0.000000 0.000000 0.000000 0.452284 0.095150 0.000000 0.000000 0.000000 0.000000 0.000000 0.000000 0.000000
 0.000000 0.197626 0.000000 0.000000 0.000000 0.316602 0.000000 0.000000 0.000000 0.128007 0.000000 0.000000 0.000000 0.000000 0.000000 0.048214 0.309552 0.000000 0.000000 0.000000
 0.000000 0.000000 0.000000 0.211938 0.205544 0.220208 0.000000 0.000000 0.000000 0.095961 0.000000 0.000000 0.000000 0.000000 0.037336 0.000000 0.229012 0.000000 0.000000 0.000000
 0.000000 0.000000 0.000000 0.000000 0.000000 0.000000 0.000000 0.129047 0.000000 0.298925 0.000000 0.000000 0.000000 0.000000 0.292544 0.279483 0.000000 0.000000 0.000000 0.000000
 0.000000 0.500000 0.000000 0.000000 0.000000 0.000000 0.500000 0.000000 0.000000 0.000000 0.000000 0.000000 0.000000 0.000000 0.000000 0.000000 0.000000 0.000000 0.000000 0.000000
 0.000000 0.000000 0.000000 0.000000 0.000000 0.000000 0.499993 0.000000 0.499993 0.000000 0.000000 0.000015 0.000000 0.000000 0.000000 0.000000 0.000000 0.000000 0.000000 0.000000
 0.500000 0.000000 0.000000 0.000000 0.000000 0.000000 0.000000 0.000000 0.000000 0.000000 0.500000 0.000000 0.000000 0.000000 0.000000 0.000000 0.000000 0.000000 0.000000 0.000000
the mean of prob-rank is 1.736842105263158
the number of false negetive edges is 0
the number of probability greater than 0 is 3.6/edge
