20
 0.000000 0.000000 0.000000 0.000000 0.000000 0.416359 0.000000 0.000000 0.178476 0.000000 0.405148 0.000000 0.000000 0.000000 0.000000 0.000000 0.000000 0.000018 0.000000 0.000000
 0.000000 0.000000 0.466997 0.000000 0.000000 0.000000 0.000000 0.000000 0.000000 0.000000 0.000000 0.000000 0.000000 0.000000 0.065186 0.000000 0.000000 0.000000 0.000000 0.467817
 0.000000 0.437152 0.000000 0.124928 0.000000 0.000000 0.000000 0.000000 0.000000 0.000000 0.000000 0.000000 0.000000 0.000000 0.437920 0.000000 0.000000 0.000000 0.000000 0.000000
 0.000000 0.000000 0.124855 0.000000 0.000000 0.000000 0.000000 0.437655 0.000000 0.000000 0.000000 0.000000 0.000000 0.000000 0.437489 0.000000 0.000000 0.000000 0.000000 0.000000
 0.000000 0.000000 0.000000 0.000000 0.000000 0.000000 0.495429 0.000000 0.000000 0.000000 0.495016 0.000014 0.000000 0.007143 0.000000 0.000000 0.000000 0.000000 0.002398 0.000000
 0.425946 0.000000 0.000000 0.000000 0.000000 0.000000 0.000000 0.000000 0.423176 0.000000 0.000000 0.000000 0.000000 0.000000 0.000000 0.000000 0.000000 0.150878 0.000000 0.000000
 0.000000 0.000000 0.000000 0.000000 0.499941 0.000000 0.000000 0.000000 0.000000 0.499933 0.000000 0.000000 0.000000 0.000000 0.000000 0.000000 0.000000 0.000000 0.000126 0.000000
 0.000000 0.000000 0.000000 0.499995 0.000000 0.000000 0.000000 0.000000 0.000000 0.000000 0.000000 0.000000 0.000000 0.000000 0.000000 0.000000 0.000000 0.500005 0.000000 0.000000
 0.176997 0.000000 0.000000 0.000000 0.000000 0.410223 0.000000 0.000000 0.000000 0.000000 0.000000 0.412781 0.000000 0.000000 0.000000 0.000000 0.000000 0.000000 0.000000 0.000000
 0.000000 0.000000 0.000000 0.000000 0.000000 0.000000 0.499996 0.000000 0.000000 0.000000 0.000000 0.000000 0.000000 0.000000 0.000000 0.000000 0.000000 0.000000 0.500004 0.000000
 0.389477 0.000000 0.000000 0.000000 0.399920 0.000000 0.000000 0.000000 0.000000 0.000000 0.000000 0.210603 0.000000 0.000000 0.000000 0.000000 0.000000 0.000000 0.000000 0.000000
 0.000000 0.000000 0.000000 0.000000 0.000011 0.000000 0.000000 0.000000 0.398302 0.000000 0.209640 0.000000 0.000000 0.000000 0.000000 0.000000 0.000000 0.392047 0.000000 0.000000
 0.000000 0.000000 0.000000 0.000000 0.000000 0.000000 0.000000 0.000000 0.000000 0.000000 0.000000 0.000000 0.000000 0.500000 0.000000 0.500000 0.000000 0.000000 0.000000 0.000000
 0.000000 0.000000 0.000000 0.000000 0.007158 0.000000 0.000000 0.000000 0.000000 0.000000 0.000000 0.000000 0.496505 0.000000 0.000000 0.000000 0.000000 0.000000 0.496337 0.000000
 0.000000 0.065145 0.467521 0.467335 0.000000 0.000000 0.000000 0.000000 0.000000 0.000000 0.000000 0.000000 0.000000 0.000000 0.000000 0.000000 0.000000 0.000000 0.000000 0.000000
 0.000000 0.000000 0.000000 0.000000 0.000000 0.000000 0.000000 0.000000 0.000000 0.000000 0.000000 0.000000 0.500000 0.000000 0.000000 0.000000 0.500000 0.000000 0.000000 0.000000
 0.000000 0.000000 0.000000 0.000000 0.000000 0.000000 0.000000 0.000000 0.000000 0.000000 0.000000 0.000000 0.000000 0.000000 0.000000 0.500000 0.000000 0.000000 0.000000 0.500000
 0.000018 0.000000 0.000000 0.000000 0.000000 0.151489 0.000000 0.427669 0.000000 0.000000 0.000000 0.420823 0.000000 0.000000 0.000000 0.000000 0.000000 0.000000 0.000000 0.000000
 0.000000 0.000000 0.000000 0.000000 0.002414 0.000000 0.000125 0.000000 0.000000 0.498815 0.000000 0.000000 0.000000 0.498645 0.000000 0.000000 0.000000 0.000000 0.000000 0.000000
 0.000000 0.500001 0.000000 0.000000 0.000000 0.000000 0.000000 0.000000 0.000000 0.000000 0.000000 0.000000 0.000000 0.000000 0.000000 0.000000 0.499999 0.000000 0.000000 0.000000
the mean of prob-rank is 1.5263157894736843
the number of false negetive edges is 0
the number of probability greater than 0 is 3.0/edge
