20
 0.000000 0.000000 0.000000 0.000000 0.458489 0.000000 0.000000 0.000000 0.000000 0.000000 0.000000 0.021524 0.000000 0.000000 0.063272 0.000000 0.000000 0.000000 0.456716 0.000000
 0.000000 0.000000 0.000000 0.000000 0.000000 0.000000 0.000000 0.000000 0.062205 0.000000 0.000000 0.469337 0.000000 0.468440 0.000019 0.000000 0.000000 0.000000 0.000000 0.000000
 0.000000 0.000000 0.000000 0.000000 0.000000 0.000000 0.000000 0.000000 0.000000 0.096491 0.003487 0.000000 0.444560 0.000000 0.000000 0.010281 0.000000 0.000000 0.000000 0.445180
 0.000000 0.000000 0.000000 0.000000 0.000000 0.000000 0.000000 0.499676 0.000000 0.000000 0.000000 0.000000 0.000000 0.000648 0.000000 0.000000 0.000000 0.499676 0.000000 0.000000
 0.500000 0.000000 0.000000 0.000000 0.000000 0.500000 0.000000 0.000000 0.000000 0.000000 0.000000 0.000000 0.000000 0.000000 0.000000 0.000000 0.000000 0.000000 0.000000 0.000000
 0.000000 0.000000 0.000000 0.000000 0.500000 0.000000 0.000000 0.000000 0.000000 0.000000 0.000000 0.000000 0.000000 0.000000 0.000000 0.000000 0.000000 0.000000 0.000000 0.500000
 0.000000 0.000000 0.000000 0.000000 0.000000 0.000000 0.000000 0.000000 0.000000 0.445917 0.000000 0.000000 0.051740 0.000000 0.000000 0.000000 0.446231 0.000000 0.056113 0.000000
 0.000000 0.000000 0.000000 0.499757 0.000000 0.000000 0.000000 0.000000 0.000000 0.000000 0.000000 0.000000 0.000000 0.499756 0.000000 0.000000 0.000000 0.000487 0.000000 0.000000
 0.000000 0.062186 0.000000 0.000000 0.000000 0.000000 0.000000 0.000000 0.000000 0.000000 0.000000 0.000000 0.000000 0.000000 0.468606 0.000000 0.000000 0.000000 0.469208 0.000000
 0.000000 0.000000 0.097800 0.000000 0.000000 0.000000 0.450946 0.000000 0.000000 0.000000 0.000000 0.000000 0.451254 0.000000 0.000000 0.000000 0.000000 0.000000 0.000000 0.000000
 0.000000 0.000000 0.003688 0.000000 0.000000 0.000000 0.000000 0.000000 0.000000 0.000000 0.000000 0.000000 0.000000 0.000049 0.000000 0.470855 0.470807 0.054601 0.000000 0.000000
 0.022934 0.488525 0.000000 0.000000 0.000000 0.000000 0.000000 0.000000 0.000000 0.000000 0.000000 0.000000 0.000000 0.000000 0.488541 0.000000 0.000000 0.000000 0.000000 0.000000
 0.000000 0.000000 0.471586 0.000000 0.000000 0.000000 0.054762 0.000000 0.000000 0.472281 0.000000 0.000000 0.000000 0.000000 0.000000 0.000000 0.000000 0.000000 0.001371 0.000000
 0.000000 0.416028 0.000000 0.000540 0.000000 0.000000 0.000000 0.416837 0.000000 0.000000 0.000043 0.000000 0.000000 0.000000 0.000000 0.000000 0.072024 0.000000 0.094527 0.000000
 0.064584 0.000019 0.000000 0.000000 0.000000 0.000000 0.000000 0.000000 0.467398 0.000000 0.000000 0.467999 0.000000 0.000000 0.000000 0.000000 0.000000 0.000000 0.000000 0.000000
 0.000000 0.000000 0.011417 0.000000 0.000000 0.000000 0.000000 0.000000 0.000000 0.000000 0.494402 0.000000 0.000000 0.000000 0.000000 0.000000 0.001288 0.492893 0.000000 0.000000
 0.000000 0.000000 0.000000 0.000000 0.000000 0.000000 0.457296 0.000000 0.000000 0.000000 0.457242 0.000000 0.000000 0.079015 0.000000 0.001191 0.000000 0.000000 0.005256 0.000000
 0.000000 0.000000 0.000000 0.473066 0.000000 0.000000 0.000000 0.000461 0.000000 0.000000 0.054857 0.000000 0.000000 0.000000 0.000000 0.471616 0.000000 0.000000 0.000000 0.000000
 0.421546 0.000000 0.000000 0.000000 0.000000 0.000000 0.053215 0.000000 0.423182 0.000000 0.000000 0.000000 0.001228 0.095966 0.000000 0.000000 0.004864 0.000000 0.000000 0.000000
 0.000000 0.000000 0.499974 0.000000 0.000000 0.500026 0.000000 0.000000 0.000000 0.000000 0.000000 0.000000 0.000000 0.000000 0.000000 0.000000 0.000000 0.000000 0.000000 0.000000
the mean of prob-rank is 1.4736842105263157
the number of false negetive edges is 0
the number of probability greater than 0 is 3.8/edge
