20
 0.000000 0.000000 0.000000 0.000000 0.497365 0.000000 0.000000 0.000000 0.000000 0.000000 0.006513 0.000000 0.000000 0.000000 0.000000 0.000000 0.496121 0.000000 0.000000 0.000000
 0.000000 0.000000 0.000000 0.000000 0.500005 0.499995 0.000000 0.000000 0.000000 0.000000 0.000000 0.000000 0.000000 0.000000 0.000000 0.000000 0.000000 0.000000 0.000000 0.000000
 0.000000 0.000000 0.000000 0.000000 0.000000 0.000000 0.000000 0.000000 0.000000 0.000000 0.498777 0.001258 0.000000 0.000396 0.000000 0.000000 0.000000 0.498889 0.000000 0.000680
 0.000000 0.000000 0.000000 0.000000 0.000000 0.000000 0.499438 0.000000 0.000000 0.000000 0.000000 0.000000 0.000000 0.499430 0.000000 0.000000 0.000000 0.000000 0.000000 0.001132
 0.498323 0.498320 0.000000 0.000000 0.000000 0.000003 0.000000 0.000000 0.000000 0.000000 0.000000 0.000000 0.000000 0.000000 0.000000 0.003354 0.000000 0.000000 0.000000 0.000000
 0.000000 0.499098 0.000000 0.000000 0.000003 0.000000 0.000000 0.000000 0.000000 0.000000 0.000000 0.000000 0.000394 0.000000 0.000000 0.499110 0.001396 0.000000 0.000000 0.000000
 0.000000 0.000000 0.000000 0.500000 0.000000 0.000000 0.000000 0.000000 0.000000 0.500000 0.000000 0.000000 0.000000 0.000000 0.000000 0.000000 0.000000 0.000000 0.000000 0.000000
 0.000000 0.000000 0.000000 0.000000 0.000000 0.000000 0.000000 0.000000 0.000000 0.000000 0.000000 0.029997 0.000000 0.000000 0.000000 0.000000 0.000000 0.000000 0.485020 0.484984
 0.000000 0.000000 0.000000 0.000000 0.000000 0.000000 0.000000 0.000000 0.000000 0.000000 0.000000 0.492712 0.495743 0.000000 0.000000 0.000000 0.000000 0.000000 0.011546 0.000000
 0.000000 0.000000 0.000000 0.000000 0.000000 0.000000 0.500000 0.000000 0.000000 0.000000 0.500000 0.000000 0.000000 0.000000 0.000000 0.000000 0.000000 0.000000 0.000000 0.000000
 0.006506 0.000000 0.496684 0.000000 0.000000 0.000000 0.000000 0.000000 0.000000 0.496796 0.000000 0.000000 0.000000 0.000014 0.000000 0.000000 0.000000 0.000000 0.000000 0.000000
 0.000000 0.000000 0.001222 0.000000 0.000000 0.000000 0.000000 0.029970 0.481619 0.000000 0.000000 0.000000 0.000000 0.000000 0.002626 0.000000 0.000000 0.000000 0.484564 0.000000
 0.000000 0.000000 0.000000 0.000000 0.000000 0.000394 0.000000 0.000000 0.499663 0.000000 0.000000 0.000000 0.000000 0.000000 0.000000 0.499405 0.000534 0.000000 0.000004 0.000000
 0.000000 0.000000 0.000397 0.499791 0.000000 0.000000 0.000000 0.000000 0.000000 0.000000 0.000014 0.000000 0.000000 0.000000 0.000000 0.000000 0.000000 0.000000 0.000000 0.499799
 0.000000 0.000000 0.000000 0.000000 0.000000 0.000000 0.000000 0.000000 0.000000 0.000000 0.000000 0.002702 0.000000 0.000000 0.000000 0.000000 0.498649 0.498649 0.000000 0.000000
 0.000000 0.000000 0.000000 0.000000 0.003355 0.498453 0.000000 0.000000 0.000000 0.000000 0.000000 0.000000 0.498192 0.000000 0.000000 0.000000 0.000000 0.000000 0.000000 0.000000
 0.498409 0.000000 0.000000 0.000000 0.000000 0.001398 0.000000 0.000000 0.000000 0.000000 0.000000 0.000000 0.000534 0.000000 0.499659 0.000000 0.000000 0.000000 0.000000 0.000000
 0.000000 0.000000 0.500000 0.000000 0.000000 0.000000 0.000000 0.000000 0.000000 0.000000 0.000000 0.000000 0.000000 0.000000 0.500000 0.000000 0.000000 0.000000 0.000000 0.000000
 0.000000 0.000000 0.000000 0.000000 0.000000 0.000000 0.000000 0.494253 0.011511 0.000000 0.000000 0.494232 0.000004 0.000000 0.000000 0.000000 0.000000 0.000000 0.000000 0.000000
 0.000000 0.000000 0.000680 0.001131 0.000000 0.000000 0.000000 0.499076 0.000000 0.000000 0.000000 0.000000 0.000000 0.499113 0.000000 0.000000 0.000000 0.000000 0.000000 0.000000
the mean of prob-rank is 1.5263157894736843
the number of false negetive edges is 0
the number of probability greater than 0 is 3.5/edge
