20
 0.000000 0.500000 0.000000 0.000000 0.000000 0.000000 0.000000 0.000000 0.000000 0.500000 0.000000 0.000000 0.000000 0.000000 0.000000 0.000000 0.000000 0.000000 0.000000 0.000000
 0.498126 0.000000 0.000000 0.000000 0.496999 0.000000 0.000000 0.000000 0.000000 0.000000 0.000000 0.000000 0.004876 0.000000 0.000000 0.000000 0.000000 0.000000 0.000000 0.000000
 0.000000 0.000000 0.000000 0.000000 0.000000 0.000000 0.000000 0.029848 0.456337 0.000000 0.000000 0.000000 0.451403 0.000000 0.000000 0.062411 0.000000 0.000000 0.000000 0.000000
 0.000000 0.000000 0.000000 0.000000 0.000000 0.354401 0.000000 0.000000 0.325070 0.000000 0.000000 0.000000 0.000000 0.000000 0.000000 0.000000 0.000000 0.000000 0.000000 0.320529
 0.000000 0.490947 0.000000 0.000000 0.000000 0.000000 0.000000 0.015023 0.000000 0.000000 0.000000 0.000000 0.001969 0.000000 0.000000 0.000000 0.000000 0.492061 0.000000 0.000000
 0.000000 0.000000 0.000000 0.365911 0.000000 0.000000 0.000000 0.000000 0.305994 0.000000 0.000000 0.000000 0.000000 0.000000 0.000000 0.000000 0.000000 0.000000 0.000000 0.328095
 0.000000 0.000000 0.000000 0.000000 0.000000 0.000000 0.000000 0.000000 0.000000 0.000000 0.000000 0.499082 0.000000 0.499084 0.001834 0.000000 0.000000 0.000000 0.000000 0.000000
 0.000000 0.000000 0.031265 0.000000 0.014594 0.000000 0.000000 0.000000 0.000000 0.000000 0.000000 0.000000 0.477997 0.000000 0.000000 0.476144 0.000000 0.000000 0.000000 0.000000
 0.000000 0.000000 0.363175 0.333119 0.000000 0.303706 0.000000 0.000000 0.000000 0.000000 0.000000 0.000000 0.000000 0.000000 0.000000 0.000000 0.000000 0.000000 0.000000 0.000000
 0.500000 0.000000 0.000000 0.000000 0.000000 0.000000 0.000000 0.000000 0.000000 0.000000 0.500000 0.000000 0.000000 0.000000 0.000000 0.000000 0.000000 0.000000 0.000000 0.000000
 0.000000 0.000000 0.000000 0.000000 0.000000 0.000000 0.000000 0.000000 0.000000 0.500000 0.000000 0.000000 0.000000 0.000000 0.500000 0.000000 0.000000 0.000000 0.000000 0.000000
 0.000000 0.000000 0.000000 0.000000 0.000000 0.000000 0.499172 0.000000 0.000000 0.000000 0.000000 0.000000 0.000000 0.001653 0.000000 0.000000 0.000000 0.000000 0.499175 0.000000
 0.000000 0.004474 0.452181 0.000000 0.001829 0.000000 0.000000 0.457122 0.000000 0.000000 0.000000 0.000000 0.000000 0.000000 0.000000 0.084394 0.000000 0.000000 0.000000 0.000000
 0.000000 0.000000 0.000000 0.000000 0.000000 0.000000 0.499186 0.000000 0.000000 0.000000 0.000000 0.001653 0.000000 0.000000 0.499161 0.000000 0.000000 0.000000 0.000000 0.000000
 0.000000 0.000000 0.000000 0.000000 0.000000 0.000000 0.001834 0.000000 0.000000 0.000000 0.499095 0.000000 0.000000 0.499070 0.000000 0.000000 0.000000 0.000000 0.000000 0.000000
 0.000000 0.000000 0.059014 0.000000 0.000000 0.000000 0.000000 0.429825 0.000000 0.000000 0.000000 0.000000 0.079663 0.000000 0.000000 0.000000 0.000000 0.431498 0.000000 0.000000
 0.000000 0.000000 0.000000 0.000000 0.000000 0.000000 0.000000 0.000000 0.000000 0.000000 0.000000 0.000000 0.000000 0.000000 0.000000 0.000000 0.000000 0.000000 0.499999 0.500001
 0.000000 0.000000 0.000000 0.000000 0.500000 0.000000 0.000000 0.000000 0.000000 0.000000 0.000000 0.000000 0.000000 0.000000 0.000000 0.500000 0.000000 0.000000 0.000000 0.000000
 0.000000 0.000000 0.000000 0.000000 0.000000 0.000000 0.000000 0.000000 0.000000 0.000000 0.000000 0.500001 0.000000 0.000000 0.000000 0.000000 0.499999 0.000000 0.000000 0.000000
 0.000000 0.000000 0.000000 0.322885 0.000000 0.320110 0.000000 0.000000 0.000000 0.000000 0.000000 0.000000 0.000000 0.000000 0.000000 0.000000 0.357005 0.000000 0.000000 0.000000
the mean of prob-rank is 1.6842105263157894
the number of false negetive edges is 0
the number of probability greater than 0 is 3.0/edge
