20
 0.000000 0.000000 0.000000 0.000000 0.000000 0.000000 0.499984 0.000000 0.000000 0.000000 0.000000 0.000000 0.000031 0.000000 0.000000 0.000000 0.000000 0.000000 0.499984 0.000000
 0.000000 0.000000 0.000000 0.490386 0.001962 0.000017 0.000000 0.000000 0.490331 0.000000 0.014303 0.003001 0.000000 0.000000 0.000000 0.000000 0.000000 0.000000 0.000000 0.000000
 0.000000 0.000000 0.000000 0.000000 0.000000 0.499932 0.000000 0.000000 0.000000 0.000000 0.000000 0.000000 0.000000 0.000000 0.000000 0.500068 0.000000 0.000000 0.000000 0.000000
 0.000000 0.499714 0.000000 0.000000 0.000000 0.000000 0.000000 0.000000 0.000310 0.000000 0.499703 0.000273 0.000000 0.000000 0.000000 0.000000 0.000000 0.000000 0.000000 0.000000
 0.000000 0.001994 0.000000 0.000000 0.000000 0.000000 0.498307 0.000026 0.000001 0.000000 0.000000 0.000000 0.001392 0.000000 0.000000 0.000000 0.000000 0.000000 0.000000 0.498280
 0.000000 0.000017 0.493437 0.000000 0.000000 0.000000 0.000000 0.000000 0.000000 0.000000 0.015790 0.490756 0.000000 0.000000 0.000000 0.000000 0.000000 0.000000 0.000000 0.000000
 0.466790 0.000000 0.000000 0.000000 0.466773 0.000000 0.000000 0.000000 0.000000 0.000000 0.000000 0.000000 0.066255 0.000000 0.000000 0.000000 0.000000 0.000000 0.000000 0.000182
 0.000000 0.000000 0.000000 0.000000 0.000026 0.000000 0.000000 0.000000 0.000000 0.499987 0.000000 0.000000 0.000000 0.000000 0.000000 0.000000 0.000000 0.499987 0.000000 0.000000
 0.000000 0.494422 0.000000 0.000306 0.000001 0.000000 0.000000 0.000000 0.000000 0.000000 0.000000 0.001038 0.494167 0.000000 0.000000 0.000000 0.000000 0.000000 0.000000 0.010066
 0.000000 0.000000 0.000000 0.000000 0.000000 0.000000 0.000000 0.500000 0.000000 0.000000 0.000000 0.000000 0.000000 0.000000 0.000000 0.000000 0.000000 0.000000 0.500000 0.000000
 0.000000 0.014151 0.000000 0.485159 0.000000 0.015520 0.000000 0.000000 0.000000 0.000000 0.000000 0.485170 0.000000 0.000000 0.000000 0.000000 0.000000 0.000000 0.000000 0.000000
 0.000000 0.002912 0.000000 0.000260 0.000000 0.473163 0.000000 0.000000 0.000999 0.000000 0.475908 0.000000 0.046757 0.000000 0.000000 0.000000 0.000000 0.000000 0.000000 0.000000
 0.000028 0.000000 0.000000 0.000000 0.001247 0.000000 0.063350 0.000000 0.446045 0.000000 0.000000 0.043851 0.000000 0.000000 0.000000 0.000000 0.000000 0.000000 0.000000 0.445480
 0.000000 0.000000 0.000000 0.000000 0.000000 0.000000 0.000000 0.000000 0.000000 0.000000 0.000000 0.000000 0.000000 0.000000 0.500035 0.499964 0.000000 0.000000 0.000000 0.000000
 0.000000 0.000000 0.000000 0.000000 0.000000 0.000000 0.000000 0.000000 0.000000 0.000000 0.000000 0.000000 0.000000 0.481734 0.000000 0.036511 0.481755 0.000000 0.000000 0.000000
 0.000000 0.000000 0.481794 0.000000 0.000000 0.000000 0.000000 0.000000 0.000000 0.000000 0.000000 0.000000 0.000000 0.481693 0.036513 0.000000 0.000000 0.000000 0.000000 0.000000
 0.000000 0.000000 0.000000 0.000000 0.000000 0.000000 0.000000 0.000000 0.000000 0.000000 0.000000 0.000000 0.000000 0.000000 0.499998 0.000000 0.000000 0.500002 0.000000 0.000000
 0.000000 0.000000 0.000000 0.000000 0.000000 0.000000 0.000000 0.500020 0.000000 0.000000 0.000000 0.000000 0.000000 0.000000 0.000000 0.000000 0.499980 0.000000 0.000000 0.000000
 0.500000 0.000000 0.000000 0.000000 0.000000 0.000000 0.000000 0.000000 0.000000 0.500000 0.000000 0.000000 0.000000 0.000000 0.000000 0.000000 0.000000 0.000000 0.000000 0.000000
 0.000000 0.000000 0.000000 0.000000 0.495308 0.000000 0.000193 0.000000 0.010084 0.000000 0.000000 0.000000 0.494415 0.000000 0.000000 0.000000 0.000000 0.000000 0.000000 0.000000
the mean of prob-rank is 1.4210526315789473
the number of false negetive edges is 0
the number of probability greater than 0 is 3.6/edge
