20
 0.000000 0.000000 0.000000 0.000000 0.000000 0.000000 0.493708 0.000000 0.493783 0.000000 0.000000 0.000000 0.000000 0.000000 0.012509 0.000000 0.000000 0.000000 0.000000 0.000000
 0.000000 0.000000 0.000234 0.499877 0.000000 0.000000 0.000000 0.000000 0.000000 0.000000 0.499889 0.000000 0.000000 0.000000 0.000000 0.000000 0.000000 0.000000 0.000000 0.000000
 0.000000 0.000230 0.000000 0.000000 0.491897 0.491810 0.000000 0.000000 0.000000 0.000000 0.000000 0.000000 0.000000 0.000000 0.000000 0.000000 0.000000 0.000000 0.016062 0.000000
 0.000000 0.499814 0.000000 0.000000 0.000000 0.000000 0.000000 0.000002 0.000000 0.000000 0.000359 0.000000 0.499825 0.000000 0.000000 0.000000 0.000000 0.000000 0.000000 0.000000
 0.000000 0.000000 0.480354 0.000000 0.000000 0.040364 0.000000 0.000000 0.000000 0.000000 0.000000 0.000000 0.000000 0.000000 0.000000 0.000000 0.000000 0.000000 0.479282 0.000000
 0.000000 0.000000 0.479780 0.000000 0.040323 0.000000 0.000000 0.000000 0.000000 0.000000 0.000000 0.000000 0.000000 0.000000 0.000001 0.479864 0.000000 0.000000 0.000032 0.000000
 0.499183 0.000000 0.000000 0.000000 0.000000 0.000000 0.000000 0.000000 0.001558 0.000000 0.000000 0.000000 0.000000 0.000000 0.000000 0.000000 0.499259 0.000000 0.000000 0.000000
 0.000000 0.000000 0.000000 0.000002 0.000000 0.000000 0.000000 0.000000 0.000000 0.000000 0.499994 0.500003 0.000001 0.000001 0.000000 0.000000 0.000000 0.000000 0.000000 0.000000
 0.499235 0.000000 0.000000 0.000000 0.000000 0.000000 0.001558 0.000000 0.000000 0.000000 0.000000 0.000000 0.000000 0.000000 0.499207 0.000001 0.000000 0.000000 0.000000 0.000000
 0.000000 0.000000 0.000000 0.000000 0.000000 0.000000 0.000000 0.000000 0.000000 0.000000 0.000000 0.000000 0.000000 0.000000 0.000000 0.000000 0.499999 0.000000 0.000000 0.500001
 0.000000 0.499825 0.000000 0.000359 0.000000 0.000000 0.000000 0.499816 0.000000 0.000000 0.000000 0.000000 0.000000 0.000000 0.000000 0.000000 0.000000 0.000000 0.000000 0.000000
 0.000000 0.000000 0.000000 0.000000 0.000000 0.000000 0.000000 0.500003 0.000000 0.000000 0.000000 0.000000 0.000000 0.499997 0.000000 0.000000 0.000000 0.000000 0.000000 0.000000
 0.000000 0.000000 0.000000 0.499999 0.000000 0.000000 0.000000 0.000001 0.000000 0.000000 0.000000 0.000000 0.000000 0.000000 0.000000 0.000000 0.000000 0.500000 0.000000 0.000000
 0.000000 0.000000 0.000000 0.000000 0.000000 0.000000 0.000000 0.000001 0.000000 0.000000 0.000000 0.499997 0.000000 0.000000 0.000000 0.000000 0.000000 0.000000 0.000000 0.500003
 0.012508 0.000000 0.000000 0.000000 0.000000 0.000001 0.000000 0.000000 0.493732 0.000000 0.000000 0.000000 0.000000 0.000000 0.000000 0.493759 0.000000 0.000000 0.000000 0.000000
 0.000000 0.000000 0.000000 0.000000 0.000000 0.499999 0.000000 0.000000 0.000001 0.000000 0.000000 0.000000 0.000000 0.000000 0.500000 0.000000 0.000000 0.000000 0.000000 0.000000
 0.000000 0.000000 0.000000 0.000000 0.000000 0.000000 0.500001 0.000000 0.000000 0.499999 0.000000 0.000000 0.000000 0.000000 0.000000 0.000000 0.000000 0.000000 0.000000 0.000000
 0.000000 0.000000 0.000000 0.000000 0.000000 0.000000 0.000000 0.000000 0.000000 0.000000 0.000000 0.000000 0.500029 0.000000 0.000000 0.000000 0.000000 0.000000 0.499971 0.000000
 0.000000 0.000000 0.016083 0.000000 0.491422 0.000033 0.000000 0.000000 0.000000 0.000000 0.000000 0.000000 0.000000 0.000000 0.000000 0.000000 0.000000 0.492463 0.000000 0.000000
 0.000000 0.000000 0.000000 0.000000 0.000000 0.000000 0.000000 0.000000 0.000000 0.500000 0.000000 0.000000 0.000000 0.500000 0.000000 0.000000 0.000000 0.000000 0.000000 0.000000
the mean of prob-rank is 1.5263157894736843
the number of false negetive edges is 0
the number of probability greater than 0 is 3.0/edge
