20
 0.000000 0.000000 0.000000 0.004558 0.000000 0.000000 0.000000 0.000000 0.269453 0.000000 0.000000 0.000000 0.000000 0.092788 0.000000 0.322615 0.000000 0.000000 0.310585 0.000000
 0.000000 0.000000 0.000000 0.000000 0.000000 0.000000 0.000000 0.499332 0.000000 0.000000 0.000000 0.000000 0.000000 0.000000 0.000000 0.000000 0.499333 0.001335 0.000000 0.000000
 0.000000 0.000000 0.000000 0.000765 0.000000 0.000000 0.499752 0.000000 0.000000 0.000000 0.000000 0.000000 0.499484 0.000000 0.000000 0.000000 0.000000 0.000000 0.000000 0.000000
 0.005279 0.000000 0.000572 0.000000 0.000000 0.000000 0.000000 0.000000 0.269757 0.000000 0.000690 0.000000 0.000000 0.373112 0.000000 0.000000 0.000000 0.000000 0.000000 0.350590
 0.000000 0.000000 0.000000 0.000000 0.000000 0.000000 0.000000 0.000000 0.000000 0.500000 0.000000 0.000000 0.000000 0.000000 0.500000 0.000000 0.000000 0.000000 0.000000 0.000000
 0.000000 0.000000 0.000000 0.000000 0.000000 0.000000 0.000000 0.000000 0.000000 0.000000 0.064473 0.000000 0.000000 0.000000 0.000000 0.000000 0.467869 0.000000 0.000000 0.467658
 0.000000 0.000000 0.500151 0.000000 0.000000 0.000000 0.000000 0.000000 0.000000 0.000000 0.000000 0.000000 0.000000 0.000000 0.000000 0.000000 0.000000 0.499849 0.000000 0.000000
 0.000000 0.499982 0.000000 0.000000 0.000000 0.000000 0.000000 0.000000 0.000000 0.000000 0.000000 0.000000 0.000000 0.000000 0.000000 0.000000 0.000021 0.499998 0.000000 0.000000
 0.205405 0.000000 0.000000 0.177542 0.000000 0.000000 0.000000 0.000000 0.000000 0.000000 0.238538 0.000000 0.000000 0.240286 0.000000 0.129385 0.000000 0.000000 0.000000 0.008845
 0.000000 0.000000 0.000000 0.000000 0.500000 0.000000 0.000000 0.000000 0.000000 0.000000 0.000000 0.500000 0.000000 0.000000 0.000000 0.000000 0.000000 0.000000 0.000000 0.000000
 0.000000 0.000000 0.000000 0.000637 0.000000 0.047540 0.000000 0.000000 0.334618 0.000000 0.000000 0.000000 0.000000 0.000000 0.000000 0.326935 0.000000 0.000000 0.000000 0.290270
 0.000000 0.000000 0.000000 0.000000 0.000000 0.000000 0.000000 0.000000 0.000000 0.500000 0.000000 0.000000 0.500000 0.000000 0.000000 0.000000 0.000000 0.000000 0.000000 0.000000
 0.000000 0.000000 0.499866 0.000000 0.000000 0.000000 0.000000 0.000000 0.000000 0.000000 0.000000 0.500134 0.000000 0.000000 0.000000 0.000000 0.000000 0.000000 0.000000 0.000000
 0.097897 0.000000 0.000000 0.339873 0.000000 0.000000 0.000000 0.000000 0.332567 0.000000 0.000000 0.000000 0.000000 0.000000 0.000000 0.000000 0.000000 0.000000 0.229663 0.000000
 0.000000 0.000000 0.000000 0.000000 0.500000 0.000000 0.000000 0.000000 0.000000 0.000000 0.000000 0.000000 0.000000 0.000000 0.000000 0.000000 0.000000 0.000000 0.500000 0.000000
 0.404240 0.000000 0.000000 0.000000 0.000000 0.000000 0.000000 0.000000 0.212673 0.000000 0.383087 0.000000 0.000000 0.000000 0.000000 0.000000 0.000000 0.000000 0.000000 0.000000
 0.000000 0.499982 0.000000 0.000000 0.000000 0.499997 0.000000 0.000021 0.000000 0.000000 0.000000 0.000000 0.000000 0.000000 0.000000 0.000000 0.000000 0.000000 0.000000 0.000000
 0.000000 0.001335 0.000000 0.000000 0.000000 0.000000 0.499181 0.499484 0.000000 0.000000 0.000000 0.000000 0.000000 0.000000 0.000000 0.000000 0.000000 0.000000 0.000000 0.000000
 0.365018 0.000000 0.000000 0.000000 0.000000 0.000000 0.000000 0.000000 0.000000 0.000000 0.000000 0.000000 0.000000 0.255828 0.379155 0.000000 0.000000 0.000000 0.000000 0.000000
 0.000000 0.000000 0.000000 0.333285 0.000000 0.355059 0.000000 0.000000 0.012775 0.000000 0.298881 0.000000 0.000000 0.000000 0.000000 0.000000 0.000000 0.000000 0.000000 0.000000
the mean of prob-rank is 1.5789473684210527
the number of false negetive edges is 0
the number of probability greater than 0 is 3.3/edge
