20
 0.000000 0.356787 0.000000 0.000000 0.000000 0.000000 0.000000 0.090179 0.000000 0.350816 0.000000 0.000000 0.000000 0.202218 0.000000 0.000000 0.000000 0.000000 0.000000 0.000000
 0.376912 0.000000 0.000000 0.000000 0.000000 0.000000 0.000000 0.000118 0.000000 0.254180 0.000000 0.000000 0.000000 0.368789 0.000000 0.000000 0.000000 0.000000 0.000000 0.000000
 0.000000 0.000000 0.000000 0.377951 0.000000 0.000000 0.000000 0.000000 0.000000 0.000000 0.000000 0.000000 0.000000 0.000000 0.000000 0.000000 0.000000 0.256073 0.365977 0.000000
 0.000000 0.000000 0.499994 0.000000 0.000000 0.000000 0.000000 0.000000 0.500006 0.000000 0.000000 0.000000 0.000000 0.000000 0.000000 0.000000 0.000000 0.000000 0.000000 0.000000
 0.000000 0.000000 0.000000 0.000000 0.000000 0.000000 0.000000 0.000000 0.000000 0.000000 0.000000 0.000000 0.395422 0.000000 0.378557 0.068373 0.000000 0.000000 0.000000 0.157648
 0.000000 0.000000 0.000000 0.000000 0.000000 0.000000 0.500000 0.000000 0.500000 0.000000 0.000000 0.000000 0.000000 0.000000 0.000000 0.000000 0.000000 0.000000 0.000000 0.000000
 0.000000 0.000000 0.000000 0.000000 0.000000 0.500000 0.000000 0.000000 0.000000 0.000000 0.000000 0.000000 0.500000 0.000000 0.000000 0.000000 0.000000 0.000000 0.000000 0.000000
 0.112691 0.000139 0.000000 0.000000 0.000000 0.000000 0.000000 0.000000 0.000000 0.441318 0.000000 0.000000 0.000000 0.000000 0.000000 0.000000 0.000000 0.445852 0.000000 0.000000
 0.000000 0.000000 0.000000 0.500000 0.000000 0.500000 0.000000 0.000000 0.000000 0.000000 0.000000 0.000000 0.000000 0.000000 0.000000 0.000000 0.000000 0.000000 0.000000 0.000000
 0.290522 0.199255 0.000000 0.000000 0.000000 0.000000 0.000000 0.292462 0.000000 0.000000 0.000000 0.000000 0.000000 0.000000 0.000000 0.000000 0.000000 0.000017 0.217745 0.000000
 0.000000 0.000000 0.000000 0.000000 0.000000 0.000000 0.000000 0.000000 0.000000 0.000000 0.000000 0.000020 0.000000 0.473298 0.000001 0.053501 0.473137 0.000000 0.000000 0.000042
 0.000000 0.000000 0.000000 0.000000 0.000000 0.000000 0.000000 0.000000 0.000000 0.000000 0.000021 0.000000 0.000000 0.000000 0.000000 0.000000 0.499999 0.000000 0.000000 0.499981
 0.000000 0.000000 0.000000 0.000000 0.500000 0.000000 0.500000 0.000000 0.000000 0.000000 0.000000 0.000000 0.000000 0.000000 0.000000 0.000000 0.000000 0.000000 0.000000 0.000000
 0.213263 0.368165 0.000000 0.000000 0.000000 0.000000 0.000000 0.000000 0.000000 0.000000 0.376237 0.000000 0.000000 0.000000 0.013405 0.026604 0.002326 0.000000 0.000000 0.000000
 0.000000 0.000000 0.000000 0.000000 0.337715 0.000000 0.000000 0.000000 0.000000 0.000000 0.000001 0.000000 0.000000 0.012567 0.000000 0.352751 0.000000 0.000000 0.296942 0.000024
 0.000000 0.000000 0.000000 0.000000 0.073702 0.000000 0.000000 0.000000 0.000000 0.000000 0.048177 0.000000 0.000000 0.030137 0.426229 0.000000 0.000000 0.000000 0.000001 0.421754
 0.000000 0.000000 0.000000 0.000000 0.000000 0.000000 0.000000 0.000000 0.000000 0.000000 0.498350 0.498568 0.000000 0.003082 0.000000 0.000000 0.000000 0.000000 0.000000 0.000000
 0.000000 0.000000 0.255080 0.000000 0.000000 0.000000 0.000000 0.376494 0.000000 0.000021 0.000000 0.000000 0.000000 0.000000 0.000000 0.000000 0.000000 0.000000 0.368405 0.000000
 0.000000 0.000000 0.274653 0.000000 0.000000 0.000000 0.000000 0.000000 0.000000 0.209033 0.000000 0.000000 0.000000 0.000000 0.238763 0.000001 0.000000 0.277551 0.000000 0.000000
 0.000000 0.000000 0.000000 0.000000 0.166933 0.000000 0.000000 0.000000 0.000000 0.000000 0.000037 0.418697 0.000000 0.000000 0.000029 0.414304 0.000000 0.000000 0.000000 0.000000
the mean of prob-rank is 1.5789473684210527
the number of false negetive edges is 0
the number of probability greater than 0 is 3.8/edge
