20
 0.000000 0.500001 0.000000 0.000000 0.000000 0.000000 0.000000 0.000000 0.000000 0.000000 0.000000 0.000000 0.000000 0.499999 0.000000 0.000000 0.000000 0.000000 0.000000 0.000000
 0.500000 0.000000 0.000000 0.000000 0.000000 0.000000 0.000000 0.000000 0.000000 0.000000 0.000000 0.000000 0.000000 0.000000 0.000000 0.000000 0.000000 0.000000 0.000000 0.500000
 0.000000 0.000000 0.000000 0.000000 0.000000 0.000000 0.000000 0.000102 0.000000 0.000000 0.366548 0.000001 0.000001 0.000000 0.000007 0.358057 0.000000 0.000000 0.275284 0.000000
 0.000000 0.000000 0.000000 0.000000 0.000000 0.000001 0.000000 0.000000 0.000000 0.000000 0.000000 0.000000 0.000000 0.000000 0.016641 0.228656 0.371445 0.000000 0.383256 0.000000
 0.000000 0.000000 0.000000 0.000000 0.000000 0.494748 0.000000 0.000000 0.000000 0.002311 0.000000 0.000000 0.000000 0.494804 0.000000 0.000000 0.008137 0.000000 0.000000 0.000000
 0.000000 0.000000 0.000000 0.000002 0.499299 0.000000 0.000000 0.000000 0.000000 0.001254 0.000000 0.000000 0.000000 0.000000 0.000000 0.000000 0.499314 0.000131 0.000000 0.000000
 0.000000 0.000000 0.000000 0.000000 0.000000 0.000000 0.000000 0.000000 0.500000 0.000000 0.000000 0.000000 0.000000 0.000000 0.000000 0.000000 0.000000 0.500000 0.000000 0.000000
 0.000000 0.000000 0.000112 0.000000 0.000000 0.000000 0.000000 0.000000 0.000000 0.000000 0.402142 0.000000 0.403418 0.000000 0.000000 0.000000 0.000031 0.000000 0.194297 0.000000
 0.000000 0.000000 0.000000 0.000000 0.000000 0.000000 0.500000 0.000000 0.000000 0.000000 0.000000 0.500000 0.000000 0.000000 0.000000 0.000000 0.000000 0.000000 0.000000 0.000000
 0.000000 0.000000 0.000000 0.000000 0.002327 0.001251 0.000000 0.000000 0.000000 0.000000 0.000000 0.000000 0.000000 0.000000 0.000000 0.000000 0.000000 0.498216 0.000000 0.498206
 0.000000 0.000000 0.466823 0.000000 0.000000 0.000000 0.000000 0.465413 0.000000 0.000000 0.000000 0.000000 0.067763 0.000000 0.000000 0.000000 0.000000 0.000000 0.000000 0.000000
 0.000000 0.000000 0.000002 0.000000 0.000000 0.000000 0.000000 0.000000 0.500097 0.000000 0.000000 0.000000 0.000000 0.000000 0.499901 0.000001 0.000000 0.000000 0.000000 0.000000
 0.000000 0.000000 0.000001 0.000000 0.000000 0.000000 0.000000 0.376790 0.000000 0.000000 0.054686 0.000000 0.000000 0.000000 0.000000 0.000000 0.215151 0.000000 0.353372 0.000000
 0.499999 0.000000 0.000000 0.000000 0.500001 0.000000 0.000000 0.000000 0.000000 0.000000 0.000000 0.000000 0.000000 0.000000 0.000000 0.000000 0.000000 0.000000 0.000000 0.000000
 0.000000 0.000000 0.000010 0.021253 0.000000 0.000000 0.000000 0.000000 0.000000 0.000000 0.000000 0.489273 0.000000 0.000000 0.000000 0.489465 0.000000 0.000000 0.000000 0.000000
 0.000000 0.000000 0.379548 0.231843 0.000000 0.000000 0.000000 0.000000 0.000000 0.000000 0.000000 0.000001 0.000000 0.000000 0.388605 0.000000 0.000000 0.000000 0.000004 0.000000
 0.000000 0.000000 0.000000 0.379080 0.006432 0.391111 0.000000 0.000031 0.000000 0.000000 0.000000 0.000000 0.223346 0.000000 0.000000 0.000000 0.000000 0.000000 0.000000 0.000000
 0.000000 0.000000 0.000000 0.000000 0.000000 0.000131 0.498424 0.000000 0.000000 0.498414 0.000000 0.000000 0.000000 0.000000 0.000000 0.000000 0.000000 0.000000 0.000000 0.003032
 0.000000 0.000000 0.236852 0.315414 0.000000 0.000000 0.000000 0.151915 0.000000 0.000000 0.000000 0.000000 0.295816 0.000000 0.000000 0.000003 0.000000 0.000000 0.000000 0.000000
 0.000000 0.498493 0.000000 0.000000 0.000000 0.000000 0.000000 0.000000 0.000000 0.498474 0.000000 0.000000 0.000000 0.000000 0.000000 0.000000 0.000000 0.003032 0.000000 0.000000
the mean of prob-rank is 1.4736842105263157
the number of false negetive edges is 0
the number of probability greater than 0 is 3.75/edge
