20
 0.000000 0.499997 0.000000 0.000000 0.000000 0.500001 0.000000 0.000000 0.000000 0.000000 0.000000 0.000000 0.000000 0.000000 0.000000 0.000000 0.000000 0.000000 0.000000 0.000001
 0.499990 0.000000 0.000000 0.000003 0.000007 0.000005 0.000000 0.000000 0.000000 0.000000 0.499994 0.000000 0.000000 0.000000 0.000000 0.000000 0.000000 0.000002 0.000000 0.000000
 0.000000 0.000000 0.000000 0.000000 0.415488 0.000000 0.000000 0.000000 0.000000 0.000000 0.000000 0.000000 0.000000 0.167110 0.000000 0.417402 0.000000 0.000000 0.000000 0.000000
 0.000000 0.000003 0.000000 0.000000 0.000000 0.499999 0.000000 0.000000 0.000000 0.000000 0.000000 0.000000 0.000000 0.000000 0.000000 0.000000 0.000000 0.499999 0.000000 0.000000
 0.000000 0.000003 0.225884 0.000000 0.000000 0.000000 0.001466 0.000000 0.000000 0.000005 0.127270 0.218929 0.000000 0.218630 0.000000 0.008182 0.001442 0.000000 0.160489 0.037700
 0.499998 0.000005 0.000000 0.499998 0.000000 0.000000 0.000000 0.000000 0.000000 0.000000 0.000000 0.000000 0.000000 0.000000 0.000000 0.000000 0.000000 0.000000 0.000000 0.000000
 0.000000 0.000000 0.000000 0.000000 0.002533 0.000000 0.000000 0.000000 0.000001 0.002128 0.000000 0.000000 0.386858 0.000000 0.000000 0.000000 0.000006 0.000000 0.393023 0.215452
 0.000000 0.000000 0.000000 0.000000 0.000000 0.000000 0.000000 0.000000 0.000000 0.000000 0.000000 0.000000 0.000000 0.499999 0.499999 0.000002 0.000000 0.000000 0.000000 0.000000
 0.000000 0.000000 0.000000 0.000000 0.000000 0.000000 0.000001 0.000000 0.000000 0.000000 0.000000 0.000000 0.500001 0.000000 0.000000 0.000000 0.000000 0.000000 0.000000 0.499998
 0.000000 0.000000 0.000000 0.000000 0.000008 0.000000 0.001895 0.000000 0.000000 0.000000 0.000000 0.000000 0.275186 0.000000 0.341145 0.000000 0.350063 0.000000 0.031704 0.000000
 0.000000 0.392409 0.000000 0.000000 0.219529 0.000000 0.000000 0.000000 0.000000 0.000000 0.000000 0.000000 0.000000 0.000000 0.000000 0.000000 0.000000 0.000000 0.000000 0.388062
 0.000000 0.000000 0.000000 0.000000 0.345952 0.000000 0.000000 0.000000 0.000000 0.000000 0.000000 0.000000 0.000000 0.000000 0.000000 0.294559 0.000000 0.359489 0.000000 0.000000
 0.000000 0.000000 0.000000 0.000000 0.000000 0.000000 0.350008 0.000000 0.355657 0.279583 0.000000 0.000000 0.000000 0.000000 0.000000 0.000000 0.000835 0.000000 0.013582 0.000334
 0.000000 0.000000 0.126151 0.000000 0.303579 0.000000 0.000000 0.315888 0.000000 0.000000 0.000000 0.000000 0.000000 0.000000 0.000000 0.254382 0.000000 0.000000 0.000000 0.000000
 0.000000 0.000000 0.000000 0.000000 0.000000 0.000000 0.000000 0.480299 0.000000 0.468063 0.000000 0.000000 0.000000 0.000000 0.000000 0.000000 0.051638 0.000000 0.000000 0.000000
 0.000000 0.000000 0.375259 0.000000 0.013531 0.000000 0.000000 0.000002 0.000000 0.000000 0.000000 0.308255 0.000000 0.302953 0.000000 0.000000 0.000000 0.000000 0.000000 0.000000
 0.000000 0.000000 0.000000 0.000000 0.002997 0.000000 0.000007 0.000000 0.000000 0.472823 0.000000 0.000000 0.001111 0.000000 0.050834 0.000000 0.000000 0.000000 0.472228 0.000000
 0.000000 0.000002 0.000000 0.499999 0.000000 0.000000 0.000000 0.000000 0.000000 0.000000 0.000000 0.499999 0.000000 0.000000 0.000000 0.000000 0.000000 0.000000 0.000000 0.000000
 0.000000 0.000000 0.000000 0.000000 0.245866 0.000000 0.348450 0.000000 0.000000 0.031564 0.000000 0.000000 0.013309 0.000000 0.000000 0.000000 0.348080 0.000000 0.000000 0.012730
 0.000001 0.000000 0.000000 0.000000 0.060477 0.000000 0.200017 0.000000 0.364937 0.000000 0.360896 0.000000 0.000343 0.000000 0.000000 0.000000 0.000000 0.000000 0.013329 0.000000
the mean of prob-rank is 1.5789473684210527
the number of false negetive edges is 0
the number of probability greater than 0 is 4.65/edge
