20
 0.000000 0.000000 0.000000 0.000000 0.000000 0.000000 0.000000 0.000000 0.000000 0.000000 0.000000 0.000000 0.000000 0.000271 0.000000 0.000000 0.000000 0.499895 0.000000 0.499834
 0.000000 0.000000 0.000000 0.001640 0.000000 0.000000 0.000000 0.000000 0.000000 0.000000 0.000000 0.000000 0.000000 0.499167 0.000000 0.000000 0.000000 0.000000 0.499194 0.000000
 0.000000 0.000000 0.000000 0.000000 0.000000 0.005788 0.000000 0.000000 0.000000 0.000000 0.000000 0.000007 0.497122 0.000000 0.497084 0.000000 0.000000 0.000000 0.000000 0.000000
 0.000000 0.001640 0.000000 0.000000 0.000000 0.000000 0.000000 0.000000 0.499191 0.000000 0.000000 0.000000 0.000000 0.499169 0.000000 0.000000 0.000000 0.000000 0.000000 0.000000
 0.000000 0.000000 0.000000 0.000000 0.000000 0.000000 0.000000 0.066607 0.000000 0.000000 0.000000 0.000000 0.000000 0.000000 0.000000 0.467706 0.000112 0.000000 0.000000 0.465575
 0.000000 0.000000 0.005788 0.000000 0.000000 0.000000 0.000000 0.000000 0.000000 0.000000 0.000000 0.000000 0.497117 0.000000 0.000007 0.000000 0.000000 0.000000 0.497089 0.000000
 0.000000 0.000000 0.000000 0.000000 0.000000 0.000000 0.000000 0.000000 0.499609 0.000000 0.000000 0.000000 0.000000 0.000785 0.000000 0.000000 0.000000 0.499607 0.000000 0.000000
 0.000000 0.000000 0.000000 0.000000 0.058678 0.000000 0.000000 0.000000 0.000000 0.000000 0.410345 0.000000 0.000000 0.000000 0.000000 0.000000 0.409600 0.000000 0.000000 0.121377
 0.000000 0.000000 0.000000 0.499997 0.000000 0.000000 0.499997 0.000000 0.000000 0.000000 0.000000 0.000000 0.000000 0.000006 0.000000 0.000000 0.000000 0.000000 0.000000 0.000000
 0.000000 0.000000 0.000000 0.000000 0.000000 0.000000 0.000000 0.000000 0.000000 0.000000 0.000000 0.000000 0.000000 0.000000 0.000000 0.500001 0.499999 0.000000 0.000000 0.000000
 0.000000 0.000000 0.000000 0.000000 0.000000 0.000000 0.000000 0.427157 0.000000 0.000000 0.000000 0.428935 0.000000 0.000003 0.000000 0.000000 0.143905 0.000000 0.000000 0.000000
 0.000000 0.000000 0.000007 0.000000 0.000000 0.000000 0.000000 0.000000 0.000000 0.000000 0.499997 0.000000 0.000000 0.000000 0.499997 0.000000 0.000000 0.000000 0.000000 0.000000
 0.000000 0.000000 0.499984 0.000000 0.000000 0.499989 0.000000 0.000000 0.000000 0.000000 0.000000 0.000000 0.000000 0.000001 0.000000 0.000000 0.000000 0.000000 0.000026 0.000000
 0.000269 0.497044 0.000000 0.497049 0.000000 0.000000 0.000781 0.000000 0.000006 0.000000 0.000003 0.000000 0.000001 0.000000 0.000000 0.000000 0.000000 0.000015 0.004833 0.000000
 0.000000 0.000000 0.499975 0.000000 0.000000 0.000007 0.000000 0.000000 0.000000 0.000000 0.000000 0.500018 0.000000 0.000000 0.000000 0.000000 0.000000 0.000000 0.000000 0.000000
 0.000000 0.000000 0.000000 0.000000 0.499973 0.000000 0.000000 0.000000 0.000000 0.500000 0.000000 0.000000 0.000000 0.000000 0.000000 0.000000 0.000027 0.000000 0.000000 0.000000
 0.000000 0.000000 0.000000 0.000000 0.000102 0.000000 0.000000 0.426661 0.000000 0.429214 0.143999 0.000000 0.000000 0.000000 0.000000 0.000023 0.000000 0.000000 0.000000 0.000000
 0.499993 0.000000 0.000000 0.000000 0.000000 0.000000 0.499992 0.000000 0.000000 0.000000 0.000000 0.000000 0.000000 0.000015 0.000000 0.000000 0.000000 0.000000 0.000000 0.000000
 0.000000 0.497582 0.000000 0.000000 0.000000 0.497555 0.000000 0.000000 0.000000 0.000000 0.000000 0.000000 0.000025 0.004838 0.000000 0.000000 0.000000 0.000000 0.000000 0.000000
 0.436660 0.000000 0.000000 0.000000 0.434699 0.000000 0.000000 0.128641 0.000000 0.000000 0.000000 0.000000 0.000000 0.000000 0.000000 0.000000 0.000000 0.000000 0.000000 0.000000
the mean of prob-rank is 1.5263157894736843
the number of false negetive edges is 0
the number of probability greater than 0 is 3.6/edge
