20
 0.000000 0.000000 0.000000 0.499998 0.000000 0.000000 0.000004 0.000000 0.000000 0.000000 0.000000 0.000000 0.000000 0.000000 0.000000 0.000000 0.000000 0.000000 0.499998 0.000000
 0.000000 0.000000 0.000000 0.000000 0.000000 0.000000 0.000000 0.499265 0.000000 0.000000 0.000000 0.000000 0.000000 0.499086 0.001649 0.000000 0.000000 0.000000 0.000000 0.000000
 0.000000 0.000000 0.000000 0.000000 0.000000 0.000000 0.281505 0.000000 0.000000 0.000000 0.262759 0.000000 0.000000 0.000000 0.181552 0.000000 0.000000 0.274184 0.000000 0.000000
 0.499982 0.000000 0.000000 0.000000 0.000000 0.000000 0.499981 0.000000 0.000000 0.000000 0.000037 0.000000 0.000000 0.000000 0.000000 0.000000 0.000000 0.000000 0.000000 0.000000
 0.000000 0.000000 0.000000 0.000000 0.000000 0.107476 0.000000 0.000000 0.001499 0.010284 0.407653 0.000000 0.000000 0.010179 0.047421 0.000000 0.000000 0.000000 0.000000 0.415486
 0.000000 0.000000 0.000000 0.000000 0.112909 0.000000 0.000000 0.000000 0.012602 0.436487 0.000000 0.000000 0.000000 0.000002 0.000000 0.001792 0.000000 0.000000 0.000000 0.436209
 0.000003 0.000000 0.444419 0.446328 0.000000 0.000000 0.000000 0.000000 0.000000 0.000000 0.000001 0.000000 0.000000 0.000000 0.000000 0.000000 0.000000 0.109248 0.000000 0.000000
 0.000000 0.500001 0.000000 0.000000 0.000000 0.000000 0.000000 0.000000 0.000000 0.000000 0.000000 0.000000 0.000000 0.000000 0.000000 0.000000 0.499999 0.000000 0.000000 0.000000
 0.000000 0.000000 0.000000 0.000000 0.001734 0.013869 0.000000 0.000000 0.000000 0.000000 0.000000 0.000000 0.480377 0.000000 0.000000 0.479789 0.000000 0.000000 0.000000 0.024232
 0.000000 0.000000 0.000000 0.000000 0.011062 0.446892 0.000000 0.000000 0.000000 0.000000 0.000000 0.000000 0.000000 0.000002 0.000000 0.446716 0.000000 0.000000 0.000000 0.095329
 0.000000 0.000000 0.321320 0.000025 0.339205 0.000000 0.000001 0.000000 0.000000 0.000000 0.000000 0.000392 0.000000 0.000000 0.338492 0.000000 0.000000 0.000000 0.000000 0.000564
 0.000000 0.000000 0.000000 0.000000 0.000000 0.000000 0.000000 0.000000 0.000000 0.000000 0.000567 0.000000 0.499708 0.000000 0.000000 0.000000 0.000000 0.000000 0.499725 0.000000
 0.000000 0.000000 0.000000 0.000000 0.000000 0.000000 0.000000 0.000000 0.499996 0.000000 0.000000 0.499978 0.000000 0.000000 0.000000 0.000000 0.000000 0.000000 0.000000 0.000027
 0.000000 0.489160 0.000000 0.000000 0.011988 0.000002 0.000000 0.000000 0.000000 0.000002 0.000000 0.000000 0.000000 0.000000 0.443067 0.055779 0.000001 0.000000 0.000000 0.000000
 0.000000 0.000963 0.187115 0.000000 0.033256 0.000000 0.000000 0.000000 0.000000 0.000000 0.285281 0.000000 0.000000 0.263825 0.000000 0.000000 0.000000 0.229561 0.000000 0.000000
 0.000000 0.000000 0.000000 0.000000 0.000000 0.001940 0.000000 0.000000 0.471905 0.472297 0.000000 0.000000 0.000000 0.053858 0.000000 0.000000 0.000000 0.000000 0.000000 0.000000
 0.000000 0.000000 0.000000 0.000000 0.000000 0.000000 0.000000 0.500000 0.000000 0.000000 0.000000 0.000000 0.000000 0.000001 0.000000 0.000000 0.000000 0.499999 0.000000 0.000000
 0.000000 0.000000 0.323013 0.000000 0.000000 0.000000 0.081524 0.000000 0.000000 0.000000 0.000000 0.000000 0.000000 0.000000 0.262403 0.000000 0.333060 0.000000 0.000000 0.000000
 0.500000 0.000000 0.000000 0.000000 0.000000 0.000000 0.000000 0.000000 0.000000 0.000000 0.000000 0.500000 0.000000 0.000000 0.000000 0.000000 0.000000 0.000000 0.000000 0.000000
 0.000000 0.000000 0.000000 0.000000 0.441539 0.441258 0.000000 0.000000 0.022273 0.094187 0.000720 0.000000 0.000023 0.000000 0.000000 0.000000 0.000000 0.000000 0.000000 0.000000
the mean of prob-rank is 1.4736842105263157
the number of false negetive edges is 0
the number of probability greater than 0 is 4.25/edge
