20
 0.000000 0.000000 0.000000 0.000023 0.000000 0.000000 0.000000 0.000000 0.000000 0.459730 0.000000 0.000000 0.000001 0.000000 0.000000 0.000000 0.076513 0.463733 0.000000 0.000000
 0.000000 0.000000 0.000000 0.000000 0.000000 0.000000 0.000000 0.000000 0.000000 0.000000 0.000000 0.000000 0.000000 0.500000 0.000000 0.000000 0.500000 0.000000 0.000000 0.000000
 0.000000 0.000000 0.000000 0.124131 0.000000 0.000000 0.000000 0.437905 0.000000 0.000023 0.000000 0.437624 0.000318 0.000000 0.000000 0.000000 0.000000 0.000000 0.000000 0.000000
 0.000022 0.000000 0.122947 0.000000 0.000000 0.000000 0.000000 0.000000 0.000000 0.012824 0.000000 0.430580 0.433627 0.000000 0.000000 0.000000 0.000000 0.000000 0.000000 0.000000
 0.000000 0.000000 0.000000 0.000000 0.000000 0.102462 0.000000 0.000000 0.000000 0.000000 0.000000 0.000000 0.000000 0.000000 0.000319 0.447533 0.000000 0.000000 0.000000 0.449686
 0.000000 0.000000 0.000000 0.000000 0.103270 0.000000 0.000000 0.000000 0.443471 0.000000 0.000000 0.000000 0.000000 0.000000 0.000000 0.453258 0.000000 0.000000 0.000000 0.000000
 0.000000 0.000000 0.000000 0.000000 0.000000 0.000000 0.000000 0.000000 0.499910 0.000000 0.000000 0.000000 0.000000 0.500090 0.000000 0.000000 0.000000 0.000000 0.000000 0.000000
 0.000000 0.000000 0.500000 0.000000 0.000000 0.000000 0.000000 0.000000 0.000000 0.000000 0.000000 0.000000 0.000000 0.000000 0.000000 0.000000 0.000000 0.000000 0.500000 0.000000
 0.000000 0.000000 0.000000 0.000000 0.000000 0.408614 0.417482 0.000000 0.000000 0.000000 0.000000 0.000000 0.000000 0.000000 0.000000 0.173898 0.000000 0.000000 0.000000 0.000006
 0.466371 0.000000 0.000024 0.013909 0.000000 0.000000 0.000000 0.000000 0.000000 0.000000 0.000000 0.054397 0.465297 0.000000 0.000000 0.000000 0.000000 0.000002 0.000000 0.000000
 0.000000 0.000000 0.000000 0.000000 0.000000 0.000000 0.000000 0.000000 0.000000 0.000000 0.000000 0.000000 0.000000 0.000000 0.499989 0.000000 0.000000 0.000000 0.499963 0.000048
 0.000000 0.000000 0.463637 0.460565 0.000000 0.000000 0.000000 0.000000 0.000000 0.053646 0.000000 0.000000 0.022152 0.000000 0.000000 0.000000 0.000000 0.000000 0.000000 0.000000
 0.000001 0.000000 0.000357 0.490723 0.000000 0.000000 0.000000 0.000000 0.000000 0.485483 0.000000 0.023437 0.000000 0.000000 0.000000 0.000000 0.000000 0.000000 0.000000 0.000000
 0.000000 0.500000 0.000000 0.000000 0.000000 0.000000 0.500000 0.000000 0.000000 0.000000 0.000000 0.000000 0.000000 0.000000 0.000000 0.000000 0.000000 0.000000 0.000000 0.000000
 0.000000 0.000000 0.000000 0.000000 0.000355 0.000000 0.000000 0.000000 0.000000 0.000000 0.499788 0.000000 0.000000 0.000000 0.000000 0.000000 0.000000 0.000000 0.000108 0.499749
 0.000000 0.000000 0.000000 0.000000 0.409309 0.411301 0.000000 0.000000 0.171262 0.000000 0.000000 0.000000 0.000000 0.000000 0.000000 0.000000 0.000000 0.000000 0.000000 0.008127
 0.076210 0.461896 0.000000 0.000000 0.000000 0.000000 0.000000 0.000000 0.000000 0.000000 0.000000 0.000000 0.000000 0.000000 0.000000 0.000000 0.000000 0.461894 0.000000 0.000000
 0.500000 0.000000 0.000000 0.000000 0.000000 0.000000 0.000000 0.000000 0.000000 0.000002 0.000000 0.000000 0.000000 0.000000 0.000000 0.000000 0.499998 0.000000 0.000000 0.000000
 0.000000 0.000000 0.000000 0.000000 0.000000 0.000000 0.000000 0.499958 0.000000 0.000000 0.499933 0.000000 0.000000 0.000000 0.000109 0.000000 0.000000 0.000000 0.000000 0.000000
 0.000000 0.000000 0.000000 0.000000 0.495086 0.000000 0.000000 0.000000 0.000007 0.000000 0.000048 0.000000 0.000000 0.000000 0.495076 0.009783 0.000000 0.000000 0.000000 0.000000
the mean of prob-rank is 1.4736842105263157
the number of false negetive edges is 0
the number of probability greater than 0 is 3.6/edge
