20
 0.000000 0.000000 0.000000 0.000000 0.000000 0.000000 0.000000 0.000000 0.000000 0.000000 0.000000 0.304101 0.000000 0.000000 0.000000 0.000000 0.346213 0.000000 0.349686 0.000000
 0.000000 0.000000 0.007859 0.000000 0.000000 0.000000 0.001508 0.000000 0.000000 0.147376 0.363496 0.000000 0.396627 0.000000 0.000000 0.000000 0.000000 0.083134 0.000000 0.000000
 0.000000 0.007753 0.000000 0.389692 0.000000 0.000000 0.000000 0.000000 0.000000 0.002543 0.000000 0.000000 0.000000 0.000000 0.389246 0.000000 0.000000 0.210765 0.000000 0.000000
 0.000000 0.000000 0.335107 0.000000 0.000000 0.303970 0.000000 0.000000 0.000000 0.329685 0.000000 0.000000 0.000000 0.000000 0.031237 0.000000 0.000000 0.000000 0.000000 0.000000
 0.000000 0.000000 0.000000 0.000000 0.000000 0.000000 0.000000 0.499998 0.000000 0.000000 0.000000 0.000000 0.000000 0.000000 0.500002 0.000000 0.000000 0.000000 0.000000 0.000000
 0.000000 0.000000 0.000000 0.321682 0.000000 0.000000 0.000000 0.000000 0.356110 0.322202 0.000000 0.000000 0.000000 0.000000 0.000006 0.000000 0.000000 0.000000 0.000000 0.000000
 0.000000 0.001738 0.000000 0.000000 0.000000 0.000000 0.000000 0.000000 0.000000 0.000000 0.000000 0.000000 0.082840 0.000000 0.000000 0.000015 0.000000 0.449913 0.008528 0.456966
 0.000000 0.000000 0.000000 0.000000 0.364167 0.000000 0.000000 0.000000 0.000000 0.000000 0.000000 0.347138 0.000000 0.000000 0.000000 0.000000 0.288695 0.000000 0.000000 0.000000
 0.000000 0.000000 0.000000 0.000000 0.000000 0.425887 0.000000 0.000000 0.000000 0.148282 0.425831 0.000000 0.000000 0.000000 0.000000 0.000000 0.000000 0.000000 0.000000 0.000000
 0.000000 0.105952 0.001853 0.279406 0.000000 0.258029 0.000000 0.000000 0.099293 0.000000 0.255467 0.000000 0.000000 0.000000 0.000000 0.000000 0.000000 0.000001 0.000000 0.000000
 0.000000 0.294022 0.000000 0.000000 0.000000 0.000000 0.000000 0.000000 0.320822 0.287431 0.000000 0.000000 0.000000 0.000000 0.000000 0.000000 0.000000 0.000000 0.000000 0.097725
 0.307787 0.000000 0.000000 0.000000 0.000000 0.000000 0.000000 0.337819 0.000000 0.000000 0.000000 0.000000 0.000000 0.000000 0.000000 0.000000 0.354394 0.000000 0.000000 0.000000
 0.000000 0.460444 0.000000 0.000000 0.000000 0.000000 0.083482 0.000000 0.000000 0.000000 0.000000 0.000000 0.000000 0.000000 0.000000 0.000000 0.000000 0.000000 0.000000 0.456074
 0.000000 0.000000 0.000000 0.000000 0.000000 0.000000 0.000000 0.000000 0.000000 0.000000 0.000000 0.000000 0.000000 0.000000 0.000000 0.499628 0.000000 0.000743 0.499630 0.000000
 0.000000 0.000000 0.469523 0.043817 0.472022 0.000008 0.000000 0.000000 0.000000 0.000000 0.000000 0.000000 0.000000 0.000000 0.000000 0.000000 0.000000 0.014630 0.000000 0.000000
 0.000000 0.000000 0.000000 0.000000 0.000000 0.000000 0.000017 0.000000 0.000000 0.000000 0.000000 0.000000 0.000000 0.499990 0.000000 0.000000 0.000000 0.499993 0.000000 0.000000
 0.355476 0.000000 0.000000 0.000000 0.000000 0.000000 0.000000 0.285007 0.000000 0.000000 0.000000 0.359517 0.000000 0.000000 0.000000 0.000000 0.000000 0.000000 0.000000 0.000000
 0.000000 0.075788 0.194778 0.000000 0.000000 0.000000 0.356051 0.000000 0.000000 0.000002 0.000000 0.000000 0.000000 0.000537 0.011209 0.361634 0.000000 0.000000 0.000000 0.000000
 0.495048 0.000000 0.000000 0.000000 0.000000 0.000000 0.009251 0.000000 0.000000 0.000000 0.000000 0.000000 0.000000 0.495701 0.000000 0.000000 0.000000 0.000000 0.000000 0.000000
 0.000000 0.000000 0.000000 0.000000 0.000000 0.000000 0.435741 0.000000 0.000000 0.000000 0.132713 0.000000 0.431546 0.000000 0.000000 0.000000 0.000000 0.000000 0.000000 0.000000
the mean of prob-rank is 1.5263157894736843
the number of false negetive edges is 0
the number of probability greater than 0 is 4.0/edge
