20
 0.000000 0.499999 0.000000 0.000000 0.000000 0.000000 0.000000 0.000000 0.000000 0.000000 0.000000 0.000000 0.000000 0.500001 0.000000 0.000000 0.000000 0.000000 0.000000 0.000000
 0.499999 0.000000 0.000000 0.000000 0.000000 0.000000 0.000000 0.000000 0.500001 0.000000 0.000000 0.000000 0.000000 0.000000 0.000000 0.000000 0.000000 0.000000 0.000000 0.000000
 0.000000 0.000000 0.000000 0.000000 0.000000 0.000000 0.161568 0.000000 0.000000 0.000000 0.000000 0.008767 0.415295 0.000000 0.414369 0.000000 0.000000 0.000000 0.000000 0.000000
 0.000000 0.000000 0.000000 0.000000 0.000000 0.000000 0.409462 0.000000 0.179174 0.000000 0.000000 0.000000 0.000000 0.000000 0.000000 0.000000 0.000000 0.000000 0.411364 0.000000
 0.000000 0.000000 0.000000 0.000000 0.000000 0.000000 0.000000 0.000000 0.000000 0.296331 0.347037 0.000000 0.000000 0.000000 0.000000 0.356633 0.000000 0.000000 0.000000 0.000000
 0.000000 0.000000 0.000000 0.000000 0.000000 0.000000 0.000000 0.452301 0.000000 0.000000 0.000000 0.000000 0.000000 0.451218 0.000000 0.000000 0.000000 0.000000 0.000000 0.096481
 0.000000 0.000000 0.162687 0.416225 0.000000 0.000000 0.000000 0.000000 0.000000 0.000000 0.000000 0.413735 0.000000 0.000000 0.007352 0.000000 0.000000 0.000000 0.000000 0.000000
 0.000000 0.000000 0.000000 0.000000 0.000000 0.467529 0.000000 0.000000 0.000000 0.000000 0.000000 0.000000 0.000000 0.065419 0.000000 0.000000 0.000000 0.000000 0.000000 0.467052
 0.000000 0.412319 0.000000 0.179586 0.000000 0.000000 0.000000 0.000000 0.000000 0.000000 0.000000 0.000000 0.000000 0.000000 0.000000 0.000000 0.000000 0.408095 0.000000 0.000000
 0.000000 0.000000 0.000000 0.000000 0.296712 0.000000 0.000000 0.000000 0.000000 0.000000 0.357117 0.000000 0.000000 0.000000 0.346171 0.000000 0.000000 0.000000 0.000000 0.000000
 0.000000 0.000000 0.000000 0.000000 0.359582 0.000000 0.000000 0.000000 0.000000 0.369551 0.000000 0.000000 0.000000 0.000000 0.270867 0.000000 0.000000 0.000000 0.000000 0.000000
 0.000000 0.000000 0.008148 0.000000 0.000000 0.000000 0.381863 0.000000 0.000000 0.000000 0.000000 0.000000 0.385927 0.000000 0.000000 0.000000 0.000000 0.224018 0.000044 0.000000
 0.000000 0.000000 0.498260 0.000000 0.000000 0.000000 0.000000 0.000000 0.000000 0.000000 0.000000 0.498222 0.000000 0.000000 0.003517 0.000000 0.000000 0.000000 0.000000 0.000000
 0.467830 0.000000 0.000000 0.000000 0.000000 0.466710 0.000000 0.065461 0.000000 0.000000 0.000000 0.000000 0.000000 0.000000 0.000000 0.000000 0.000000 0.000000 0.000000 0.000000
 0.000000 0.000000 0.366191 0.000000 0.000000 0.000000 0.006453 0.000000 0.000000 0.355761 0.269004 0.000000 0.002591 0.000000 0.000000 0.000000 0.000000 0.000000 0.000000 0.000000
 0.000000 0.000000 0.000000 0.000000 0.499983 0.000000 0.000000 0.000000 0.000000 0.000000 0.000000 0.000000 0.000000 0.000000 0.000000 0.000000 0.500017 0.000000 0.000000 0.000000
 0.000000 0.000000 0.000000 0.000000 0.000000 0.000000 0.000000 0.000000 0.000000 0.000000 0.000000 0.000000 0.000000 0.000000 0.000000 0.500000 0.000000 0.000000 0.000000 0.500000
 0.000000 0.000000 0.000000 0.000000 0.000000 0.000000 0.000000 0.000000 0.385092 0.000000 0.000000 0.225830 0.000000 0.000000 0.000000 0.000000 0.000000 0.000000 0.389078 0.000000
 0.000000 0.000000 0.000000 0.499965 0.000000 0.000000 0.000000 0.000000 0.000001 0.000000 0.000000 0.000057 0.000000 0.000000 0.000000 0.000000 0.000000 0.499978 0.000000 0.000000
 0.000000 0.000000 0.000000 0.000000 0.000000 0.096421 0.000000 0.451559 0.000000 0.000000 0.000000 0.000000 0.000000 0.000000 0.000000 0.000000 0.452020 0.000000 0.000000 0.000000
the mean of prob-rank is 1.6842105263157894
the number of false negetive edges is 0
the number of probability greater than 0 is 3.1/edge
