20
 0.000000 0.000000 0.000000 0.000000 0.000000 0.029072 0.000000 0.000000 0.000000 0.000000 0.000000 0.000000 0.000000 0.485489 0.000000 0.000000 0.000000 0.485439 0.000000 0.000000
 0.000000 0.000000 0.000000 0.468883 0.000000 0.000000 0.000000 0.000000 0.000000 0.000000 0.000000 0.000000 0.000000 0.000000 0.467888 0.063229 0.000000 0.000000 0.000000 0.000000
 0.000000 0.000000 0.000000 0.000000 0.000000 0.000000 0.000000 0.000000 0.000000 0.000000 0.500000 0.000000 0.500000 0.000000 0.000000 0.000000 0.000000 0.000000 0.000000 0.000000
 0.000000 0.403402 0.000000 0.000000 0.391331 0.000000 0.000000 0.000000 0.000000 0.000000 0.000000 0.000000 0.000000 0.000000 0.000000 0.205268 0.000000 0.000000 0.000000 0.000000
 0.000000 0.000000 0.000000 0.389750 0.000000 0.000000 0.000000 0.000000 0.000000 0.000000 0.000000 0.401771 0.000000 0.000000 0.000000 0.208479 0.000000 0.000000 0.000000 0.000000
 0.021243 0.000000 0.000000 0.000000 0.000000 0.000000 0.000000 0.000000 0.000000 0.000000 0.000000 0.000000 0.000000 0.343278 0.319593 0.315887 0.000000 0.000000 0.000000 0.000000
 0.000000 0.000000 0.000000 0.000000 0.000000 0.000000 0.000000 0.000000 0.499977 0.000000 0.000000 0.000000 0.000047 0.000000 0.000000 0.000000 0.000000 0.000000 0.000000 0.499976
 0.000000 0.000000 0.000000 0.000000 0.000000 0.000000 0.000000 0.000000 0.000000 0.000000 0.000000 0.000005 0.000000 0.000000 0.000000 0.000000 0.000000 0.000000 0.499996 0.499999
 0.000000 0.000000 0.000000 0.000000 0.000000 0.000000 0.500000 0.000000 0.000000 0.000000 0.000000 0.000000 0.500000 0.000000 0.000000 0.000000 0.000000 0.000000 0.000000 0.000000
 0.000000 0.000000 0.000000 0.000000 0.000000 0.000000 0.000000 0.000000 0.000000 0.000000 0.471708 0.000000 0.000000 0.055015 0.000000 0.000000 0.000000 0.473277 0.000000 0.000000
 0.000000 0.000000 0.465181 0.000000 0.000000 0.000000 0.000000 0.000000 0.000000 0.463640 0.000000 0.000000 0.000000 0.071179 0.000000 0.000000 0.000000 0.000000 0.000000 0.000000
 0.000000 0.000000 0.000000 0.000000 0.500035 0.000000 0.000000 0.000005 0.000000 0.000000 0.000000 0.000000 0.000000 0.000000 0.000000 0.000000 0.499960 0.000000 0.000000 0.000000
 0.000000 0.000000 0.499977 0.000000 0.000000 0.000000 0.000047 0.000000 0.499976 0.000000 0.000000 0.000000 0.000000 0.000000 0.000000 0.000000 0.000000 0.000000 0.000000 0.000000
 0.443823 0.000000 0.000000 0.000000 0.000000 0.429479 0.000000 0.000000 0.000000 0.051599 0.067921 0.000000 0.000000 0.000000 0.000000 0.000000 0.002155 0.005023 0.000000 0.000000
 0.000000 0.347108 0.000000 0.000000 0.000000 0.313334 0.000000 0.000000 0.000000 0.000000 0.000000 0.000000 0.000000 0.000000 0.000000 0.339557 0.000000 0.000000 0.000000 0.000000
 0.000000 0.044518 0.000000 0.167985 0.171305 0.293928 0.000000 0.000000 0.000000 0.000000 0.000000 0.000000 0.000000 0.000000 0.322264 0.000000 0.000000 0.000000 0.000000 0.000000
 0.000000 0.000000 0.000000 0.000000 0.000000 0.000000 0.000000 0.000000 0.000000 0.000000 0.000000 0.498762 0.000000 0.002422 0.000000 0.000000 0.000000 0.000000 0.498816 0.000000
 0.497124 0.000000 0.000000 0.000000 0.000000 0.000000 0.000000 0.000000 0.000000 0.497249 0.000000 0.000000 0.000000 0.005626 0.000000 0.000000 0.000000 0.000000 0.000000 0.000000
 0.000000 0.000000 0.000000 0.000000 0.000000 0.000000 0.000000 0.500009 0.000000 0.000000 0.000000 0.000000 0.000000 0.000000 0.000000 0.000000 0.499989 0.000000 0.000000 0.000002
 0.000000 0.000000 0.000000 0.000000 0.000000 0.000000 0.499999 0.499999 0.000000 0.000000 0.000000 0.000000 0.000000 0.000000 0.000000 0.000000 0.000000 0.000000 0.000002 0.000000
the mean of prob-rank is 1.6842105263157894
the number of false negetive edges is 0
the number of probability greater than 0 is 3.2/edge
