20
 0.000000 0.000000 0.000000 0.000000 0.000000 0.000000 0.000000 0.000000 0.000000 0.223262 0.000000 0.000000 0.393636 0.000000 0.383101 0.000000 0.000000 0.000000 0.000000 0.000000
 0.000000 0.000000 0.000000 0.000000 0.000000 0.000000 0.447337 0.045042 0.000000 0.000000 0.000000 0.000000 0.000000 0.062637 0.000000 0.444980 0.000000 0.000000 0.000003 0.000000
 0.000000 0.000000 0.000000 0.000000 0.000000 0.000106 0.000000 0.000000 0.000000 0.000006 0.001777 0.057633 0.000000 0.284757 0.285065 0.000031 0.326925 0.000017 0.043682 0.000000
 0.000000 0.000000 0.000000 0.000000 0.500005 0.000000 0.000000 0.000000 0.000000 0.000000 0.000000 0.000000 0.499995 0.000000 0.000000 0.000000 0.000000 0.000000 0.000000 0.000000
 0.000000 0.000000 0.000000 0.499999 0.000000 0.000000 0.000000 0.000000 0.500001 0.000000 0.000000 0.000000 0.000000 0.000000 0.000000 0.000000 0.000000 0.000000 0.000000 0.000000
 0.000000 0.000000 0.000084 0.000000 0.000000 0.000000 0.000000 0.000000 0.000000 0.000000 0.256628 0.220521 0.000000 0.089529 0.000000 0.000000 0.236451 0.000000 0.000000 0.196787
 0.000000 0.500004 0.000000 0.000000 0.000000 0.000000 0.000000 0.000000 0.499996 0.000000 0.000000 0.000000 0.000000 0.000000 0.000000 0.000000 0.000000 0.000000 0.000000 0.000000
 0.000000 0.044903 0.000000 0.000000 0.000000 0.000000 0.000000 0.000000 0.000000 0.000000 0.000000 0.000000 0.000000 0.065264 0.000000 0.445116 0.000000 0.000000 0.444716 0.000000
 0.000000 0.000000 0.000000 0.000000 0.500004 0.000000 0.499996 0.000000 0.000000 0.000000 0.000000 0.000000 0.000000 0.000000 0.000000 0.000000 0.000000 0.000000 0.000000 0.000000
 0.221489 0.000000 0.000007 0.000000 0.000000 0.000000 0.000000 0.000000 0.000000 0.000000 0.000000 0.000000 0.000000 0.000000 0.387774 0.000000 0.000000 0.390730 0.000000 0.000000
 0.000000 0.000000 0.002109 0.000000 0.000000 0.387186 0.000000 0.000000 0.000000 0.000000 0.000000 0.370407 0.000000 0.000000 0.000000 0.000000 0.240299 0.000000 0.000000 0.000000
 0.000000 0.000000 0.054714 0.000000 0.000000 0.266140 0.000000 0.000000 0.000000 0.000000 0.296295 0.000000 0.000000 0.000000 0.000000 0.000000 0.079587 0.001154 0.000000 0.302110
 0.499865 0.000000 0.000000 0.500135 0.000000 0.000000 0.000000 0.000000 0.000000 0.000000 0.000000 0.000000 0.000000 0.000000 0.000000 0.000000 0.000000 0.000000 0.000000 0.000000
 0.000000 0.040813 0.253873 0.000000 0.000000 0.101471 0.000000 0.042656 0.000000 0.000000 0.000000 0.000000 0.000000 0.000000 0.000000 0.000002 0.269711 0.000000 0.291474 0.000000
 0.300891 0.000000 0.269725 0.000000 0.000000 0.000000 0.000000 0.000000 0.000000 0.306999 0.000000 0.000000 0.000000 0.000000 0.000000 0.122385 0.000000 0.000000 0.000000 0.000000
 0.000000 0.411747 0.000040 0.000000 0.000000 0.000000 0.000000 0.413147 0.000000 0.000000 0.000000 0.000000 0.000000 0.000002 0.163763 0.000000 0.000000 0.000000 0.011301 0.000000
 0.000000 0.000000 0.267451 0.000000 0.000000 0.245908 0.000000 0.000000 0.000000 0.000000 0.165641 0.068582 0.000000 0.247486 0.000000 0.000000 0.000000 0.000000 0.004932 0.000000
 0.000000 0.000000 0.000026 0.000000 0.000000 0.000000 0.000000 0.000000 0.000000 0.499059 0.000000 0.001856 0.000000 0.000000 0.000000 0.000000 0.000000 0.000000 0.000000 0.499059
 0.000000 0.000003 0.061386 0.000000 0.000000 0.000000 0.000000 0.458159 0.000000 0.000000 0.000000 0.000000 0.000000 0.459436 0.000000 0.012544 0.008472 0.000000 0.000000 0.000000
 0.000000 0.000000 0.000000 0.000000 0.000000 0.279415 0.000000 0.000000 0.000000 0.000000 0.000000 0.355432 0.000000 0.000000 0.000000 0.000000 0.000000 0.365153 0.000000 0.000000
the mean of prob-rank is 1.5789473684210527
the number of false negetive edges is 0
the number of probability greater than 0 is 4.4/edge
