20
 0.000000 0.280622 0.000000 0.000000 0.149586 0.000000 0.000000 0.000000 0.000000 0.000000 0.000000 0.000000 0.000000 0.251802 0.000000 0.000000 0.000000 0.317991 0.000000 0.000000
 0.205601 0.000000 0.000000 0.148335 0.232979 0.000000 0.000000 0.000000 0.000000 0.000000 0.010681 0.012613 0.000000 0.071555 0.130425 0.000000 0.187811 0.000000 0.000000 0.000000
 0.000000 0.000000 0.000000 0.000000 0.000000 0.000000 0.000000 0.477569 0.000000 0.000000 0.000000 0.000000 0.000000 0.000000 0.044981 0.000000 0.000000 0.000000 0.000000 0.477450
 0.000000 0.220737 0.000000 0.000000 0.005553 0.000000 0.000000 0.000000 0.073635 0.000000 0.000000 0.000000 0.000000 0.000000 0.338655 0.000000 0.000000 0.000000 0.346696 0.014725
 0.174433 0.370811 0.000000 0.005939 0.000000 0.000000 0.000000 0.000000 0.000000 0.002596 0.000082 0.000142 0.000000 0.352309 0.000270 0.000000 0.093417 0.000000 0.000000 0.000000
 0.000000 0.000000 0.000000 0.000000 0.000000 0.000000 0.000000 0.484111 0.000000 0.000000 0.031769 0.000000 0.000000 0.000000 0.000000 0.484120 0.000000 0.000000 0.000000 0.000000
 0.000000 0.000000 0.000000 0.000000 0.000000 0.000000 0.000000 0.000000 0.000000 0.016912 0.040208 0.008932 0.326318 0.000000 0.000000 0.289125 0.318505 0.000000 0.000000 0.000000
 0.000000 0.000000 0.500000 0.000000 0.000000 0.499991 0.000000 0.000000 0.000000 0.000000 0.000000 0.000000 0.000000 0.000000 0.000000 0.000000 0.000000 0.000000 0.000000 0.000009
 0.000000 0.000001 0.000000 0.096042 0.000000 0.000000 0.000000 0.000000 0.000000 0.000000 0.000000 0.000000 0.000000 0.000000 0.000000 0.000000 0.000000 0.452194 0.451763 0.000000
 0.000000 0.000000 0.000000 0.000000 0.002251 0.000000 0.016658 0.000000 0.000000 0.000000 0.248075 0.000000 0.319133 0.248034 0.000000 0.000000 0.165849 0.000000 0.000000 0.000000
 0.000000 0.012092 0.000000 0.000000 0.000059 0.017309 0.032500 0.000000 0.000000 0.203575 0.000000 0.263757 0.191795 0.000000 0.000014 0.243644 0.035254 0.000000 0.000000 0.000000
 0.000000 0.026046 0.000000 0.000000 0.000184 0.000000 0.013168 0.000000 0.000000 0.000000 0.481097 0.000000 0.000000 0.000000 0.000000 0.000000 0.479505 0.000000 0.000000 0.000000
 0.000000 0.000000 0.000000 0.000000 0.000000 0.000000 0.367537 0.000000 0.000000 0.364925 0.267257 0.000000 0.000000 0.000000 0.000000 0.000257 0.000025 0.000000 0.000000 0.000000
 0.280721 0.108881 0.000000 0.000000 0.336822 0.000000 0.000000 0.000000 0.000000 0.273571 0.000000 0.000000 0.000000 0.000000 0.000000 0.000000 0.000006 0.000000 0.000000 0.000000
 0.000000 0.212729 0.035791 0.371186 0.000277 0.000000 0.000000 0.000000 0.000000 0.000000 0.000021 0.000000 0.000000 0.000000 0.000000 0.000000 0.000000 0.000000 0.000000 0.379997
 0.000000 0.000000 0.000000 0.000000 0.000000 0.355816 0.315260 0.000000 0.000000 0.000000 0.328676 0.000000 0.000249 0.000000 0.000000 0.000000 0.000000 0.000000 0.000000 0.000000
 0.000000 0.219026 0.000000 0.000000 0.068449 0.000000 0.265195 0.000000 0.000000 0.140195 0.036315 0.270797 0.000018 0.000005 0.000000 0.000000 0.000000 0.000000 0.000000 0.000000
 0.500000 0.000000 0.000000 0.000000 0.000000 0.000000 0.000000 0.000000 0.500000 0.000000 0.000000 0.000000 0.000000 0.000000 0.000000 0.000000 0.000000 0.000000 0.000000 0.000000
 0.000000 0.000000 0.000000 0.498887 0.000000 0.000000 0.000000 0.000000 0.498413 0.000000 0.000000 0.000000 0.000000 0.000000 0.000000 0.000000 0.000000 0.000000 0.000000 0.002700
 0.000000 0.000000 0.488244 0.020741 0.000000 0.000000 0.000000 0.000009 0.000000 0.000000 0.000000 0.000000 0.000000 0.000000 0.488362 0.000000 0.000000 0.000000 0.002643 0.000000
the mean of prob-rank is 1.5789473684210527
the number of false negetive edges is 0
the number of probability greater than 0 is 5.2/edge
