20
 0.000000 0.000000 0.000000 0.000000 0.000000 0.245191 0.000000 0.000812 0.000000 0.000000 0.000000 0.358120 0.000000 0.000000 0.000000 0.000000 0.000000 0.361907 0.000022 0.033948
 0.000000 0.000000 0.000000 0.000000 0.499052 0.000000 0.499133 0.000000 0.000000 0.000000 0.000000 0.000000 0.000000 0.000000 0.001811 0.000000 0.000004 0.000000 0.000000 0.000000
 0.000000 0.000000 0.000000 0.000000 0.000000 0.500001 0.000000 0.000000 0.000000 0.000000 0.499998 0.000000 0.000000 0.000000 0.000000 0.000000 0.000000 0.000001 0.000000 0.000000
 0.000000 0.000000 0.000000 0.000000 0.000000 0.000000 0.000000 0.000000 0.000000 0.000000 0.500001 0.000000 0.499999 0.000000 0.000000 0.000000 0.000000 0.000000 0.000000 0.000000
 0.000000 0.484283 0.000000 0.000000 0.000000 0.000000 0.031355 0.000000 0.000000 0.000000 0.000000 0.000000 0.000000 0.000000 0.000000 0.000000 0.484361 0.000000 0.000000 0.000000
 0.253035 0.000000 0.373485 0.000000 0.000000 0.000000 0.000000 0.000000 0.000000 0.000000 0.000000 0.000000 0.000000 0.000000 0.000000 0.000000 0.000000 0.373479 0.000000 0.000000
 0.000000 0.484345 0.000000 0.000000 0.031354 0.000000 0.000000 0.000000 0.000000 0.000000 0.000000 0.000000 0.000000 0.000000 0.484301 0.000000 0.000000 0.000000 0.000000 0.000000
 0.000873 0.000000 0.000000 0.000000 0.000000 0.000000 0.000000 0.000000 0.000000 0.000000 0.000000 0.222385 0.000000 0.000000 0.000000 0.000000 0.000000 0.000000 0.389063 0.387680
 0.000000 0.000000 0.000000 0.000000 0.000000 0.000000 0.000000 0.000000 0.000000 0.000000 0.000000 0.000000 0.459788 0.460218 0.000000 0.079995 0.000000 0.000000 0.000000 0.000000
 0.000000 0.000000 0.000000 0.000000 0.000000 0.000000 0.000000 0.000000 0.000000 0.000000 0.000000 0.000000 0.000000 0.000000 0.000000 0.500000 0.500000 0.000000 0.000000 0.000000
 0.000000 0.000000 0.499995 0.499999 0.000000 0.000000 0.000000 0.000000 0.000000 0.000000 0.000000 0.000000 0.000006 0.000000 0.000000 0.000000 0.000000 0.000000 0.000000 0.000000
 0.320941 0.000000 0.000000 0.000000 0.000000 0.000000 0.000000 0.185386 0.000000 0.000000 0.000000 0.000000 0.000000 0.000000 0.000000 0.000000 0.000000 0.169338 0.000000 0.324335
 0.000000 0.000000 0.000000 0.500210 0.000000 0.000000 0.000000 0.000000 0.499743 0.000000 0.000006 0.000000 0.000000 0.000040 0.000000 0.000000 0.000000 0.000000 0.000000 0.000000
 0.000000 0.000000 0.000000 0.000000 0.000000 0.000000 0.000000 0.000000 0.500843 0.000000 0.000000 0.000000 0.000040 0.000000 0.000000 0.499117 0.000000 0.000000 0.000000 0.000000
 0.000000 0.001811 0.000000 0.000000 0.000000 0.000000 0.499072 0.000000 0.000000 0.000000 0.000000 0.000000 0.000000 0.000000 0.000000 0.000000 0.000000 0.000000 0.499118 0.000000
 0.000000 0.000000 0.000000 0.000000 0.000000 0.000000 0.000000 0.000000 0.080087 0.460751 0.000000 0.000000 0.000000 0.459162 0.000000 0.000000 0.000000 0.000000 0.000000 0.000000
 0.000000 0.000004 0.000000 0.000000 0.499998 0.000000 0.000000 0.000000 0.000000 0.499998 0.000000 0.000000 0.000000 0.000000 0.000000 0.000000 0.000000 0.000000 0.000000 0.000000
 0.392545 0.000000 0.000001 0.000000 0.000000 0.392538 0.000000 0.000000 0.000000 0.000000 0.000000 0.204951 0.000000 0.000000 0.000000 0.000000 0.000000 0.000000 0.000000 0.009965
 0.000031 0.000000 0.000000 0.000000 0.000000 0.000000 0.000000 0.499984 0.000000 0.000000 0.000000 0.000000 0.000000 0.000000 0.499985 0.000000 0.000000 0.000000 0.000000 0.000000
 0.044339 0.000000 0.000000 0.000000 0.000000 0.000000 0.000000 0.470991 0.000000 0.000000 0.000000 0.472672 0.000000 0.000000 0.000000 0.000000 0.000000 0.011999 0.000000 0.000000
the mean of prob-rank is 1.5789473684210527
the number of false negetive edges is 0
the number of probability greater than 0 is 3.35/edge
