20
 0.000000 0.000020 0.000000 0.000000 0.000026 0.000000 0.000000 0.000000 0.000000 0.000000 0.000000 0.000000 0.000000 0.000000 0.000000 0.499964 0.000000 0.000000 0.499991 0.000000
 0.000020 0.000000 0.000001 0.000000 0.000000 0.000000 0.000000 0.000000 0.000000 0.000000 0.000000 0.000000 0.000000 0.499990 0.000000 0.000000 0.499990 0.000000 0.000000 0.000000
 0.000000 0.000001 0.000000 0.000192 0.010278 0.000000 0.000000 0.000000 0.000000 0.000000 0.000000 0.000000 0.000000 0.000000 0.000000 0.000000 0.489651 0.489181 0.000000 0.010697
 0.000000 0.000000 0.000141 0.000000 0.000000 0.000000 0.000000 0.000316 0.279003 0.000003 0.000000 0.359611 0.000000 0.000000 0.000259 0.000000 0.000000 0.000000 0.000000 0.360665
 0.000025 0.000000 0.010400 0.000000 0.000000 0.000000 0.000000 0.494884 0.000000 0.000000 0.000000 0.000000 0.000000 0.000000 0.000000 0.494690 0.000000 0.000000 0.000000 0.000000
 0.000000 0.000000 0.000000 0.000000 0.000000 0.000000 0.000000 0.000000 0.000000 0.500000 0.000000 0.500000 0.000000 0.000000 0.000000 0.000000 0.000000 0.000000 0.000000 0.000000
 0.000000 0.000000 0.000000 0.000000 0.000000 0.000000 0.000000 0.000000 0.000000 0.000000 0.499808 0.000092 0.000000 0.000000 0.499140 0.000000 0.000000 0.000960 0.000000 0.000000
 0.000000 0.000000 0.000000 0.000323 0.368067 0.000000 0.000000 0.000000 0.325027 0.000000 0.000000 0.000000 0.296776 0.000000 0.000000 0.009807 0.000000 0.000000 0.000000 0.000000
 0.000000 0.000000 0.000000 0.250120 0.000000 0.000000 0.000000 0.285687 0.000000 0.140297 0.000000 0.000000 0.323896 0.000000 0.000000 0.000000 0.000000 0.000000 0.000000 0.000000
 0.000000 0.000000 0.000000 0.000004 0.000000 0.437285 0.000000 0.000000 0.189410 0.000000 0.000000 0.000000 0.373300 0.000000 0.000000 0.000000 0.000000 0.000000 0.000000 0.000000
 0.000000 0.000000 0.000000 0.000000 0.000000 0.000000 0.499332 0.000000 0.000000 0.000000 0.000000 0.000000 0.000000 0.000000 0.001417 0.000000 0.000000 0.499252 0.000000 0.000000
 0.000000 0.000000 0.000000 0.472248 0.000000 0.474466 0.000087 0.000000 0.000000 0.000000 0.000000 0.000000 0.000000 0.000000 0.053199 0.000000 0.000000 0.000000 0.000000 0.000000
 0.000000 0.000000 0.000000 0.000000 0.000000 0.000000 0.000000 0.301599 0.374486 0.319692 0.000000 0.000000 0.000000 0.000000 0.000000 0.004223 0.000000 0.000000 0.000000 0.000000
 0.000000 0.500000 0.000000 0.000000 0.000000 0.000000 0.000000 0.000000 0.000000 0.000000 0.000000 0.000000 0.000000 0.000000 0.000000 0.000000 0.000000 0.000000 0.500000 0.000000
 0.000000 0.000000 0.000000 0.000339 0.000000 0.000000 0.472420 0.000000 0.000000 0.000000 0.001342 0.053041 0.000000 0.000000 0.000000 0.000000 0.000000 0.000238 0.000000 0.472620
 0.491066 0.000000 0.000000 0.000000 0.490325 0.000000 0.000000 0.013070 0.000000 0.000000 0.000000 0.000000 0.005539 0.000000 0.000000 0.000000 0.000000 0.000000 0.000000 0.000000
 0.000000 0.499665 0.499664 0.000000 0.000000 0.000000 0.000000 0.000000 0.000000 0.000000 0.000000 0.000000 0.000000 0.000000 0.000000 0.000000 0.000000 0.000671 0.000000 0.000000
 0.000000 0.000000 0.466775 0.000000 0.000000 0.000000 0.000898 0.000000 0.000000 0.000000 0.467148 0.000000 0.000000 0.000000 0.000235 0.000000 0.000627 0.000000 0.000000 0.064317
 0.500000 0.000000 0.000000 0.000000 0.000000 0.000000 0.000000 0.000000 0.000000 0.000000 0.000000 0.000000 0.000000 0.500000 0.000000 0.000000 0.000000 0.000000 0.000000 0.000000
 0.000000 0.000000 0.010129 0.462828 0.000000 0.000000 0.000000 0.000000 0.000000 0.000000 0.000000 0.000000 0.000000 0.000000 0.463219 0.000000 0.000000 0.063824 0.000000 0.000000
the mean of prob-rank is 1.6842105263157894
the number of false negetive edges is 0
the number of probability greater than 0 is 4.0/edge
