20
 0.000000 0.000000 0.000000 0.000000 0.000000 0.000000 0.000000 0.000000 0.000000 0.000000 0.020283 0.000000 0.000000 0.000000 0.000000 0.000000 0.000000 0.489838 0.000000 0.489879
 0.000000 0.000000 0.000000 0.000000 0.484055 0.000000 0.000000 0.031652 0.000000 0.000000 0.000000 0.000000 0.000000 0.000000 0.000000 0.000000 0.484293 0.000000 0.000000 0.000000
 0.000000 0.000000 0.000000 0.000000 0.500000 0.000000 0.000000 0.000000 0.000000 0.000000 0.000000 0.000000 0.000000 0.000000 0.500000 0.000000 0.000000 0.000000 0.000000 0.000000
 0.000000 0.000000 0.000000 0.000000 0.000000 0.000000 0.198932 0.000000 0.000000 0.000000 0.000000 0.399594 0.401474 0.000000 0.000000 0.000000 0.000000 0.000000 0.000000 0.000000
 0.000000 0.492174 0.492417 0.000000 0.000000 0.000000 0.000000 0.000000 0.000000 0.000000 0.000000 0.000000 0.000000 0.000000 0.000000 0.000000 0.015410 0.000000 0.000000 0.000000
 0.000000 0.000000 0.000000 0.000000 0.000000 0.000000 0.000000 0.000000 0.000000 0.000000 0.000000 0.500000 0.000000 0.000000 0.500000 0.000000 0.000000 0.000000 0.000000 0.000000
 0.000000 0.000000 0.000000 0.161627 0.000000 0.000000 0.000000 0.000000 0.323613 0.000000 0.000000 0.189702 0.325058 0.000000 0.000000 0.000000 0.000000 0.000001 0.000000 0.000000
 0.000000 0.030955 0.000000 0.000000 0.000000 0.000000 0.000000 0.000000 0.000000 0.000000 0.000000 0.000000 0.000000 0.000000 0.000000 0.473318 0.473154 0.000000 0.022572 0.000000
 0.000000 0.000000 0.000000 0.000000 0.000000 0.000000 0.398273 0.000000 0.000000 0.000000 0.000000 0.000000 0.197212 0.401193 0.000000 0.000000 0.000000 0.003322 0.000000 0.000000
 0.000000 0.000000 0.000000 0.000000 0.000000 0.000000 0.000000 0.000000 0.000000 0.000000 0.500007 0.000000 0.000000 0.000000 0.000000 0.000002 0.000000 0.000000 0.499991 0.000000
 0.019867 0.000000 0.000000 0.000000 0.000000 0.000000 0.000000 0.000000 0.000000 0.479832 0.000000 0.000000 0.000000 0.000000 0.000000 0.000000 0.000000 0.022113 0.000000 0.478188
 0.000000 0.000000 0.000000 0.386247 0.000000 0.388064 0.225689 0.000000 0.000000 0.000000 0.000000 0.000000 0.000000 0.000000 0.000000 0.000000 0.000000 0.000000 0.000000 0.000000
 0.000000 0.000000 0.000000 0.401961 0.000000 0.000000 0.400571 0.000000 0.197468 0.000000 0.000000 0.000000 0.000000 0.000000 0.000000 0.000000 0.000000 0.000000 0.000000 0.000000
 0.000000 0.000000 0.000000 0.000000 0.000000 0.000000 0.000000 0.000000 0.497749 0.000000 0.000000 0.000000 0.000000 0.000000 0.000000 0.000000 0.000000 0.497991 0.000000 0.004260
 0.000000 0.000000 0.500000 0.000000 0.000000 0.500000 0.000000 0.000000 0.000000 0.000000 0.000000 0.000000 0.000000 0.000000 0.000000 0.000000 0.000000 0.000000 0.000000 0.000000
 0.000000 0.000000 0.000000 0.000000 0.000000 0.000000 0.000000 0.499830 0.000000 0.000002 0.000000 0.000000 0.000000 0.000000 0.000000 0.000000 0.000000 0.000000 0.500168 0.000000
 0.000000 0.492544 0.000000 0.000000 0.015414 0.000000 0.000000 0.492042 0.000000 0.000000 0.000000 0.000000 0.000000 0.000000 0.000000 0.000000 0.000000 0.000000 0.000000 0.000000
 0.486740 0.000000 0.000000 0.000000 0.000000 0.000000 0.000002 0.000000 0.004028 0.000000 0.022433 0.000000 0.000000 0.486719 0.000000 0.000000 0.000000 0.000000 0.000000 0.000077
 0.000000 0.000000 0.000000 0.000000 0.000000 0.000000 0.000000 0.023274 0.000000 0.488355 0.000000 0.000000 0.000000 0.000000 0.000000 0.488371 0.000000 0.000000 0.000000 0.000000
 0.498681 0.000000 0.000000 0.000000 0.000000 0.000000 0.000000 0.000000 0.000000 0.000000 0.496974 0.000000 0.000000 0.004265 0.000000 0.000000 0.000000 0.000079 0.000000 0.000000
the mean of prob-rank is 1.5263157894736843
the number of false negetive edges is 0
the number of probability greater than 0 is 3.3/edge
