20
 0.000000 0.000000 0.000000 0.000000 0.499998 0.000000 0.000000 0.000000 0.000000 0.000000 0.500002 0.000000 0.000000 0.000000 0.000000 0.000000 0.000000 0.000000 0.000000 0.000000
 0.000000 0.000000 0.000000 0.000000 0.000000 0.000316 0.000000 0.000000 0.000000 0.485453 0.000000 0.000000 0.000000 0.000000 0.485458 0.000000 0.000000 0.028773 0.000000 0.000000
 0.000000 0.000000 0.000000 0.000000 0.000000 0.499276 0.000000 0.000000 0.001899 0.000000 0.000000 0.000000 0.000000 0.000000 0.498820 0.000000 0.000000 0.000005 0.000000 0.000000
 0.000000 0.000000 0.000000 0.000000 0.000000 0.000000 0.499977 0.000000 0.000000 0.000000 0.000000 0.000048 0.000000 0.000000 0.000000 0.499975 0.000000 0.000000 0.000000 0.000000
 0.499998 0.000000 0.000000 0.000000 0.000000 0.000000 0.000000 0.000000 0.000000 0.000000 0.000000 0.000000 0.000000 0.000000 0.000000 0.000000 0.000000 0.000000 0.500002 0.000000
 0.000000 0.000322 0.494607 0.000000 0.000000 0.000000 0.494247 0.000000 0.000000 0.000000 0.000000 0.000000 0.000000 0.000000 0.010824 0.000000 0.000000 0.000000 0.000000 0.000000
 0.000000 0.000000 0.000000 0.493190 0.000000 0.492831 0.000000 0.000000 0.000000 0.013979 0.000000 0.000000 0.000000 0.000000 0.000000 0.000000 0.000000 0.000000 0.000000 0.000000
 0.000000 0.000000 0.000000 0.000000 0.000000 0.000000 0.000000 0.000000 0.000000 0.000000 0.000000 0.499991 0.000000 0.499991 0.000000 0.000000 0.000000 0.000018 0.000000 0.000000
 0.000000 0.000000 0.001899 0.000000 0.000000 0.000000 0.000000 0.000000 0.000000 0.000000 0.000000 0.000000 0.000000 0.000000 0.000000 0.000000 0.000000 0.498943 0.499158 0.000000
 0.000000 0.493093 0.000000 0.000000 0.000000 0.000000 0.013977 0.000000 0.000000 0.000000 0.000000 0.000000 0.000000 0.000000 0.000000 0.000000 0.000000 0.492930 0.000000 0.000000
 0.428564 0.000000 0.000000 0.000000 0.000000 0.000000 0.000000 0.000000 0.000000 0.000000 0.000000 0.000000 0.155067 0.000000 0.000000 0.000000 0.416369 0.000000 0.000000 0.000000
 0.000000 0.000000 0.000000 0.000048 0.000000 0.000000 0.000000 0.499975 0.000000 0.000000 0.000000 0.000000 0.000000 0.000001 0.000000 0.499975 0.000000 0.000000 0.000000 0.000000
 0.000000 0.000000 0.000000 0.000000 0.000000 0.000000 0.000000 0.000000 0.000000 0.000000 0.153328 0.000000 0.000000 0.000000 0.000000 0.000000 0.423734 0.000000 0.000000 0.422938
 0.000000 0.000000 0.000000 0.000000 0.000000 0.000000 0.000000 0.500000 0.000000 0.000000 0.000000 0.000001 0.000000 0.000000 0.000000 0.000000 0.000000 0.000000 0.000000 0.499999
 0.000000 0.494563 0.494114 0.000000 0.000000 0.010823 0.000000 0.000000 0.000000 0.000000 0.000000 0.000000 0.000000 0.000000 0.000000 0.000000 0.000000 0.000499 0.000000 0.000000
 0.000000 0.000000 0.000000 0.499999 0.000000 0.000000 0.000000 0.000000 0.000000 0.000000 0.000000 0.500001 0.000000 0.000000 0.000000 0.000000 0.000000 0.000000 0.000000 0.000000
 0.000000 0.000000 0.000000 0.000000 0.000000 0.000000 0.000000 0.000000 0.000000 0.000000 0.374174 0.000000 0.385111 0.000000 0.000000 0.000000 0.000000 0.000000 0.000000 0.240716
 0.000000 0.028778 0.000005 0.000000 0.000000 0.000000 0.000000 0.000017 0.485329 0.485369 0.000000 0.000000 0.000000 0.000000 0.000490 0.000000 0.000000 0.000000 0.000000 0.000011
 0.000000 0.000000 0.000000 0.000000 0.500000 0.000000 0.000000 0.000000 0.500000 0.000000 0.000000 0.000000 0.000000 0.000000 0.000000 0.000000 0.000000 0.000000 0.000000 0.000000
 0.000000 0.000000 0.000000 0.000000 0.000000 0.000000 0.000000 0.000000 0.000000 0.000000 0.000000 0.000000 0.380490 0.381227 0.000000 0.000000 0.238275 0.000009 0.000000 0.000000
the mean of prob-rank is 1.4736842105263157
the number of false negetive edges is 0
the number of probability greater than 0 is 3.3/edge
