20
 0.000000 0.024376 0.000000 0.000000 0.000000 0.000000 0.000000 0.000000 0.487814 0.000000 0.000000 0.487810 0.000000 0.000000 0.000000 0.000000 0.000000 0.000000 0.000000 0.000000
 0.024386 0.000000 0.000000 0.000000 0.000000 0.000000 0.000000 0.000000 0.000000 0.000000 0.000000 0.487590 0.000000 0.488023 0.000000 0.000000 0.000000 0.000000 0.000000 0.000000
 0.000000 0.000000 0.000000 0.000000 0.499987 0.000000 0.000000 0.000000 0.000000 0.000000 0.000000 0.000000 0.000000 0.000000 0.000000 0.500012 0.000001 0.000000 0.000000 0.000000
 0.000000 0.000000 0.000000 0.000000 0.000000 0.000000 0.000000 0.000000 0.000000 0.000000 0.000000 0.000000 0.000000 0.000000 0.000000 0.000000 0.500000 0.000000 0.500000 0.000000
 0.000000 0.000000 0.499988 0.000000 0.000000 0.000000 0.000000 0.000000 0.000000 0.000000 0.000000 0.000000 0.000000 0.000000 0.000000 0.000000 0.500012 0.000000 0.000000 0.000000
 0.000000 0.000000 0.000000 0.000000 0.000000 0.000000 0.000000 0.000000 0.000000 0.000000 0.000000 0.000000 0.000000 0.500022 0.000000 0.000000 0.000000 0.499978 0.000000 0.000000
 0.000000 0.000000 0.000000 0.000000 0.000000 0.000000 0.000000 0.000000 0.000000 0.000000 0.393843 0.000000 0.000000 0.000000 0.394978 0.000000 0.000000 0.000000 0.211178 0.000000
 0.000000 0.000000 0.000000 0.000000 0.000000 0.000000 0.000000 0.000000 0.349849 0.359153 0.000000 0.000000 0.000000 0.000000 0.000000 0.000000 0.000000 0.000000 0.000000 0.290997
 0.356138 0.000000 0.000000 0.000000 0.000000 0.000000 0.000000 0.346912 0.000000 0.221745 0.000000 0.000000 0.000000 0.000000 0.000000 0.000000 0.000000 0.000000 0.000000 0.075205
 0.000000 0.000000 0.000000 0.000000 0.000000 0.000000 0.000000 0.359025 0.223543 0.000000 0.000000 0.000000 0.062027 0.000000 0.000000 0.000000 0.000000 0.000000 0.000000 0.355405
 0.000000 0.000000 0.000000 0.000000 0.000000 0.000000 0.476269 0.000000 0.000000 0.000000 0.000000 0.000000 0.000000 0.000000 0.046090 0.000000 0.000000 0.477642 0.000000 0.000000
 0.500221 0.499779 0.000000 0.000000 0.000000 0.000000 0.000000 0.000000 0.000000 0.000000 0.000000 0.000000 0.000000 0.000000 0.000000 0.000000 0.000000 0.000000 0.000000 0.000000
 0.000000 0.000000 0.000000 0.000000 0.000000 0.000000 0.000000 0.000000 0.000000 0.079551 0.000000 0.000000 0.000000 0.000000 0.000000 0.460460 0.000000 0.000000 0.000000 0.459989
 0.000000 0.499998 0.000000 0.000000 0.000000 0.500000 0.000000 0.000000 0.000000 0.000000 0.000000 0.000000 0.000000 0.000000 0.000000 0.000000 0.000000 0.000002 0.000000 0.000000
 0.000000 0.000000 0.000000 0.000000 0.000000 0.000000 0.477907 0.000000 0.000000 0.000000 0.046115 0.000000 0.000000 0.000000 0.000000 0.000000 0.000000 0.000000 0.475977 0.000000
 0.000000 0.000000 0.500000 0.000000 0.000000 0.000000 0.000000 0.000000 0.000000 0.000000 0.000000 0.000000 0.500000 0.000000 0.000000 0.000000 0.000000 0.000000 0.000000 0.000000
 0.000000 0.000000 0.000001 0.500000 0.499999 0.000000 0.000000 0.000000 0.000000 0.000000 0.000000 0.000000 0.000000 0.000000 0.000000 0.000000 0.000000 0.000000 0.000000 0.000000
 0.000000 0.000000 0.000000 0.000000 0.000000 0.499977 0.000000 0.000000 0.000000 0.000000 0.500021 0.000000 0.000000 0.000002 0.000000 0.000000 0.000000 0.000000 0.000000 0.000000
 0.000000 0.000000 0.000000 0.395160 0.000000 0.000000 0.211276 0.000000 0.000000 0.000000 0.000000 0.000000 0.000000 0.000000 0.393564 0.000000 0.000000 0.000000 0.000000 0.000000
 0.000000 0.000000 0.000000 0.000000 0.000000 0.000000 0.000000 0.269153 0.070148 0.328844 0.000000 0.000000 0.331855 0.000000 0.000000 0.000000 0.000000 0.000000 0.000000 0.000000
the mean of prob-rank is 1.631578947368421
the number of false negetive edges is 0
the number of probability greater than 0 is 2.8/edge
