20
 0.000000 0.000000 0.000000 0.000000 0.000000 0.000000 0.000000 0.000000 0.000000 0.000000 0.000000 0.000000 0.000000 0.000000 0.000000 0.254621 0.000000 0.000000 0.371076 0.374303
 0.000000 0.000000 0.000000 0.000000 0.000000 0.000000 0.000025 0.357157 0.000000 0.000000 0.000000 0.000000 0.000000 0.000000 0.276349 0.000000 0.000000 0.000000 0.000000 0.366469
 0.000000 0.000000 0.000000 0.156487 0.000000 0.000000 0.000000 0.000000 0.000000 0.000000 0.009691 0.404951 0.000000 0.000000 0.000000 0.001206 0.402615 0.000000 0.025051 0.000000
 0.000000 0.000000 0.109179 0.000000 0.000000 0.000000 0.000000 0.000000 0.000000 0.274657 0.279124 0.111266 0.000000 0.000000 0.000000 0.000018 0.225755 0.000000 0.000000 0.000000
 0.000000 0.000000 0.000000 0.000000 0.000000 0.000000 0.000000 0.000000 0.500000 0.500000 0.000000 0.000000 0.000000 0.000000 0.000000 0.000000 0.000000 0.000000 0.000000 0.000000
 0.000000 0.000000 0.000000 0.000000 0.000000 0.000000 0.000000 0.000000 0.000000 0.001915 0.499048 0.499036 0.000000 0.000000 0.000000 0.000000 0.000000 0.000000 0.000000 0.000000
 0.000000 0.000025 0.000000 0.000000 0.000000 0.000000 0.000000 0.271754 0.000000 0.000000 0.000000 0.000000 0.366449 0.015338 0.346434 0.000000 0.000000 0.000000 0.000000 0.000000
 0.000000 0.358809 0.000000 0.000000 0.000000 0.000000 0.273026 0.000000 0.000000 0.000000 0.000000 0.000000 0.000000 0.000000 0.368165 0.000000 0.000000 0.000000 0.000000 0.000000
 0.000000 0.000000 0.000000 0.000000 0.500000 0.000000 0.000000 0.000000 0.000000 0.000000 0.000000 0.000000 0.000000 0.000000 0.000000 0.000000 0.000000 0.500000 0.000000 0.000000
 0.000000 0.000000 0.000000 0.364649 0.375379 0.001440 0.000000 0.000000 0.000000 0.000000 0.258532 0.000000 0.000000 0.000000 0.000000 0.000000 0.000000 0.000000 0.000000 0.000000
 0.000000 0.000000 0.008851 0.365400 0.000000 0.370128 0.000000 0.000000 0.000000 0.254917 0.000000 0.000704 0.000000 0.000000 0.000000 0.000000 0.000000 0.000000 0.000000 0.000000
 0.000000 0.000000 0.383723 0.151118 0.000000 0.383994 0.000000 0.000000 0.000000 0.000000 0.000731 0.000000 0.000000 0.000000 0.000000 0.000000 0.000000 0.000000 0.080434 0.000000
 0.000000 0.000000 0.000000 0.000000 0.000000 0.000000 0.443083 0.000000 0.000000 0.000000 0.000000 0.000000 0.000000 0.442716 0.114201 0.000000 0.000000 0.000000 0.000000 0.000000
 0.000000 0.000000 0.000000 0.000000 0.000000 0.000000 0.020507 0.000000 0.000000 0.000000 0.000000 0.000000 0.489544 0.000000 0.000000 0.000000 0.000000 0.489949 0.000000 0.000000
 0.000000 0.254984 0.000000 0.000000 0.000000 0.000000 0.319668 0.338137 0.000000 0.000000 0.000000 0.000000 0.087152 0.000000 0.000000 0.000051 0.000000 0.000000 0.000000 0.000008
 0.255889 0.000000 0.001119 0.000024 0.000000 0.000000 0.000000 0.000000 0.000000 0.000000 0.000000 0.000000 0.000000 0.000000 0.000057 0.000000 0.366743 0.000000 0.376167 0.000000
 0.000000 0.000000 0.334830 0.269099 0.000000 0.000000 0.000000 0.000000 0.000000 0.000000 0.000000 0.000000 0.000000 0.000000 0.000000 0.328579 0.000000 0.000000 0.067492 0.000000
 0.000000 0.000000 0.000000 0.000000 0.000000 0.000000 0.000000 0.000000 0.500000 0.000000 0.000000 0.000000 0.000000 0.500000 0.000000 0.000000 0.000000 0.000000 0.000000 0.000000
 0.402523 0.000000 0.025098 0.000000 0.000000 0.000000 0.000000 0.000000 0.000000 0.000000 0.000000 0.085046 0.000000 0.000000 0.000000 0.406023 0.081310 0.000000 0.000000 0.000000
 0.499994 0.499994 0.000000 0.000000 0.000000 0.000000 0.000000 0.000000 0.000000 0.000000 0.000000 0.000000 0.000000 0.000000 0.000012 0.000000 0.000000 0.000000 0.000000 0.000000
the mean of prob-rank is 1.631578947368421
the number of false negetive edges is 0
the number of probability greater than 0 is 4.0/edge
