20
 0.000000 0.463231 0.463224 0.000000 0.000000 0.000000 0.000000 0.000000 0.000000 0.000000 0.000000 0.000000 0.000000 0.000000 0.000000 0.073545 0.000000 0.000000 0.000000 0.000000
 0.474246 0.000000 0.000000 0.000000 0.000000 0.000000 0.000000 0.000000 0.000000 0.000000 0.000000 0.000000 0.474245 0.000000 0.000000 0.000000 0.051509 0.000000 0.000000 0.000000
 0.323225 0.000000 0.000000 0.319127 0.000000 0.000000 0.000000 0.000000 0.000000 0.280032 0.000000 0.000000 0.000000 0.000000 0.000000 0.000000 0.077616 0.000000 0.000000 0.000000
 0.000000 0.000000 0.342701 0.000000 0.000000 0.000000 0.000000 0.000000 0.000000 0.167042 0.000000 0.000000 0.000000 0.000000 0.000000 0.000000 0.345966 0.000000 0.000000 0.144290
 0.000000 0.000000 0.000000 0.000000 0.000000 0.000000 0.000000 0.000000 0.000000 0.000000 0.000000 0.000000 0.000000 0.000000 0.000000 0.000000 0.500000 0.000000 0.000000 0.500000
 0.000000 0.000000 0.000000 0.000000 0.000000 0.000000 0.500000 0.000000 0.000000 0.000000 0.000000 0.000000 0.000000 0.000000 0.500000 0.000000 0.000000 0.000000 0.000000 0.000000
 0.000000 0.000000 0.000000 0.000000 0.000000 0.500000 0.000000 0.000000 0.000000 0.000000 0.000000 0.000000 0.500000 0.000000 0.000000 0.000000 0.000000 0.000000 0.000000 0.000000
 0.000000 0.000000 0.000000 0.000000 0.000000 0.000000 0.000000 0.000000 0.000002 0.000000 0.499996 0.000004 0.000000 0.000000 0.000000 0.499997 0.000000 0.000000 0.000000 0.000000
 0.000000 0.000000 0.000000 0.000000 0.000000 0.000000 0.000000 0.000002 0.000000 0.000000 0.000000 0.000000 0.000000 0.000000 0.499999 0.000000 0.000000 0.000000 0.499999 0.000000
 0.000000 0.000000 0.278116 0.154487 0.000000 0.000000 0.000000 0.000000 0.000000 0.000000 0.000000 0.000000 0.000000 0.316638 0.000000 0.015997 0.000000 0.199441 0.000000 0.035320
 0.000000 0.000000 0.000000 0.000000 0.000000 0.000000 0.000000 0.499933 0.000000 0.000000 0.000000 0.499934 0.000000 0.000036 0.000000 0.000096 0.000000 0.000000 0.000000 0.000000
 0.000000 0.000000 0.000000 0.000000 0.000000 0.000000 0.000000 0.000004 0.000000 0.000000 0.499186 0.000000 0.000000 0.000000 0.000000 0.001632 0.000000 0.000000 0.499178 0.000000
 0.000000 0.500000 0.000000 0.000000 0.000000 0.000000 0.500000 0.000000 0.000000 0.000000 0.000000 0.000000 0.000000 0.000000 0.000000 0.000000 0.000000 0.000000 0.000000 0.000000
 0.000000 0.000000 0.000000 0.000000 0.000000 0.000000 0.000000 0.000000 0.000000 0.335774 0.000025 0.000000 0.000000 0.000000 0.000000 0.000641 0.000000 0.340297 0.000000 0.323263
 0.000000 0.000000 0.000000 0.000000 0.000000 0.500000 0.000000 0.000000 0.500000 0.000000 0.000000 0.000000 0.000000 0.000000 0.000000 0.000000 0.000000 0.000000 0.000000 0.000000
 0.071832 0.000000 0.000000 0.000000 0.000000 0.000000 0.000000 0.452443 0.000000 0.022547 0.000087 0.001479 0.000000 0.000853 0.000000 0.000000 0.000000 0.450759 0.000000 0.000000
 0.000000 0.046308 0.102379 0.424956 0.426357 0.000000 0.000000 0.000000 0.000000 0.000000 0.000000 0.000000 0.000000 0.000000 0.000000 0.000000 0.000000 0.000000 0.000000 0.000000
 0.000000 0.000000 0.000000 0.000000 0.000000 0.000000 0.000000 0.000000 0.000000 0.237382 0.000000 0.000000 0.000000 0.381951 0.000000 0.380667 0.000000 0.000000 0.000000 0.000000
 0.000000 0.000000 0.000000 0.000000 0.000000 0.000000 0.000000 0.000000 0.500004 0.000000 0.000000 0.499996 0.000000 0.000000 0.000000 0.000000 0.000000 0.000000 0.000000 0.000000
 0.000000 0.000000 0.000000 0.167936 0.403989 0.000000 0.000000 0.000000 0.000000 0.044448 0.000000 0.000000 0.000000 0.383628 0.000000 0.000000 0.000000 0.000000 0.000000 0.000000
the mean of prob-rank is 1.6842105263157894
the number of false negetive edges is 0
the number of probability greater than 0 is 3.5/edge
