20
 0.000000 0.000000 0.000000 0.000000 0.000000 0.000000 0.000000 0.000000 0.000000 0.000000 0.000000 0.000000 0.000000 0.000000 0.000000 0.000000 0.000014 0.000000 0.499995 0.499992
 0.000000 0.000000 0.000000 0.500001 0.000000 0.499998 0.000000 0.000000 0.000000 0.000000 0.000000 0.000000 0.000000 0.000000 0.000000 0.000000 0.000001 0.000000 0.000000 0.000000
 0.000000 0.000000 0.000000 0.000000 0.000000 0.000000 0.000000 0.000000 0.000000 0.000000 0.000000 0.000000 0.377137 0.240848 0.000000 0.000000 0.000000 0.000000 0.381986 0.000030
 0.000000 0.500000 0.000000 0.000000 0.000000 0.000000 0.000000 0.000000 0.000000 0.000000 0.000000 0.500000 0.000000 0.000000 0.000000 0.000000 0.000000 0.000000 0.000000 0.000000
 0.000000 0.000000 0.000000 0.000000 0.000000 0.000000 0.462607 0.000000 0.000000 0.000000 0.000000 0.000000 0.000000 0.000000 0.073018 0.000000 0.000000 0.464376 0.000000 0.000000
 0.000000 0.499999 0.000000 0.000000 0.000000 0.000000 0.000000 0.000000 0.000000 0.000000 0.000000 0.000000 0.000000 0.000000 0.000000 0.000000 0.500001 0.000000 0.000000 0.000000
 0.000000 0.000000 0.000000 0.000000 0.468150 0.000000 0.000000 0.000000 0.469941 0.000000 0.000000 0.000000 0.000000 0.000000 0.061909 0.000000 0.000000 0.000000 0.000000 0.000000
 0.000000 0.000000 0.000000 0.000000 0.000000 0.000000 0.000000 0.000000 0.000000 0.000000 0.500000 0.000000 0.000000 0.000000 0.000000 0.000000 0.000000 0.500000 0.000000 0.000000
 0.000000 0.000000 0.000000 0.000000 0.000000 0.000000 0.397981 0.000000 0.000000 0.000000 0.000000 0.000000 0.219064 0.382955 0.000000 0.000000 0.000000 0.000000 0.000000 0.000000
 0.000000 0.000000 0.000000 0.000000 0.000000 0.000000 0.000000 0.000000 0.000000 0.000000 0.496042 0.000000 0.000000 0.000000 0.007917 0.496042 0.000000 0.000000 0.000000 0.000000
 0.000000 0.000000 0.000000 0.000000 0.000000 0.000000 0.000000 0.500000 0.000000 0.500000 0.000000 0.000000 0.000000 0.000000 0.000000 0.000000 0.000000 0.000000 0.000000 0.000000
 0.000000 0.000000 0.000000 0.480432 0.000000 0.000000 0.000000 0.000000 0.000000 0.000000 0.000000 0.000000 0.000000 0.000000 0.480283 0.039286 0.000000 0.000000 0.000000 0.000000
 0.000000 0.000000 0.389048 0.000000 0.000000 0.000000 0.000000 0.000000 0.216901 0.000000 0.000000 0.000000 0.000000 0.394051 0.000000 0.000000 0.000000 0.000000 0.000000 0.000000
 0.000000 0.000000 0.225971 0.000000 0.000000 0.000000 0.000000 0.000000 0.344860 0.000000 0.000000 0.000000 0.358392 0.000000 0.000000 0.000000 0.000000 0.000000 0.000000 0.070777
 0.000000 0.000000 0.000000 0.000000 0.068394 0.000000 0.057302 0.000000 0.000000 0.006942 0.000000 0.434837 0.000000 0.000000 0.000000 0.432525 0.000000 0.000000 0.000000 0.000000
 0.000000 0.000000 0.000000 0.000000 0.000000 0.000000 0.000000 0.000000 0.000000 0.481662 0.000000 0.039386 0.000000 0.000000 0.478952 0.000000 0.000000 0.000000 0.000000 0.000000
 0.000014 0.000001 0.000000 0.000000 0.000000 0.500008 0.000000 0.000000 0.000000 0.000000 0.000000 0.000000 0.000000 0.000000 0.000000 0.000000 0.000000 0.000000 0.000000 0.499977
 0.000000 0.000000 0.000000 0.000000 0.500000 0.000000 0.000000 0.500000 0.000000 0.000000 0.000000 0.000000 0.000000 0.000000 0.000000 0.000000 0.000000 0.000000 0.000000 0.000000
 0.500000 0.000000 0.500000 0.000000 0.000000 0.000000 0.000000 0.000000 0.000000 0.000000 0.000000 0.000000 0.000000 0.000000 0.000000 0.000000 0.000000 0.000000 0.000000 0.000001
 0.455060 0.000000 0.000036 0.000000 0.000000 0.000000 0.000000 0.000000 0.000000 0.000000 0.000000 0.000000 0.000000 0.089868 0.000000 0.000000 0.455035 0.000000 0.000000 0.000000
the mean of prob-rank is 1.631578947368421
the number of false negetive edges is 0
the number of probability greater than 0 is 3.0/edge
