20
 0.000000 0.000000 0.000000 0.000000 0.499729 0.000000 0.000000 0.000000 0.000000 0.000000 0.499729 0.000542 0.000000 0.000000 0.000000 0.000000 0.000000 0.000000 0.000000 0.000000
 0.000000 0.000000 0.007126 0.000000 0.000000 0.000000 0.000000 0.286391 0.352976 0.000000 0.000000 0.000000 0.000000 0.000000 0.353507 0.000000 0.000000 0.000000 0.000000 0.000000
 0.000000 0.008131 0.000000 0.000000 0.000000 0.000000 0.000000 0.403581 0.000000 0.006353 0.000000 0.000000 0.000023 0.000000 0.398552 0.000000 0.000000 0.183360 0.000000 0.000000
 0.000000 0.000000 0.000000 0.000000 0.000000 0.500000 0.000000 0.000000 0.000000 0.000000 0.000000 0.000000 0.000000 0.500000 0.000000 0.000000 0.000000 0.000000 0.000000 0.000000
 0.499779 0.000000 0.000000 0.000000 0.000000 0.000000 0.000000 0.000000 0.000000 0.000000 0.000458 0.499762 0.000000 0.000000 0.000000 0.000000 0.000000 0.000000 0.000000 0.000000
 0.000000 0.000000 0.000000 0.499120 0.000000 0.000000 0.000000 0.000000 0.000000 0.000000 0.000000 0.000000 0.000000 0.000000 0.001773 0.000000 0.000000 0.000000 0.499108 0.000000
 0.000000 0.000000 0.000000 0.000000 0.000000 0.000000 0.000000 0.000000 0.000000 0.000000 0.000000 0.000000 0.000000 0.000000 0.000000 0.500000 0.000000 0.000000 0.000000 0.500000
 0.000000 0.273435 0.337696 0.000000 0.000000 0.000000 0.000000 0.000000 0.002201 0.000000 0.000000 0.000000 0.002147 0.000000 0.068601 0.000000 0.000000 0.315919 0.000000 0.000000
 0.000000 0.497865 0.000000 0.000000 0.000000 0.000000 0.000000 0.003252 0.000000 0.000000 0.000000 0.000000 0.000000 0.000000 0.000001 0.000000 0.000000 0.000000 0.000000 0.498882
 0.000000 0.000000 0.007844 0.000000 0.000000 0.000000 0.000000 0.000000 0.000000 0.000000 0.000000 0.498240 0.493795 0.000000 0.000001 0.000000 0.000000 0.000120 0.000000 0.000000
 0.499771 0.000000 0.000000 0.000000 0.000458 0.000000 0.000000 0.000000 0.000000 0.000000 0.000000 0.000000 0.000000 0.000000 0.000000 0.000000 0.499771 0.000000 0.000000 0.000000
 0.000542 0.000000 0.000000 0.000000 0.499710 0.000000 0.000000 0.000000 0.000000 0.499727 0.000000 0.000000 0.000022 0.000000 0.000000 0.000000 0.000000 0.000000 0.000000 0.000000
 0.000000 0.000000 0.000028 0.000000 0.000000 0.000000 0.000000 0.003183 0.000000 0.496150 0.000000 0.000022 0.000000 0.000000 0.000000 0.000000 0.000000 0.500617 0.000000 0.000000
 0.000000 0.000000 0.000000 0.499998 0.000000 0.000000 0.000000 0.000000 0.000000 0.000000 0.000000 0.000000 0.000000 0.000000 0.000003 0.499998 0.000000 0.000000 0.000000 0.000000
 0.000000 0.454966 0.449539 0.000000 0.000000 0.001617 0.000000 0.092474 0.000001 0.000001 0.000000 0.000000 0.000000 0.000003 0.000000 0.000000 0.000000 0.000000 0.001400 0.000000
 0.000000 0.000000 0.000000 0.000000 0.000000 0.000000 0.500000 0.000000 0.000000 0.000000 0.000000 0.000000 0.000000 0.500000 0.000000 0.000000 0.000000 0.000000 0.000000 0.000000
 0.000000 0.000000 0.000000 0.000000 0.000000 0.000000 0.000000 0.000000 0.000000 0.000000 0.500000 0.000000 0.000000 0.000000 0.000000 0.000000 0.000000 0.000000 0.500000 0.000000
 0.000000 0.000000 0.190091 0.000000 0.000000 0.000000 0.000000 0.391414 0.000000 0.000100 0.000000 0.000000 0.418395 0.000000 0.000000 0.000000 0.000000 0.000000 0.000000 0.000000
 0.000000 0.000000 0.000000 0.000000 0.000000 0.499226 0.000000 0.000000 0.000000 0.000000 0.000000 0.000000 0.000000 0.000000 0.001535 0.000000 0.499239 0.000000 0.000000 0.000000
 0.000000 0.000000 0.000000 0.000000 0.000000 0.000000 0.500000 0.000000 0.500000 0.000000 0.000000 0.000000 0.000000 0.000000 0.000000 0.000000 0.000000 0.000000 0.000000 0.000000
the mean of prob-rank is 1.5789473684210527
the number of false negetive edges is 0
the number of probability greater than 0 is 3.6/edge
