20
 0.000000 0.500008 0.000000 0.499992 0.000000 0.000000 0.000000 0.000000 0.000000 0.000000 0.000000 0.000000 0.000000 0.000000 0.000000 0.000000 0.000000 0.000000 0.000000 0.000000
 0.415074 0.000000 0.000000 0.000000 0.000000 0.000000 0.000000 0.000000 0.000000 0.000000 0.000000 0.000000 0.000000 0.000000 0.410278 0.000000 0.000000 0.174649 0.000000 0.000000
 0.000000 0.000000 0.000000 0.000000 0.000000 0.500000 0.000000 0.000000 0.000000 0.500000 0.000000 0.000000 0.000000 0.000000 0.000000 0.000000 0.000000 0.000000 0.000000 0.000000
 0.499992 0.000000 0.000000 0.000000 0.000000 0.000000 0.000000 0.000000 0.000000 0.000000 0.000000 0.000000 0.000000 0.500008 0.000000 0.000000 0.000000 0.000000 0.000000 0.000000
 0.000000 0.000000 0.000000 0.000000 0.000000 0.372337 0.000000 0.000000 0.000000 0.000000 0.265953 0.000000 0.000000 0.000000 0.000000 0.000000 0.361710 0.000000 0.000000 0.000000
 0.000000 0.000000 0.500000 0.000000 0.500000 0.000000 0.000000 0.000000 0.000000 0.000000 0.000000 0.000000 0.000000 0.000000 0.000000 0.000000 0.000000 0.000000 0.000000 0.000000
 0.000000 0.000000 0.000000 0.000000 0.000000 0.000000 0.000000 0.467297 0.000000 0.000000 0.000000 0.000000 0.467092 0.000000 0.000000 0.065611 0.000000 0.000000 0.000000 0.000000
 0.000000 0.000000 0.000000 0.000000 0.000000 0.000000 0.500000 0.000000 0.500000 0.000000 0.000000 0.000000 0.000000 0.000000 0.000000 0.000000 0.000000 0.000000 0.000000 0.000000
 0.000000 0.000000 0.000000 0.000000 0.000000 0.000000 0.000000 0.499944 0.000000 0.000000 0.499305 0.000000 0.000000 0.000000 0.000000 0.000000 0.000751 0.000000 0.000000 0.000000
 0.000000 0.000000 0.499725 0.000000 0.000000 0.000000 0.000000 0.000000 0.000000 0.000000 0.000000 0.000000 0.000000 0.000000 0.000000 0.000000 0.000000 0.000000 0.000590 0.499685
 0.000000 0.000000 0.000000 0.000000 0.263280 0.000000 0.000000 0.000000 0.368124 0.000000 0.000000 0.000000 0.000000 0.000000 0.000000 0.000000 0.368595 0.000000 0.000000 0.000000
 0.000000 0.000000 0.000000 0.000000 0.000000 0.000000 0.000000 0.000000 0.000000 0.000000 0.000000 0.000000 0.000000 0.000000 0.180824 0.000000 0.000000 0.407445 0.410477 0.001255
 0.000000 0.000000 0.000000 0.000000 0.000000 0.000000 0.488732 0.000000 0.000000 0.000000 0.000000 0.000000 0.000000 0.000000 0.022322 0.488946 0.000000 0.000000 0.000000 0.000000
 0.000000 0.000000 0.000000 0.500000 0.000000 0.000000 0.000000 0.000000 0.000000 0.000000 0.000000 0.000000 0.000000 0.000000 0.000000 0.000000 0.000000 0.000000 0.000000 0.500000
 0.000000 0.399436 0.000000 0.000000 0.000000 0.000000 0.000000 0.000000 0.000000 0.000000 0.000000 0.178009 0.018449 0.000000 0.000000 0.000001 0.000000 0.404105 0.000000 0.000000
 0.000000 0.000000 0.000000 0.000000 0.000000 0.000000 0.065613 0.000000 0.000000 0.000000 0.000000 0.000000 0.467314 0.000000 0.000002 0.000000 0.000000 0.000000 0.467071 0.000000
 0.000000 0.000000 0.000000 0.000000 0.492386 0.000000 0.000000 0.000000 0.000761 0.000000 0.506853 0.000000 0.000000 0.000000 0.000000 0.000000 0.000000 0.000000 0.000000 0.000000
 0.000000 0.174350 0.000000 0.000000 0.000000 0.000000 0.000000 0.000000 0.000000 0.000000 0.000000 0.411285 0.000000 0.000000 0.414365 0.000000 0.000000 0.000000 0.000000 0.000000
 0.000000 0.000000 0.000000 0.000000 0.000000 0.000000 0.000000 0.000000 0.000000 0.000590 0.000000 0.499823 0.000000 0.000000 0.000000 0.499587 0.000000 0.000000 0.000000 0.000000
 0.000000 0.000000 0.000000 0.000000 0.000000 0.000000 0.000000 0.000000 0.000000 0.499217 0.000000 0.001526 0.000000 0.499257 0.000000 0.000000 0.000000 0.000000 0.000000 0.000000
the mean of prob-rank is 1.5263157894736843
the number of false negetive edges is 0
the number of probability greater than 0 is 2.9/edge
