20
 0.000000 0.000000 0.000000 0.492238 0.000000 0.000000 0.000000 0.000000 0.000000 0.000000 0.000000 0.000000 0.000000 0.000114 0.492130 0.015517 0.000000 0.000000 0.000000 0.000000
 0.000000 0.000000 0.000000 0.000000 0.000000 0.000000 0.000000 0.000000 0.000000 0.000000 0.000000 0.492787 0.000000 0.000000 0.000000 0.000000 0.492868 0.014345 0.000000 0.000000
 0.000000 0.000000 0.000000 0.000000 0.052124 0.000000 0.000000 0.000000 0.000000 0.000000 0.000000 0.000000 0.000000 0.474020 0.000000 0.473856 0.000000 0.000000 0.000000 0.000000
 0.500000 0.000000 0.000000 0.000000 0.000000 0.000000 0.000000 0.000000 0.000000 0.000000 0.000000 0.000000 0.000000 0.000000 0.000000 0.000000 0.000000 0.000000 0.000000 0.500000
 0.000000 0.000000 0.051434 0.000000 0.000000 0.000000 0.000000 0.000000 0.000000 0.000000 0.000000 0.000000 0.000000 0.013124 0.467742 0.467701 0.000000 0.000000 0.000000 0.000000
 0.000000 0.000000 0.000000 0.000000 0.000000 0.000000 0.000000 0.000000 0.000000 0.000000 0.000000 0.000000 0.000000 0.000000 0.000000 0.000000 0.000000 0.000000 0.499996 0.500004
 0.000000 0.000000 0.000000 0.000000 0.000000 0.000000 0.000000 0.000000 0.000000 0.000000 0.030907 0.484684 0.000000 0.000000 0.000000 0.000000 0.000000 0.484409 0.000000 0.000000
 0.000000 0.000000 0.000000 0.000000 0.000000 0.000000 0.000000 0.000000 0.000000 0.000000 0.000000 0.000000 0.000000 0.000000 0.000000 0.000000 0.500000 0.000000 0.500000 0.000000
 0.000000 0.000000 0.000000 0.000000 0.000000 0.000000 0.000000 0.000000 0.000000 0.000000 0.500000 0.000000 0.500000 0.000000 0.000000 0.000000 0.000000 0.000000 0.000000 0.000000
 0.000000 0.000000 0.000000 0.000000 0.000000 0.000000 0.000000 0.000000 0.000000 0.000000 0.000000 0.000000 0.496603 0.496247 0.000096 0.000000 0.000000 0.007053 0.000000 0.000000
 0.000000 0.000000 0.000000 0.000000 0.000000 0.000000 0.030902 0.000000 0.484600 0.000000 0.000000 0.000000 0.000000 0.000000 0.000000 0.000000 0.000000 0.484498 0.000000 0.000000
 0.000000 0.494045 0.000000 0.000000 0.000000 0.000000 0.494125 0.000000 0.000000 0.000000 0.000000 0.000000 0.000000 0.000000 0.000000 0.000000 0.000000 0.011830 0.000000 0.000000
 0.000000 0.000000 0.000000 0.000000 0.000000 0.000000 0.000000 0.000000 0.500001 0.499999 0.000000 0.000000 0.000000 0.000000 0.000000 0.000000 0.000000 0.000000 0.000000 0.000000
 0.000112 0.000000 0.484440 0.000000 0.013592 0.000000 0.000000 0.000000 0.000000 0.484092 0.000000 0.000000 0.000000 0.000000 0.000000 0.017763 0.000000 0.000000 0.000000 0.000000
 0.499282 0.000000 0.000000 0.000000 0.499392 0.000000 0.000000 0.000000 0.000000 0.000097 0.000000 0.000000 0.000000 0.000000 0.000000 0.001217 0.000000 0.000011 0.000000 0.000000
 0.015228 0.000000 0.482879 0.000000 0.483004 0.000000 0.000000 0.000000 0.000000 0.000000 0.000000 0.000000 0.000000 0.017712 0.001177 0.000000 0.000000 0.000000 0.000000 0.000000
 0.000000 0.500000 0.000000 0.000000 0.000000 0.000000 0.000000 0.500000 0.000000 0.000000 0.000000 0.000000 0.000000 0.000000 0.000000 0.000000 0.000000 0.000000 0.000000 0.000000
 0.000000 0.014085 0.000000 0.000000 0.000000 0.000000 0.483636 0.000000 0.000000 0.006873 0.483809 0.011586 0.000000 0.000000 0.000011 0.000000 0.000000 0.000000 0.000000 0.000000
 0.000000 0.000000 0.000000 0.000000 0.000000 0.499996 0.000000 0.500004 0.000000 0.000000 0.000000 0.000000 0.000000 0.000000 0.000000 0.000000 0.000000 0.000000 0.000000 0.000000
 0.000000 0.000000 0.000000 0.500000 0.000000 0.500000 0.000000 0.000000 0.000000 0.000000 0.000000 0.000000 0.000000 0.000000 0.000000 0.000000 0.000000 0.000000 0.000000 0.000000
the mean of prob-rank is 1.5789473684210527
the number of false negetive edges is 0
the number of probability greater than 0 is 3.2/edge
