20
 0.000000 0.006371 0.000000 0.000000 0.450799 0.450769 0.000000 0.000000 0.000699 0.000000 0.006147 0.085214 0.000000 0.000000 0.000000 0.000000 0.000000 0.000000 0.000000 0.000000
 0.004731 0.000000 0.000001 0.000001 0.012874 0.058746 0.000000 0.000000 0.334826 0.328220 0.203402 0.000000 0.000000 0.000000 0.000000 0.000000 0.049935 0.007265 0.000000 0.000000
 0.000000 0.000001 0.000000 0.000000 0.000000 0.000000 0.261298 0.000000 0.025279 0.000000 0.000002 0.000000 0.000000 0.001177 0.000000 0.000000 0.328898 0.383346 0.000000 0.000000
 0.000000 0.000001 0.000000 0.000000 0.000000 0.000000 0.000000 0.499738 0.000000 0.000000 0.000000 0.000000 0.000000 0.000000 0.499738 0.000523 0.000000 0.000000 0.000000 0.000000
 0.370188 0.014236 0.000000 0.000000 0.000000 0.102411 0.000000 0.000000 0.014387 0.000000 0.359771 0.139007 0.000000 0.000000 0.000000 0.000000 0.000000 0.000000 0.000000 0.000000
 0.315234 0.055319 0.000000 0.000000 0.087214 0.000000 0.000000 0.000000 0.016370 0.226126 0.000000 0.299738 0.000000 0.000000 0.000000 0.000000 0.000000 0.000000 0.000000 0.000000
 0.000000 0.000000 0.224201 0.000000 0.000000 0.000000 0.000000 0.000000 0.000000 0.000000 0.174346 0.329016 0.000000 0.000000 0.000000 0.000000 0.000000 0.272438 0.000000 0.000000
 0.000000 0.000000 0.000000 0.493618 0.000000 0.000000 0.000000 0.000000 0.003034 0.000000 0.000000 0.000000 0.000000 0.000000 0.000000 0.493602 0.009746 0.000000 0.000000 0.000000
 0.000447 0.288223 0.018999 0.000000 0.011200 0.014965 0.000000 0.001771 0.000000 0.000000 0.240215 0.000000 0.000000 0.000000 0.000000 0.000000 0.266278 0.157901 0.000000 0.000000
 0.000000 0.363403 0.000000 0.000000 0.000000 0.265876 0.000000 0.000000 0.000000 0.000000 0.000000 0.000000 0.000000 0.000000 0.000000 0.000000 0.000000 0.000000 0.000000 0.370721
 0.003046 0.135703 0.000001 0.000000 0.217074 0.000000 0.118360 0.000000 0.186177 0.000000 0.000000 0.146297 0.000000 0.000000 0.000000 0.000000 0.000000 0.193342 0.000000 0.000000
 0.059625 0.000000 0.000000 0.000000 0.118444 0.299900 0.315432 0.000000 0.000000 0.000000 0.206600 0.000000 0.000000 0.000000 0.000000 0.000000 0.000000 0.000000 0.000000 0.000000
 0.000000 0.000000 0.000000 0.000000 0.000000 0.000000 0.000000 0.000000 0.000000 0.000000 0.000000 0.000000 0.000000 0.000000 0.499988 0.000000 0.000000 0.000000 0.000000 0.500012
 0.000000 0.000000 0.001532 0.000000 0.000000 0.000000 0.000000 0.000000 0.000000 0.000000 0.000000 0.000000 0.000000 0.000000 0.000000 0.000000 0.499227 0.000000 0.499240 0.000000
 0.000000 0.000000 0.000000 0.500012 0.000000 0.000000 0.000000 0.000000 0.000000 0.000000 0.000000 0.000000 0.499988 0.000000 0.000000 0.000000 0.000000 0.000000 0.000000 0.000000
 0.000000 0.000000 0.000000 0.000523 0.000000 0.000000 0.000000 0.499731 0.000000 0.000000 0.000000 0.000000 0.000000 0.000000 0.000000 0.000000 0.000000 0.000000 0.499746 0.000000
 0.000000 0.050548 0.290689 0.000000 0.000000 0.000000 0.000000 0.006692 0.313133 0.000000 0.000000 0.000000 0.000000 0.338937 0.000000 0.000000 0.000000 0.000000 0.000000 0.000000
 0.000000 0.006650 0.306384 0.000000 0.000000 0.000000 0.253771 0.000000 0.167915 0.000000 0.265280 0.000000 0.000000 0.000000 0.000000 0.000000 0.000000 0.000000 0.000000 0.000000
 0.000000 0.000000 0.000000 0.000000 0.000000 0.000000 0.000000 0.000000 0.000000 0.000000 0.000000 0.000000 0.000000 0.500000 0.000000 0.500000 0.000000 0.000000 0.000000 0.000000
 0.000000 0.000000 0.000000 0.000000 0.000000 0.000000 0.000000 0.000000 0.000000 0.499999 0.000000 0.000000 0.500001 0.000000 0.000000 0.000000 0.000000 0.000000 0.000000 0.000000
the mean of prob-rank is 1.5263157894736843
the number of false negetive edges is 0
the number of probability greater than 0 is 4.55/edge
