20
 0.000000 0.000000 0.000000 0.000000 0.000000 0.000000 0.000000 0.000000 0.000000 0.499996 0.000000 0.000000 0.000000 0.000000 0.000000 0.000000 0.000000 0.000002 0.000000 0.500002
 0.000000 0.000000 0.499995 0.000000 0.000000 0.000000 0.000000 0.000000 0.000000 0.000000 0.000000 0.000000 0.000000 0.000009 0.000000 0.000000 0.000000 0.000000 0.499996 0.000000
 0.000000 0.361699 0.000000 0.000000 0.000000 0.000000 0.000000 0.000000 0.000000 0.008989 0.000000 0.000000 0.360679 0.000000 0.000000 0.000000 0.000000 0.268632 0.000001 0.000000
 0.000000 0.000000 0.000000 0.000000 0.000000 0.000000 0.000000 0.000000 0.000000 0.000000 0.000000 0.000000 0.000000 0.500000 0.000000 0.500000 0.000000 0.000000 0.000000 0.000000
 0.000000 0.000000 0.000000 0.000000 0.000000 0.481886 0.000000 0.000000 0.000000 0.000000 0.000000 0.483695 0.000000 0.000000 0.034419 0.000000 0.000000 0.000000 0.000000 0.000000
 0.000000 0.000000 0.000000 0.000000 0.492854 0.000000 0.000000 0.004827 0.000000 0.000000 0.000000 0.007615 0.000000 0.000000 0.494704 0.000000 0.000000 0.000000 0.000000 0.000000
 0.000000 0.000000 0.000000 0.000000 0.000000 0.000000 0.000000 0.000000 0.000000 0.000000 0.000000 0.000000 0.000000 0.000000 0.000000 0.000000 0.500000 0.000000 0.000000 0.500000
 0.000000 0.000000 0.000000 0.000000 0.000000 0.004855 0.000000 0.000000 0.000213 0.000000 0.000000 0.000000 0.000000 0.000000 0.497446 0.000000 0.497486 0.000000 0.000000 0.000000
 0.000000 0.000000 0.000000 0.000000 0.000000 0.000000 0.000000 0.000214 0.000000 0.000000 0.499185 0.499115 0.000000 0.000000 0.000000 0.000000 0.000000 0.001486 0.000000 0.000000
 0.493860 0.000000 0.012274 0.000000 0.000000 0.000000 0.000000 0.000000 0.000000 0.000000 0.000000 0.000000 0.000000 0.000000 0.000000 0.000000 0.000000 0.000000 0.493866 0.000000
 0.000000 0.000000 0.000000 0.000000 0.000000 0.000000 0.000000 0.000000 0.499719 0.000000 0.000000 0.000012 0.000000 0.000492 0.000000 0.499728 0.000000 0.000049 0.000000 0.000000
 0.000000 0.000000 0.000000 0.000000 0.496215 0.007638 0.000000 0.000000 0.496136 0.000000 0.000011 0.000000 0.000000 0.000000 0.000000 0.000000 0.000000 0.000000 0.000000 0.000000
 0.000000 0.000000 0.409645 0.000000 0.000000 0.000000 0.000000 0.000000 0.000000 0.000000 0.000000 0.000000 0.000000 0.179597 0.000000 0.000000 0.000000 0.410758 0.000000 0.000000
 0.000000 0.000008 0.000000 0.412670 0.000000 0.000000 0.000000 0.000000 0.000000 0.000000 0.000406 0.000000 0.180413 0.000000 0.000000 0.000003 0.000000 0.406500 0.000000 0.000000
 0.000000 0.000000 0.000000 0.000000 0.034359 0.482852 0.000000 0.482789 0.000000 0.000000 0.000000 0.000000 0.000000 0.000000 0.000000 0.000000 0.000000 0.000000 0.000000 0.000000
 0.000000 0.000000 0.000000 0.499998 0.000000 0.000000 0.000000 0.000000 0.000000 0.000000 0.499998 0.000000 0.000000 0.000003 0.000000 0.000000 0.000000 0.000000 0.000000 0.000000
 0.000000 0.000000 0.000000 0.000000 0.000000 0.000000 0.500013 0.499987 0.000000 0.000000 0.000000 0.000000 0.000000 0.000000 0.000000 0.000000 0.000000 0.000000 0.000000 0.000000
 0.000002 0.000000 0.271978 0.000000 0.000000 0.000000 0.000000 0.000000 0.001090 0.000000 0.000036 0.000000 0.366164 0.360730 0.000000 0.000000 0.000000 0.000000 0.000000 0.000000
 0.000000 0.500000 0.000001 0.000000 0.000000 0.000000 0.000000 0.000000 0.000000 0.500000 0.000000 0.000000 0.000000 0.000000 0.000000 0.000000 0.000000 0.000000 0.000000 0.000000
 0.500000 0.000000 0.000000 0.000000 0.000000 0.000000 0.500000 0.000000 0.000000 0.000000 0.000000 0.000000 0.000000 0.000000 0.000000 0.000000 0.000000 0.000000 0.000000 0.000000
the mean of prob-rank is 1.5263157894736843
the number of false negetive edges is 0
the number of probability greater than 0 is 3.4/edge
