20
 0.000000 0.000000 0.458838 0.001222 0.000000 0.000000 0.000000 0.451937 0.000000 0.000000 0.000000 0.000000 0.000000 0.000000 0.000000 0.000000 0.000000 0.000000 0.088003 0.000000
 0.000000 0.000000 0.000000 0.000000 0.000000 0.000000 0.006201 0.166810 0.000000 0.000000 0.412165 0.000000 0.000000 0.000000 0.000000 0.000000 0.000000 0.414824 0.000000 0.000000
 0.352883 0.000000 0.000000 0.000564 0.000000 0.000000 0.000000 0.281668 0.000000 0.000000 0.000000 0.000000 0.000000 0.000000 0.010824 0.000000 0.000000 0.000000 0.354061 0.000000
 0.001235 0.000000 0.000741 0.000000 0.465293 0.000000 0.000000 0.067181 0.000000 0.000000 0.000000 0.000000 0.000000 0.000000 0.000000 0.000000 0.000000 0.001278 0.464273 0.000000
 0.000000 0.000000 0.000000 0.500000 0.000000 0.000000 0.000000 0.000000 0.000000 0.000000 0.000000 0.000000 0.000000 0.000000 0.000000 0.000000 0.500000 0.000000 0.000000 0.000000
 0.000000 0.000000 0.000000 0.000000 0.000000 0.000000 0.000000 0.000000 0.499106 0.000000 0.000000 0.000000 0.001479 0.000000 0.000000 0.000000 0.000000 0.000000 0.000000 0.499415
 0.000000 0.006328 0.000000 0.000000 0.000000 0.000000 0.000000 0.000000 0.000000 0.000000 0.207829 0.000000 0.000000 0.362565 0.000000 0.000000 0.000000 0.423278 0.000000 0.000000
 0.300958 0.123341 0.243890 0.044286 0.000000 0.000000 0.000000 0.000000 0.000000 0.000000 0.287484 0.000000 0.000000 0.000000 0.000000 0.000000 0.000000 0.000041 0.000000 0.000000
 0.000000 0.000000 0.000000 0.000000 0.000000 0.492326 0.000000 0.000000 0.000000 0.000000 0.000000 0.492631 0.000000 0.000000 0.000000 0.000000 0.000000 0.000000 0.000000 0.015043
 0.000000 0.000000 0.000000 0.000000 0.000000 0.000000 0.000000 0.000000 0.000000 0.000000 0.000000 0.000000 0.000000 0.000000 0.500000 0.500000 0.000000 0.000000 0.000000 0.000000
 0.000000 0.308263 0.000000 0.000000 0.000000 0.000000 0.152315 0.290789 0.000000 0.000000 0.000000 0.000000 0.000000 0.248632 0.000000 0.000000 0.000000 0.000000 0.000000 0.000000
 0.000000 0.000000 0.000000 0.000000 0.000000 0.000000 0.000000 0.000000 0.500000 0.000000 0.000000 0.000000 0.000000 0.500000 0.000000 0.000000 0.000000 0.000000 0.000000 0.000000
 0.000000 0.000000 0.000000 0.000000 0.000000 0.001478 0.000000 0.000000 0.000000 0.000000 0.000000 0.000000 0.000000 0.000000 0.000000 0.499270 0.000000 0.000000 0.000000 0.499252
 0.000000 0.000000 0.000000 0.000000 0.000000 0.000000 0.322239 0.000000 0.000000 0.000000 0.301517 0.376243 0.000000 0.000000 0.000000 0.000000 0.000000 0.000000 0.000000 0.000000
 0.000000 0.000000 0.015049 0.000000 0.000000 0.000000 0.000000 0.000000 0.000000 0.492487 0.000000 0.000000 0.000000 0.000000 0.000000 0.000000 0.492464 0.000000 0.000000 0.000000
 0.000000 0.000000 0.000000 0.000000 0.000000 0.000000 0.000000 0.000000 0.000000 0.500000 0.000000 0.000000 0.500000 0.000000 0.000000 0.000000 0.000000 0.000000 0.000000 0.000000
 0.000000 0.000000 0.000000 0.000000 0.498974 0.000000 0.000000 0.000000 0.000000 0.000000 0.000000 0.000000 0.000000 0.000000 0.498951 0.000000 0.000000 0.000000 0.002075 0.000000
 0.000000 0.499310 0.000000 0.001371 0.000000 0.000000 0.499253 0.000066 0.000000 0.000000 0.000000 0.000000 0.000000 0.000000 0.000000 0.000000 0.000000 0.000000 0.000000 0.000000
 0.087143 0.000000 0.455867 0.455093 0.000000 0.000000 0.000000 0.000001 0.000000 0.000000 0.000000 0.000000 0.000000 0.000000 0.000000 0.000000 0.001897 0.000000 0.000000 0.000000
 0.000000 0.000000 0.000000 0.000000 0.000000 0.492490 0.000000 0.000000 0.015039 0.000000 0.000000 0.000000 0.492471 0.000000 0.000000 0.000000 0.000000 0.000000 0.000000 0.000000
the mean of prob-rank is 1.5263157894736843
the number of false negetive edges is 0
the number of probability greater than 0 is 3.5/edge
