20
 0.000000 0.000000 0.000000 0.000000 0.500000 0.000000 0.000000 0.000000 0.000000 0.000000 0.000000 0.000000 0.000000 0.500000 0.000000 0.000000 0.000000 0.000000 0.000000 0.000000
 0.000000 0.000000 0.304422 0.000000 0.000000 0.000000 0.001079 0.000681 0.000000 0.000000 0.000000 0.189339 0.195954 0.000000 0.000000 0.000000 0.000000 0.000001 0.000000 0.308525
 0.000000 0.334606 0.000000 0.000000 0.000000 0.000000 0.341272 0.000000 0.000000 0.000000 0.060209 0.148802 0.065083 0.000000 0.000000 0.049963 0.000000 0.000000 0.000000 0.000065
 0.000000 0.000000 0.000000 0.000000 0.000000 0.000000 0.000000 0.000000 0.500004 0.000000 0.000000 0.000000 0.000000 0.000000 0.000000 0.000000 0.000000 0.000000 0.499996 0.000000
 0.500000 0.000000 0.000000 0.000000 0.000000 0.000000 0.000000 0.000000 0.000000 0.500000 0.000000 0.000000 0.000000 0.000000 0.000000 0.000000 0.000000 0.000000 0.000000 0.000000
 0.000000 0.000000 0.000000 0.000000 0.000000 0.000000 0.000000 0.000000 0.269505 0.000000 0.000000 0.000000 0.000000 0.000000 0.366715 0.363780 0.000000 0.000000 0.000000 0.000000
 0.000000 0.001425 0.409942 0.000000 0.000000 0.000000 0.000000 0.000000 0.000000 0.000000 0.000001 0.000000 0.410130 0.000000 0.000000 0.178501 0.000000 0.000000 0.000000 0.000001
 0.000000 0.000775 0.000000 0.000000 0.000000 0.000000 0.000000 0.000000 0.000000 0.000000 0.000044 0.325239 0.000000 0.000000 0.000000 0.000000 0.000000 0.320453 0.000000 0.353489
 0.000000 0.000000 0.000000 0.373149 0.000000 0.273412 0.000000 0.000000 0.000000 0.000000 0.000000 0.000000 0.000000 0.000000 0.353439 0.000000 0.000000 0.000000 0.000000 0.000000
 0.000000 0.000000 0.000000 0.000000 0.394896 0.000000 0.000000 0.000000 0.000000 0.000000 0.391502 0.000000 0.000000 0.000000 0.000000 0.000000 0.000000 0.213602 0.000000 0.000000
 0.000000 0.000000 0.053724 0.000000 0.000000 0.000000 0.000001 0.000038 0.000000 0.302043 0.000000 0.077745 0.000000 0.000000 0.000000 0.263060 0.000000 0.303389 0.000000 0.000000
 0.000000 0.164408 0.117553 0.000000 0.000000 0.000000 0.000000 0.248098 0.000000 0.000000 0.068833 0.000000 0.007781 0.000000 0.000000 0.000000 0.000000 0.264450 0.000000 0.128876
 0.000000 0.174146 0.052622 0.000000 0.000000 0.000000 0.276059 0.000000 0.000000 0.000000 0.000000 0.007964 0.000000 0.000000 0.222215 0.222838 0.000000 0.000000 0.000000 0.044156
 0.500000 0.000000 0.000000 0.000000 0.000000 0.000000 0.000000 0.000000 0.000000 0.000000 0.000000 0.000000 0.000000 0.000000 0.000000 0.000000 0.500000 0.000000 0.000000 0.000000
 0.000000 0.000000 0.000000 0.000000 0.000000 0.360064 0.000000 0.000000 0.342070 0.000000 0.000000 0.000000 0.290695 0.000000 0.000000 0.007171 0.000000 0.000000 0.000000 0.000000
 0.000000 0.000000 0.044872 0.000000 0.000000 0.303283 0.133458 0.000000 0.000000 0.000000 0.264776 0.000000 0.247521 0.000000 0.006089 0.000000 0.000000 0.000000 0.000000 0.000000
 0.000000 0.000000 0.000000 0.000000 0.000000 0.000000 0.000000 0.000000 0.000000 0.000000 0.000000 0.000000 0.000000 0.500000 0.000000 0.000000 0.000000 0.000000 0.500000 0.000000
 0.000000 0.000001 0.000000 0.000000 0.000000 0.000000 0.000000 0.264722 0.000000 0.158004 0.290890 0.286384 0.000000 0.000000 0.000000 0.000000 0.000000 0.000000 0.000000 0.000000
 0.000000 0.000000 0.000000 0.499996 0.000000 0.000000 0.000000 0.000000 0.000000 0.000000 0.000000 0.000000 0.000000 0.000000 0.000000 0.000000 0.500004 0.000000 0.000000 0.000000
 0.000000 0.377525 0.000073 0.000000 0.000000 0.000000 0.000001 0.379989 0.000000 0.000000 0.000000 0.181613 0.060798 0.000000 0.000000 0.000000 0.000000 0.000000 0.000000 0.000000
the mean of prob-rank is 1.5263157894736843
the number of false negetive edges is 0
the number of probability greater than 0 is 4.2/edge
