20
 0.000000 0.000000 0.000000 0.000000 0.000175 0.000000 0.000000 0.000000 0.000000 0.000000 0.039415 0.000000 0.000000 0.086885 0.433180 0.019203 0.000000 0.000000 0.000000 0.421141
 0.000000 0.000000 0.000000 0.000000 0.000000 0.499998 0.000000 0.500002 0.000000 0.000000 0.000000 0.000000 0.000000 0.000000 0.000000 0.000000 0.000000 0.000000 0.000000 0.000000
 0.000000 0.000000 0.000000 0.000000 0.000000 0.500000 0.500000 0.000000 0.000000 0.000000 0.000000 0.000000 0.000000 0.000000 0.000000 0.000000 0.000000 0.000000 0.000000 0.000000
 0.000000 0.000000 0.000000 0.000000 0.000000 0.000000 0.000000 0.000000 0.000000 0.000000 0.000000 0.000000 0.436973 0.000000 0.000000 0.000000 0.000018 0.126076 0.436932 0.000000
 0.000202 0.000000 0.000000 0.000000 0.000000 0.000000 0.000000 0.000000 0.000000 0.000000 0.499896 0.000000 0.000000 0.000005 0.000000 0.000000 0.000000 0.000000 0.000000 0.499896
 0.000000 0.499998 0.500002 0.000000 0.000000 0.000000 0.000000 0.000000 0.000000 0.000000 0.000000 0.000000 0.000000 0.000000 0.000000 0.000000 0.000000 0.000000 0.000000 0.000000
 0.000000 0.000000 0.500000 0.000000 0.000000 0.000000 0.000000 0.000000 0.500000 0.000000 0.000000 0.000000 0.000000 0.000000 0.000000 0.000000 0.000000 0.000000 0.000000 0.000000
 0.000000 0.500000 0.000000 0.000000 0.000000 0.000000 0.000000 0.000000 0.000000 0.000000 0.000000 0.000000 0.000000 0.000000 0.000000 0.000000 0.000000 0.500000 0.000000 0.000000
 0.000000 0.000000 0.000000 0.000000 0.000000 0.000000 0.500008 0.000000 0.000000 0.000000 0.000000 0.499992 0.000000 0.000000 0.000000 0.000000 0.000000 0.000000 0.000000 0.000000
 0.000001 0.000000 0.000000 0.000000 0.000000 0.000000 0.000000 0.000000 0.000000 0.000000 0.000000 0.470854 0.000000 0.467204 0.039026 0.000000 0.000000 0.000000 0.000000 0.022915
 0.042862 0.000000 0.000000 0.000000 0.471502 0.000000 0.000000 0.000000 0.000000 0.000000 0.000000 0.000000 0.000000 0.014992 0.000000 0.000000 0.000000 0.000000 0.470644 0.000000
 0.000000 0.000000 0.000000 0.000000 0.000000 0.000000 0.000000 0.000000 0.499919 0.499936 0.000000 0.000000 0.000000 0.000141 0.000003 0.000000 0.000000 0.000000 0.000000 0.000000
 0.000000 0.000000 0.000000 0.392569 0.000000 0.000000 0.000000 0.000000 0.000000 0.000000 0.000000 0.000000 0.000000 0.000000 0.000000 0.213399 0.391885 0.002147 0.000000 0.000000
 0.073615 0.000000 0.000000 0.000000 0.000004 0.000000 0.000000 0.000000 0.000000 0.364509 0.011680 0.000104 0.000000 0.000000 0.365166 0.000000 0.000000 0.000000 0.000000 0.184922
 0.481252 0.000000 0.000000 0.000000 0.000000 0.000000 0.000000 0.000000 0.000000 0.039925 0.000000 0.000003 0.000000 0.478820 0.000000 0.000000 0.000000 0.000000 0.000000 0.000000
 0.017146 0.000000 0.000000 0.000000 0.000000 0.000000 0.000000 0.000000 0.000000 0.000000 0.000000 0.000000 0.210317 0.000000 0.000000 0.000000 0.387117 0.385420 0.000000 0.000000
 0.000000 0.000000 0.000000 0.000019 0.000000 0.000000 0.000000 0.000000 0.000000 0.000000 0.000000 0.000000 0.449009 0.000000 0.000000 0.450047 0.000000 0.000000 0.100925 0.000000
 0.000000 0.000000 0.000000 0.125949 0.000000 0.000000 0.000000 0.436799 0.000000 0.000000 0.000000 0.000000 0.002387 0.000000 0.000000 0.434864 0.000000 0.000000 0.000000 0.000000
 0.000000 0.000000 0.000000 0.449785 0.000000 0.000000 0.000000 0.000000 0.000000 0.000000 0.449282 0.000000 0.000000 0.000000 0.000000 0.000000 0.100933 0.000000 0.000000 0.000000
 0.384928 0.000000 0.000000 0.000000 0.396296 0.000000 0.000000 0.000000 0.000000 0.019287 0.000000 0.000000 0.000000 0.199489 0.000000 0.000000 0.000000 0.000000 0.000000 0.000000
the mean of prob-rank is 1.5263157894736843
the number of false negetive edges is 0
the number of probability greater than 0 is 3.6/edge
