20
 0.000000 0.000000 0.000000 0.000000 0.491185 0.000000 0.000000 0.000000 0.000000 0.000000 0.000000 0.000000 0.000000 0.000000 0.000000 0.491198 0.017595 0.000021 0.000000 0.000000
 0.000000 0.000000 0.000000 0.000000 0.000000 0.499982 0.000001 0.000000 0.000000 0.000000 0.000000 0.000000 0.000000 0.500017 0.000000 0.000000 0.000000 0.000000 0.000000 0.000000
 0.000000 0.000000 0.000000 0.005867 0.000000 0.000000 0.000000 0.000000 0.354100 0.000000 0.000000 0.307854 0.000000 0.000000 0.000000 0.000000 0.000000 0.332179 0.000000 0.000000
 0.000000 0.000000 0.007207 0.000000 0.000000 0.000000 0.000000 0.000000 0.434897 0.003096 0.434927 0.000000 0.020963 0.000000 0.098910 0.000000 0.000000 0.000000 0.000000 0.000000
 0.486349 0.000000 0.000000 0.000000 0.000000 0.000000 0.000000 0.486362 0.000000 0.000002 0.000000 0.000216 0.000001 0.000000 0.000000 0.000000 0.000000 0.027069 0.000000 0.000000
 0.000000 0.499991 0.000000 0.000000 0.000000 0.000000 0.000000 0.000000 0.000000 0.000000 0.000000 0.000000 0.000000 0.000000 0.000000 0.000000 0.000000 0.000000 0.000000 0.500009
 0.000000 0.000001 0.000000 0.000000 0.000000 0.000000 0.000000 0.000000 0.000000 0.000000 0.500059 0.000000 0.000000 0.499940 0.000000 0.000000 0.000000 0.000000 0.000000 0.000000
 0.000000 0.000000 0.000000 0.000000 0.500007 0.000000 0.000000 0.000000 0.000000 0.000001 0.000000 0.000000 0.000000 0.000000 0.000000 0.000000 0.000000 0.000000 0.499992 0.000000
 0.000000 0.000000 0.485086 0.484996 0.000000 0.000000 0.000000 0.000000 0.000000 0.000000 0.029919 0.000000 0.000000 0.000000 0.000000 0.000000 0.000000 0.000000 0.000000 0.000000
 0.000000 0.000000 0.000000 0.002594 0.000002 0.000000 0.000000 0.000001 0.000000 0.000000 0.000000 0.000000 0.364335 0.000000 0.273847 0.000000 0.000000 0.000000 0.359222 0.000000
 0.000000 0.000000 0.000000 0.485013 0.000000 0.000000 0.485069 0.000000 0.029918 0.000000 0.000000 0.000000 0.000000 0.000000 0.000000 0.000000 0.000000 0.000000 0.000000 0.000000
 0.000000 0.000000 0.308102 0.000000 0.000157 0.000000 0.000000 0.000000 0.000000 0.000000 0.000000 0.000000 0.000000 0.000000 0.000000 0.000011 0.337346 0.354384 0.000000 0.000000
 0.000000 0.000000 0.000000 0.018238 0.000001 0.000000 0.000000 0.000000 0.000000 0.378425 0.000000 0.000000 0.000000 0.000000 0.367601 0.000000 0.000000 0.000000 0.235735 0.000000
 0.000000 0.500060 0.000000 0.000000 0.000000 0.000000 0.499940 0.000000 0.000000 0.000000 0.000000 0.000000 0.000000 0.000000 0.000000 0.000000 0.000000 0.000000 0.000000 0.000000
 0.000000 0.000000 0.000000 0.077040 0.000000 0.000000 0.000000 0.000000 0.000000 0.254652 0.000000 0.000000 0.329107 0.000000 0.000000 0.000000 0.000000 0.000000 0.000400 0.338800
 0.500594 0.000000 0.000000 0.000000 0.000000 0.000000 0.000000 0.000000 0.000000 0.000000 0.000000 0.000016 0.000000 0.000000 0.000001 0.000000 0.499389 0.000000 0.000000 0.000000
 0.012597 0.000000 0.000000 0.000000 0.000000 0.000000 0.000000 0.000000 0.000000 0.000000 0.000000 0.334752 0.000000 0.000000 0.000000 0.350813 0.000000 0.301838 0.000000 0.000000
 0.000015 0.000000 0.328911 0.000000 0.019514 0.000000 0.000000 0.000000 0.000000 0.000000 0.000000 0.350616 0.000000 0.000000 0.000000 0.000000 0.300943 0.000000 0.000000 0.000000
 0.000000 0.000000 0.000000 0.000000 0.000000 0.000000 0.000000 0.383124 0.000000 0.377755 0.000000 0.000000 0.238668 0.000000 0.000453 0.000000 0.000000 0.000000 0.000000 0.000000
 0.000000 0.000000 0.000000 0.000000 0.000000 0.499992 0.000000 0.000000 0.000000 0.000000 0.000000 0.000000 0.000000 0.000000 0.500008 0.000000 0.000000 0.000000 0.000000 0.000000
the mean of prob-rank is 1.4210526315789473
the number of false negetive edges is 0
the number of probability greater than 0 is 3.7/edge
