20
 0.000000 0.000000 0.000000 0.499999 0.000000 0.000000 0.000000 0.000000 0.500001 0.000000 0.000000 0.000000 0.000000 0.000000 0.000000 0.000000 0.000000 0.000000 0.000000 0.000000
 0.000000 0.000000 0.000000 0.000000 0.000000 0.000000 0.000000 0.000000 0.499881 0.000000 0.000000 0.000000 0.000000 0.000000 0.000000 0.000000 0.500114 0.000006 0.000000 0.000000
 0.000000 0.000000 0.000000 0.000000 0.000000 0.000000 0.000000 0.001832 0.000000 0.000000 0.000000 0.000000 0.000000 0.074496 0.461667 0.000000 0.000000 0.000565 0.000000 0.461440
 0.499999 0.000000 0.000000 0.000000 0.000000 0.500001 0.000000 0.000000 0.000000 0.000000 0.000000 0.000000 0.000000 0.000000 0.000000 0.000000 0.000000 0.000000 0.000000 0.000000
 0.000000 0.000000 0.000000 0.000000 0.000000 0.000000 0.000000 0.000000 0.000000 0.000000 0.000000 0.500003 0.000000 0.499997 0.000000 0.000000 0.000000 0.000000 0.000000 0.000000
 0.000000 0.000000 0.000000 0.500000 0.000000 0.000000 0.000000 0.000000 0.000000 0.000000 0.000000 0.000000 0.000000 0.000000 0.000000 0.500000 0.000000 0.000000 0.000000 0.000000
 0.000000 0.000000 0.000000 0.000000 0.000000 0.000000 0.000000 0.000000 0.000000 0.010788 0.243522 0.380640 0.365051 0.000000 0.000000 0.000000 0.000000 0.000000 0.000000 0.000000
 0.000000 0.000000 0.001981 0.000000 0.000000 0.000000 0.000000 0.000000 0.000000 0.000000 0.000000 0.000000 0.000000 0.000000 0.499144 0.000000 0.000000 0.498876 0.000000 0.000000
 0.499852 0.499619 0.000000 0.000000 0.000000 0.000000 0.000000 0.000000 0.000000 0.000000 0.000000 0.000000 0.000000 0.000000 0.000000 0.000000 0.000529 0.000000 0.000000 0.000000
 0.000000 0.000000 0.000000 0.000000 0.000000 0.000000 0.009555 0.000000 0.000000 0.000000 0.337151 0.000000 0.323795 0.089993 0.000000 0.000000 0.000000 0.000000 0.230183 0.009323
 0.000000 0.000000 0.000000 0.000000 0.000000 0.000000 0.190158 0.000000 0.000000 0.297227 0.000000 0.000000 0.271802 0.223743 0.000000 0.000000 0.000000 0.000000 0.015158 0.001912
 0.000000 0.000000 0.000000 0.000000 0.500000 0.000000 0.500000 0.000000 0.000000 0.000000 0.000000 0.000000 0.000000 0.000000 0.000000 0.000000 0.000000 0.000000 0.000000 0.000000
 0.000000 0.000000 0.000000 0.000000 0.000000 0.000000 0.252115 0.000000 0.000000 0.252467 0.240393 0.000000 0.000000 0.000000 0.000000 0.000000 0.000000 0.000000 0.255025 0.000000
 0.000000 0.000000 0.050567 0.000000 0.313375 0.000000 0.000000 0.000000 0.000000 0.083647 0.235900 0.000000 0.000000 0.000000 0.003505 0.000000 0.000000 0.000000 0.000000 0.313006
 0.000000 0.000000 0.497217 0.000000 0.000000 0.000000 0.000000 0.497222 0.000000 0.000000 0.000000 0.000000 0.000000 0.005561 0.000000 0.000000 0.000000 0.000000 0.000000 0.000000
 0.000000 0.000000 0.000000 0.000000 0.000000 0.500000 0.000000 0.000000 0.000000 0.000000 0.000000 0.000000 0.000000 0.000000 0.000000 0.000000 0.000000 0.000000 0.500000 0.000000
 0.000000 0.499864 0.000000 0.000000 0.000000 0.000000 0.000000 0.000000 0.000529 0.000000 0.000000 0.000000 0.000000 0.000000 0.000000 0.000000 0.000000 0.499608 0.000000 0.000000
 0.000000 0.000006 0.000612 0.000000 0.000000 0.000000 0.000000 0.499684 0.000000 0.000000 0.000000 0.000000 0.000000 0.000000 0.000000 0.000000 0.499698 0.000000 0.000000 0.000000
 0.000000 0.000000 0.000000 0.000000 0.000000 0.000000 0.000000 0.000000 0.000000 0.227652 0.017005 0.000000 0.323479 0.000000 0.000000 0.333446 0.000000 0.000000 0.000000 0.098418
 0.000000 0.000000 0.429420 0.000000 0.000000 0.000000 0.000000 0.000000 0.000000 0.011880 0.002764 0.000000 0.000000 0.429126 0.000000 0.000000 0.000000 0.000000 0.126810 0.000000
the mean of prob-rank is 1.5789473684210527
the number of false negetive edges is 0
the number of probability greater than 0 is 3.6/edge
