20
 0.000000 0.499886 0.000000 0.000000 0.000000 0.500054 0.000000 0.000000 0.000000 0.000000 0.000000 0.000000 0.000000 0.000060 0.000000 0.000000 0.000000 0.000000 0.000000 0.000000
 0.499916 0.000000 0.000000 0.000000 0.000000 0.000000 0.000000 0.000000 0.000000 0.000000 0.000000 0.000000 0.000000 0.000000 0.000000 0.000000 0.000000 0.500084 0.000000 0.000000
 0.000000 0.000000 0.000000 0.000000 0.000000 0.000000 0.000000 0.359738 0.000000 0.000000 0.000000 0.405505 0.000073 0.000000 0.234684 0.000000 0.000000 0.000000 0.000000 0.000000
 0.000000 0.000000 0.000000 0.000000 0.000000 0.000000 0.000000 0.000000 0.000000 0.000000 0.000000 0.500000 0.000000 0.000000 0.000000 0.000000 0.000000 0.500000 0.000000 0.000000
 0.000000 0.000000 0.000000 0.000000 0.000000 0.000000 0.030831 0.000000 0.000000 0.484582 0.000000 0.000000 0.000000 0.000000 0.000000 0.000000 0.000000 0.000000 0.484583 0.000003
 0.500000 0.000000 0.000000 0.000000 0.000000 0.000000 0.000000 0.000000 0.000000 0.000003 0.000000 0.000000 0.000000 0.499997 0.000000 0.000000 0.000000 0.000000 0.000000 0.000000
 0.000000 0.000000 0.000000 0.000000 0.026489 0.000000 0.000000 0.000000 0.409386 0.000000 0.416324 0.000000 0.000000 0.000000 0.000000 0.000000 0.072117 0.000000 0.000000 0.075684
 0.000000 0.000000 0.329482 0.000000 0.000000 0.000000 0.000000 0.000000 0.000000 0.000000 0.000000 0.000000 0.371403 0.000000 0.287193 0.000037 0.000000 0.000000 0.000000 0.011885
 0.000000 0.000000 0.000000 0.000000 0.000000 0.000000 0.316388 0.000000 0.000000 0.000000 0.175176 0.000000 0.000000 0.000000 0.000000 0.000015 0.320051 0.000000 0.000000 0.188371
 0.000000 0.000000 0.000000 0.000000 0.500000 0.000003 0.000000 0.000000 0.000000 0.000000 0.000000 0.000000 0.000000 0.499997 0.000000 0.000000 0.000000 0.000000 0.000000 0.000000
 0.000000 0.000000 0.000000 0.000000 0.000000 0.000000 0.398876 0.000000 0.217167 0.000000 0.000000 0.000000 0.000000 0.000000 0.000000 0.000000 0.000000 0.000000 0.000000 0.383957
 0.000000 0.000000 0.499997 0.500003 0.000000 0.000000 0.000000 0.000000 0.000000 0.000000 0.000000 0.000000 0.000000 0.000000 0.000000 0.000000 0.000000 0.000000 0.000000 0.000000
 0.000000 0.000000 0.000070 0.000000 0.000000 0.000000 0.000000 0.386470 0.000000 0.000000 0.000000 0.000000 0.000000 0.000000 0.324220 0.288802 0.000000 0.000000 0.000000 0.000438
 0.000060 0.000000 0.000000 0.000000 0.000000 0.499970 0.000000 0.000000 0.000000 0.499970 0.000000 0.000000 0.000000 0.000000 0.000000 0.000000 0.000000 0.000000 0.000000 0.000000
 0.000000 0.000000 0.182247 0.000000 0.000000 0.000000 0.000000 0.243505 0.000000 0.000000 0.000000 0.000000 0.264182 0.000000 0.000000 0.310066 0.000000 0.000000 0.000000 0.000000
 0.000000 0.000000 0.000000 0.000000 0.000000 0.000000 0.000000 0.000036 0.000017 0.000000 0.000000 0.000000 0.273523 0.000000 0.360400 0.000000 0.366024 0.000000 0.000000 0.000000
 0.000000 0.000000 0.000000 0.000000 0.000000 0.000000 0.079901 0.000000 0.458826 0.000000 0.000000 0.000000 0.000000 0.000000 0.000000 0.461273 0.000000 0.000000 0.000000 0.000000
 0.000000 0.500000 0.000000 0.500000 0.000000 0.000000 0.000000 0.000000 0.000000 0.000000 0.000000 0.000000 0.000000 0.000000 0.000000 0.000000 0.000000 0.000000 0.000000 0.000000
 0.000000 0.000000 0.000000 0.000000 0.500000 0.000000 0.000000 0.000000 0.000000 0.000000 0.000000 0.000000 0.000000 0.000000 0.000000 0.000000 0.000000 0.000000 0.000000 0.500000
 0.000000 0.000000 0.000000 0.000000 0.000002 0.000000 0.065795 0.011581 0.211891 0.000000 0.348387 0.000000 0.000410 0.000000 0.000000 0.000000 0.000000 0.000000 0.361933 0.000000
the mean of prob-rank is 1.631578947368421
the number of false negetive edges is 0
the number of probability greater than 0 is 3.6/edge
