20
 0.000000 0.059090 0.000000 0.273913 0.000000 0.000000 0.000000 0.000000 0.000000 0.000000 0.000000 0.269764 0.000000 0.000000 0.311722 0.000000 0.077820 0.000000 0.000000 0.007692
 0.085642 0.000000 0.000000 0.011647 0.000000 0.000000 0.000000 0.000000 0.451830 0.000000 0.000000 0.450834 0.000000 0.000000 0.000046 0.000000 0.000000 0.000000 0.000000 0.000000
 0.000000 0.000000 0.000000 0.000000 0.000000 0.000000 0.500000 0.000000 0.000000 0.000000 0.000000 0.000000 0.000000 0.000000 0.000000 0.000000 0.000000 0.000000 0.500000 0.000000
 0.217309 0.006376 0.000000 0.000000 0.000000 0.000000 0.240506 0.167295 0.000000 0.000000 0.000000 0.000000 0.000000 0.000000 0.105375 0.000000 0.042710 0.000000 0.220429 0.000000
 0.000000 0.000000 0.000000 0.000000 0.000000 0.000000 0.000000 0.000000 0.000000 0.000000 0.000000 0.000000 0.000000 0.500000 0.000000 0.000000 0.000000 0.500000 0.000000 0.000000
 0.000000 0.000000 0.000000 0.000000 0.000000 0.000000 0.000149 0.000000 0.000000 0.000000 0.000000 0.000000 0.000000 0.000000 0.000000 0.000000 0.499942 0.000000 0.000000 0.499910
 0.000000 0.000000 0.381590 0.371062 0.000000 0.000113 0.000000 0.000000 0.000000 0.000000 0.000000 0.000000 0.000000 0.000000 0.000000 0.000000 0.247232 0.000000 0.000002 0.000000
 0.000000 0.000000 0.000000 0.251911 0.000000 0.000000 0.000000 0.000000 0.000000 0.371787 0.003929 0.000000 0.372373 0.000000 0.000000 0.000000 0.000000 0.000000 0.000000 0.000000
 0.000000 0.499989 0.000000 0.000000 0.000000 0.000000 0.000000 0.000000 0.000000 0.000000 0.000000 0.000008 0.000000 0.000000 0.000000 0.000000 0.000000 0.500003 0.000000 0.000000
 0.000000 0.000000 0.000000 0.000000 0.000000 0.000000 0.000000 0.320557 0.000000 0.000000 0.185158 0.000000 0.198157 0.000000 0.000000 0.000000 0.000000 0.000000 0.296128 0.000000
 0.000000 0.000000 0.000000 0.000000 0.000000 0.000000 0.000000 0.004119 0.000000 0.225134 0.000000 0.000000 0.377493 0.000000 0.000000 0.390436 0.000000 0.000000 0.002819 0.000000
 0.304292 0.350872 0.000000 0.000000 0.000000 0.000000 0.000000 0.000000 0.000006 0.000000 0.000000 0.000000 0.000000 0.000000 0.014263 0.000000 0.000001 0.000000 0.000000 0.330567
 0.000000 0.000000 0.000000 0.000000 0.000000 0.000000 0.000000 0.386970 0.000000 0.238834 0.374196 0.000000 0.000000 0.000000 0.000000 0.000000 0.000000 0.000000 0.000000 0.000000
 0.000000 0.000000 0.000000 0.000000 0.500000 0.000000 0.000000 0.000000 0.000000 0.000000 0.000000 0.000000 0.000000 0.000000 0.000000 0.500000 0.000000 0.000000 0.000000 0.000000
 0.302421 0.000031 0.000000 0.128860 0.000000 0.000000 0.000000 0.000000 0.000000 0.000000 0.000000 0.012267 0.000000 0.000000 0.000000 0.000000 0.287657 0.000000 0.000000 0.268763
 0.000000 0.000000 0.000000 0.000000 0.000000 0.000000 0.000000 0.000000 0.000000 0.000000 0.500000 0.000000 0.000000 0.500000 0.000000 0.000000 0.000000 0.000000 0.000000 0.000000
 0.081995 0.000000 0.000000 0.056723 0.000000 0.328481 0.212823 0.000000 0.000000 0.000000 0.000000 0.000001 0.000000 0.000000 0.312413 0.000000 0.000000 0.000000 0.000000 0.007564
 0.000000 0.000000 0.000000 0.000000 0.500000 0.000000 0.000000 0.000000 0.500000 0.000000 0.000000 0.000000 0.000000 0.000000 0.000000 0.000000 0.000000 0.000000 0.000000 0.000000
 0.000000 0.000000 0.354526 0.315966 0.000000 0.000000 0.000002 0.000000 0.000000 0.326946 0.002560 0.000000 0.000000 0.000000 0.000000 0.000000 0.000000 0.000000 0.000000 0.000000
 0.008578 0.000000 0.000000 0.000000 0.000000 0.347650 0.000000 0.000000 0.000000 0.000000 0.000000 0.326821 0.000000 0.000000 0.308946 0.000000 0.008005 0.000000 0.000000 0.000000
the mean of prob-rank is 1.4736842105263157
the number of false negetive edges is 0
the number of probability greater than 0 is 4.1/edge
