20
 0.000000 0.000000 0.000000 0.000000 0.000000 0.000000 0.000000 0.392273 0.000000 0.353243 0.000000 0.254485 0.000000 0.000000 0.000000 0.000000 0.000000 0.000000 0.000000 0.000000
 0.000000 0.000000 0.000000 0.000000 0.000000 0.000000 0.380010 0.401906 0.000000 0.000000 0.000000 0.000000 0.000000 0.000000 0.000000 0.218084 0.000000 0.000000 0.000000 0.000000
 0.000000 0.000000 0.000000 0.499984 0.000000 0.000000 0.000000 0.000000 0.000000 0.000000 0.000000 0.000000 0.499939 0.000000 0.000000 0.000000 0.000000 0.000000 0.000000 0.000077
 0.000000 0.000000 0.499386 0.000000 0.000000 0.000000 0.000000 0.000000 0.000000 0.000000 0.000000 0.001186 0.000057 0.000000 0.000001 0.000000 0.000000 0.000000 0.000000 0.499370
 0.000000 0.000000 0.000000 0.000000 0.000000 0.000000 0.000000 0.000000 0.000000 0.000000 0.000000 0.000000 0.500000 0.500000 0.000000 0.000000 0.000000 0.000000 0.000000 0.000000
 0.000000 0.000000 0.000000 0.000000 0.000000 0.000000 0.000000 0.000000 0.376862 0.000000 0.000000 0.000000 0.000000 0.000000 0.000000 0.000000 0.000000 0.234524 0.388614 0.000000
 0.000000 0.358036 0.000000 0.000000 0.000000 0.000000 0.000000 0.000000 0.263328 0.000000 0.000000 0.000000 0.000000 0.000000 0.000000 0.000000 0.378636 0.000000 0.000000 0.000000
 0.499964 0.499930 0.000000 0.000000 0.000000 0.000000 0.000000 0.000000 0.000000 0.000106 0.000000 0.000000 0.000000 0.000000 0.000000 0.000000 0.000000 0.000000 0.000000 0.000000
 0.000000 0.000000 0.000000 0.000000 0.000000 0.363872 0.260913 0.000000 0.000000 0.000000 0.000000 0.000000 0.000000 0.000000 0.000000 0.000000 0.000000 0.375216 0.000000 0.000000
 0.387467 0.000000 0.000000 0.000000 0.000000 0.000000 0.000000 0.000091 0.000000 0.000000 0.182626 0.429816 0.000000 0.000000 0.000000 0.000000 0.000000 0.000000 0.000000 0.000000
 0.000000 0.000000 0.000000 0.000000 0.000000 0.000000 0.000000 0.000000 0.000000 0.176337 0.000000 0.408202 0.000000 0.000000 0.415461 0.000000 0.000000 0.000000 0.000000 0.000000
 0.240935 0.000000 0.000000 0.000882 0.000000 0.000000 0.000000 0.000000 0.000000 0.370987 0.364898 0.000000 0.022298 0.000000 0.000000 0.000000 0.000000 0.000000 0.000000 0.000000
 0.000000 0.000000 0.485379 0.000055 0.485422 0.000000 0.000000 0.000000 0.000000 0.000000 0.000000 0.029145 0.000000 0.000000 0.000000 0.000000 0.000000 0.000000 0.000000 0.000000
 0.000000 0.000000 0.000000 0.000000 0.500000 0.000000 0.000000 0.000000 0.000000 0.000000 0.000000 0.000000 0.000000 0.000000 0.000000 0.000000 0.000000 0.000000 0.500000 0.000000
 0.000000 0.000000 0.000000 0.000001 0.000000 0.000000 0.000000 0.000000 0.000000 0.000000 0.500000 0.000000 0.000000 0.000000 0.000000 0.000000 0.000000 0.000000 0.000000 0.500000
 0.000000 0.214259 0.000000 0.000000 0.000000 0.000000 0.000000 0.000000 0.000000 0.000000 0.000000 0.000000 0.000000 0.000000 0.000000 0.000000 0.394883 0.390857 0.000000 0.000000
 0.000000 0.000000 0.000000 0.000000 0.000000 0.000000 0.499963 0.000000 0.000000 0.000000 0.000000 0.000000 0.000000 0.000000 0.000000 0.500037 0.000000 0.000000 0.000000 0.000000
 0.000000 0.000000 0.000000 0.000000 0.000000 0.232712 0.000000 0.000000 0.385609 0.000000 0.000000 0.000000 0.000000 0.000000 0.000000 0.381680 0.000000 0.000000 0.000000 0.000000
 0.000000 0.000000 0.000000 0.000000 0.000000 0.500000 0.000000 0.000000 0.000000 0.000000 0.000000 0.000000 0.000000 0.500000 0.000000 0.000000 0.000000 0.000000 0.000000 0.000000
 0.000000 0.000000 0.000077 0.499954 0.000000 0.000000 0.000000 0.000000 0.000000 0.000000 0.000000 0.000000 0.000000 0.000000 0.499969 0.000000 0.000000 0.000000 0.000000 0.000000
the mean of prob-rank is 1.4736842105263157
the number of false negetive edges is 0
the number of probability greater than 0 is 3.0/edge
