20
 0.000000 0.000000 0.000000 0.000000 0.406390 0.014036 0.000000 0.000000 0.000000 0.178279 0.000000 0.000000 0.000000 0.401295 0.000000 0.000000 0.000000 0.000000 0.000000 0.000000
 0.000000 0.000000 0.000000 0.500000 0.000000 0.000000 0.000000 0.000000 0.000000 0.000000 0.000000 0.500000 0.000000 0.000000 0.000000 0.000000 0.000000 0.000000 0.000000 0.000000
 0.000000 0.000000 0.000000 0.000000 0.000000 0.000000 0.000000 0.500000 0.000000 0.000000 0.000000 0.500000 0.000000 0.000000 0.000000 0.000000 0.000000 0.000000 0.000000 0.000000
 0.000000 0.485940 0.000000 0.000000 0.000000 0.000000 0.000000 0.000000 0.028760 0.000000 0.000000 0.000000 0.000000 0.000000 0.000000 0.485301 0.000000 0.000000 0.000000 0.000000
 0.382164 0.000000 0.000000 0.000000 0.000000 0.000000 0.000000 0.000000 0.000000 0.380605 0.000000 0.000000 0.000000 0.237231 0.000000 0.000000 0.000000 0.000000 0.000000 0.000000
 0.016976 0.000000 0.000000 0.000000 0.000000 0.000000 0.000000 0.000000 0.000000 0.491512 0.491512 0.000000 0.000000 0.000000 0.000000 0.000000 0.000000 0.000000 0.000000 0.000000
 0.000000 0.000000 0.000000 0.000000 0.000000 0.000000 0.000000 0.000000 0.492386 0.000000 0.000000 0.000000 0.000000 0.000000 0.000000 0.000001 0.015156 0.000000 0.000000 0.492458
 0.000000 0.000000 0.500000 0.000000 0.000000 0.000000 0.000000 0.000000 0.000000 0.000000 0.500000 0.000000 0.000000 0.000000 0.000000 0.000000 0.000000 0.000000 0.000000 0.000000
 0.000000 0.000000 0.000000 0.024645 0.000000 0.000000 0.416355 0.000000 0.000000 0.000000 0.000000 0.000000 0.000000 0.000000 0.000000 0.000099 0.415788 0.000000 0.143114 0.000000
 0.180189 0.000000 0.000000 0.000000 0.409067 0.410744 0.000000 0.000000 0.000000 0.000000 0.000000 0.000000 0.000000 0.000000 0.000000 0.000000 0.000000 0.000000 0.000000 0.000000
 0.000000 0.000000 0.000000 0.000000 0.000000 0.500000 0.000000 0.500000 0.000000 0.000000 0.000000 0.000000 0.000000 0.000000 0.000000 0.000000 0.000000 0.000000 0.000000 0.000000
 0.000000 0.500000 0.500000 0.000000 0.000000 0.000000 0.000000 0.000000 0.000000 0.000000 0.000000 0.000000 0.000000 0.000000 0.000000 0.000000 0.000000 0.000000 0.000000 0.000000
 0.000000 0.000000 0.000000 0.000000 0.000000 0.000000 0.000000 0.000000 0.000000 0.000000 0.000000 0.000000 0.000000 0.000000 0.485036 0.000000 0.000000 0.484645 0.000000 0.030319
 0.378596 0.000000 0.000000 0.000000 0.238000 0.000000 0.000000 0.000000 0.000000 0.000000 0.000000 0.000000 0.000000 0.000000 0.000000 0.000000 0.000000 0.383404 0.000000 0.000000
 0.000000 0.000000 0.000000 0.000000 0.000000 0.000000 0.000000 0.000000 0.000000 0.000000 0.000000 0.000000 0.461698 0.000000 0.000000 0.000000 0.000000 0.077174 0.000000 0.461129
 0.000000 0.000000 0.000000 0.445917 0.000000 0.000000 0.000000 0.000000 0.000106 0.000000 0.000000 0.000000 0.000000 0.000000 0.000000 0.000000 0.107474 0.000000 0.446503 0.000000
 0.000000 0.000000 0.000000 0.000000 0.000000 0.000000 0.013567 0.000000 0.440149 0.000000 0.000000 0.000000 0.000000 0.000000 0.000000 0.106104 0.000000 0.000000 0.440180 0.000000
 0.000000 0.000000 0.000000 0.000000 0.000000 0.000000 0.000000 0.000000 0.000000 0.000000 0.000000 0.000000 0.461235 0.461607 0.077159 0.000000 0.000000 0.000000 0.000000 0.000000
 0.000000 0.000000 0.000000 0.000000 0.000000 0.000000 0.000000 0.000000 0.146732 0.000000 0.000000 0.000000 0.000000 0.000000 0.000000 0.426940 0.426329 0.000000 0.000000 0.000000
 0.000000 0.000000 0.000000 0.000000 0.000000 0.000000 0.485136 0.000000 0.000000 0.000000 0.000000 0.000000 0.030325 0.000000 0.484538 0.000000 0.000000 0.000000 0.000000 0.000000
the mean of prob-rank is 1.5263157894736843
the number of false negetive edges is 0
the number of probability greater than 0 is 3.0/edge
