20
 0.000000 0.000000 0.000000 0.000000 0.000000 0.000000 0.000000 0.000000 0.000000 0.418434 0.000000 0.050402 0.000000 0.112542 0.000000 0.000000 0.000000 0.000134 0.000000 0.418487
 0.000000 0.000000 0.000000 0.000000 0.000000 0.499981 0.000000 0.000000 0.000000 0.000000 0.000001 0.000000 0.000000 0.000000 0.000000 0.000000 0.000000 0.000000 0.000000 0.500018
 0.000000 0.000000 0.000000 0.059231 0.194104 0.000000 0.000000 0.000000 0.000000 0.000000 0.392069 0.000000 0.000000 0.354596 0.000000 0.000000 0.000000 0.000000 0.000000 0.000000
 0.000000 0.000000 0.070242 0.000000 0.000000 0.464541 0.000000 0.000000 0.000000 0.000000 0.465218 0.000000 0.000000 0.000000 0.000000 0.000000 0.000000 0.000000 0.000000 0.000000
 0.000000 0.000000 0.176245 0.000000 0.000000 0.000000 0.000000 0.000000 0.000000 0.000000 0.000000 0.000000 0.000000 0.121126 0.351934 0.000000 0.000000 0.350695 0.000000 0.000000
 0.000000 0.487468 0.000000 0.486794 0.000000 0.000000 0.000000 0.000000 0.000000 0.000000 0.025737 0.000000 0.000000 0.000000 0.000000 0.000000 0.000000 0.000000 0.000000 0.000001
 0.000000 0.000000 0.000000 0.000000 0.000000 0.000000 0.000000 0.000000 0.000000 0.000000 0.000000 0.000000 0.000000 0.000000 0.000000 0.000000 0.499999 0.000000 0.500001 0.000000
 0.000000 0.000000 0.000000 0.000000 0.000000 0.000000 0.000000 0.000000 0.000000 0.499998 0.000000 0.000000 0.499998 0.000000 0.000000 0.000004 0.000000 0.000000 0.000000 0.000000
 0.000000 0.000000 0.000000 0.000000 0.000000 0.000000 0.000000 0.000000 0.000000 0.000000 0.000000 0.000000 0.000000 0.000000 0.000000 0.500000 0.500000 0.000000 0.000000 0.000000
 0.480656 0.000000 0.000000 0.000000 0.000000 0.000000 0.000000 0.481665 0.000000 0.000000 0.000000 0.000000 0.000000 0.000000 0.000000 0.000000 0.000000 0.000000 0.000000 0.037679
 0.000000 0.000001 0.486997 0.487277 0.000000 0.025725 0.000000 0.000000 0.000000 0.000000 0.000000 0.000000 0.000000 0.000000 0.000000 0.000000 0.000000 0.000000 0.000000 0.000000
 0.056160 0.000000 0.000000 0.000000 0.000000 0.000000 0.000000 0.000000 0.000000 0.000000 0.000000 0.000000 0.000000 0.009085 0.467196 0.000000 0.000109 0.000253 0.467196 0.000000
 0.000000 0.000000 0.000000 0.000000 0.000000 0.000000 0.000000 0.500000 0.000000 0.000000 0.000000 0.000000 0.000000 0.000000 0.000000 0.500000 0.000000 0.000000 0.000000 0.000000
 0.104500 0.000000 0.351937 0.000000 0.132399 0.000000 0.000000 0.000000 0.000000 0.000000 0.000000 0.007571 0.000000 0.000000 0.000000 0.000000 0.000000 0.389236 0.000000 0.014355
 0.000000 0.000000 0.000000 0.000000 0.439558 0.000000 0.000000 0.000000 0.000000 0.000000 0.000000 0.444875 0.000000 0.000000 0.000000 0.000000 0.000000 0.115567 0.000000 0.000000
 0.000000 0.000000 0.000000 0.000000 0.000000 0.000000 0.000000 0.000004 0.499998 0.000000 0.000000 0.000000 0.499998 0.000000 0.000000 0.000000 0.000000 0.000000 0.000000 0.000000
 0.000000 0.000000 0.000000 0.000000 0.000000 0.000000 0.499941 0.000000 0.499942 0.000000 0.000000 0.000117 0.000000 0.000000 0.000000 0.000000 0.000000 0.000000 0.000000 0.000000
 0.000143 0.000000 0.000000 0.000000 0.438574 0.000000 0.000000 0.000000 0.000000 0.000000 0.000000 0.000242 0.000000 0.445325 0.115716 0.000000 0.000000 0.000000 0.000000 0.000000
 0.000000 0.000000 0.000000 0.000000 0.000000 0.000000 0.500007 0.000000 0.000000 0.000000 0.000000 0.499993 0.000000 0.000000 0.000000 0.000000 0.000000 0.000000 0.000000 0.000000
 0.472300 0.473232 0.000000 0.000000 0.000000 0.000001 0.000000 0.000000 0.000000 0.037019 0.000000 0.000000 0.000000 0.017448 0.000000 0.000000 0.000000 0.000000 0.000000 0.000000
the mean of prob-rank is 1.5263157894736843
the number of false negetive edges is 0
the number of probability greater than 0 is 3.4/edge
