20
 0.000000 0.000000 0.000000 0.000000 0.000936 0.000000 0.000000 0.000000 0.000000 0.000000 0.000000 0.000000 0.000000 0.000000 0.000000 0.499534 0.000000 0.499530 0.000000 0.000000
 0.000000 0.000000 0.000000 0.000000 0.000000 0.000000 0.000000 0.000000 0.368900 0.249686 0.000000 0.381413 0.000000 0.000000 0.000000 0.000000 0.000000 0.000000 0.000000 0.000000
 0.000000 0.000000 0.000000 0.000000 0.000000 0.000000 0.000000 0.000000 0.499984 0.000000 0.500011 0.000000 0.000000 0.000000 0.000000 0.000000 0.000000 0.000000 0.000000 0.000004
 0.000000 0.000000 0.000000 0.000000 0.000000 0.000000 0.000000 0.000000 0.000000 0.000000 0.000000 0.000000 0.000005 0.004509 0.322276 0.314409 0.000001 0.076573 0.000003 0.282225
 0.000677 0.000000 0.000000 0.000000 0.000000 0.000000 0.000000 0.361171 0.000000 0.000000 0.000000 0.000000 0.000000 0.000000 0.000010 0.295913 0.000000 0.000000 0.342230 0.000000
 0.000000 0.000000 0.000000 0.000000 0.000000 0.000000 0.000000 0.000000 0.075376 0.000000 0.000000 0.293262 0.000000 0.293785 0.000000 0.000000 0.337577 0.000000 0.000000 0.000000
 0.000000 0.000000 0.000000 0.000000 0.000000 0.000000 0.000000 0.499999 0.000000 0.500001 0.000000 0.000000 0.000000 0.000000 0.000000 0.000000 0.000000 0.000000 0.000000 0.000000
 0.000000 0.000000 0.000000 0.000000 0.500001 0.000000 0.499999 0.000000 0.000000 0.000000 0.000000 0.000000 0.000000 0.000000 0.000000 0.000000 0.000000 0.000000 0.000000 0.000000
 0.000000 0.325391 0.336410 0.000000 0.000000 0.075119 0.000000 0.000000 0.000000 0.000000 0.000000 0.000000 0.000000 0.263080 0.000000 0.000000 0.000000 0.000000 0.000000 0.000000
 0.000000 0.249856 0.000000 0.000000 0.000000 0.000000 0.381673 0.000000 0.000000 0.000000 0.000000 0.368471 0.000000 0.000000 0.000000 0.000000 0.000000 0.000000 0.000000 0.000000
 0.000000 0.000000 0.498195 0.000000 0.000000 0.000000 0.000000 0.000000 0.000000 0.000000 0.000000 0.000000 0.497555 0.000005 0.000000 0.000000 0.000000 0.000000 0.000000 0.004245
 0.000000 0.335982 0.000000 0.000000 0.000000 0.291876 0.000000 0.000000 0.000000 0.324362 0.000000 0.000000 0.000000 0.000000 0.000000 0.000000 0.047780 0.000000 0.000000 0.000000
 0.000000 0.000000 0.000000 0.000005 0.000000 0.000000 0.000000 0.000000 0.000000 0.000000 0.353584 0.000000 0.000000 0.320845 0.000000 0.000000 0.000000 0.000000 0.000000 0.325566
 0.000000 0.000000 0.000000 0.004024 0.000000 0.250594 0.000000 0.000000 0.225169 0.000000 0.000003 0.000000 0.260951 0.000000 0.000000 0.000000 0.259260 0.000000 0.000000 0.000000
 0.000000 0.000000 0.000000 0.465554 0.000013 0.000000 0.000000 0.000000 0.000000 0.000000 0.000000 0.000000 0.000000 0.000000 0.000000 0.007961 0.060328 0.000000 0.466144 0.000000
 0.355777 0.000000 0.000000 0.346653 0.291494 0.000000 0.000000 0.000000 0.000000 0.000000 0.000000 0.000000 0.000000 0.000000 0.006076 0.000000 0.000000 0.000000 0.000000 0.000000
 0.000000 0.000000 0.000000 0.000001 0.000000 0.325128 0.000000 0.000000 0.000000 0.000000 0.000000 0.046237 0.000000 0.292736 0.042078 0.000000 0.000000 0.000000 0.293821 0.000000
 0.447490 0.000000 0.000000 0.106190 0.000000 0.000000 0.000000 0.000000 0.000000 0.000000 0.000000 0.000000 0.000000 0.000000 0.000000 0.000000 0.000000 0.000000 0.000000 0.446320
 0.000000 0.000000 0.000000 0.000004 0.332327 0.000000 0.000000 0.000000 0.000000 0.000000 0.000000 0.000000 0.000000 0.000000 0.350720 0.000000 0.316949 0.000000 0.000000 0.000000
 0.000000 0.000000 0.000003 0.312351 0.000000 0.000000 0.000000 0.000000 0.000000 0.000000 0.003043 0.000000 0.328410 0.000000 0.000000 0.000000 0.000000 0.356193 0.000000 0.000000
the mean of prob-rank is 1.6842105263157894
the number of false negetive edges is 0
the number of probability greater than 0 is 4.0/edge
