20
 0.000000 0.000000 0.000000 0.000000 0.000000 0.000000 0.499984 0.000000 0.000000 0.000000 0.000000 0.000000 0.000000 0.499992 0.000000 0.000000 0.000023 0.000000 0.000000 0.000001
 0.000000 0.000000 0.000000 0.000000 0.000000 0.000000 0.000000 0.000000 0.000000 0.448302 0.000000 0.447941 0.000000 0.000000 0.000000 0.103758 0.000000 0.000000 0.000000 0.000000
 0.000000 0.000000 0.000000 0.000000 0.000000 0.000000 0.000000 0.000000 0.027718 0.000000 0.000000 0.000000 0.000000 0.000000 0.000000 0.000000 0.485418 0.000000 0.486864 0.000000
 0.000000 0.000000 0.000000 0.000000 0.000000 0.000000 0.000000 0.000000 0.000000 0.000000 0.005388 0.000000 0.000000 0.000000 0.000000 0.496762 0.000000 0.497850 0.000000 0.000000
 0.000000 0.000000 0.000000 0.000000 0.000000 0.000000 0.000000 0.499999 0.000000 0.000000 0.500001 0.000000 0.000000 0.000000 0.000000 0.000000 0.000000 0.000000 0.000000 0.000000
 0.000000 0.000000 0.000000 0.000000 0.000000 0.000000 0.499997 0.000000 0.000000 0.500003 0.000000 0.000000 0.000000 0.000000 0.000000 0.000000 0.000000 0.000000 0.000000 0.000000
 0.499710 0.000000 0.000000 0.000000 0.000000 0.499712 0.000000 0.000000 0.000000 0.000000 0.000000 0.000000 0.000576 0.000002 0.000000 0.000000 0.000000 0.000000 0.000000 0.000000
 0.000000 0.000000 0.000000 0.000000 0.499999 0.000000 0.000000 0.000000 0.000000 0.000000 0.000000 0.000000 0.500001 0.000000 0.000000 0.000000 0.000000 0.000000 0.000000 0.000000
 0.000000 0.000000 0.027682 0.000000 0.000000 0.000000 0.000000 0.000000 0.000000 0.000000 0.485742 0.000000 0.000000 0.000000 0.000003 0.000190 0.000000 0.486383 0.000000 0.000000
 0.000000 0.499996 0.000000 0.000000 0.000000 0.500003 0.000000 0.000000 0.000000 0.000000 0.000000 0.000000 0.000000 0.000000 0.000000 0.000000 0.000000 0.000000 0.000000 0.000000
 0.000000 0.000000 0.000000 0.005386 0.497635 0.000000 0.000000 0.000000 0.496979 0.000000 0.000000 0.000000 0.000000 0.000000 0.000000 0.000000 0.000000 0.000000 0.000000 0.000000
 0.000000 0.486633 0.000000 0.000000 0.000000 0.000000 0.000000 0.000000 0.000000 0.000000 0.000000 0.000000 0.000000 0.000000 0.487029 0.000109 0.026229 0.000000 0.000000 0.000000
 0.000000 0.000000 0.000000 0.000000 0.000000 0.000000 0.000576 0.499741 0.000000 0.000000 0.000000 0.000000 0.000000 0.000000 0.000000 0.000000 0.000000 0.000000 0.499677 0.000005
 0.499806 0.000000 0.000000 0.000000 0.000000 0.000000 0.000002 0.000000 0.000000 0.000000 0.000000 0.000000 0.000000 0.000000 0.000000 0.000000 0.000434 0.000000 0.000000 0.499758
 0.000000 0.000000 0.000000 0.000000 0.000000 0.000000 0.000000 0.000000 0.000003 0.000000 0.000000 0.499997 0.000000 0.000000 0.000000 0.500000 0.000000 0.000000 0.000000 0.000000
 0.000000 0.103787 0.000000 0.447454 0.000000 0.000000 0.000000 0.000000 0.000175 0.000000 0.000000 0.000100 0.000000 0.000000 0.448434 0.000000 0.000000 0.000050 0.000000 0.000000
 0.000022 0.000000 0.472024 0.000000 0.000000 0.000000 0.000000 0.000000 0.000000 0.000000 0.000000 0.025504 0.000000 0.000411 0.000000 0.000000 0.000000 0.000000 0.028469 0.473569
 0.000000 0.000000 0.000000 0.499972 0.000000 0.000000 0.000000 0.000000 0.499973 0.000000 0.000000 0.000000 0.000000 0.000000 0.000000 0.000055 0.000000 0.000000 0.000000 0.000000
 0.000000 0.000000 0.475898 0.000000 0.000000 0.000000 0.000000 0.000000 0.000000 0.000000 0.000000 0.000000 0.475979 0.000000 0.000000 0.000000 0.028617 0.000000 0.000000 0.019505
 0.000001 0.000000 0.000000 0.000000 0.000000 0.000000 0.000000 0.000000 0.000000 0.000000 0.000000 0.000000 0.000005 0.489937 0.000000 0.000000 0.489980 0.000000 0.020076 0.000000
the mean of prob-rank is 1.5263157894736843
the number of false negetive edges is 0
the number of probability greater than 0 is 3.5/edge
