20
 0.000000 0.000000 0.000000 0.226144 0.000000 0.000000 0.385486 0.388370 0.000000 0.000000 0.000000 0.000000 0.000000 0.000000 0.000000 0.000000 0.000000 0.000000 0.000000 0.000000
 0.000000 0.000000 0.106231 0.000000 0.022139 0.000000 0.164576 0.000000 0.172531 0.221102 0.225548 0.000000 0.000000 0.008906 0.000000 0.000000 0.000000 0.078967 0.000000 0.000000
 0.000000 0.137391 0.000000 0.000000 0.288172 0.000000 0.000000 0.000000 0.000000 0.000000 0.064298 0.000000 0.000000 0.218092 0.000000 0.000000 0.000000 0.292047 0.000000 0.000000
 0.177762 0.000000 0.000000 0.000000 0.000000 0.000000 0.293951 0.000000 0.305280 0.223007 0.000000 0.000000 0.000000 0.000000 0.000000 0.000000 0.000000 0.000000 0.000000 0.000000
 0.000000 0.034080 0.343000 0.000000 0.000000 0.000000 0.000000 0.000000 0.000054 0.000000 0.000000 0.333934 0.000000 0.000024 0.000000 0.000000 0.000000 0.288908 0.000000 0.000000
 0.000000 0.000000 0.000000 0.000000 0.000000 0.000000 0.000000 0.000000 0.000000 0.000000 0.000000 0.002056 0.000000 0.000000 0.373517 0.000000 0.267337 0.000000 0.000000 0.357089
 0.284981 0.209148 0.000000 0.276456 0.000000 0.000000 0.000000 0.000000 0.000000 0.229196 0.000183 0.000000 0.000000 0.000007 0.000000 0.000000 0.000028 0.000000 0.000000 0.000000
 0.500000 0.000000 0.000000 0.000000 0.000000 0.000000 0.000000 0.000000 0.000000 0.000000 0.000000 0.000000 0.500000 0.000000 0.000000 0.000000 0.000000 0.000000 0.000000 0.000000
 0.000000 0.278269 0.000000 0.364385 0.000057 0.000000 0.000000 0.000000 0.000000 0.357289 0.000000 0.000000 0.000000 0.000000 0.000000 0.000000 0.000000 0.000000 0.000000 0.000000
 0.000000 0.280580 0.000000 0.209435 0.000000 0.000000 0.228868 0.000000 0.281116 0.000000 0.000000 0.000000 0.000000 0.000000 0.000000 0.000000 0.000000 0.000000 0.000000 0.000000
 0.000000 0.351028 0.077373 0.000000 0.000000 0.000000 0.000224 0.000000 0.000000 0.000000 0.000000 0.000000 0.000000 0.351615 0.000000 0.000000 0.000000 0.219760 0.000000 0.000000
 0.000000 0.000000 0.000000 0.000000 0.342707 0.001964 0.000000 0.000000 0.000000 0.000000 0.000000 0.000000 0.000000 0.000002 0.300691 0.000000 0.000000 0.000000 0.000000 0.354637
 0.000000 0.000000 0.000000 0.000000 0.000000 0.000000 0.000000 0.500000 0.000000 0.000000 0.000000 0.000000 0.000000 0.000000 0.000000 0.500000 0.000000 0.000000 0.000000 0.000000
 0.000000 0.011002 0.208311 0.000000 0.000019 0.000000 0.000007 0.000000 0.000000 0.000000 0.279090 0.000002 0.000000 0.000000 0.000000 0.000000 0.000972 0.244799 0.000000 0.255797
 0.000000 0.000000 0.000000 0.000000 0.000000 0.347279 0.000000 0.000000 0.000000 0.000000 0.000000 0.292753 0.000000 0.000000 0.000000 0.000000 0.339935 0.000000 0.000000 0.020034
 0.000000 0.000000 0.000000 0.000000 0.000000 0.000000 0.000000 0.000000 0.000000 0.000000 0.000000 0.000000 0.500000 0.000000 0.000000 0.000000 0.000000 0.000000 0.500000 0.000000
 0.000000 0.000000 0.000000 0.000000 0.000000 0.238741 0.000033 0.000000 0.000000 0.000000 0.000000 0.000000 0.000000 0.001163 0.326511 0.000000 0.000000 0.000000 0.333781 0.099771
 0.000000 0.094932 0.271465 0.000000 0.225620 0.000000 0.000000 0.000000 0.000000 0.000000 0.169752 0.000000 0.000000 0.238231 0.000000 0.000000 0.000000 0.000000 0.000000 0.000000
 0.000000 0.000000 0.000000 0.000000 0.000000 0.000000 0.000000 0.000000 0.000000 0.000000 0.000000 0.000000 0.000000 0.000000 0.000000 0.500000 0.500000 0.000000 0.000000 0.000000
 0.000000 0.000000 0.000000 0.000000 0.000000 0.296516 0.000000 0.000000 0.000000 0.000000 0.000000 0.308367 0.000000 0.284455 0.017892 0.000000 0.092769 0.000000 0.000000 0.000000
the mean of prob-rank is 1.5789473684210527
the number of false negetive edges is 0
the number of probability greater than 0 is 4.6/edge
