20
 0.000000 0.000000 0.339601 0.000000 0.000000 0.000000 0.000000 0.314430 0.000000 0.000000 0.000000 0.000000 0.345964 0.000000 0.000000 0.000000 0.000000 0.000001 0.000000 0.000004
 0.000000 0.000000 0.000000 0.000000 0.000000 0.354828 0.065140 0.000000 0.113145 0.000000 0.000000 0.000000 0.000000 0.000000 0.000546 0.331295 0.135046 0.000000 0.000000 0.000000
 0.417728 0.000000 0.000000 0.000000 0.000000 0.000000 0.000000 0.001405 0.000008 0.000000 0.000000 0.424121 0.046264 0.000000 0.000000 0.000000 0.110475 0.000000 0.000000 0.000000
 0.000000 0.000000 0.000000 0.000000 0.465017 0.000000 0.463659 0.000000 0.071324 0.000000 0.000000 0.000000 0.000000 0.000000 0.000000 0.000000 0.000000 0.000000 0.000000 0.000000
 0.000000 0.000000 0.000000 0.495057 0.000000 0.000000 0.000000 0.000000 0.009815 0.000000 0.000000 0.000000 0.000000 0.495128 0.000000 0.000000 0.000000 0.000000 0.000000 0.000000
 0.000000 0.458309 0.000000 0.000000 0.000000 0.000000 0.459277 0.000000 0.055377 0.000000 0.000000 0.000000 0.000000 0.000000 0.026789 0.000248 0.000000 0.000000 0.000000 0.000000
 0.000000 0.082027 0.000000 0.446356 0.000000 0.447763 0.000000 0.000000 0.006016 0.000000 0.000000 0.000000 0.000000 0.000000 0.000000 0.017837 0.000000 0.000000 0.000000 0.000000
 0.251855 0.000000 0.000915 0.000000 0.000000 0.000000 0.000000 0.000000 0.000000 0.255835 0.006834 0.000000 0.266861 0.000000 0.000000 0.000000 0.000000 0.000435 0.000000 0.217266
 0.000000 0.126970 0.000008 0.061189 0.007909 0.048112 0.005361 0.000000 0.000000 0.000000 0.000000 0.000000 0.000000 0.000000 0.000000 0.399026 0.351426 0.000000 0.000000 0.000000
 0.000000 0.000000 0.000000 0.000000 0.000000 0.000000 0.000000 0.247217 0.000000 0.000000 0.268169 0.051855 0.107169 0.010782 0.000000 0.000000 0.000000 0.118571 0.000332 0.195904
 0.000000 0.000000 0.000000 0.000000 0.000000 0.000000 0.000000 0.009484 0.000000 0.385143 0.000000 0.000000 0.188966 0.000002 0.000000 0.000000 0.000000 0.041516 0.000000 0.374888
 0.000000 0.000000 0.452495 0.000000 0.000000 0.000000 0.000000 0.000000 0.000000 0.087921 0.000000 0.000000 0.000000 0.000000 0.000000 0.000000 0.004975 0.000000 0.454609 0.000000
 0.322318 0.000000 0.035040 0.000000 0.000000 0.000000 0.000000 0.310392 0.000000 0.128996 0.158372 0.000000 0.000000 0.000000 0.000000 0.000000 0.000000 0.000008 0.000000 0.044874
 0.000000 0.000000 0.000000 0.000000 0.490126 0.000000 0.000000 0.000000 0.000000 0.019707 0.000002 0.000000 0.000000 0.000000 0.000000 0.000000 0.000000 0.490165 0.000000 0.000000
 0.000000 0.000746 0.000000 0.000000 0.000000 0.028321 0.000000 0.000000 0.000000 0.000000 0.000000 0.000000 0.000000 0.000000 0.000000 0.000000 0.485398 0.000000 0.485535 0.000000
 0.000000 0.318574 0.000000 0.000000 0.000000 0.000185 0.013621 0.000000 0.341925 0.000000 0.000000 0.000000 0.000000 0.000000 0.000000 0.000000 0.325695 0.000000 0.000000 0.000000
 0.000000 0.105194 0.071800 0.000000 0.000000 0.000000 0.000000 0.000000 0.243936 0.000000 0.000000 0.003031 0.000000 0.000000 0.276899 0.263830 0.000000 0.000000 0.035311 0.000000
 0.000001 0.000000 0.000000 0.000000 0.000000 0.000000 0.000000 0.000636 0.000000 0.179356 0.043726 0.000000 0.000010 0.405645 0.000000 0.000000 0.000000 0.000000 0.000000 0.370626
 0.000000 0.000000 0.000000 0.000000 0.000000 0.000000 0.000000 0.000000 0.000000 0.000582 0.000000 0.469723 0.000000 0.000000 0.469801 0.000000 0.059893 0.000000 0.000000 0.000000
 0.000003 0.000000 0.000000 0.000000 0.000000 0.000000 0.000000 0.221188 0.000000 0.206392 0.275003 0.000000 0.039277 0.000000 0.000000 0.000000 0.000000 0.258136 0.000000 0.000000
the mean of prob-rank is 1.4736842105263157
the number of false negetive edges is 0
the number of probability greater than 0 is 5.5/edge
