20
 0.000000 0.011779 0.000000 0.000000 0.367413 0.000000 0.000000 0.000000 0.000000 0.000000 0.000000 0.000000 0.256906 0.000000 0.000000 0.002625 0.000000 0.000000 0.000000 0.361277
 0.010999 0.000000 0.000000 0.000000 0.318887 0.000000 0.000007 0.000000 0.339672 0.000000 0.000000 0.000000 0.321399 0.000000 0.000000 0.000000 0.000000 0.000000 0.000000 0.009037
 0.000000 0.000000 0.000000 0.000000 0.000000 0.000000 0.000000 0.500000 0.000000 0.000000 0.000000 0.000000 0.000000 0.000000 0.000000 0.000000 0.500000 0.000000 0.000000 0.000000
 0.000000 0.000000 0.000000 0.000000 0.072844 0.000000 0.000000 0.000000 0.000000 0.000025 0.000000 0.463581 0.000000 0.463550 0.000000 0.000000 0.000000 0.000000 0.000000 0.000000
 0.316227 0.293935 0.000000 0.049690 0.000000 0.000000 0.000000 0.000000 0.000084 0.000000 0.000000 0.048136 0.279368 0.000000 0.000000 0.000002 0.000001 0.000000 0.000000 0.012557
 0.000000 0.000000 0.000000 0.000000 0.000000 0.000000 0.000000 0.000000 0.000000 0.000000 0.000000 0.000000 0.000000 0.000000 0.500000 0.000000 0.000000 0.500000 0.000000 0.000000
 0.000000 0.000010 0.000000 0.000000 0.000000 0.000000 0.000000 0.000000 0.061162 0.000000 0.469481 0.000000 0.000000 0.000000 0.000000 0.000001 0.000000 0.000000 0.000000 0.469346
 0.000000 0.000000 0.500000 0.000000 0.000000 0.000000 0.000000 0.000000 0.500000 0.000000 0.000000 0.000000 0.000000 0.000000 0.000000 0.000000 0.000000 0.000000 0.000000 0.000000
 0.000000 0.465200 0.000000 0.000000 0.000124 0.000000 0.061189 0.469855 0.000000 0.000000 0.000000 0.000000 0.003627 0.000000 0.000000 0.000000 0.000000 0.000000 0.000000 0.000005
 0.000000 0.000000 0.000000 0.000027 0.000000 0.000000 0.000000 0.000000 0.000000 0.000000 0.000000 0.000000 0.000000 0.499986 0.000000 0.000000 0.000000 0.499986 0.000000 0.000000
 0.000000 0.000000 0.000000 0.000000 0.000000 0.000000 0.491477 0.000000 0.000000 0.000000 0.000000 0.000000 0.000000 0.000000 0.000000 0.491650 0.000000 0.000000 0.000000 0.016873
 0.000000 0.000000 0.000000 0.462351 0.070379 0.000000 0.000000 0.000000 0.000000 0.000000 0.000000 0.000000 0.000000 0.005624 0.000000 0.461646 0.000000 0.000000 0.000000 0.000000
 0.199913 0.267845 0.000000 0.000000 0.252580 0.000000 0.000000 0.000000 0.002207 0.000000 0.000000 0.000000 0.000000 0.000000 0.000000 0.000001 0.000000 0.000000 0.000000 0.277453
 0.000000 0.000000 0.000000 0.496960 0.000000 0.000000 0.000000 0.000000 0.000000 0.496994 0.000000 0.006046 0.000000 0.000000 0.000000 0.000000 0.000000 0.000000 0.000000 0.000000
 0.000000 0.000000 0.000000 0.000000 0.000000 0.499885 0.000000 0.000000 0.000000 0.000000 0.000000 0.000000 0.000000 0.000000 0.000000 0.000000 0.000229 0.000000 0.499886 0.000000
 0.003433 0.000000 0.000000 0.000000 0.000004 0.000000 0.000001 0.000000 0.000000 0.000000 0.480545 0.479812 0.000001 0.000000 0.000000 0.000000 0.000000 0.000000 0.000000 0.036203
 0.000000 0.000000 0.499889 0.000000 0.000002 0.000000 0.000000 0.000000 0.000000 0.000000 0.000000 0.000000 0.000000 0.000000 0.000229 0.000000 0.000000 0.000000 0.499880 0.000000
 0.000000 0.000000 0.000000 0.000000 0.000000 0.500000 0.000000 0.000000 0.000000 0.500000 0.000000 0.000000 0.000000 0.000000 0.000000 0.000000 0.000000 0.000000 0.000000 0.000000
 0.000000 0.000000 0.000000 0.000000 0.000000 0.000000 0.000000 0.000000 0.000000 0.000000 0.000000 0.000000 0.000000 0.000000 0.500005 0.000000 0.499995 0.000000 0.000000 0.000000
 0.314272 0.008419 0.000000 0.000000 0.012692 0.000000 0.319405 0.000000 0.000004 0.000000 0.010969 0.000000 0.310161 0.000000 0.000000 0.024079 0.000000 0.000000 0.000000 0.000000
the mean of prob-rank is 1.5263157894736843
the number of false negetive edges is 0
the number of probability greater than 0 is 4.15/edge
