20
 0.000000 0.000000 0.000000 0.000000 0.008444 0.000000 0.000000 0.000000 0.000000 0.495609 0.000000 0.000000 0.000000 0.000000 0.495947 0.000000 0.000000 0.000000 0.000000 0.000000
 0.000000 0.000000 0.000000 0.000000 0.000000 0.000000 0.490931 0.000000 0.000000 0.000000 0.000000 0.000000 0.000000 0.000000 0.000000 0.491522 0.000000 0.000000 0.017548 0.000000
 0.000000 0.000000 0.000000 0.499997 0.000000 0.000000 0.000000 0.000000 0.000000 0.000000 0.500002 0.000000 0.000000 0.000000 0.000000 0.000000 0.000000 0.000000 0.000000 0.000000
 0.000000 0.000000 0.499997 0.000000 0.000000 0.000000 0.500003 0.000000 0.000000 0.000000 0.000000 0.000000 0.000000 0.000000 0.000000 0.000000 0.000000 0.000000 0.000000 0.000000
 0.008252 0.000000 0.000000 0.000000 0.000000 0.000001 0.000000 0.000000 0.000000 0.025552 0.000000 0.000000 0.000000 0.000000 0.000000 0.000000 0.481499 0.484695 0.000000 0.000000
 0.000000 0.000000 0.000000 0.000000 0.000001 0.000000 0.000000 0.000000 0.000000 0.492257 0.000000 0.000000 0.002693 0.012078 0.000000 0.000000 0.000000 0.492971 0.000000 0.000000
 0.000000 0.470816 0.000000 0.471396 0.000000 0.000000 0.000000 0.055529 0.000000 0.000000 0.000000 0.000000 0.000000 0.000000 0.000000 0.002260 0.000000 0.000000 0.000000 0.000000
 0.000000 0.000000 0.000000 0.000000 0.000000 0.000000 0.055420 0.000000 0.000000 0.000002 0.003639 0.000000 0.000000 0.000000 0.000000 0.470470 0.000000 0.000000 0.000000 0.470469
 0.000000 0.000000 0.000000 0.000000 0.000000 0.000000 0.000000 0.000000 0.000000 0.000000 0.000000 0.499999 0.000000 0.000000 0.000000 0.000000 0.500001 0.000000 0.000000 0.000000
 0.440406 0.000000 0.000000 0.000000 0.023233 0.440067 0.000000 0.000002 0.000000 0.000000 0.000082 0.000000 0.000929 0.000000 0.090914 0.000000 0.000000 0.003958 0.000000 0.000408
 0.000000 0.000000 0.498225 0.000000 0.000000 0.000000 0.000000 0.003854 0.000000 0.000092 0.000000 0.000000 0.000000 0.000000 0.497828 0.000000 0.000000 0.000000 0.000000 0.000000
 0.000000 0.000000 0.000000 0.000000 0.000000 0.000000 0.000000 0.000000 0.499383 0.000000 0.000000 0.000000 0.000000 0.001232 0.000000 0.000000 0.000000 0.000000 0.499385 0.000000
 0.000000 0.000000 0.000000 0.000000 0.000000 0.002658 0.000000 0.000000 0.000000 0.001026 0.000000 0.000000 0.000000 0.486516 0.000000 0.000000 0.000000 0.000000 0.023190 0.486610
 0.000000 0.000000 0.000000 0.000000 0.000000 0.011717 0.000000 0.000000 0.000000 0.000000 0.000000 0.001179 0.478114 0.000000 0.000000 0.000000 0.030537 0.000544 0.477909 0.000000
 0.453413 0.000000 0.000000 0.000000 0.000000 0.000000 0.000000 0.000000 0.000000 0.093536 0.453051 0.000000 0.000000 0.000000 0.000000 0.000000 0.000000 0.000000 0.000000 0.000000
 0.000000 0.498147 0.000000 0.000000 0.000000 0.000000 0.002388 0.498159 0.000000 0.000000 0.000000 0.000000 0.000000 0.000000 0.000000 0.000000 0.000000 0.000000 0.000018 0.001287
 0.000000 0.000000 0.000000 0.000000 0.482877 0.000000 0.000000 0.000000 0.486083 0.000000 0.000000 0.000000 0.000000 0.031040 0.000000 0.000000 0.000000 0.000000 0.000000 0.000000
 0.000000 0.000000 0.000000 0.000000 0.497482 0.497483 0.000000 0.000000 0.000000 0.004468 0.000000 0.000000 0.000000 0.000566 0.000000 0.000000 0.000000 0.000000 0.000000 0.000000
 0.000000 0.017141 0.000000 0.000000 0.000000 0.000000 0.000000 0.000000 0.000000 0.000000 0.000000 0.480132 0.022881 0.479829 0.000000 0.000018 0.000000 0.000000 0.000000 0.000000
 0.000000 0.000000 0.000000 0.000000 0.000000 0.000000 0.000000 0.499124 0.000000 0.000462 0.000000 0.000000 0.499124 0.000000 0.000000 0.001289 0.000000 0.000000 0.000000 0.000000
the mean of prob-rank is 1.5263157894736843
the number of false negetive edges is 0
the number of probability greater than 0 is 4.0/edge
