20
 0.000000 0.000000 0.000000 0.486081 0.000000 0.000000 0.027824 0.000000 0.000000 0.000000 0.000000 0.000000 0.000003 0.000000 0.000000 0.000000 0.000000 0.000000 0.000000 0.486092
 0.000000 0.000000 0.499956 0.000000 0.000000 0.000000 0.000000 0.000000 0.000000 0.499997 0.000000 0.000000 0.000047 0.000000 0.000000 0.000000 0.000000 0.000000 0.000000 0.000000
 0.000000 0.496425 0.000000 0.000000 0.000198 0.000000 0.000000 0.000000 0.000000 0.000000 0.000000 0.000000 0.000000 0.000000 0.496463 0.000000 0.000000 0.000000 0.000000 0.006913
 0.499960 0.000000 0.000000 0.000000 0.000000 0.000000 0.000000 0.000050 0.000000 0.000000 0.000000 0.000000 0.000000 0.000000 0.000000 0.000000 0.499989 0.000000 0.000000 0.000001
 0.000000 0.000000 0.000194 0.000000 0.000000 0.000000 0.000000 0.000072 0.000000 0.000000 0.000000 0.487344 0.000000 0.000000 0.487486 0.000000 0.000000 0.015122 0.000000 0.009781
 0.000000 0.000000 0.000000 0.000000 0.000000 0.000000 0.000000 0.034827 0.000000 0.000000 0.000000 0.345657 0.000000 0.000000 0.000000 0.314268 0.000000 0.305248 0.000000 0.000000
 0.027124 0.000000 0.000000 0.000000 0.000000 0.000000 0.000000 0.000000 0.026122 0.000000 0.000176 0.000000 0.000000 0.473646 0.000000 0.000000 0.000000 0.000000 0.472931 0.000000
 0.000000 0.000000 0.000000 0.000035 0.000050 0.034647 0.000000 0.000000 0.000000 0.000000 0.284517 0.000004 0.000000 0.000000 0.000000 0.330913 0.000000 0.343869 0.000000 0.005965
 0.000000 0.000000 0.000000 0.000000 0.000000 0.000000 0.026444 0.000000 0.000000 0.000000 0.479385 0.000000 0.000000 0.478962 0.000000 0.000000 0.000000 0.000000 0.015208 0.000000
 0.000000 0.500001 0.000000 0.000000 0.000000 0.000000 0.000000 0.000000 0.000000 0.000000 0.000000 0.000000 0.499999 0.000000 0.000000 0.000000 0.000000 0.000000 0.000000 0.000000
 0.000000 0.000000 0.000000 0.000000 0.000000 0.000000 0.000129 0.287174 0.346832 0.000000 0.000000 0.000000 0.000000 0.000012 0.000000 0.285734 0.000000 0.008199 0.071919 0.000000
 0.000000 0.000000 0.000000 0.000000 0.467465 0.467600 0.000000 0.000005 0.000000 0.000000 0.000000 0.000000 0.000000 0.000000 0.002633 0.034325 0.000000 0.027972 0.000000 0.000000
 0.000003 0.000047 0.000000 0.000000 0.000000 0.000000 0.000000 0.000000 0.000000 0.499976 0.000000 0.000000 0.000000 0.000000 0.000000 0.000000 0.000000 0.000000 0.000000 0.499975
 0.000000 0.000000 0.000000 0.000000 0.000000 0.000000 0.466474 0.000000 0.465961 0.000000 0.000016 0.000000 0.000000 0.000000 0.000000 0.000000 0.000000 0.000000 0.067549 0.000000
 0.000000 0.000000 0.498595 0.000000 0.498597 0.000000 0.000000 0.000000 0.000000 0.000000 0.000000 0.002807 0.000000 0.000000 0.000000 0.000000 0.000000 0.000000 0.000000 0.000000
 0.000000 0.000000 0.000000 0.000000 0.000000 0.253478 0.000000 0.268292 0.000000 0.000000 0.229519 0.020465 0.000000 0.000000 0.000000 0.000000 0.000000 0.228246 0.000000 0.000000
 0.000000 0.000000 0.000000 0.500001 0.000000 0.000000 0.000000 0.000000 0.000000 0.000000 0.000000 0.000000 0.000000 0.000000 0.000000 0.000000 0.000000 0.000000 0.499999 0.000000
 0.000000 0.000000 0.000000 0.000000 0.010963 0.312100 0.000000 0.353416 0.000000 0.000000 0.008348 0.021142 0.000000 0.000000 0.000000 0.289337 0.000000 0.000000 0.000000 0.004694
 0.000000 0.000000 0.000000 0.000000 0.000000 0.000000 0.419036 0.000000 0.013311 0.000000 0.087004 0.000000 0.000000 0.060772 0.000000 0.000000 0.419878 0.000000 0.000000 0.000000
 0.484343 0.000000 0.006745 0.000001 0.009719 0.000000 0.000000 0.008402 0.000000 0.000000 0.000000 0.000000 0.484358 0.000000 0.000000 0.000000 0.000000 0.006433 0.000000 0.000000
the mean of prob-rank is 1.6842105263157894
the number of false negetive edges is 0
the number of probability greater than 0 is 4.6/edge
