20
 0.000000 0.000000 0.000000 0.000000 0.361020 0.000000 0.000000 0.159252 0.000000 0.000000 0.360617 0.000000 0.000000 0.119111 0.000000 0.000000 0.000000 0.000000 0.000000 0.000000
 0.000000 0.000000 0.000000 0.000000 0.000000 0.000000 0.000000 0.000000 0.000000 0.000000 0.000000 0.000000 0.000000 0.000000 0.500000 0.000000 0.000000 0.000000 0.500000 0.000000
 0.000000 0.000000 0.000000 0.000000 0.000000 0.000000 0.486303 0.000000 0.000000 0.000000 0.000000 0.000000 0.029314 0.000000 0.000000 0.484383 0.000000 0.000000 0.000000 0.000000
 0.000000 0.000000 0.000000 0.000000 0.000000 0.000000 0.000000 0.000000 0.020434 0.489875 0.000000 0.000000 0.000000 0.000000 0.000000 0.000000 0.000000 0.489691 0.000000 0.000000
 0.373946 0.000000 0.000000 0.000000 0.000000 0.000000 0.000088 0.004866 0.000000 0.000000 0.214416 0.000000 0.000000 0.026481 0.000000 0.000000 0.000000 0.000000 0.380203 0.000000
 0.000000 0.000000 0.000000 0.000000 0.000000 0.000000 0.000000 0.000000 0.000000 0.000000 0.000000 0.007071 0.000000 0.000000 0.000000 0.283348 0.000000 0.351806 0.000000 0.357774
 0.000000 0.000000 0.481918 0.000000 0.000111 0.000000 0.000000 0.000000 0.000000 0.000000 0.000000 0.000000 0.481418 0.000000 0.000000 0.000000 0.000000 0.000000 0.036553 0.000000
 0.175370 0.000000 0.000000 0.000000 0.005173 0.000000 0.000000 0.000000 0.000000 0.000000 0.404590 0.000000 0.000000 0.392652 0.000000 0.000040 0.022174 0.000000 0.000000 0.000000
 0.000000 0.000000 0.000000 0.020432 0.000000 0.000000 0.000000 0.000000 0.000000 0.489751 0.000000 0.000000 0.000000 0.000000 0.489817 0.000000 0.000000 0.000000 0.000000 0.000000
 0.000000 0.000000 0.000000 0.500030 0.000000 0.000000 0.000000 0.000000 0.499958 0.000000 0.000000 0.000000 0.000000 0.000000 0.000000 0.000000 0.000000 0.000012 0.000000 0.000000
 0.385668 0.000000 0.000000 0.000000 0.221384 0.000000 0.000000 0.392929 0.000000 0.000000 0.000000 0.000000 0.000000 0.000019 0.000000 0.000000 0.000000 0.000000 0.000000 0.000000
 0.000000 0.000000 0.000000 0.000000 0.000000 0.007464 0.000000 0.000000 0.000000 0.000000 0.000000 0.000000 0.000000 0.000000 0.000000 0.246401 0.377619 0.000000 0.000000 0.368517
 0.000000 0.000000 0.029199 0.000000 0.000000 0.000000 0.483903 0.000001 0.000000 0.000000 0.000000 0.000000 0.000000 0.484410 0.000000 0.002487 0.000000 0.000000 0.000000 0.000000
 0.137118 0.000000 0.000000 0.000000 0.029431 0.000000 0.000000 0.410472 0.000000 0.000000 0.000020 0.000000 0.422959 0.000000 0.000000 0.000000 0.000000 0.000000 0.000000 0.000000
 0.000000 0.500002 0.000000 0.000000 0.000000 0.000000 0.000000 0.000000 0.499998 0.000000 0.000000 0.000000 0.000000 0.000000 0.000000 0.000000 0.000000 0.000000 0.000000 0.000000
 0.000000 0.000000 0.293695 0.000000 0.000000 0.233524 0.000000 0.000029 0.000000 0.000000 0.000000 0.192400 0.001514 0.000000 0.000000 0.000000 0.278837 0.000000 0.000000 0.000000
 0.000000 0.000000 0.000000 0.000000 0.000000 0.000000 0.000000 0.027396 0.000000 0.000000 0.000000 0.499885 0.000000 0.000000 0.000000 0.472719 0.000000 0.000000 0.000000 0.000000
 0.000000 0.000000 0.000000 0.366538 0.000000 0.360559 0.000000 0.000000 0.000000 0.000009 0.000000 0.000000 0.000000 0.000000 0.000000 0.000000 0.000000 0.000000 0.000000 0.272894
 0.000000 0.481953 0.000000 0.000000 0.481492 0.000000 0.036556 0.000000 0.000000 0.000000 0.000000 0.000000 0.000000 0.000000 0.000000 0.000000 0.000000 0.000000 0.000000 0.000000
 0.000000 0.000000 0.000000 0.000000 0.000000 0.367630 0.000000 0.000000 0.000000 0.000000 0.000000 0.358766 0.000000 0.000000 0.000000 0.000000 0.000000 0.273604 0.000000 0.000000
the mean of prob-rank is 1.5263157894736843
the number of false negetive edges is 0
the number of probability greater than 0 is 3.8/edge
