20
 0.000000 0.000000 0.000000 0.000000 0.000000 0.000000 0.000000 0.000000 0.000000 0.335518 0.000000 0.000000 0.322340 0.038471 0.303671 0.000000 0.000000 0.000000 0.000000 0.000000
 0.000000 0.000000 0.433879 0.014169 0.102117 0.009676 0.000000 0.420322 0.000000 0.000000 0.000000 0.000000 0.000000 0.000955 0.000000 0.000000 0.000001 0.018573 0.000000 0.000308
 0.000000 0.329955 0.000000 0.001446 0.253852 0.000000 0.000000 0.000000 0.000000 0.000000 0.000000 0.000000 0.087092 0.327655 0.000000 0.000000 0.000000 0.000000 0.000000 0.000000
 0.000000 0.010889 0.001461 0.000000 0.018810 0.000000 0.333978 0.000000 0.008317 0.000000 0.000000 0.000000 0.000000 0.217504 0.083711 0.000000 0.000000 0.000000 0.325329 0.000000
 0.000000 0.070940 0.231893 0.017002 0.000000 0.000000 0.127258 0.240522 0.301370 0.000000 0.000000 0.000000 0.000000 0.010688 0.000000 0.000000 0.000000 0.000000 0.000000 0.000327
 0.000000 0.011012 0.000000 0.000000 0.000000 0.000000 0.000000 0.000003 0.000000 0.000000 0.000000 0.000000 0.000000 0.000000 0.000000 0.000000 0.000000 0.494457 0.000000 0.494528
 0.000000 0.000000 0.000000 0.368563 0.155367 0.000000 0.000000 0.000000 0.365943 0.000000 0.000000 0.000000 0.000000 0.048701 0.004118 0.000000 0.000000 0.000000 0.057307 0.000000
 0.000000 0.349948 0.000000 0.000000 0.288260 0.000002 0.000000 0.000000 0.000000 0.000000 0.000000 0.000000 0.000000 0.000000 0.000000 0.000000 0.000000 0.000000 0.000000 0.361790
 0.000000 0.000000 0.000000 0.009963 0.399415 0.000000 0.397250 0.000000 0.000000 0.000063 0.000000 0.000000 0.000000 0.000000 0.000000 0.000000 0.000000 0.000000 0.193309 0.000000
 0.342069 0.000000 0.000000 0.000000 0.000000 0.000000 0.000000 0.000000 0.000055 0.000000 0.000000 0.000000 0.000000 0.000000 0.318834 0.000000 0.000000 0.000000 0.339042 0.000000
 0.000000 0.000000 0.000000 0.000000 0.000000 0.000000 0.000000 0.000000 0.000000 0.000000 0.000000 0.499999 0.000000 0.000000 0.000000 0.500001 0.000000 0.000000 0.000000 0.000000
 0.000000 0.000000 0.000000 0.000000 0.000000 0.000000 0.000000 0.000000 0.000000 0.000000 0.500007 0.000000 0.499993 0.000000 0.000000 0.000000 0.000000 0.000000 0.000000 0.000000
 0.313035 0.000000 0.087560 0.000000 0.000000 0.000000 0.000000 0.000000 0.000000 0.000000 0.000000 0.332236 0.000000 0.267169 0.000000 0.000000 0.000000 0.000000 0.000000 0.000000
 0.030790 0.000602 0.271486 0.178324 0.009695 0.000000 0.036182 0.000000 0.000000 0.000000 0.000000 0.000000 0.220184 0.000000 0.252737 0.000000 0.000000 0.000000 0.000000 0.000000
 0.233085 0.000000 0.000000 0.065820 0.000000 0.000000 0.002934 0.000000 0.000000 0.240037 0.000000 0.000000 0.000000 0.242382 0.000000 0.000000 0.000000 0.000000 0.215743 0.000000
 0.000000 0.000000 0.000000 0.000000 0.000000 0.000000 0.000000 0.000000 0.000000 0.000000 0.500000 0.000000 0.000000 0.000000 0.000000 0.000000 0.500000 0.000000 0.000000 0.000000
 0.000000 0.000001 0.000000 0.000000 0.000000 0.000000 0.000000 0.000000 0.000000 0.000000 0.000000 0.000000 0.000000 0.000000 0.000000 0.499973 0.000000 0.499973 0.000000 0.000054
 0.000000 0.020864 0.000000 0.000000 0.000000 0.488067 0.000000 0.000000 0.000000 0.000000 0.000000 0.000000 0.000000 0.000000 0.000000 0.000000 0.488137 0.000000 0.000000 0.002932
 0.000000 0.000000 0.000000 0.285968 0.000000 0.000000 0.045646 0.000000 0.141841 0.285356 0.000000 0.000000 0.000000 0.000000 0.241189 0.000000 0.000000 0.000000 0.000000 0.000000
 0.000000 0.000353 0.000000 0.000000 0.000540 0.498036 0.000000 0.498026 0.000000 0.000000 0.000000 0.000000 0.000000 0.000000 0.000000 0.000000 0.000054 0.002991 0.000000 0.000000
the mean of prob-rank is 1.6842105263157894
the number of false negetive edges is 0
the number of probability greater than 0 is 4.9/edge
