20
 0.000000 0.000000 0.000000 0.290926 0.000000 0.353707 0.000000 0.000000 0.000000 0.000000 0.355366 0.000000 0.000000 0.000000 0.000000 0.000000 0.000000 0.000000 0.000000 0.000000
 0.000000 0.000000 0.000000 0.500003 0.000000 0.000000 0.000000 0.000000 0.000000 0.000000 0.000000 0.000000 0.000000 0.000000 0.000000 0.000000 0.000000 0.000000 0.499997 0.000000
 0.000000 0.000000 0.000000 0.000000 0.000000 0.000000 0.101921 0.000000 0.000000 0.000000 0.000000 0.034961 0.000000 0.435455 0.000000 0.000000 0.000000 0.000000 0.427663 0.000000
 0.293243 0.358209 0.000000 0.000000 0.000000 0.000000 0.348528 0.000000 0.000000 0.000000 0.000000 0.000000 0.000000 0.000000 0.000000 0.000000 0.000000 0.000000 0.000020 0.000000
 0.000000 0.000000 0.000000 0.000000 0.000000 0.000000 0.000000 0.000000 0.239187 0.000000 0.000000 0.000000 0.389649 0.000000 0.000000 0.000000 0.000000 0.000000 0.000000 0.371164
 0.363024 0.000000 0.000000 0.000000 0.000000 0.000000 0.000000 0.147823 0.000000 0.000000 0.000326 0.000000 0.000000 0.000000 0.000000 0.000000 0.000000 0.364739 0.000000 0.124090
 0.000000 0.000000 0.078816 0.327686 0.000000 0.000000 0.000000 0.336206 0.000000 0.000000 0.000000 0.000000 0.000000 0.000000 0.000000 0.000000 0.000000 0.000000 0.257292 0.000000
 0.000000 0.000000 0.000000 0.000000 0.000000 0.150890 0.371665 0.000000 0.000000 0.000000 0.372308 0.000000 0.000000 0.000000 0.000000 0.000000 0.000000 0.105137 0.000000 0.000000
 0.000000 0.000000 0.000000 0.000000 0.238394 0.000000 0.000000 0.000000 0.000000 0.000000 0.000000 0.000000 0.373249 0.000000 0.000000 0.000000 0.388357 0.000000 0.000000 0.000000
 0.000000 0.000000 0.000000 0.000000 0.000000 0.000000 0.000000 0.000000 0.000000 0.000000 0.000000 0.000000 0.000000 0.000000 0.000000 0.500000 0.500000 0.000000 0.000000 0.000000
 0.499761 0.000000 0.000000 0.000000 0.000000 0.000446 0.000000 0.499779 0.000000 0.000000 0.000000 0.000000 0.000000 0.000000 0.000000 0.000000 0.000000 0.000014 0.000000 0.000000
 0.000000 0.000000 0.038598 0.000000 0.000000 0.000000 0.000000 0.000000 0.000000 0.000000 0.000000 0.000000 0.000000 0.480582 0.480821 0.000000 0.000000 0.000000 0.000000 0.000000
 0.000000 0.000000 0.000000 0.000000 0.351955 0.000000 0.000000 0.000000 0.338264 0.000000 0.000000 0.000000 0.000000 0.000000 0.000000 0.000000 0.000000 0.000000 0.000000 0.309780
 0.000000 0.000000 0.499737 0.000000 0.000000 0.000000 0.000000 0.000000 0.000000 0.000000 0.000000 0.499561 0.000000 0.000000 0.000000 0.000701 0.000000 0.000000 0.000000 0.000000
 0.000000 0.000000 0.000000 0.000000 0.000000 0.000000 0.000000 0.000000 0.000000 0.000000 0.000000 0.500000 0.000000 0.000000 0.000000 0.500000 0.000000 0.000000 0.000000 0.000000
 0.000000 0.000000 0.000000 0.000000 0.000000 0.000000 0.000000 0.000000 0.000000 0.499650 0.000000 0.000000 0.000000 0.000701 0.499650 0.000000 0.000000 0.000000 0.000000 0.000000
 0.000000 0.000000 0.000000 0.000000 0.000000 0.000000 0.000000 0.000000 0.500000 0.500000 0.000000 0.000000 0.000000 0.000000 0.000000 0.000000 0.000000 0.000000 0.000000 0.000000
 0.000000 0.000000 0.000000 0.000000 0.000000 0.438785 0.000000 0.123910 0.000000 0.000000 0.000012 0.000000 0.000000 0.000000 0.000000 0.000000 0.000000 0.000000 0.000000 0.437293
 0.000000 0.364166 0.357603 0.000020 0.000000 0.000000 0.278211 0.000000 0.000000 0.000000 0.000000 0.000000 0.000000 0.000000 0.000000 0.000000 0.000000 0.000000 0.000000 0.000000
 0.000000 0.000000 0.000000 0.000000 0.300535 0.107339 0.000000 0.000000 0.000000 0.000000 0.000000 0.000000 0.277696 0.000000 0.000000 0.000000 0.000000 0.314430 0.000000 0.000000
the mean of prob-rank is 1.631578947368421
the number of false negetive edges is 0
the number of probability greater than 0 is 3.3/edge
