20
 0.000000 0.000000 0.000000 0.000000 0.000000 0.000000 0.000000 0.000000 0.000000 0.000000 0.000000 0.000000 0.000000 0.484812 0.000000 0.000000 0.000000 0.484959 0.030229 0.000000
 0.000000 0.000000 0.000000 0.000000 0.000000 0.000000 0.000000 0.000000 0.499991 0.000000 0.000000 0.000000 0.000000 0.499991 0.000000 0.000001 0.000000 0.000000 0.000000 0.000016
 0.000000 0.000000 0.000000 0.000000 0.000000 0.249031 0.000000 0.000000 0.000000 0.257566 0.000000 0.000000 0.256888 0.000000 0.236516 0.000000 0.000000 0.000000 0.000000 0.000000
 0.000000 0.000000 0.000000 0.000000 0.000000 0.000000 0.000000 0.000000 0.000000 0.000000 0.000000 0.500000 0.500000 0.000000 0.000000 0.000000 0.000000 0.000000 0.000000 0.000000
 0.000000 0.000000 0.000000 0.000000 0.000000 0.000000 0.466302 0.000000 0.467940 0.000000 0.000000 0.000000 0.000000 0.000000 0.000000 0.065758 0.000000 0.000000 0.000000 0.000000
 0.000000 0.000000 0.315742 0.000000 0.000000 0.000000 0.030218 0.012604 0.000000 0.000000 0.000000 0.000000 0.000000 0.000000 0.302348 0.000066 0.000000 0.000000 0.000000 0.339022
 0.000000 0.000000 0.000000 0.000000 0.467033 0.041703 0.000000 0.009357 0.000000 0.000000 0.000000 0.000000 0.000000 0.000000 0.000000 0.468488 0.000000 0.000000 0.000000 0.013420
 0.000000 0.000000 0.000000 0.000000 0.000000 0.018047 0.009708 0.000000 0.000000 0.000000 0.000000 0.000000 0.000000 0.000000 0.000000 0.485997 0.000000 0.000000 0.000000 0.486248
 0.000000 0.500000 0.000000 0.000000 0.500000 0.000000 0.000000 0.000000 0.000000 0.000000 0.000000 0.000000 0.000000 0.000000 0.000000 0.000000 0.000000 0.000000 0.000000 0.000000
 0.000000 0.000000 0.354017 0.000000 0.000000 0.000000 0.000000 0.000000 0.000000 0.000000 0.000000 0.000000 0.277913 0.000000 0.368070 0.000000 0.000000 0.000000 0.000000 0.000000
 0.000000 0.000000 0.000000 0.000000 0.000000 0.000000 0.000000 0.000000 0.000000 0.000000 0.000000 0.500000 0.000000 0.000000 0.000000 0.000000 0.500000 0.000000 0.000000 0.000000
 0.000000 0.000000 0.000000 0.500000 0.000000 0.000000 0.000000 0.000000 0.000000 0.000000 0.500000 0.000000 0.000000 0.000000 0.000000 0.000000 0.000000 0.000000 0.000000 0.000000
 0.000000 0.000000 0.353389 0.368461 0.000000 0.000000 0.000000 0.000000 0.000000 0.278151 0.000000 0.000000 0.000000 0.000000 0.000000 0.000000 0.000000 0.000000 0.000000 0.000000
 0.499531 0.499682 0.000000 0.000000 0.000000 0.000000 0.000000 0.000000 0.000000 0.000000 0.000000 0.000000 0.000000 0.000000 0.000000 0.000000 0.000000 0.000786 0.000000 0.000000
 0.000000 0.000000 0.318176 0.000000 0.000000 0.320801 0.000000 0.000000 0.000000 0.360248 0.000000 0.000000 0.000000 0.000000 0.000000 0.000000 0.000000 0.000000 0.000000 0.000775
 0.000000 0.000001 0.000000 0.000000 0.061182 0.000085 0.435198 0.435145 0.000000 0.000000 0.000000 0.000000 0.000000 0.000000 0.000000 0.000000 0.000000 0.000000 0.000000 0.068389
 0.000000 0.000000 0.000000 0.000000 0.000000 0.000000 0.000000 0.000000 0.000000 0.000000 0.500000 0.000000 0.000000 0.000000 0.000000 0.000000 0.000000 0.000000 0.500000 0.000000
 0.500209 0.000000 0.000000 0.000000 0.000000 0.000000 0.000000 0.000000 0.000000 0.000000 0.000000 0.000000 0.000000 0.000787 0.000000 0.000000 0.000000 0.000000 0.499004 0.000000
 0.030260 0.000000 0.000000 0.000000 0.000000 0.000000 0.000000 0.000000 0.000000 0.000000 0.000000 0.000000 0.000000 0.000000 0.000000 0.000000 0.485455 0.484285 0.000000 0.000000
 0.000000 0.000015 0.000000 0.000000 0.000000 0.456639 0.013097 0.457413 0.000000 0.000000 0.000000 0.000000 0.000000 0.000000 0.000984 0.071852 0.000000 0.000000 0.000000 0.000000
the mean of prob-rank is 1.4736842105263157
the number of false negetive edges is 0
the number of probability greater than 0 is 3.4/edge
