20
 0.000000 0.000000 0.000000 0.000000 0.000000 0.000000 0.000000 0.000000 0.000000 0.000000 0.000000 0.020125 0.000000 0.000000 0.000000 0.000000 0.489937 0.489938 0.000000 0.000000
 0.000000 0.000000 0.000000 0.000000 0.000000 0.000000 0.000000 0.000000 0.499908 0.000000 0.499908 0.000000 0.000000 0.000184 0.000000 0.000000 0.000000 0.000000 0.000000 0.000000
 0.000000 0.000000 0.000000 0.000000 0.000000 0.000000 0.000000 0.006231 0.000000 0.025809 0.000000 0.000000 0.453953 0.000000 0.000989 0.000000 0.000003 0.000000 0.434222 0.078792
 0.000000 0.000000 0.000000 0.000000 0.000000 0.000000 0.000000 0.000000 0.000000 0.114799 0.305641 0.000000 0.030527 0.306137 0.000000 0.242895 0.000000 0.000000 0.000000 0.000000
 0.000000 0.000000 0.000000 0.000000 0.000000 0.000000 0.036736 0.000000 0.000000 0.000000 0.000000 0.347903 0.000000 0.000000 0.000000 0.000000 0.302054 0.000000 0.000005 0.313302
 0.000000 0.000000 0.000000 0.000000 0.000000 0.000000 0.329421 0.000000 0.000000 0.000000 0.000000 0.313518 0.000000 0.000008 0.357053 0.000000 0.000000 0.000000 0.000000 0.000000
 0.000000 0.000000 0.000000 0.000000 0.025557 0.223775 0.000000 0.000000 0.000000 0.000000 0.000000 0.225919 0.000000 0.000000 0.220538 0.000000 0.000000 0.000000 0.212839 0.091373
 0.000000 0.000000 0.006766 0.000000 0.000000 0.000000 0.000000 0.000000 0.002051 0.493458 0.000000 0.000000 0.000001 0.000000 0.000000 0.004236 0.000000 0.493489 0.000000 0.000000
 0.000000 0.498797 0.000000 0.000000 0.000000 0.000000 0.000000 0.002073 0.000000 0.000000 0.000000 0.000000 0.000000 0.000000 0.000000 0.498784 0.000000 0.000346 0.000000 0.000000
 0.000000 0.000000 0.022121 0.142188 0.000000 0.000000 0.000000 0.389509 0.000000 0.000000 0.000000 0.000000 0.058808 0.000000 0.000000 0.387375 0.000000 0.000000 0.000000 0.000000
 0.000000 0.373678 0.000000 0.363129 0.000000 0.000000 0.000000 0.000000 0.000000 0.000000 0.000000 0.000000 0.000000 0.263193 0.000000 0.000000 0.000000 0.000000 0.000000 0.000000
 0.013291 0.000000 0.000000 0.000000 0.322869 0.284100 0.301372 0.000000 0.000000 0.000000 0.000000 0.000000 0.000000 0.000000 0.000940 0.000000 0.077428 0.000000 0.000000 0.000000
 0.000000 0.000000 0.442679 0.043019 0.000000 0.000000 0.000000 0.000001 0.000000 0.066909 0.000000 0.000000 0.000000 0.440310 0.007083 0.000000 0.000000 0.000000 0.000000 0.000000
 0.000000 0.000134 0.000000 0.354314 0.000000 0.000008 0.000000 0.000000 0.000000 0.000000 0.256387 0.000000 0.361624 0.000000 0.027533 0.000000 0.000000 0.000000 0.000000 0.000000
 0.000000 0.000000 0.000767 0.000000 0.000000 0.352699 0.320697 0.000000 0.000000 0.000000 0.000000 0.001024 0.005636 0.026677 0.000000 0.000000 0.000000 0.000000 0.292258 0.000241
 0.000000 0.000000 0.000000 0.278273 0.000000 0.000000 0.000000 0.003093 0.360321 0.358313 0.000000 0.000000 0.000000 0.000000 0.000000 0.000000 0.000000 0.000000 0.000000 0.000000
 0.329621 0.000000 0.000002 0.000000 0.285579 0.000000 0.000000 0.000000 0.000000 0.000000 0.000000 0.078881 0.000000 0.000000 0.000000 0.000000 0.000000 0.000000 0.000000 0.305917
 0.499841 0.000000 0.000000 0.000000 0.000000 0.000000 0.000000 0.499812 0.000347 0.000000 0.000000 0.000000 0.000000 0.000000 0.000000 0.000000 0.000000 0.000000 0.000000 0.000000
 0.000000 0.000000 0.263685 0.000000 0.000004 0.000000 0.242200 0.000000 0.000000 0.000000 0.000000 0.000000 0.000000 0.000000 0.228707 0.000000 0.000000 0.000000 0.000000 0.265404
 0.000000 0.000000 0.051917 0.000000 0.269129 0.000000 0.112823 0.000000 0.000000 0.000000 0.000000 0.000000 0.000000 0.000000 0.000204 0.000000 0.277946 0.000000 0.287980 0.000000
the mean of prob-rank is 1.736842105263158
the number of false negetive edges is 0
the number of probability greater than 0 is 4.9/edge
