20
 0.000000 0.102769 0.000000 0.000000 0.000000 0.000000 0.000000 0.000000 0.000000 0.000000 0.000000 0.448447 0.000000 0.000000 0.000000 0.000001 0.448769 0.000000 0.000014 0.000000
 0.093280 0.000000 0.082833 0.000000 0.000000 0.000000 0.000000 0.000000 0.000000 0.000000 0.049720 0.000000 0.000343 0.000000 0.000000 0.376019 0.000000 0.001595 0.395747 0.000462
 0.000000 0.086634 0.000000 0.016095 0.000000 0.000000 0.030215 0.000000 0.000000 0.000000 0.420331 0.000000 0.000000 0.000000 0.003885 0.002923 0.000000 0.014328 0.425587 0.000000
 0.000000 0.000000 0.014335 0.000000 0.000000 0.194825 0.368031 0.000000 0.000000 0.000000 0.000000 0.000000 0.000000 0.000000 0.379469 0.000000 0.000000 0.000015 0.043325 0.000000
 0.000000 0.000000 0.000000 0.000000 0.000000 0.000000 0.000000 0.462759 0.000000 0.000000 0.000000 0.000000 0.000000 0.000000 0.456348 0.000000 0.013839 0.014681 0.000000 0.052373
 0.000000 0.000000 0.000000 0.205690 0.000000 0.000000 0.399657 0.000000 0.000000 0.000000 0.000000 0.000000 0.389698 0.004955 0.000000 0.000000 0.000000 0.000000 0.000000 0.000000
 0.000000 0.000000 0.022251 0.304314 0.000000 0.313008 0.000000 0.000000 0.000000 0.000000 0.000000 0.000000 0.158941 0.000000 0.000000 0.000000 0.000000 0.000000 0.201485 0.000000
 0.000000 0.000000 0.000000 0.000000 0.382633 0.000000 0.000000 0.000000 0.000000 0.000000 0.000000 0.000000 0.000000 0.000000 0.000000 0.000000 0.239673 0.001170 0.000000 0.376524
 0.000000 0.000000 0.000000 0.000000 0.000000 0.000000 0.000000 0.000000 0.000000 0.500005 0.000000 0.000000 0.000000 0.499995 0.000000 0.000000 0.000000 0.000000 0.000000 0.000000
 0.000000 0.000000 0.000000 0.000000 0.000000 0.000000 0.000000 0.000000 0.499971 0.000000 0.000000 0.499971 0.000000 0.000000 0.000000 0.000000 0.000058 0.000000 0.000000 0.000000
 0.000000 0.047193 0.381460 0.000000 0.000000 0.000000 0.000000 0.000000 0.000000 0.000000 0.000000 0.000000 0.000000 0.000000 0.034398 0.092990 0.000000 0.383142 0.060817 0.000000
 0.499408 0.000000 0.000000 0.000000 0.000000 0.000000 0.000000 0.000000 0.000000 0.499842 0.000000 0.000000 0.000000 0.000000 0.000000 0.000000 0.000750 0.000000 0.000001 0.000000
 0.000000 0.000313 0.000000 0.000000 0.000000 0.361534 0.188273 0.000000 0.000000 0.000000 0.000000 0.000000 0.000000 0.371687 0.000000 0.000000 0.000000 0.000000 0.078193 0.000000
 0.000000 0.000000 0.000000 0.000000 0.000000 0.006146 0.000000 0.000000 0.496923 0.000000 0.000000 0.000000 0.496932 0.000000 0.000000 0.000000 0.000000 0.000000 0.000000 0.000000
 0.000000 0.000000 0.003488 0.382474 0.377188 0.000000 0.000000 0.000000 0.000000 0.000000 0.034025 0.000000 0.000000 0.000000 0.000000 0.000000 0.000000 0.195854 0.006971 0.000000
 0.000001 0.318852 0.002370 0.000000 0.000000 0.000000 0.000000 0.000000 0.000000 0.000000 0.083075 0.000000 0.000000 0.000000 0.000000 0.000000 0.000000 0.310584 0.011859 0.273259
 0.377126 0.000000 0.000000 0.000000 0.011280 0.000000 0.000000 0.236260 0.000000 0.000044 0.000000 0.000566 0.000000 0.000000 0.000000 0.000000 0.000000 0.000000 0.000000 0.374725
 0.000000 0.001534 0.013177 0.000015 0.012432 0.000000 0.000000 0.001198 0.000000 0.000000 0.388276 0.000000 0.000000 0.000000 0.200658 0.352309 0.000000 0.000000 0.000466 0.029935
 0.000010 0.308585 0.317292 0.036268 0.000000 0.000000 0.203980 0.000000 0.000000 0.000000 0.049962 0.000000 0.066829 0.000000 0.005790 0.010905 0.000000 0.000378 0.000000 0.000000
 0.000000 0.000384 0.000000 0.000000 0.038245 0.000000 0.000000 0.332531 0.000000 0.000000 0.000000 0.000000 0.000000 0.000000 0.000000 0.267301 0.335725 0.025814 0.000000 0.000000
the mean of prob-rank is 1.894736842105263
the number of false negetive edges is 0
the number of probability greater than 0 is 5.6/edge
