20
 0.000000 0.000000 0.000000 0.000000 0.000000 0.000000 0.000000 0.000000 0.500000 0.000000 0.000000 0.000000 0.000000 0.000000 0.000000 0.000000 0.500000 0.000000 0.000000 0.000000
 0.000000 0.000000 0.000000 0.000000 0.000000 0.000000 0.462463 0.000000 0.000000 0.000000 0.000000 0.000000 0.000000 0.051154 0.000000 0.463084 0.000000 0.000000 0.023299 0.000000
 0.000000 0.000000 0.000000 0.000000 0.089227 0.000000 0.000000 0.000000 0.455794 0.000000 0.000000 0.000000 0.000000 0.000000 0.000000 0.000000 0.000000 0.000000 0.454979 0.000000
 0.000000 0.000000 0.000000 0.000000 0.000000 0.000000 0.000000 0.000000 0.000000 0.484147 0.000377 0.031008 0.000000 0.000000 0.000000 0.000000 0.000000 0.484468 0.000000 0.000000
 0.000000 0.000000 0.088899 0.000000 0.000000 0.000000 0.000024 0.000000 0.000000 0.000000 0.000000 0.000000 0.000000 0.452161 0.454116 0.000000 0.000000 0.000366 0.004434 0.000000
 0.000000 0.000000 0.000000 0.000000 0.000000 0.000000 0.000000 0.467017 0.000000 0.000000 0.466882 0.000000 0.000000 0.000000 0.000000 0.000000 0.000000 0.066101 0.000000 0.000000
 0.000000 0.470658 0.000000 0.000000 0.000025 0.000000 0.000000 0.000000 0.000000 0.000000 0.000000 0.000000 0.000000 0.027893 0.471291 0.000000 0.000000 0.000000 0.030133 0.000000
 0.000000 0.000000 0.000000 0.000000 0.000000 0.500000 0.000000 0.000000 0.000000 0.000000 0.000000 0.000000 0.000000 0.000000 0.000000 0.000000 0.500000 0.000000 0.000000 0.000000
 0.500000 0.000000 0.500000 0.000000 0.000000 0.000000 0.000000 0.000000 0.000000 0.000000 0.000000 0.000000 0.000000 0.000000 0.000000 0.000000 0.000000 0.000000 0.000000 0.000000
 0.000000 0.000000 0.000000 0.473781 0.000000 0.000000 0.000000 0.000000 0.000000 0.000000 0.000000 0.474116 0.000000 0.000000 0.000000 0.000000 0.000000 0.000000 0.000000 0.052103
 0.000000 0.000000 0.000000 0.000389 0.000000 0.499733 0.000000 0.000000 0.000000 0.000000 0.000000 0.000000 0.000000 0.000000 0.000000 0.000000 0.000000 0.499877 0.000000 0.000000
 0.000000 0.000000 0.000000 0.029655 0.000000 0.000000 0.000000 0.000000 0.000000 0.463357 0.000000 0.000000 0.044052 0.000000 0.000000 0.000000 0.000000 0.000000 0.000000 0.462936
 0.000000 0.000000 0.000000 0.000000 0.000000 0.000000 0.000000 0.000000 0.000000 0.000000 0.000000 0.045384 0.000000 0.000000 0.000000 0.477243 0.000000 0.000000 0.000000 0.477373
 0.000000 0.051005 0.000000 0.000000 0.459753 0.000000 0.027328 0.000000 0.000000 0.000000 0.000000 0.000000 0.000000 0.000000 0.000200 0.000000 0.000000 0.000000 0.461715 0.000000
 0.000000 0.000000 0.000000 0.000000 0.499891 0.000000 0.499893 0.000000 0.000000 0.000000 0.000000 0.000000 0.000000 0.000216 0.000000 0.000000 0.000000 0.000000 0.000000 0.000000
 0.000000 0.500062 0.000000 0.000000 0.000000 0.000000 0.000000 0.000000 0.000000 0.000000 0.000000 0.000000 0.499925 0.000000 0.000000 0.000000 0.000000 0.000000 0.000000 0.000013
 0.500000 0.000000 0.000000 0.000000 0.000000 0.000000 0.000000 0.500000 0.000000 0.000000 0.000000 0.000000 0.000000 0.000000 0.000000 0.000000 0.000000 0.000000 0.000000 0.000000
 0.000000 0.000000 0.000000 0.466767 0.000376 0.066069 0.000000 0.000000 0.000000 0.000000 0.466787 0.000000 0.000000 0.000000 0.000000 0.000000 0.000000 0.000000 0.000000 0.000000
 0.000000 0.023708 0.470374 0.000000 0.004601 0.000000 0.030129 0.000000 0.000000 0.000000 0.000000 0.000000 0.000000 0.471189 0.000000 0.000000 0.000000 0.000000 0.000000 0.000000
 0.000000 0.000000 0.000000 0.000000 0.000000 0.000000 0.000000 0.000000 0.000000 0.052107 0.000000 0.473724 0.474156 0.000000 0.000000 0.000013 0.000000 0.000000 0.000000 0.000000
the mean of prob-rank is 1.5789473684210527
the number of false negetive edges is 0
the number of probability greater than 0 is 3.5/edge
