20
 0.000000 0.000000 0.000000 0.000000 0.000000 0.000000 0.000000 0.000000 0.000000 0.000000 0.000000 0.000000 0.000000 0.000000 0.000000 0.000000 0.499999 0.000000 0.000000 0.500001
 0.000000 0.000000 0.000000 0.000000 0.000000 0.333156 0.000000 0.000000 0.054585 0.000000 0.000000 0.000000 0.000000 0.000000 0.299223 0.313037 0.000000 0.000000 0.000000 0.000000
 0.000000 0.000000 0.000000 0.000000 0.000000 0.000000 0.000000 0.000000 0.000000 0.000000 0.000000 0.500000 0.000000 0.500000 0.000000 0.000000 0.000000 0.000000 0.000000 0.000000
 0.000000 0.000000 0.000000 0.000000 0.485341 0.000000 0.485942 0.000000 0.000000 0.000000 0.000000 0.000000 0.028717 0.000000 0.000000 0.000000 0.000000 0.000000 0.000000 0.000000
 0.000000 0.000000 0.000000 0.482274 0.000000 0.000000 0.000000 0.482871 0.000000 0.000000 0.034856 0.000000 0.000000 0.000000 0.000000 0.000000 0.000000 0.000000 0.000000 0.000000
 0.000000 0.358154 0.000000 0.000000 0.000000 0.000000 0.041817 0.000000 0.000000 0.000000 0.000000 0.000000 0.000000 0.000000 0.000000 0.349643 0.000000 0.000000 0.250385 0.000000
 0.000000 0.000000 0.000000 0.472525 0.000000 0.055171 0.000000 0.000000 0.000000 0.000000 0.000000 0.000000 0.000016 0.000000 0.000000 0.000000 0.000000 0.000000 0.472288 0.000000
 0.000000 0.000000 0.000000 0.000000 0.499999 0.000000 0.000000 0.000000 0.000000 0.000000 0.000008 0.000000 0.499993 0.000000 0.000000 0.000000 0.000000 0.000000 0.000000 0.000000
 0.000000 0.076070 0.000000 0.000000 0.000000 0.000000 0.000000 0.000000 0.000000 0.000000 0.000000 0.000000 0.000000 0.000000 0.464288 0.000000 0.000000 0.459642 0.000000 0.000000
 0.000000 0.000000 0.000000 0.000000 0.000000 0.000000 0.000000 0.000000 0.000000 0.000000 0.000000 0.000000 0.000000 0.000000 0.000000 0.000000 0.000000 0.500017 0.000000 0.499983
 0.000000 0.000000 0.000000 0.000000 0.034863 0.000000 0.000000 0.000008 0.000000 0.000000 0.000000 0.000000 0.482159 0.482970 0.000000 0.000000 0.000000 0.000000 0.000000 0.000000
 0.000000 0.000000 0.500000 0.000000 0.000000 0.000000 0.000000 0.000000 0.000000 0.000000 0.000000 0.000000 0.000000 0.000000 0.000000 0.000000 0.500000 0.000000 0.000000 0.000000
 0.000000 0.000000 0.000000 0.028723 0.000000 0.000000 0.000016 0.486036 0.000000 0.000000 0.485225 0.000000 0.000000 0.000000 0.000000 0.000000 0.000000 0.000000 0.000000 0.000000
 0.000000 0.000000 0.500000 0.000000 0.000000 0.000000 0.000000 0.000000 0.000000 0.000000 0.500000 0.000000 0.000000 0.000000 0.000000 0.000000 0.000000 0.000000 0.000000 0.000000
 0.000000 0.276012 0.000000 0.000000 0.000000 0.000000 0.000000 0.000000 0.307313 0.000000 0.000000 0.000000 0.000000 0.000000 0.000000 0.237231 0.000000 0.179441 0.000002 0.000000
 0.000000 0.255493 0.000000 0.000000 0.000000 0.265452 0.000000 0.000000 0.000000 0.000000 0.000000 0.000000 0.000000 0.000000 0.209904 0.000000 0.000000 0.000000 0.269151 0.000000
 0.499999 0.000000 0.000000 0.000000 0.000000 0.000000 0.000000 0.000000 0.000000 0.000000 0.000000 0.500001 0.000000 0.000000 0.000000 0.000000 0.000000 0.000000 0.000000 0.000000
 0.000000 0.000000 0.000000 0.000000 0.000000 0.000000 0.000000 0.000000 0.384628 0.388516 0.000000 0.000000 0.000000 0.000000 0.226856 0.000000 0.000000 0.000000 0.000000 0.000000
 0.000000 0.000000 0.000000 0.000000 0.000000 0.260038 0.371776 0.000000 0.000000 0.000000 0.000000 0.000000 0.000000 0.000000 0.000003 0.368183 0.000000 0.000000 0.000000 0.000000
 0.500017 0.000000 0.000000 0.000000 0.000000 0.000000 0.000000 0.000000 0.000000 0.499983 0.000000 0.000000 0.000000 0.000000 0.000000 0.000000 0.000000 0.000000 0.000000 0.000000
the mean of prob-rank is 1.6842105263157894
the number of false negetive edges is 0
the number of probability greater than 0 is 3.1/edge
