20
 0.000000 0.000000 0.000000 0.000000 0.000000 0.499998 0.000000 0.000000 0.500002 0.000000 0.000000 0.000000 0.000000 0.000000 0.000000 0.000000 0.000000 0.000000 0.000000 0.000000
 0.000000 0.000000 0.000244 0.000000 0.000000 0.000000 0.001540 0.498554 0.000000 0.000000 0.000001 0.000000 0.000000 0.000000 0.000073 0.000000 0.000000 0.499321 0.000000 0.000267
 0.000000 0.000232 0.000000 0.000000 0.000000 0.000000 0.000000 0.000472 0.000000 0.000007 0.021928 0.475123 0.000017 0.000000 0.000000 0.000000 0.027498 0.474724 0.000000 0.000000
 0.000000 0.000000 0.000000 0.000000 0.000000 0.000000 0.000000 0.000000 0.000000 0.000000 0.000000 0.000000 0.000000 0.000000 0.492946 0.493290 0.000000 0.000000 0.000000 0.013764
 0.000000 0.000000 0.000000 0.000000 0.000000 0.000000 0.000000 0.000000 0.000000 0.000000 0.499908 0.000196 0.000000 0.000000 0.000000 0.000000 0.000000 0.000000 0.499896 0.000000
 0.496875 0.000000 0.000000 0.000000 0.000000 0.000000 0.000000 0.000000 0.006246 0.000000 0.000000 0.000000 0.000000 0.000000 0.496879 0.000000 0.000000 0.000000 0.000000 0.000000
 0.000000 0.001540 0.000000 0.000000 0.000000 0.000000 0.000000 0.499008 0.000000 0.000000 0.000000 0.000000 0.000000 0.000000 0.000000 0.000000 0.000000 0.000000 0.000000 0.499452
 0.000000 0.488705 0.000487 0.000000 0.000000 0.000000 0.489054 0.000000 0.000000 0.000000 0.019009 0.001318 0.000000 0.000000 0.000000 0.000000 0.000000 0.000236 0.000000 0.001191
 0.497015 0.000000 0.000000 0.000000 0.000000 0.006247 0.000000 0.000000 0.000000 0.496738 0.000000 0.000000 0.000000 0.000000 0.000000 0.000000 0.000000 0.000000 0.000000 0.000000
 0.000000 0.000000 0.000007 0.000000 0.000000 0.000000 0.000000 0.000000 0.499667 0.000000 0.000000 0.000293 0.000000 0.000000 0.000000 0.000000 0.499935 0.000098 0.000000 0.000000
 0.000000 0.000001 0.021014 0.000000 0.455326 0.000000 0.000000 0.017682 0.000000 0.000000 0.000000 0.454282 0.000000 0.050298 0.000000 0.001393 0.000000 0.000000 0.000000 0.000004
 0.000000 0.000000 0.494763 0.000000 0.000194 0.000000 0.000000 0.001332 0.000000 0.000290 0.493628 0.000000 0.001498 0.000000 0.000000 0.000000 0.000995 0.007300 0.000001 0.000000
 0.000000 0.000000 0.000018 0.000000 0.000000 0.000000 0.000000 0.000000 0.000000 0.000000 0.000000 0.001512 0.000000 0.000000 0.000000 0.000000 0.499079 0.000000 0.499392 0.000000
 0.000000 0.000000 0.000000 0.000000 0.000000 0.000000 0.000000 0.000000 0.000000 0.000000 0.052367 0.000000 0.000000 0.000000 0.000000 0.474049 0.000000 0.000000 0.000000 0.473584
 0.000000 0.000072 0.000000 0.491153 0.000000 0.491497 0.000000 0.000000 0.000000 0.000000 0.000000 0.000000 0.000000 0.000000 0.000000 0.000000 0.000000 0.017277 0.000000 0.000001
 0.000000 0.000000 0.000000 0.499237 0.000000 0.000000 0.000000 0.000000 0.000000 0.000000 0.001527 0.000000 0.000000 0.499236 0.000000 0.000000 0.000000 0.000000 0.000000 0.000000
 0.000000 0.000000 0.028106 0.000000 0.000000 0.000000 0.000000 0.000000 0.000000 0.485606 0.000000 0.000976 0.485312 0.000000 0.000000 0.000000 0.000000 0.000001 0.000000 0.000000
 0.000000 0.487848 0.487471 0.000000 0.000000 0.000000 0.000000 0.000235 0.000000 0.000096 0.000000 0.007199 0.000000 0.000000 0.017150 0.000000 0.000001 0.000000 0.000000 0.000000
 0.000000 0.000000 0.000000 0.000000 0.499993 0.000000 0.000000 0.000000 0.000000 0.000000 0.000000 0.000001 0.500006 0.000000 0.000000 0.000000 0.000000 0.000000 0.000000 0.000000
 0.000000 0.000264 0.000000 0.013746 0.000000 0.000000 0.492636 0.001199 0.000000 0.000000 0.000004 0.000000 0.000000 0.492152 0.000001 0.000000 0.000000 0.000000 0.000000 0.000000
the mean of prob-rank is 1.5789473684210527
the number of false negetive edges is 0
the number of probability greater than 0 is 4.5/edge
