20
 0.000000 0.000000 0.000000 0.499975 0.000000 0.000000 0.000000 0.000000 0.000000 0.000000 0.000000 0.000000 0.000000 0.000000 0.000000 0.000000 0.000000 0.000000 0.500025 0.000000
 0.000000 0.000000 0.000000 0.000000 0.000000 0.000000 0.000000 0.000000 0.258747 0.000000 0.370940 0.000000 0.000000 0.370307 0.000006 0.000000 0.000000 0.000000 0.000000 0.000000
 0.000000 0.000000 0.000000 0.000000 0.000000 0.000000 0.000000 0.000000 0.000000 0.000000 0.000000 0.000000 0.000008 0.499992 0.000000 0.000000 0.000000 0.000000 0.000000 0.500000
 0.499916 0.000000 0.000000 0.000000 0.000000 0.000000 0.000066 0.000000 0.000000 0.000070 0.000000 0.499947 0.000000 0.000000 0.000000 0.000000 0.000000 0.000000 0.000000 0.000000
 0.000000 0.000000 0.000000 0.000000 0.000000 0.331124 0.000000 0.315464 0.000931 0.000000 0.000000 0.000000 0.000000 0.000000 0.000000 0.352482 0.000000 0.000000 0.000000 0.000000
 0.000000 0.000000 0.000000 0.000000 0.339465 0.000000 0.000000 0.000047 0.361314 0.000000 0.000220 0.000000 0.000000 0.000000 0.000000 0.298953 0.000000 0.000000 0.000000 0.000000
 0.000000 0.000000 0.000000 0.000066 0.000000 0.000000 0.000000 0.000000 0.000000 0.000000 0.000000 0.500043 0.499891 0.000000 0.000000 0.000000 0.000000 0.000000 0.000000 0.000000
 0.000000 0.000000 0.000000 0.000000 0.313996 0.000046 0.000000 0.000000 0.000808 0.000000 0.000000 0.000000 0.000000 0.000000 0.000000 0.334317 0.350833 0.000000 0.000000 0.000000
 0.000000 0.273340 0.000000 0.000000 0.001035 0.391810 0.000000 0.000903 0.000000 0.000000 0.321189 0.000000 0.000000 0.000000 0.000000 0.011723 0.000000 0.000000 0.000000 0.000000
 0.000000 0.000000 0.000000 0.000070 0.000000 0.000000 0.000000 0.000000 0.000000 0.000000 0.000000 0.000000 0.000000 0.000000 0.000000 0.000000 0.499966 0.000000 0.499963 0.000000
 0.000000 0.380547 0.000000 0.000000 0.000000 0.000232 0.000000 0.000000 0.311916 0.000000 0.000000 0.000000 0.000000 0.307305 0.000000 0.000000 0.000000 0.000000 0.000000 0.000000
 0.000000 0.000000 0.000000 0.499978 0.000000 0.000000 0.499997 0.000000 0.000000 0.000000 0.000000 0.000000 0.000025 0.000000 0.000000 0.000000 0.000000 0.000000 0.000000 0.000000
 0.000000 0.000000 0.000008 0.000000 0.000000 0.000000 0.499912 0.000000 0.000000 0.000000 0.000000 0.000025 0.000000 0.000000 0.500055 0.000000 0.000000 0.000000 0.000000 0.000000
 0.000000 0.355795 0.356397 0.000000 0.000000 0.000000 0.000000 0.000000 0.000000 0.000000 0.287808 0.000000 0.000000 0.000000 0.000000 0.000000 0.000000 0.000000 0.000000 0.000000
 0.000000 0.000008 0.000000 0.000000 0.000000 0.000000 0.000000 0.000000 0.000000 0.000000 0.000000 0.000000 0.499991 0.000000 0.000000 0.000000 0.000000 0.500001 0.000000 0.000000
 0.000000 0.000000 0.000000 0.000000 0.355857 0.294400 0.000000 0.339096 0.010646 0.000000 0.000000 0.000000 0.000000 0.000000 0.000000 0.000000 0.000000 0.000000 0.000000 0.000000
 0.000000 0.000000 0.000000 0.000000 0.000000 0.000000 0.000000 0.499994 0.000000 0.500006 0.000000 0.000000 0.000000 0.000000 0.000000 0.000000 0.000000 0.000000 0.000000 0.000000
 0.000000 0.000000 0.000000 0.000000 0.000000 0.000000 0.000000 0.000000 0.000000 0.000000 0.000000 0.000000 0.000000 0.000000 0.500000 0.000000 0.000000 0.000000 0.000000 0.500000
 0.500002 0.000000 0.000000 0.000000 0.000000 0.000000 0.000000 0.000000 0.000000 0.499998 0.000000 0.000000 0.000000 0.000000 0.000000 0.000000 0.000000 0.000000 0.000000 0.000000
 0.000000 0.000000 0.500000 0.000000 0.000000 0.000000 0.000000 0.000000 0.000000 0.000000 0.000000 0.000000 0.000000 0.000000 0.000000 0.000000 0.000000 0.500000 0.000000 0.000000
the mean of prob-rank is 1.5789473684210527
the number of false negetive edges is 0
the number of probability greater than 0 is 3.4/edge
