20
 0.000000 0.000000 0.496561 0.000000 0.000000 0.000000 0.000000 0.000000 0.000000 0.000000 0.000000 0.000042 0.496562 0.000000 0.000000 0.000000 0.006835 0.000000 0.000000 0.000000
 0.000000 0.000000 0.000000 0.000000 0.000000 0.000000 0.000000 0.000000 0.000000 0.000000 0.000000 0.497533 0.000000 0.000000 0.000000 0.000000 0.497299 0.005168 0.000000 0.000000
 0.367374 0.000000 0.000000 0.000000 0.312312 0.000000 0.000000 0.000000 0.233639 0.000000 0.000000 0.000000 0.000001 0.000000 0.000000 0.000000 0.086673 0.000000 0.000000 0.000000
 0.000000 0.000000 0.000000 0.000000 0.293658 0.000000 0.000000 0.348498 0.000000 0.000000 0.000000 0.000000 0.000000 0.000000 0.000000 0.000000 0.000000 0.000000 0.357844 0.000000
 0.000000 0.000000 0.246571 0.238022 0.000000 0.000000 0.000000 0.228649 0.280622 0.000000 0.006043 0.000000 0.000000 0.000000 0.000093 0.000000 0.000000 0.000000 0.000000 0.000000
 0.000000 0.000000 0.000000 0.000000 0.000000 0.000000 0.434660 0.000000 0.000000 0.130339 0.435001 0.000000 0.000000 0.000000 0.000000 0.000000 0.000000 0.000000 0.000000 0.000000
 0.000000 0.000000 0.000000 0.000000 0.000000 0.467477 0.000000 0.000000 0.000000 0.001543 0.062738 0.000000 0.000000 0.000000 0.000000 0.000403 0.000000 0.467840 0.000000 0.000000
 0.000000 0.000000 0.000000 0.352575 0.285394 0.000000 0.000000 0.000000 0.000000 0.000000 0.000000 0.000000 0.000000 0.362030 0.000000 0.000000 0.000000 0.000000 0.000000 0.000000
 0.000000 0.000000 0.236830 0.000000 0.360296 0.000000 0.000000 0.000000 0.000000 0.000000 0.000000 0.000000 0.030475 0.000000 0.000000 0.000000 0.000000 0.000000 0.372399 0.000000
 0.000000 0.000000 0.000000 0.000000 0.000000 0.130607 0.001438 0.000000 0.000000 0.000000 0.417473 0.000000 0.000000 0.000000 0.014732 0.435750 0.000000 0.000000 0.000000 0.000000
 0.000000 0.000000 0.000000 0.000000 0.009856 0.473078 0.063440 0.000000 0.000000 0.453085 0.000000 0.000000 0.000000 0.000000 0.000541 0.000000 0.000000 0.000000 0.000000 0.000000
 0.000042 0.499977 0.000000 0.000000 0.000000 0.000000 0.000000 0.000000 0.000000 0.000000 0.000000 0.000000 0.000000 0.000000 0.000000 0.000000 0.000005 0.000000 0.000000 0.499976
 0.480339 0.000000 0.000002 0.000000 0.000000 0.000000 0.000000 0.000000 0.039309 0.000000 0.000000 0.000000 0.000000 0.000000 0.000000 0.000000 0.000000 0.000000 0.000000 0.480349
 0.000000 0.000000 0.000000 0.000000 0.000000 0.000000 0.000000 0.499998 0.000000 0.000000 0.000000 0.000000 0.000000 0.000000 0.499998 0.000004 0.000000 0.000000 0.000000 0.000000
 0.000000 0.000000 0.000000 0.000000 0.000157 0.000000 0.000000 0.000000 0.000000 0.016606 0.000561 0.000000 0.000000 0.491351 0.000000 0.491324 0.000000 0.000000 0.000000 0.000000
 0.000000 0.000000 0.000000 0.000000 0.000000 0.000000 0.000431 0.000000 0.000000 0.499713 0.000000 0.000000 0.000000 0.000004 0.499852 0.000000 0.000000 0.000000 0.000000 0.000000
 0.006120 0.444420 0.104898 0.000000 0.000000 0.000000 0.000000 0.000000 0.000000 0.000000 0.000000 0.000005 0.000000 0.000000 0.000000 0.000000 0.000000 0.444558 0.000000 0.000000
 0.000000 0.005167 0.000000 0.000000 0.000000 0.000000 0.497454 0.000000 0.000000 0.000000 0.000000 0.000000 0.000000 0.000000 0.000000 0.000000 0.497379 0.000000 0.000000 0.000000
 0.000000 0.000000 0.000000 0.500000 0.000000 0.000000 0.000000 0.000000 0.500000 0.000000 0.000000 0.000000 0.000000 0.000000 0.000000 0.000000 0.000000 0.000000 0.000000 0.000000
 0.000000 0.000000 0.000000 0.000000 0.000000 0.000000 0.000000 0.000000 0.000000 0.000000 0.000000 0.500000 0.500000 0.000000 0.000000 0.000000 0.000000 0.000000 0.000000 0.000000
the mean of prob-rank is 1.631578947368421
the number of false negetive edges is 0
the number of probability greater than 0 is 3.9/edge
