20
 0.000000 0.000000 0.000000 0.000000 0.000000 0.499999 0.000000 0.000000 0.000000 0.000000 0.000000 0.000000 0.000000 0.000000 0.500001 0.000000 0.000000 0.000000 0.000000 0.000000
 0.000000 0.000000 0.001490 0.000000 0.000000 0.000000 0.000000 0.412027 0.000000 0.000000 0.000000 0.413811 0.000000 0.000000 0.172671 0.000000 0.000000 0.000000 0.000000 0.000000
 0.000000 0.001613 0.000000 0.000000 0.000000 0.000000 0.000000 0.104493 0.000000 0.000000 0.445960 0.447783 0.000000 0.000000 0.000000 0.000000 0.000000 0.000151 0.000000 0.000000
 0.000000 0.000000 0.000000 0.000000 0.000000 0.000000 0.500000 0.000000 0.000000 0.000001 0.000000 0.000000 0.000000 0.500000 0.000000 0.000000 0.000000 0.000000 0.000000 0.000000
 0.000000 0.000000 0.000000 0.000000 0.000000 0.000000 0.000000 0.000000 0.499758 0.000000 0.499765 0.000000 0.000000 0.000000 0.000000 0.000000 0.000477 0.000000 0.000000 0.000000
 0.499999 0.000000 0.000000 0.000000 0.000000 0.000000 0.000000 0.000000 0.000000 0.000000 0.000000 0.000000 0.000000 0.000000 0.000000 0.000000 0.500001 0.000000 0.000000 0.000000
 0.000000 0.000000 0.000000 0.500000 0.000000 0.000000 0.000000 0.000000 0.000000 0.500000 0.000000 0.000000 0.000000 0.000000 0.000000 0.000000 0.000000 0.000000 0.000000 0.000000
 0.000000 0.370539 0.086837 0.000000 0.000000 0.000000 0.000000 0.000000 0.000000 0.000000 0.172229 0.000000 0.000000 0.000000 0.370395 0.000000 0.000000 0.000000 0.000000 0.000000
 0.000000 0.000000 0.000000 0.000000 0.497702 0.000000 0.000000 0.000000 0.000000 0.000000 0.001046 0.000000 0.003546 0.000000 0.000000 0.000000 0.000000 0.497707 0.000000 0.000000
 0.000000 0.000000 0.000000 0.000001 0.000000 0.000000 0.500001 0.000000 0.000000 0.000000 0.000000 0.000000 0.000000 0.000000 0.000000 0.000000 0.000000 0.000000 0.000000 0.499998
 0.000000 0.000000 0.404219 0.000000 0.405895 0.000000 0.000000 0.187848 0.000853 0.000000 0.000000 0.001185 0.000000 0.000000 0.000000 0.000000 0.000000 0.000000 0.000000 0.000000
 0.000000 0.499282 0.499255 0.000000 0.000000 0.000000 0.000000 0.000000 0.000000 0.000000 0.001457 0.000000 0.000000 0.000005 0.000000 0.000000 0.000000 0.000001 0.000000 0.000000
 0.000000 0.000000 0.000000 0.000000 0.000000 0.000000 0.000000 0.000000 0.003549 0.000000 0.000000 0.000000 0.000000 0.000000 0.000000 0.498248 0.498201 0.000000 0.000000 0.000001
 0.000000 0.000000 0.000000 0.499997 0.000000 0.000000 0.000000 0.000000 0.000000 0.000000 0.000000 0.000005 0.000000 0.000000 0.000000 0.000000 0.000000 0.000000 0.499998 0.000000
 0.414496 0.172957 0.000000 0.000000 0.000000 0.000000 0.000000 0.412548 0.000000 0.000000 0.000000 0.000000 0.000000 0.000000 0.000000 0.000000 0.000000 0.000000 0.000000 0.000000
 0.000000 0.000000 0.000000 0.000000 0.000000 0.000000 0.000000 0.000000 0.000000 0.000000 0.000000 0.000000 0.500000 0.000000 0.000000 0.000000 0.000000 0.000000 0.000000 0.500000
 0.000000 0.000000 0.000000 0.000000 0.000477 0.499785 0.000000 0.000000 0.000000 0.000000 0.000000 0.000000 0.499738 0.000000 0.000000 0.000000 0.000000 0.000000 0.000000 0.000000
 0.000000 0.000000 0.000169 0.000000 0.000000 0.000000 0.000000 0.000000 0.499914 0.000000 0.000000 0.000001 0.000000 0.000000 0.000000 0.000000 0.000000 0.000000 0.499916 0.000000
 0.000000 0.000000 0.000000 0.000000 0.000000 0.000000 0.000000 0.000000 0.000000 0.000000 0.000000 0.000000 0.000000 0.500000 0.000000 0.000000 0.000000 0.500000 0.000000 0.000000
 0.000000 0.000000 0.000000 0.000000 0.000000 0.000000 0.000000 0.000000 0.000000 0.499998 0.000000 0.000000 0.000001 0.000000 0.000000 0.500001 0.000000 0.000000 0.000000 0.000000
the mean of prob-rank is 1.5263157894736843
the number of false negetive edges is 0
the number of probability greater than 0 is 3.1/edge
