20
 0.000000 0.000000 0.500001 0.000000 0.499999 0.000000 0.000000 0.000000 0.000000 0.000000 0.000000 0.000000 0.000000 0.000000 0.000000 0.000000 0.000000 0.000000 0.000000 0.000000
 0.000000 0.000000 0.496427 0.000001 0.000000 0.000000 0.000000 0.000000 0.000000 0.017762 0.000000 0.000000 0.000000 0.000000 0.000000 0.485810 0.000000 0.000000 0.000000 0.000000
 0.500000 0.500000 0.000000 0.000000 0.000000 0.000000 0.000000 0.000000 0.000000 0.000000 0.000000 0.000000 0.000000 0.000000 0.000000 0.000000 0.000000 0.000000 0.000000 0.000000
 0.000000 0.000001 0.000000 0.000000 0.000000 0.081950 0.000000 0.000000 0.034813 0.246156 0.000000 0.334677 0.000000 0.000000 0.000000 0.302247 0.000157 0.000000 0.000000 0.000000
 0.383593 0.000000 0.000000 0.000000 0.000000 0.000000 0.000000 0.000000 0.000000 0.000000 0.000000 0.000000 0.000000 0.235850 0.000000 0.000000 0.000000 0.380555 0.000000 0.000001
 0.000000 0.000000 0.000000 0.109137 0.000000 0.000000 0.000000 0.000000 0.000000 0.000000 0.000000 0.000000 0.000000 0.000000 0.000000 0.000000 0.445158 0.000000 0.000000 0.445705
 0.000000 0.000000 0.000000 0.000000 0.000000 0.000000 0.000000 0.000000 0.000000 0.000000 0.000000 0.000000 0.500001 0.000000 0.499999 0.000000 0.000000 0.000000 0.000000 0.000000
 0.000000 0.000000 0.000000 0.000000 0.000000 0.000000 0.000000 0.000000 0.000000 0.000000 0.499996 0.000008 0.000000 0.000000 0.000000 0.000000 0.000000 0.000000 0.499996 0.000000
 0.000000 0.000000 0.000000 0.037345 0.000000 0.000000 0.000000 0.000000 0.000000 0.247567 0.000000 0.358646 0.000000 0.000000 0.000000 0.000000 0.000000 0.000000 0.356442 0.000000
 0.000000 0.012397 0.000000 0.254828 0.000000 0.000000 0.000000 0.000000 0.238910 0.000000 0.000000 0.000002 0.000000 0.000000 0.000000 0.346466 0.000000 0.000000 0.147397 0.000000
 0.000000 0.000000 0.000000 0.000000 0.000000 0.000000 0.000000 0.500001 0.000000 0.000000 0.000000 0.000000 0.000000 0.000000 0.499999 0.000000 0.000000 0.000000 0.000000 0.000000
 0.000000 0.000000 0.000000 0.414371 0.000000 0.000000 0.000000 0.000007 0.413937 0.000003 0.000000 0.000000 0.000000 0.000000 0.000000 0.000000 0.171431 0.000000 0.000250 0.000000
 0.000000 0.000000 0.000000 0.000000 0.000000 0.000000 0.500000 0.000000 0.000000 0.000000 0.000000 0.000000 0.000000 0.000000 0.000000 0.000000 0.500000 0.000000 0.000000 0.000000
 0.000000 0.000000 0.000000 0.000000 0.237281 0.000000 0.000000 0.000000 0.000000 0.000000 0.000000 0.000000 0.000000 0.000000 0.000000 0.000000 0.000000 0.385922 0.000000 0.376797
 0.000000 0.000000 0.000000 0.000000 0.000000 0.000000 0.500000 0.000000 0.000000 0.000000 0.500000 0.000000 0.000000 0.000000 0.000000 0.000000 0.000000 0.000000 0.000000 0.000000
 0.000000 0.339595 0.000000 0.313390 0.000000 0.000000 0.000000 0.000000 0.000000 0.347015 0.000000 0.000000 0.000000 0.000000 0.000000 0.000000 0.000000 0.000000 0.000000 0.000000
 0.000000 0.000000 0.000000 0.000194 0.000000 0.413921 0.000000 0.000000 0.000000 0.000000 0.000000 0.171455 0.414430 0.000000 0.000000 0.000000 0.000000 0.000000 0.000000 0.000000
 0.000000 0.000000 0.000000 0.000000 0.352901 0.000000 0.000000 0.000000 0.000000 0.000000 0.000000 0.000000 0.000000 0.355720 0.000000 0.000000 0.000000 0.000000 0.000000 0.291379
 0.000000 0.000000 0.000000 0.000000 0.000000 0.000000 0.000000 0.413421 0.410449 0.175880 0.000000 0.000250 0.000000 0.000000 0.000000 0.000000 0.000000 0.000000 0.000000 0.000000
 0.000000 0.000000 0.000000 0.000000 0.000001 0.357720 0.000000 0.000000 0.000000 0.000000 0.000000 0.000000 0.000000 0.349262 0.000000 0.000000 0.000000 0.293017 0.000000 0.000000
the mean of prob-rank is 1.631578947368421
the number of false negetive edges is 0
the number of probability greater than 0 is 3.4/edge
