20
 0.000000 0.000000 0.000000 0.000000 0.000000 0.000000 0.288552 0.000000 0.339887 0.000000 0.000000 0.000000 0.030782 0.340778 0.000000 0.000000 0.000001 0.000000 0.000000 0.000000
 0.000000 0.000000 0.000000 0.000000 0.058721 0.000027 0.000000 0.000000 0.000000 0.470937 0.000000 0.000000 0.000000 0.000000 0.000000 0.470314 0.000000 0.000000 0.000000 0.000000
 0.000000 0.000000 0.000000 0.000000 0.000000 0.000000 0.000000 0.002943 0.000000 0.000000 0.479795 0.481341 0.000000 0.000000 0.000000 0.035921 0.000000 0.000000 0.000000 0.000000
 0.000000 0.000000 0.000000 0.000000 0.000000 0.000000 0.000000 0.000000 0.000000 0.000000 0.500024 0.000000 0.000000 0.000000 0.000000 0.000001 0.000000 0.000000 0.499975 0.000000
 0.000000 0.058694 0.000000 0.000000 0.000000 0.470711 0.000000 0.000000 0.000000 0.000000 0.000000 0.000000 0.000000 0.000000 0.000000 0.470595 0.000000 0.000000 0.000000 0.000000
 0.000000 0.000029 0.000000 0.000000 0.499982 0.000000 0.000000 0.000000 0.000000 0.000000 0.000000 0.000000 0.000000 0.000000 0.000000 0.000000 0.000000 0.499989 0.000000 0.000000
 0.291107 0.000000 0.000000 0.000000 0.000000 0.000000 0.000000 0.000000 0.345627 0.000000 0.000000 0.000000 0.329061 0.031033 0.000000 0.000000 0.003124 0.000000 0.000000 0.000048
 0.000000 0.000000 0.003047 0.000000 0.000000 0.000000 0.000000 0.000000 0.000000 0.000000 0.000000 0.498478 0.000000 0.000000 0.000000 0.000000 0.498475 0.000000 0.000000 0.000000
 0.362318 0.000000 0.000000 0.000000 0.000000 0.000000 0.365203 0.000000 0.000000 0.000000 0.000000 0.000000 0.237255 0.035218 0.000000 0.000000 0.000000 0.000000 0.000000 0.000006
 0.000000 0.500000 0.000000 0.000000 0.000000 0.000000 0.000000 0.000000 0.000000 0.000000 0.000000 0.000000 0.000000 0.000000 0.500000 0.000000 0.000000 0.000000 0.000000 0.000000
 0.000000 0.000000 0.473946 0.475473 0.000000 0.000000 0.000000 0.000000 0.000000 0.000000 0.000000 0.000134 0.000000 0.000000 0.000000 0.050447 0.000000 0.000000 0.000000 0.000000
 0.000000 0.000000 0.499929 0.000000 0.000000 0.000000 0.000000 0.499929 0.000000 0.000000 0.000141 0.000000 0.000000 0.000000 0.000000 0.000000 0.000000 0.000000 0.000000 0.000000
 0.032244 0.000000 0.000000 0.000000 0.000000 0.000000 0.341669 0.000000 0.233140 0.000000 0.000000 0.000000 0.000000 0.034099 0.000000 0.000000 0.000000 0.000000 0.000000 0.358847
 0.437048 0.000000 0.000000 0.000000 0.000000 0.000000 0.039450 0.000000 0.042370 0.000000 0.000000 0.000000 0.041749 0.000000 0.000000 0.000000 0.439383 0.000000 0.000000 0.000000
 0.000000 0.000000 0.000000 0.000000 0.000000 0.000000 0.000000 0.000000 0.000000 0.500000 0.000000 0.000000 0.000000 0.000000 0.000000 0.000000 0.000000 0.000000 0.500000 0.000000
 0.000000 0.458289 0.034246 0.000001 0.458776 0.000000 0.000000 0.000000 0.000000 0.000000 0.048689 0.000000 0.000000 0.000000 0.000000 0.000000 0.000000 0.000000 0.000000 0.000000
 0.000002 0.000000 0.000000 0.000000 0.000000 0.000000 0.004499 0.497747 0.000000 0.000000 0.000000 0.000000 0.000000 0.497751 0.000000 0.000000 0.000000 0.000000 0.000000 0.000000
 0.000000 0.000000 0.000000 0.000000 0.000000 0.500000 0.000000 0.000000 0.000000 0.000000 0.000000 0.000000 0.000000 0.000000 0.000000 0.000000 0.000000 0.000000 0.000000 0.500000
 0.000000 0.000000 0.000000 0.499975 0.000000 0.000000 0.000000 0.000000 0.000000 0.000000 0.000000 0.000000 0.000000 0.000000 0.500025 0.000000 0.000000 0.000000 0.000000 0.000000
 0.000000 0.000000 0.000000 0.000000 0.000000 0.000000 0.000069 0.000000 0.000009 0.000000 0.000000 0.000000 0.499941 0.000000 0.000000 0.000000 0.000000 0.499981 0.000000 0.000000
the mean of prob-rank is 1.5263157894736843
the number of false negetive edges is 0
the number of probability greater than 0 is 3.65/edge
