20
 0.000000 0.000000 0.000000 0.500007 0.499993 0.000000 0.000000 0.000001 0.000000 0.000000 0.000000 0.000000 0.000000 0.000000 0.000000 0.000000 0.000000 0.000000 0.000000 0.000000
 0.000000 0.000000 0.000000 0.000000 0.000000 0.000000 0.000000 0.000000 0.000000 0.000000 0.000001 0.499424 0.000000 0.000000 0.000000 0.000000 0.000000 0.001174 0.499401 0.000000
 0.000000 0.000000 0.000000 0.000000 0.000000 0.000000 0.497402 0.000000 0.005236 0.000000 0.000000 0.000000 0.000000 0.000000 0.000000 0.497362 0.000000 0.000000 0.000000 0.000000
 0.500026 0.000000 0.000000 0.000000 0.000001 0.000000 0.000000 0.499973 0.000000 0.000000 0.000000 0.000000 0.000000 0.000000 0.000000 0.000000 0.000000 0.000000 0.000000 0.000000
 0.494158 0.000000 0.000000 0.000001 0.000000 0.000000 0.493976 0.000000 0.000000 0.000000 0.000000 0.000000 0.000000 0.000000 0.000000 0.011866 0.000000 0.000000 0.000000 0.000000
 0.000000 0.000000 0.000000 0.000000 0.000000 0.000000 0.000000 0.000000 0.000000 0.000000 0.000000 0.500002 0.000000 0.000000 0.000000 0.000000 0.499998 0.000000 0.000000 0.000000
 0.000000 0.000000 0.463642 0.000000 0.463457 0.000000 0.000000 0.000000 0.072889 0.000000 0.000000 0.000000 0.000000 0.000000 0.000000 0.000000 0.000000 0.000012 0.000000 0.000000
 0.000001 0.000000 0.000000 0.499977 0.000000 0.000000 0.000000 0.000000 0.000000 0.000000 0.000000 0.000000 0.000000 0.500022 0.000000 0.000000 0.000000 0.000000 0.000000 0.000000
 0.000000 0.000000 0.004849 0.000000 0.000000 0.000000 0.072416 0.000000 0.000000 0.000000 0.006353 0.000000 0.001086 0.000000 0.000000 0.454557 0.000000 0.460619 0.000121 0.000000
 0.000000 0.000000 0.000000 0.000000 0.000000 0.000000 0.000000 0.000000 0.000000 0.000000 0.000000 0.000000 0.499958 0.000000 0.000055 0.000000 0.000000 0.000000 0.000000 0.499986
 0.000000 0.000001 0.000000 0.000000 0.000000 0.000000 0.000000 0.000000 0.006849 0.000000 0.000000 0.000000 0.496599 0.000000 0.000000 0.000000 0.496551 0.000000 0.000000 0.000000
 0.000000 0.500000 0.000000 0.000000 0.000000 0.500000 0.000000 0.000000 0.000000 0.000000 0.000000 0.000000 0.000000 0.000000 0.000000 0.000000 0.000000 0.000000 0.000000 0.000000
 0.000000 0.000000 0.000000 0.000000 0.000000 0.000000 0.000000 0.000000 0.001173 0.497659 0.497687 0.000000 0.000000 0.000000 0.000000 0.003161 0.000000 0.000000 0.000000 0.000319
 0.000000 0.000000 0.000000 0.000000 0.000000 0.000000 0.000000 0.499473 0.000000 0.000000 0.000000 0.000000 0.000000 0.000000 0.499481 0.000000 0.000000 0.000000 0.000000 0.001046
 0.000000 0.000000 0.000000 0.000000 0.000000 0.000000 0.000000 0.000000 0.000000 0.000054 0.000000 0.000000 0.000000 0.488927 0.000000 0.000000 0.022330 0.000000 0.000000 0.488689
 0.000000 0.000000 0.475565 0.000000 0.011420 0.000000 0.000000 0.000000 0.469330 0.000000 0.000000 0.000000 0.003021 0.000000 0.000000 0.000000 0.000000 0.000000 0.000000 0.040664
 0.000000 0.000000 0.000000 0.000000 0.000000 0.488858 0.000000 0.000000 0.000000 0.000000 0.488815 0.000000 0.000000 0.000000 0.022327 0.000000 0.000000 0.000000 0.000000 0.000000
 0.000000 0.001174 0.000000 0.000000 0.000000 0.000000 0.000013 0.000000 0.499398 0.000000 0.000000 0.000000 0.000000 0.000000 0.000000 0.000000 0.000000 0.000000 0.499414 0.000000
 0.000000 0.499923 0.000000 0.000000 0.000000 0.000000 0.000000 0.000000 0.000131 0.000000 0.000000 0.000000 0.000000 0.000000 0.000000 0.000000 0.000000 0.499946 0.000000 0.000000
 0.000000 0.000000 0.000000 0.000000 0.000000 0.000000 0.000000 0.000000 0.000000 0.478985 0.000000 0.000000 0.000307 0.001003 0.478752 0.040953 0.000000 0.000000 0.000000 0.000000
the mean of prob-rank is 1.5789473684210527
the number of false negetive edges is 0
the number of probability greater than 0 is 3.4/edge
