20
 0.000000 0.000000 0.000000 0.000000 0.000000 0.000000 0.364412 0.275900 0.000000 0.009274 0.000000 0.345978 0.004435 0.000001 0.000000 0.000000 0.000000 0.000000 0.000000 0.000000
 0.000000 0.000000 0.000000 0.000000 0.362117 0.000000 0.000000 0.000000 0.000000 0.000000 0.000000 0.000000 0.000000 0.000000 0.325498 0.000000 0.000000 0.000000 0.312385 0.000000
 0.000000 0.000000 0.000000 0.000000 0.000000 0.236042 0.000000 0.000000 0.243130 0.000000 0.000045 0.000000 0.000000 0.000000 0.000000 0.266277 0.000000 0.254505 0.000000 0.000000
 0.000000 0.000000 0.000000 0.000000 0.000000 0.000000 0.002529 0.000000 0.000000 0.498729 0.000000 0.000000 0.000000 0.000000 0.498742 0.000000 0.000000 0.000000 0.000000 0.000000
 0.000000 0.364519 0.000000 0.000000 0.000000 0.000000 0.000000 0.000000 0.000000 0.000000 0.000000 0.000000 0.000000 0.000000 0.000000 0.000000 0.000000 0.000000 0.300552 0.334929
 0.000000 0.000000 0.306353 0.000000 0.000000 0.000000 0.000000 0.000000 0.322304 0.000000 0.000000 0.000000 0.000000 0.016446 0.000000 0.003227 0.000000 0.351671 0.000000 0.000000
 0.439592 0.000000 0.000000 0.002229 0.000000 0.000000 0.000000 0.134023 0.000000 0.000000 0.000000 0.000004 0.000000 0.424146 0.000001 0.000000 0.000000 0.000000 0.000000 0.000004
 0.244140 0.000000 0.000000 0.000000 0.000000 0.000000 0.098312 0.000000 0.000000 0.000001 0.000000 0.319486 0.322502 0.015559 0.000000 0.000000 0.000000 0.000000 0.000000 0.000000
 0.000000 0.000000 0.223265 0.000000 0.000000 0.228042 0.000000 0.000000 0.000000 0.000000 0.000000 0.000000 0.000000 0.216365 0.000000 0.001486 0.000000 0.084087 0.000000 0.246755
 0.012492 0.000000 0.000000 0.490905 0.000000 0.000000 0.000000 0.000002 0.000000 0.000000 0.000000 0.489714 0.006887 0.000000 0.000000 0.000000 0.000000 0.000000 0.000000 0.000000
 0.000000 0.000000 0.000079 0.000000 0.000000 0.000000 0.000000 0.000000 0.000000 0.000000 0.000000 0.000000 0.000000 0.000000 0.000000 0.475802 0.475723 0.048397 0.000000 0.000000
 0.293012 0.000000 0.000000 0.000000 0.000000 0.000000 0.000003 0.305775 0.000000 0.307905 0.000000 0.000000 0.093305 0.000000 0.000000 0.000000 0.000000 0.000000 0.000000 0.000000
 0.005249 0.000000 0.000000 0.000000 0.000000 0.000000 0.000000 0.431393 0.000000 0.006052 0.000000 0.130405 0.000000 0.426692 0.000000 0.000000 0.000000 0.000209 0.000000 0.000000
 0.000001 0.000000 0.000000 0.000000 0.000000 0.011284 0.232783 0.011641 0.209816 0.000000 0.000000 0.000000 0.238661 0.000000 0.000000 0.000000 0.000000 0.093148 0.000000 0.202667
 0.000000 0.323603 0.000000 0.360008 0.000000 0.000000 0.000001 0.000000 0.000000 0.000000 0.000000 0.000000 0.000000 0.000000 0.000000 0.000000 0.000000 0.000000 0.000000 0.316388
 0.000000 0.000000 0.390173 0.000000 0.000000 0.003643 0.000000 0.000000 0.002371 0.000000 0.397036 0.000000 0.000000 0.000000 0.000000 0.000000 0.000000 0.206687 0.000000 0.000090
 0.000000 0.000000 0.000000 0.000000 0.000000 0.000000 0.000000 0.000000 0.000000 0.000000 0.499915 0.000000 0.000000 0.000000 0.000000 0.000000 0.000000 0.000000 0.499998 0.000087
 0.000000 0.000000 0.285838 0.000000 0.000000 0.304318 0.000000 0.000000 0.102842 0.000000 0.030954 0.000000 0.000147 0.117480 0.000000 0.158421 0.000000 0.000000 0.000000 0.000000
 0.000000 0.321029 0.000000 0.000000 0.306833 0.000000 0.000000 0.000000 0.000000 0.000000 0.000000 0.000000 0.000000 0.000000 0.000000 0.000000 0.372138 0.000000 0.000000 0.000000
 0.000000 0.000000 0.000000 0.000000 0.253141 0.000000 0.000002 0.000000 0.273217 0.000000 0.000000 0.000000 0.000000 0.231406 0.242124 0.000062 0.000048 0.000000 0.000000 0.000000
the mean of prob-rank is 1.894736842105263
the number of false negetive edges is 0
the number of probability greater than 0 is 5.05/edge
