20
 0.000000 0.000000 0.000000 0.000000 0.000000 0.000000 0.000000 0.000000 0.000000 0.000000 0.000000 0.000000 0.000000 0.000000 0.500000 0.000000 0.500000 0.000000 0.000000 0.000000
 0.000000 0.000000 0.000000 0.000000 0.000000 0.000000 0.000000 0.000000 0.499998 0.000000 0.000000 0.000000 0.000000 0.000000 0.000006 0.000000 0.000000 0.000000 0.000000 0.499996
 0.000000 0.000000 0.000000 0.000000 0.000000 0.500001 0.000000 0.000000 0.000000 0.000000 0.000000 0.000000 0.000000 0.000000 0.000000 0.000000 0.000000 0.499998 0.000001 0.000000
 0.000000 0.000000 0.000000 0.000000 0.000000 0.000000 0.000000 0.000000 0.000000 0.005560 0.000000 0.008532 0.492953 0.000014 0.492941 0.000000 0.000000 0.000000 0.000000 0.000000
 0.000000 0.000000 0.000000 0.000000 0.000000 0.000000 0.500005 0.499995 0.000000 0.000000 0.000000 0.000000 0.000000 0.000000 0.000000 0.000000 0.000000 0.000000 0.000000 0.000000
 0.000000 0.000000 0.500000 0.000000 0.000000 0.000000 0.000000 0.000000 0.000000 0.000000 0.000000 0.000000 0.000000 0.000000 0.000000 0.000000 0.000000 0.000000 0.500000 0.000000
 0.000000 0.000000 0.000000 0.000000 0.499907 0.000000 0.000000 0.000000 0.000000 0.000000 0.000000 0.000000 0.000000 0.000188 0.000000 0.000000 0.000000 0.000000 0.499905 0.000000
 0.000000 0.000000 0.000000 0.000000 0.499995 0.000000 0.000000 0.000000 0.000000 0.000000 0.000000 0.000000 0.000000 0.000000 0.000000 0.500005 0.000000 0.000000 0.000000 0.000000
 0.000000 0.499698 0.000000 0.000000 0.000000 0.000000 0.000000 0.000000 0.000000 0.000000 0.000000 0.000000 0.000000 0.000000 0.000000 0.000000 0.000000 0.499582 0.000000 0.000721
 0.000000 0.000000 0.000000 0.005359 0.000000 0.000000 0.000000 0.000000 0.000000 0.000000 0.000000 0.028636 0.474990 0.015917 0.000000 0.000000 0.000000 0.000000 0.000000 0.475098
 0.000000 0.000000 0.000000 0.000000 0.000000 0.000000 0.000000 0.000000 0.000000 0.000000 0.000000 0.375530 0.000000 0.220867 0.000000 0.019222 0.384381 0.000000 0.000000 0.000000
 0.000000 0.000000 0.000000 0.006349 0.000000 0.000000 0.000000 0.000000 0.000000 0.022112 0.358413 0.000000 0.047388 0.366865 0.000001 0.198871 0.000000 0.000000 0.000000 0.000000
 0.000000 0.000000 0.000000 0.462508 0.000000 0.000000 0.000000 0.000000 0.000000 0.462403 0.000000 0.059742 0.000000 0.015347 0.000000 0.000000 0.000000 0.000000 0.000000 0.000000
 0.000000 0.000000 0.000000 0.000010 0.000000 0.000000 0.000137 0.000000 0.000000 0.012252 0.210133 0.365703 0.012135 0.000000 0.044247 0.355382 0.000000 0.000000 0.000002 0.000000
 0.471480 0.000006 0.000000 0.471469 0.000000 0.000000 0.000000 0.000000 0.000000 0.000000 0.000000 0.000001 0.000000 0.057045 0.000000 0.000000 0.000000 0.000000 0.000000 0.000000
 0.000000 0.000000 0.000000 0.000000 0.000000 0.000000 0.000000 0.390036 0.000000 0.000000 0.019505 0.211431 0.000000 0.379027 0.000000 0.000000 0.000000 0.000000 0.000000 0.000000
 0.500003 0.000000 0.000000 0.000000 0.000000 0.000000 0.000000 0.000000 0.000000 0.000000 0.499997 0.000000 0.000000 0.000000 0.000000 0.000000 0.000000 0.000000 0.000000 0.000000
 0.000000 0.000000 0.500057 0.000000 0.000000 0.000000 0.000000 0.000000 0.499943 0.000000 0.000000 0.000000 0.000000 0.000000 0.000000 0.000000 0.000000 0.000000 0.000000 0.000001
 0.000000 0.000000 0.000001 0.000000 0.000000 0.499999 0.499997 0.000000 0.000000 0.000000 0.000000 0.000000 0.000000 0.000003 0.000000 0.000000 0.000000 0.000000 0.000000 0.000000
 0.000000 0.499638 0.000000 0.000000 0.000000 0.000000 0.000000 0.000000 0.000721 0.499640 0.000000 0.000000 0.000000 0.000000 0.000000 0.000000 0.000000 0.000001 0.000000 0.000000
the mean of prob-rank is 1.5789473684210527
the number of false negetive edges is 0
the number of probability greater than 0 is 3.65/edge
