20
 0.000000 0.463005 0.000000 0.000000 0.000000 0.468896 0.000000 0.000000 0.000000 0.000000 0.000000 0.000000 0.000000 0.000000 0.000000 0.000000 0.000000 0.000000 0.000000 0.068099
 0.408833 0.000000 0.000000 0.000000 0.000000 0.177133 0.000000 0.414035 0.000000 0.000000 0.000000 0.000000 0.000000 0.000000 0.000000 0.000000 0.000000 0.000000 0.000000 0.000000
 0.000000 0.000000 0.000000 0.000000 0.481178 0.000000 0.002120 0.000000 0.000052 0.036660 0.000000 0.000000 0.000000 0.000000 0.000000 0.479989 0.000000 0.000000 0.000000 0.000000
 0.000000 0.000000 0.000000 0.000000 0.000000 0.000000 0.000000 0.000000 0.446604 0.000000 0.000000 0.000000 0.446276 0.000000 0.000000 0.000000 0.000000 0.000000 0.107121 0.000000
 0.000000 0.000000 0.498791 0.000000 0.000000 0.000000 0.499042 0.000000 0.000000 0.000001 0.000000 0.000000 0.000000 0.000000 0.000000 0.000000 0.000000 0.002165 0.000000 0.000000
 0.412281 0.176383 0.000000 0.000000 0.000000 0.000000 0.000000 0.000000 0.000000 0.000000 0.000000 0.000000 0.000000 0.000000 0.000000 0.000000 0.000000 0.000000 0.000000 0.411336
 0.000000 0.000000 0.002194 0.000000 0.498276 0.000000 0.000000 0.000000 0.498272 0.000000 0.000000 0.000000 0.000000 0.000000 0.000000 0.000000 0.000000 0.001257 0.000000 0.000000
 0.000000 0.499637 0.000000 0.000000 0.000000 0.000000 0.000000 0.000000 0.000000 0.000000 0.000000 0.499616 0.000000 0.000000 0.000000 0.000000 0.000000 0.000748 0.000000 0.000000
 0.000000 0.000000 0.000054 0.499986 0.000000 0.000000 0.499960 0.000000 0.000000 0.000000 0.000000 0.000000 0.000000 0.000000 0.000000 0.000000 0.000000 0.000000 0.000000 0.000000
 0.000000 0.000000 0.036672 0.000000 0.000001 0.000000 0.000000 0.000000 0.000000 0.000000 0.000000 0.001465 0.000018 0.000000 0.000000 0.481060 0.000000 0.480785 0.000000 0.000000
 0.000000 0.000000 0.000000 0.000000 0.000000 0.000000 0.000000 0.000000 0.000000 0.000000 0.000000 0.000000 0.004006 0.499753 0.000325 0.000000 0.000000 0.000000 0.495916 0.000000
 0.000000 0.000000 0.000000 0.000000 0.000000 0.000000 0.000000 0.499230 0.000000 0.001518 0.000000 0.000000 0.000000 0.000000 0.000000 0.000000 0.000000 0.499251 0.000000 0.000000
 0.000000 0.000000 0.000000 0.497801 0.000000 0.000000 0.000000 0.000000 0.000000 0.000019 0.003994 0.000000 0.000000 0.000000 0.000013 0.000006 0.000000 0.000000 0.498167 0.000000
 0.000000 0.000000 0.000000 0.000000 0.000000 0.000000 0.000000 0.000000 0.000000 0.000000 0.494325 0.000000 0.000000 0.000000 0.494317 0.000000 0.011358 0.000000 0.000000 0.000000
 0.000000 0.000000 0.000000 0.000000 0.000000 0.000000 0.000000 0.000000 0.000000 0.000000 0.000278 0.000000 0.000011 0.426929 0.000000 0.000000 0.426855 0.000000 0.145926 0.000000
 0.000000 0.000000 0.491101 0.000000 0.000000 0.000000 0.000000 0.000000 0.000000 0.492045 0.000000 0.000000 0.000006 0.000000 0.000000 0.000000 0.000000 0.016848 0.000000 0.000000
 0.000000 0.000000 0.000000 0.000000 0.000000 0.000000 0.000000 0.000000 0.000000 0.000000 0.000000 0.000000 0.000000 0.011359 0.494274 0.000000 0.000000 0.000000 0.000000 0.494367
 0.000000 0.000000 0.000000 0.000000 0.002126 0.000000 0.001236 0.000733 0.000000 0.489164 0.000000 0.489982 0.000000 0.000000 0.000000 0.016759 0.000000 0.000000 0.000000 0.000000
 0.000000 0.000000 0.000000 0.093185 0.000000 0.000000 0.000000 0.000000 0.000000 0.000000 0.385521 0.000000 0.388504 0.000000 0.132790 0.000000 0.000000 0.000000 0.000000 0.000000
 0.067773 0.000000 0.000000 0.000000 0.000000 0.465579 0.000000 0.000000 0.000000 0.000000 0.000000 0.000000 0.000000 0.000000 0.000000 0.000000 0.466648 0.000000 0.000000 0.000000
the mean of prob-rank is 1.5263157894736843
the number of false negetive edges is 0
the number of probability greater than 0 is 3.9/edge
