20
 0.000000 0.000000 0.000000 0.000000 0.000000 0.004651 0.462089 0.000000 0.000000 0.000000 0.000000 0.000001 0.461952 0.003418 0.000000 0.000000 0.000000 0.000000 0.067890 0.000000
 0.000000 0.000000 0.115490 0.000000 0.430562 0.000000 0.000000 0.000000 0.000111 0.000000 0.000000 0.000000 0.000000 0.000000 0.024751 0.429086 0.000000 0.000000 0.000000 0.000000
 0.000000 0.118483 0.000000 0.000000 0.000000 0.000000 0.000000 0.000000 0.000000 0.439817 0.000000 0.000000 0.000000 0.000000 0.000000 0.000000 0.441700 0.000000 0.000000 0.000000
 0.000000 0.000000 0.000000 0.000000 0.000000 0.500000 0.000000 0.000000 0.000000 0.000000 0.000000 0.000000 0.000000 0.000000 0.000000 0.000000 0.500000 0.000000 0.000000 0.000000
 0.000000 0.280889 0.000000 0.000000 0.000000 0.000000 0.000000 0.000000 0.226517 0.000000 0.000000 0.000000 0.000000 0.000000 0.276357 0.216237 0.000000 0.000000 0.000000 0.000000
 0.004430 0.000000 0.000000 0.440163 0.000000 0.000000 0.440063 0.000000 0.000000 0.109186 0.000000 0.000000 0.006151 0.000000 0.000000 0.000000 0.000000 0.000000 0.000008 0.000000
 0.481256 0.000000 0.000000 0.000000 0.000000 0.481146 0.000000 0.000000 0.000000 0.000000 0.000000 0.000002 0.001278 0.036315 0.000000 0.000000 0.000000 0.000000 0.000003 0.000000
 0.000000 0.000000 0.000000 0.000000 0.000000 0.000000 0.000000 0.000000 0.034601 0.371618 0.376367 0.000000 0.000000 0.000000 0.000000 0.000090 0.000000 0.006404 0.000424 0.210495
 0.000000 0.000079 0.000000 0.000000 0.247188 0.000000 0.000000 0.028165 0.000000 0.000000 0.010286 0.000000 0.000000 0.000000 0.306521 0.050313 0.000000 0.298414 0.000000 0.059032
 0.000000 0.000000 0.334553 0.000000 0.000000 0.083348 0.000000 0.331585 0.000000 0.000000 0.202764 0.000000 0.000681 0.000000 0.000000 0.000000 0.000008 0.011486 0.035574 0.000001
 0.000000 0.000000 0.000000 0.000000 0.000000 0.000000 0.000000 0.389774 0.013087 0.235340 0.000000 0.000000 0.000000 0.000000 0.000000 0.001863 0.000000 0.000005 0.000021 0.359909
 0.000001 0.000000 0.000000 0.000000 0.000000 0.000000 0.000001 0.000000 0.000000 0.000000 0.000000 0.000000 0.012612 0.375915 0.000000 0.000000 0.000000 0.254131 0.357340 0.000000
 0.484728 0.000000 0.000000 0.000000 0.000000 0.006776 0.001288 0.000000 0.000000 0.000983 0.000000 0.016256 0.000000 0.002422 0.000000 0.000000 0.000000 0.002679 0.484869 0.000000
 0.002720 0.000000 0.000000 0.000000 0.000000 0.000000 0.027750 0.000000 0.000000 0.000000 0.000000 0.367503 0.001837 0.000000 0.000000 0.000000 0.000000 0.345854 0.254336 0.000000
 0.000000 0.022024 0.000000 0.000000 0.376935 0.000000 0.000000 0.000000 0.383116 0.000000 0.000000 0.000000 0.000000 0.000000 0.000000 0.001189 0.000000 0.216736 0.000000 0.000001
 0.000000 0.339353 0.000000 0.000000 0.262144 0.000000 0.000000 0.000081 0.055894 0.000000 0.001626 0.000000 0.000000 0.000000 0.001057 0.000000 0.000000 0.000000 0.000000 0.339845
 0.000000 0.000000 0.499983 0.500005 0.000000 0.000000 0.000000 0.000000 0.000000 0.000011 0.000000 0.000000 0.000000 0.000000 0.000000 0.000000 0.000000 0.000000 0.000000 0.000000
 0.000000 0.000000 0.000000 0.000000 0.000000 0.000000 0.000000 0.005264 0.301350 0.010581 0.000004 0.209115 0.001710 0.291104 0.175111 0.000000 0.000000 0.000000 0.005760 0.000000
 0.050416 0.000000 0.000000 0.000000 0.000000 0.000006 0.000002 0.000386 0.000000 0.036332 0.000019 0.325976 0.343153 0.237324 0.000000 0.000000 0.000000 0.006385 0.000000 0.000000
 0.000000 0.000000 0.000000 0.000000 0.000000 0.000000 0.000000 0.209163 0.072063 0.000001 0.345330 0.000000 0.000000 0.000000 0.000001 0.373442 0.000000 0.000000 0.000000 0.000000
the mean of prob-rank is 1.4736842105263157
the number of false negetive edges is 0
the number of probability greater than 0 is 6.1/edge
