20
 0.000000 0.000620 0.000000 0.000000 0.000000 0.000000 0.499694 0.000000 0.000000 0.000000 0.499686 0.000000 0.000000 0.000000 0.000000 0.000000 0.000000 0.000000 0.000000 0.000000
 0.000621 0.000000 0.000000 0.000000 0.499777 0.000000 0.499603 0.000000 0.000000 0.000000 0.000000 0.000000 0.000000 0.000000 0.000000 0.000000 0.000000 0.000000 0.000000 0.000000
 0.000000 0.000000 0.000000 0.000000 0.000000 0.000000 0.000000 0.490220 0.019801 0.000000 0.000000 0.000000 0.000000 0.000000 0.000000 0.000000 0.000000 0.000000 0.000000 0.489979
 0.000000 0.000000 0.000000 0.000000 0.000000 0.000000 0.000000 0.000022 0.000000 0.000000 0.000000 0.000000 0.357425 0.000000 0.354143 0.246031 0.000000 0.000000 0.000000 0.042378
 0.000000 0.359713 0.000000 0.000000 0.000000 0.000000 0.000344 0.000000 0.000000 0.000000 0.000000 0.000000 0.000000 0.283479 0.000000 0.000000 0.356465 0.000000 0.000000 0.000000
 0.000000 0.000000 0.000000 0.000000 0.000000 0.000000 0.000000 0.000000 0.500000 0.000000 0.500000 0.000000 0.000000 0.000000 0.000000 0.000000 0.000000 0.000000 0.000000 0.000000
 0.499848 0.499674 0.000000 0.000000 0.000478 0.000000 0.000000 0.000000 0.000000 0.000000 0.000000 0.000000 0.000000 0.000000 0.000000 0.000000 0.000000 0.000000 0.000000 0.000000
 0.000000 0.000000 0.500269 0.000031 0.000000 0.000000 0.000000 0.000000 0.499699 0.000000 0.000000 0.000000 0.000000 0.000000 0.000000 0.000000 0.000000 0.000000 0.000000 0.000000
 0.000000 0.000000 0.019807 0.000000 0.000000 0.490376 0.000000 0.489817 0.000000 0.000000 0.000000 0.000000 0.000000 0.000000 0.000000 0.000000 0.000000 0.000000 0.000000 0.000000
 0.000000 0.000000 0.000000 0.000000 0.000000 0.000000 0.000000 0.000000 0.000000 0.000000 0.000000 0.000001 0.000000 0.397624 0.000000 0.000000 0.180394 0.421981 0.000000 0.000000
 0.499996 0.000000 0.000000 0.000000 0.000000 0.500004 0.000000 0.000000 0.000000 0.000000 0.000000 0.000000 0.000000 0.000000 0.000000 0.000000 0.000000 0.000000 0.000000 0.000000
 0.000000 0.000000 0.000000 0.000000 0.000000 0.000000 0.000000 0.000000 0.000000 0.000002 0.000000 0.000000 0.000000 0.000000 0.000000 0.000000 0.000000 0.499997 0.500002 0.000000
 0.000000 0.000000 0.000000 0.330568 0.000000 0.000000 0.000000 0.000000 0.000000 0.000000 0.000000 0.000000 0.000000 0.000000 0.296496 0.317082 0.000000 0.000000 0.000000 0.055854
 0.000000 0.000000 0.000000 0.000000 0.288634 0.000000 0.000000 0.000000 0.000000 0.345113 0.000000 0.000000 0.000000 0.000000 0.000000 0.000000 0.366253 0.000000 0.000000 0.000000
 0.000000 0.000000 0.000000 0.343038 0.000000 0.000000 0.000000 0.000000 0.000000 0.000000 0.000000 0.000000 0.310533 0.000000 0.000000 0.000000 0.000000 0.000000 0.000000 0.346429
 0.000000 0.000000 0.000000 0.259933 0.000000 0.000000 0.000000 0.000000 0.000000 0.000000 0.000000 0.000000 0.362216 0.000000 0.000000 0.000000 0.000000 0.000000 0.377851 0.000000
 0.000000 0.000000 0.000000 0.000000 0.409752 0.000000 0.000000 0.000000 0.000000 0.176762 0.000000 0.000000 0.000000 0.413486 0.000000 0.000000 0.000000 0.000000 0.000000 0.000000
 0.000000 0.000000 0.000000 0.000000 0.000000 0.000000 0.000000 0.000000 0.000000 0.500003 0.000000 0.499997 0.000000 0.000000 0.000000 0.000000 0.000000 0.000000 0.000000 0.000000
 0.000000 0.000000 0.000000 0.000000 0.000000 0.000000 0.000000 0.000000 0.000000 0.000000 0.000000 0.500000 0.000000 0.000000 0.000000 0.500000 0.000000 0.000000 0.000000 0.000000
 0.000000 0.000000 0.437065 0.051815 0.000000 0.000000 0.000000 0.000000 0.000000 0.000000 0.000000 0.000000 0.073839 0.000000 0.437280 0.000000 0.000000 0.000000 0.000000 0.000000
the mean of prob-rank is 1.4736842105263157
the number of false negetive edges is 0
the number of probability greater than 0 is 3.1/edge
