20
 0.000000 0.220205 0.000000 0.000000 0.000000 0.000000 0.000037 0.000000 0.000000 0.000000 0.392340 0.000000 0.000152 0.387266 0.000000 0.000000 0.000000 0.000000 0.000000 0.000000
 0.183714 0.000000 0.000000 0.000000 0.326173 0.000000 0.000000 0.000000 0.000000 0.000000 0.015259 0.000000 0.000000 0.151838 0.000000 0.000000 0.323015 0.000000 0.000000 0.000000
 0.000000 0.000000 0.000000 0.377647 0.000000 0.000000 0.000000 0.252933 0.000000 0.000000 0.000000 0.000002 0.000000 0.000000 0.000000 0.000000 0.000000 0.369417 0.000000 0.000000
 0.000000 0.000000 0.499885 0.000000 0.000000 0.499885 0.000000 0.000000 0.000000 0.000000 0.000000 0.000000 0.000000 0.000000 0.000000 0.000000 0.000000 0.000229 0.000000 0.000000
 0.000000 0.371399 0.000000 0.000000 0.000000 0.000000 0.000000 0.000000 0.000000 0.195967 0.000000 0.000000 0.000000 0.372709 0.000000 0.000000 0.022161 0.000000 0.037764 0.000000
 0.000000 0.000000 0.000000 0.495550 0.000000 0.000000 0.495517 0.000000 0.000000 0.000000 0.000000 0.000000 0.008933 0.000000 0.000000 0.000000 0.000000 0.000000 0.000000 0.000000
 0.000047 0.000000 0.000000 0.000000 0.000000 0.498425 0.000000 0.000000 0.000000 0.000000 0.003070 0.000000 0.498458 0.000000 0.000000 0.000000 0.000000 0.000000 0.000000 0.000000
 0.000000 0.000000 0.177947 0.000000 0.000000 0.000000 0.000000 0.000000 0.166493 0.000000 0.000000 0.009708 0.000000 0.000000 0.254900 0.226170 0.014436 0.150346 0.000000 0.000000
 0.000000 0.000000 0.000000 0.000000 0.000000 0.000000 0.000000 0.176765 0.000000 0.000000 0.000000 0.000000 0.000000 0.000000 0.000000 0.053296 0.281926 0.000000 0.244892 0.243122
 0.000000 0.000000 0.000000 0.000000 0.160108 0.000000 0.000000 0.000000 0.000000 0.000000 0.000000 0.000000 0.000000 0.000000 0.000000 0.304509 0.000000 0.000000 0.270419 0.264964
 0.486506 0.022680 0.000000 0.000000 0.000000 0.000000 0.002997 0.000000 0.000000 0.000000 0.000000 0.000000 0.486479 0.000000 0.000000 0.000000 0.001337 0.000000 0.000000 0.000000
 0.000000 0.000000 0.000003 0.000000 0.000000 0.000000 0.000000 0.017983 0.000000 0.000000 0.000000 0.000000 0.000000 0.000000 0.489868 0.000000 0.000000 0.492147 0.000000 0.000000
 0.000191 0.000000 0.000000 0.000000 0.000000 0.008911 0.494291 0.000000 0.000000 0.000000 0.494263 0.000000 0.000000 0.000000 0.000000 0.000000 0.002344 0.000000 0.000000 0.000000
 0.402729 0.189265 0.000000 0.000000 0.408006 0.000000 0.000000 0.000000 0.000000 0.000000 0.000000 0.000000 0.000000 0.000000 0.000000 0.000000 0.000000 0.000000 0.000000 0.000000
 0.000000 0.000000 0.000000 0.000000 0.000000 0.000000 0.000000 0.323104 0.000000 0.000000 0.000000 0.335219 0.000000 0.000000 0.000000 0.272856 0.000000 0.068821 0.000000 0.000000
 0.000000 0.000000 0.000000 0.000000 0.000000 0.000000 0.000000 0.253677 0.056304 0.298001 0.000000 0.000000 0.000000 0.000000 0.241438 0.000000 0.000000 0.000000 0.019222 0.131357
 0.000000 0.463748 0.000000 0.000000 0.027942 0.000000 0.000000 0.025534 0.469679 0.000000 0.001291 0.000000 0.002229 0.000000 0.000000 0.000000 0.000000 0.000000 0.009416 0.000162
 0.000000 0.000000 0.355855 0.000167 0.000000 0.000000 0.000000 0.205855 0.000000 0.000000 0.000000 0.363783 0.000000 0.000000 0.074340 0.000000 0.000000 0.000000 0.000000 0.000000
 0.000000 0.000000 0.000000 0.000000 0.034440 0.000000 0.000000 0.000000 0.295087 0.301845 0.000000 0.000000 0.000000 0.000000 0.000000 0.021925 0.006810 0.000000 0.000000 0.339893
 0.000000 0.000000 0.000000 0.000000 0.000000 0.000000 0.000000 0.000000 0.271620 0.274217 0.000000 0.000000 0.000000 0.000000 0.000000 0.138913 0.000109 0.000000 0.315141 0.000000
the mean of prob-rank is 1.5789473684210527
the number of false negetive edges is 0
the number of probability greater than 0 is 4.8/edge
