20
 0.000000 0.000000 0.000000 0.000000 0.000000 0.000000 0.000000 0.000000 0.000000 0.000000 0.330369 0.352165 0.000000 0.000000 0.000000 0.000000 0.317465 0.000000 0.000000 0.000000
 0.000000 0.000000 0.000000 0.000000 0.500000 0.000000 0.000000 0.000000 0.000000 0.000000 0.000000 0.000000 0.000000 0.000000 0.000000 0.000000 0.500000 0.000000 0.000000 0.000000
 0.000000 0.000000 0.000000 0.000000 0.000000 0.000000 0.000000 0.000000 0.000000 0.000000 0.000000 0.308249 0.000000 0.000000 0.340158 0.000000 0.000000 0.000000 0.344901 0.006692
 0.000000 0.000000 0.000000 0.000000 0.000000 0.000000 0.000000 0.000000 0.500000 0.500000 0.000000 0.000000 0.000000 0.000000 0.000000 0.000000 0.000000 0.000000 0.000000 0.000000
 0.000000 0.353802 0.000000 0.000000 0.000000 0.334947 0.000000 0.000000 0.000000 0.000000 0.000000 0.000000 0.000000 0.311251 0.000000 0.000000 0.000000 0.000000 0.000000 0.000000
 0.000000 0.000000 0.000000 0.000000 0.331777 0.000000 0.000000 0.317771 0.000000 0.000000 0.000000 0.000000 0.000000 0.350453 0.000000 0.000000 0.000000 0.000000 0.000000 0.000000
 0.000000 0.000000 0.000000 0.000000 0.000000 0.000000 0.000000 0.000000 0.000000 0.000000 0.000000 0.045775 0.000000 0.000000 0.476709 0.477072 0.000000 0.000000 0.000000 0.000444
 0.000000 0.000000 0.000000 0.000000 0.000000 0.315018 0.000000 0.000000 0.347414 0.000000 0.000000 0.000000 0.000000 0.337569 0.000000 0.000000 0.000000 0.000000 0.000000 0.000000
 0.000000 0.000000 0.000000 0.500002 0.000000 0.000000 0.000000 0.499998 0.000000 0.000000 0.000000 0.000000 0.000000 0.000000 0.000000 0.000000 0.000000 0.000000 0.000000 0.000000
 0.000000 0.000000 0.000000 0.500000 0.000000 0.000000 0.000000 0.000000 0.000000 0.000000 0.000000 0.000000 0.500000 0.000000 0.000000 0.000000 0.000000 0.000000 0.000000 0.000000
 0.341607 0.000000 0.000000 0.000000 0.000000 0.000000 0.000000 0.000000 0.000000 0.000000 0.000000 0.294249 0.000000 0.000000 0.000000 0.000000 0.000000 0.364144 0.000000 0.000000
 0.343094 0.000000 0.296679 0.000000 0.000000 0.000000 0.032916 0.000000 0.000000 0.000000 0.277239 0.000000 0.000000 0.000000 0.000000 0.000000 0.049998 0.000000 0.000075 0.000000
 0.000000 0.000000 0.000000 0.000000 0.000000 0.000000 0.000000 0.000000 0.000000 0.384407 0.000000 0.000000 0.000000 0.000000 0.000000 0.000000 0.000000 0.000000 0.235735 0.379858
 0.000000 0.000000 0.000000 0.000000 0.308528 0.350707 0.000000 0.340765 0.000000 0.000000 0.000000 0.000000 0.000000 0.000000 0.000000 0.000000 0.000000 0.000000 0.000000 0.000000
 0.000000 0.000000 0.314641 0.000000 0.000000 0.000000 0.329443 0.000000 0.000000 0.000000 0.000000 0.000000 0.000000 0.000000 0.000000 0.000000 0.000000 0.000000 0.267347 0.088569
 0.000000 0.000000 0.000000 0.000000 0.000000 0.000000 0.499969 0.000000 0.000000 0.000000 0.000000 0.000000 0.000000 0.000000 0.000000 0.000000 0.000000 0.000000 0.000000 0.500031
 0.303630 0.336818 0.000000 0.000000 0.000000 0.000000 0.000000 0.000000 0.000000 0.000000 0.000000 0.049084 0.000000 0.000000 0.000000 0.000000 0.000000 0.310468 0.000000 0.000000
 0.000000 0.000000 0.000000 0.000000 0.000000 0.000000 0.000000 0.000000 0.000000 0.000000 0.358867 0.000000 0.000000 0.000000 0.000000 0.000000 0.330792 0.000000 0.310341 0.000000
 0.000000 0.000000 0.284623 0.000000 0.000000 0.000000 0.000000 0.000000 0.000000 0.000000 0.000000 0.000064 0.180401 0.000000 0.238515 0.000000 0.000000 0.254397 0.000000 0.042000
 0.000000 0.000000 0.007759 0.000000 0.000000 0.000000 0.000384 0.000000 0.000000 0.000000 0.000000 0.000000 0.408460 0.000000 0.111029 0.413352 0.000000 0.000000 0.059015 0.000000
the mean of prob-rank is 1.5789473684210527
the number of false negetive edges is 0
the number of probability greater than 0 is 3.4/edge
