20
 0.000000 0.004847 0.000000 0.353614 0.000000 0.000000 0.000000 0.347615 0.000000 0.278284 0.000000 0.001971 0.000000 0.000000 0.000000 0.013670 0.000000 0.000000 0.000000 0.000000
 0.006796 0.000000 0.000000 0.496863 0.496341 0.000000 0.000000 0.000000 0.000000 0.000000 0.000000 0.000000 0.000000 0.000000 0.000000 0.000000 0.000000 0.000000 0.000000 0.000000
 0.000000 0.000000 0.000000 0.000000 0.000000 0.000000 0.000000 0.000000 0.000000 0.000000 0.494289 0.000000 0.494504 0.011207 0.000000 0.000000 0.000000 0.000000 0.000000 0.000000
 0.495633 0.496724 0.000000 0.000000 0.000045 0.000000 0.000000 0.000000 0.007598 0.000000 0.000000 0.000000 0.000000 0.000000 0.000000 0.000000 0.000000 0.000000 0.000000 0.000000
 0.000000 0.461603 0.000000 0.000042 0.000000 0.000000 0.000000 0.000000 0.462097 0.000000 0.000000 0.000000 0.000000 0.000000 0.000000 0.000000 0.000000 0.076258 0.000000 0.000000
 0.000000 0.000000 0.000000 0.000000 0.000000 0.000000 0.486997 0.000000 0.000000 0.017109 0.000000 0.000000 0.000000 0.000000 0.000000 0.000000 0.000000 0.000001 0.487387 0.008506
 0.000000 0.000000 0.000000 0.000000 0.000000 0.478346 0.000000 0.000000 0.000000 0.000000 0.000000 0.000000 0.000000 0.000000 0.000000 0.000000 0.000000 0.478888 0.042766 0.000000
 0.302129 0.000000 0.000000 0.000000 0.000000 0.000000 0.000000 0.000000 0.000000 0.218777 0.000000 0.182701 0.000000 0.000000 0.000000 0.296393 0.000000 0.000000 0.000000 0.000000
 0.000000 0.000000 0.000000 0.007593 0.496405 0.000000 0.000000 0.000000 0.000000 0.000000 0.000000 0.000000 0.000000 0.000000 0.000000 0.000000 0.000000 0.496002 0.000000 0.000000
 0.178162 0.000000 0.000000 0.000000 0.000000 0.007962 0.000000 0.161152 0.000000 0.000000 0.000000 0.038415 0.000000 0.193726 0.000000 0.221558 0.000000 0.000000 0.000000 0.199025
 0.000000 0.000000 0.498940 0.000000 0.000000 0.000000 0.000000 0.000000 0.000000 0.000000 0.000000 0.000000 0.000000 0.499152 0.000000 0.000000 0.000000 0.000000 0.001909 0.000000
 0.002080 0.000000 0.000000 0.000000 0.000000 0.000000 0.000000 0.221875 0.000000 0.063334 0.000000 0.000000 0.000000 0.000000 0.374053 0.338658 0.000000 0.000000 0.000000 0.000000
 0.000000 0.000000 0.500000 0.000000 0.000000 0.000000 0.000000 0.000000 0.000000 0.000000 0.000000 0.000000 0.000000 0.000000 0.000000 0.000000 0.500000 0.000000 0.000000 0.000000
 0.000000 0.000000 0.007614 0.000000 0.000000 0.000000 0.000000 0.000000 0.000000 0.286849 0.335954 0.000000 0.000000 0.000000 0.000000 0.040251 0.000000 0.000000 0.000000 0.329332
 0.000001 0.000000 0.000000 0.000000 0.000000 0.000000 0.000000 0.000000 0.000000 0.000000 0.000000 0.499986 0.000000 0.000000 0.000000 0.000003 0.500010 0.000000 0.000000 0.000000
 0.012847 0.000000 0.000000 0.000000 0.000000 0.000000 0.000000 0.320484 0.000000 0.325232 0.000000 0.301531 0.000000 0.039904 0.000002 0.000000 0.000000 0.000000 0.000000 0.000000
 0.000000 0.000000 0.000000 0.000000 0.000000 0.000000 0.000000 0.000000 0.000000 0.000000 0.000000 0.000000 0.500000 0.000000 0.500000 0.000000 0.000000 0.000000 0.000000 0.000000
 0.000000 0.000000 0.000000 0.000000 0.076252 0.000001 0.462060 0.000000 0.461687 0.000000 0.000000 0.000000 0.000000 0.000000 0.000000 0.000000 0.000000 0.000000 0.000000 0.000000
 0.000000 0.000000 0.000000 0.000000 0.000000 0.477941 0.042695 0.000000 0.000000 0.000000 0.001828 0.000000 0.000000 0.000000 0.000000 0.000000 0.000000 0.000000 0.000000 0.477535
 0.000000 0.000000 0.000000 0.000000 0.000000 0.006071 0.000000 0.000000 0.000000 0.305242 0.000000 0.000000 0.000000 0.341118 0.000000 0.000000 0.000000 0.000000 0.347569 0.000000
the mean of prob-rank is 1.6842105263157894
the number of false negetive edges is 0
the number of probability greater than 0 is 3.9/edge
