20
 0.000000 0.500000 0.000000 0.000000 0.000000 0.000000 0.000000 0.000000 0.000000 0.000000 0.000000 0.000000 0.000000 0.000000 0.000000 0.000000 0.000000 0.500000 0.000000 0.000000
 0.500000 0.000000 0.000000 0.000000 0.000000 0.000000 0.000000 0.000000 0.000000 0.000000 0.000000 0.000000 0.000000 0.000000 0.500000 0.000000 0.000000 0.000000 0.000000 0.000000
 0.000000 0.000000 0.000000 0.000000 0.000000 0.000000 0.000789 0.000000 0.000000 0.000000 0.000000 0.000000 0.499600 0.000000 0.000000 0.000000 0.000000 0.000000 0.499612 0.000000
 0.000000 0.000000 0.000000 0.000000 0.000000 0.354275 0.000000 0.001084 0.000000 0.000000 0.000000 0.366542 0.000022 0.278078 0.000000 0.000000 0.000000 0.000000 0.000000 0.000000
 0.000000 0.000000 0.000000 0.000000 0.000000 0.000000 0.000000 0.000000 0.000000 0.000000 0.359017 0.310797 0.000000 0.330185 0.000000 0.000001 0.000000 0.000000 0.000000 0.000000
 0.000000 0.000000 0.000000 0.344360 0.000000 0.000000 0.000000 0.000000 0.000000 0.000000 0.000000 0.000190 0.000000 0.353488 0.000000 0.301963 0.000000 0.000000 0.000000 0.000000
 0.000000 0.000000 0.000789 0.000000 0.000000 0.000000 0.000000 0.499569 0.000000 0.499642 0.000000 0.000000 0.000000 0.000000 0.000000 0.000000 0.000000 0.000000 0.000000 0.000001
 0.000000 0.000000 0.000000 0.001476 0.000000 0.000000 0.499225 0.000000 0.000000 0.000000 0.000000 0.000000 0.499298 0.000000 0.000000 0.000000 0.000000 0.000000 0.000000 0.000000
 0.000000 0.000000 0.000000 0.000000 0.000000 0.000000 0.000000 0.000000 0.000000 0.000000 0.499965 0.000000 0.000000 0.000000 0.000000 0.000000 0.000000 0.000000 0.000000 0.500035
 0.000000 0.000000 0.000000 0.000000 0.000000 0.000000 0.498617 0.000000 0.000000 0.000000 0.000000 0.002772 0.000000 0.000000 0.000000 0.000000 0.000000 0.000000 0.000000 0.498610
 0.000000 0.000000 0.000000 0.000000 0.473078 0.000000 0.000000 0.000000 0.473012 0.000000 0.000000 0.000000 0.000000 0.000000 0.000000 0.053910 0.000000 0.000000 0.000000 0.000000
 0.000000 0.000000 0.000000 0.359618 0.311318 0.000191 0.000000 0.000000 0.000000 0.001999 0.000000 0.000000 0.000000 0.326874 0.000000 0.000000 0.000000 0.000000 0.000000 0.000000
 0.000000 0.000000 0.499283 0.000030 0.000000 0.000000 0.000000 0.499295 0.000000 0.000000 0.000000 0.000000 0.000000 0.000000 0.001379 0.000000 0.000000 0.000000 0.000013 0.000000
 0.000000 0.000000 0.000000 0.202908 0.245980 0.265361 0.000000 0.000000 0.000000 0.000000 0.000000 0.243106 0.000000 0.000000 0.000000 0.042646 0.000000 0.000000 0.000000 0.000000
 0.000000 0.499316 0.000000 0.000000 0.000000 0.000000 0.000000 0.000000 0.000000 0.000000 0.000000 0.000000 0.001379 0.000000 0.000000 0.000000 0.000000 0.000000 0.499305 0.000000
 0.000000 0.000000 0.000000 0.000000 0.000001 0.399603 0.000000 0.000000 0.000000 0.000000 0.053729 0.000000 0.000000 0.075178 0.000000 0.000000 0.471489 0.000000 0.000000 0.000000
 0.000000 0.000000 0.000000 0.000000 0.000000 0.000000 0.000000 0.000000 0.000000 0.000000 0.000000 0.000000 0.000000 0.000000 0.000000 0.500001 0.000000 0.499999 0.000000 0.000000
 0.500001 0.000000 0.000000 0.000000 0.000000 0.000000 0.000000 0.000000 0.000000 0.000000 0.000000 0.000000 0.000000 0.000000 0.000000 0.000000 0.499999 0.000000 0.000000 0.000000
 0.000000 0.000000 0.499999 0.000000 0.000000 0.000000 0.000000 0.000000 0.000000 0.000000 0.000000 0.000000 0.000014 0.000000 0.499987 0.000000 0.000000 0.000000 0.000000 0.000000
 0.000000 0.000000 0.000000 0.000000 0.000000 0.000000 0.000001 0.000000 0.500003 0.499996 0.000000 0.000000 0.000000 0.000000 0.000000 0.000000 0.000000 0.000000 0.000000 0.000000
the mean of prob-rank is 1.6842105263157894
the number of false negetive edges is 0
the number of probability greater than 0 is 3.3/edge
