20
 0.000000 0.000000 0.000000 0.000000 0.000000 0.000000 0.000000 0.000000 0.000000 0.000000 0.000000 0.500004 0.000000 0.499996 0.000000 0.000000 0.000000 0.000000 0.000000 0.000000
 0.000000 0.000000 0.000000 0.000000 0.000000 0.181979 0.408510 0.000000 0.000000 0.000000 0.000000 0.000000 0.409511 0.000000 0.000000 0.000000 0.000000 0.000000 0.000000 0.000000
 0.000000 0.000000 0.000000 0.000000 0.500001 0.000000 0.000000 0.000000 0.000000 0.000000 0.000000 0.000000 0.000000 0.000000 0.000000 0.000000 0.499999 0.000000 0.000000 0.000000
 0.000000 0.000000 0.000000 0.000000 0.000000 0.483902 0.000000 0.000000 0.000000 0.000274 0.000000 0.030240 0.000000 0.000000 0.484383 0.000000 0.000000 0.000000 0.000000 0.001201
 0.000000 0.000000 0.500008 0.000000 0.000000 0.000000 0.000000 0.000000 0.499992 0.000000 0.000000 0.000000 0.000000 0.000000 0.000000 0.000000 0.000000 0.000000 0.000000 0.000000
 0.000000 0.135987 0.000000 0.305711 0.000000 0.000000 0.135576 0.000000 0.000000 0.305011 0.000000 0.000000 0.000018 0.000000 0.000000 0.117697 0.000000 0.000000 0.000000 0.000000
 0.000000 0.408734 0.000000 0.000000 0.000000 0.181529 0.000000 0.000000 0.000000 0.000000 0.000000 0.000000 0.000000 0.000000 0.000000 0.000000 0.000000 0.409736 0.000000 0.000000
 0.000000 0.000000 0.000000 0.000000 0.000000 0.000000 0.000000 0.000000 0.000000 0.265092 0.000000 0.000000 0.000000 0.000000 0.000000 0.366874 0.000000 0.368035 0.000000 0.000000
 0.000000 0.000000 0.000000 0.000000 0.499992 0.000000 0.000000 0.000000 0.000000 0.000000 0.500008 0.000000 0.000000 0.000000 0.000000 0.000000 0.000000 0.000000 0.000000 0.000000
 0.000000 0.000000 0.000000 0.000198 0.000000 0.349763 0.000000 0.252709 0.000000 0.000000 0.000000 0.000000 0.000000 0.000000 0.000000 0.350860 0.000000 0.000000 0.000000 0.046469
 0.000000 0.000000 0.000000 0.000000 0.000000 0.000000 0.000000 0.000000 0.440306 0.000000 0.000000 0.438967 0.000000 0.120727 0.000000 0.000000 0.000000 0.000000 0.000000 0.000000
 0.485578 0.000000 0.000000 0.030315 0.000000 0.000000 0.000000 0.000000 0.000000 0.000000 0.484101 0.000000 0.000000 0.000001 0.000006 0.000000 0.000000 0.000000 0.000000 0.000000
 0.000000 0.499987 0.000000 0.000000 0.000000 0.000029 0.000000 0.000000 0.000000 0.000000 0.000000 0.000000 0.000000 0.000000 0.000000 0.000000 0.000000 0.000000 0.499985 0.000000
 0.448160 0.000000 0.000000 0.000000 0.000000 0.000000 0.000000 0.000000 0.000000 0.000000 0.122882 0.000001 0.000000 0.000000 0.000000 0.000000 0.000000 0.000000 0.000000 0.428958
 0.000000 0.000000 0.000000 0.500001 0.000000 0.000000 0.000000 0.000000 0.000000 0.000000 0.000000 0.000006 0.000000 0.000000 0.000000 0.000000 0.000000 0.000000 0.000000 0.499993
 0.000000 0.000000 0.000000 0.000000 0.000000 0.161310 0.000000 0.418002 0.000000 0.419345 0.000000 0.000000 0.000000 0.000000 0.000000 0.000000 0.000000 0.001342 0.000000 0.000000
 0.000000 0.000000 0.499999 0.000000 0.000000 0.000000 0.000000 0.000000 0.000000 0.000000 0.000000 0.000000 0.000000 0.000000 0.000000 0.000000 0.000000 0.000000 0.500001 0.000000
 0.000000 0.000000 0.000000 0.000000 0.000000 0.000000 0.499252 0.499151 0.000000 0.000000 0.000000 0.000000 0.000000 0.000000 0.000000 0.001598 0.000000 0.000000 0.000000 0.000000
 0.000000 0.000000 0.000000 0.000000 0.000000 0.000000 0.000000 0.000000 0.000000 0.000000 0.000000 0.000000 0.499999 0.000000 0.000000 0.000000 0.500001 0.000000 0.000000 0.000000
 0.000000 0.000000 0.000000 0.001185 0.000000 0.000000 0.000000 0.000000 0.000000 0.063299 0.000000 0.000000 0.000000 0.457517 0.477998 0.000000 0.000000 0.000000 0.000000 0.000000
the mean of prob-rank is 1.5263157894736843
the number of false negetive edges is 0
the number of probability greater than 0 is 3.2/edge
