20
 0.000000 0.000000 0.000000 0.000000 0.000000 0.000000 0.000000 0.000000 0.000000 0.000000 0.000000 0.000000 0.002788 0.000000 0.000000 0.000000 0.498615 0.000000 0.498597 0.000000
 0.000000 0.000000 0.000000 0.499123 0.000000 0.000000 0.000000 0.000000 0.000000 0.000000 0.000000 0.496584 0.000000 0.000000 0.003881 0.000404 0.000008 0.000000 0.000000 0.000000
 0.000000 0.000000 0.000000 0.000000 0.468514 0.000000 0.063476 0.000000 0.000000 0.000000 0.000000 0.000000 0.000000 0.000000 0.000000 0.000000 0.000000 0.000000 0.000000 0.468011
 0.000000 0.470436 0.000000 0.000000 0.000000 0.000000 0.000000 0.000000 0.000000 0.000000 0.000000 0.000000 0.000000 0.000000 0.470334 0.059230 0.000000 0.000000 0.000000 0.000000
 0.000000 0.000000 0.444603 0.000000 0.000000 0.000000 0.000000 0.000000 0.000000 0.000000 0.000000 0.000000 0.444276 0.000000 0.000000 0.000000 0.000000 0.000000 0.000000 0.111120
 0.000000 0.000000 0.000000 0.000000 0.000000 0.000000 0.000000 0.000000 0.000000 0.000000 0.157068 0.000000 0.000000 0.000000 0.422657 0.420275 0.000000 0.000000 0.000000 0.000000
 0.000000 0.000000 0.044646 0.000000 0.000000 0.000000 0.000000 0.009711 0.000000 0.000000 0.309667 0.000000 0.000000 0.329534 0.000000 0.000000 0.000000 0.000000 0.000000 0.306441
 0.000000 0.000000 0.000000 0.000000 0.000000 0.000000 0.011414 0.000000 0.000000 0.000000 0.039491 0.000000 0.000022 0.387093 0.000000 0.000000 0.000000 0.383956 0.000000 0.178023
 0.000000 0.000000 0.000000 0.000000 0.000000 0.000000 0.000000 0.000000 0.000000 0.000000 0.000000 0.035329 0.409751 0.000000 0.000000 0.000000 0.000000 0.130029 0.409760 0.015131
 0.000000 0.000000 0.000000 0.000000 0.000000 0.000000 0.000000 0.000000 0.000000 0.000000 0.365465 0.000000 0.000000 0.000000 0.000000 0.383532 0.000000 0.251003 0.000000 0.000000
 0.000000 0.000000 0.000000 0.000000 0.000000 0.111427 0.281765 0.030572 0.000000 0.285024 0.000000 0.000000 0.000000 0.000358 0.000000 0.032361 0.000000 0.258493 0.000000 0.000000
 0.000000 0.432224 0.000000 0.000000 0.000000 0.000000 0.000000 0.000000 0.037385 0.000000 0.000000 0.000000 0.000000 0.000000 0.000000 0.000000 0.434434 0.005352 0.090605 0.000000
 0.001903 0.000000 0.000000 0.000000 0.340107 0.000000 0.000000 0.000020 0.339698 0.000000 0.000000 0.000000 0.000000 0.000000 0.000000 0.000000 0.000000 0.014537 0.103595 0.200141
 0.000000 0.000000 0.000000 0.000000 0.000000 0.000000 0.497904 0.497606 0.000000 0.000000 0.000595 0.000000 0.000000 0.000000 0.000000 0.000000 0.000000 0.000000 0.000000 0.003896
 0.000000 0.003862 0.000000 0.496651 0.000000 0.496759 0.000000 0.000000 0.000000 0.000000 0.000000 0.000000 0.000000 0.000000 0.000000 0.002728 0.000000 0.000000 0.000000 0.000000
 0.000000 0.000359 0.000000 0.055797 0.000000 0.440676 0.000000 0.000000 0.000000 0.442097 0.047830 0.000000 0.000000 0.000000 0.002434 0.000000 0.000000 0.010807 0.000000 0.000000
 0.499996 0.000008 0.000000 0.000000 0.000000 0.000000 0.000000 0.000000 0.000000 0.000000 0.000000 0.499997 0.000000 0.000000 0.000000 0.000000 0.000000 0.000000 0.000000 0.000000
 0.000000 0.000000 0.000000 0.000000 0.000000 0.000000 0.000000 0.322950 0.103183 0.212691 0.280857 0.004014 0.013915 0.000000 0.000000 0.007944 0.000000 0.000000 0.000244 0.054203
 0.398117 0.000000 0.000000 0.000000 0.000000 0.000000 0.000000 0.000000 0.397371 0.000000 0.000000 0.083034 0.121180 0.000000 0.000000 0.000000 0.000000 0.000299 0.000000 0.000000
 0.000000 0.000000 0.290597 0.000000 0.072708 0.000000 0.270524 0.133709 0.010721 0.000000 0.000000 0.000000 0.171064 0.002276 0.000000 0.000000 0.000000 0.048401 0.000000 0.000000
the mean of prob-rank is 1.5263157894736843
the number of false negetive edges is 0
the number of probability greater than 0 is 4.9/edge
