20
 0.000000 0.000000 0.000000 0.000000 0.000000 0.000000 0.000000 0.000000 0.356811 0.000000 0.000026 0.000000 0.000000 0.000000 0.343631 0.028424 0.000000 0.271108 0.000000 0.000000
 0.000000 0.000000 0.497766 0.000000 0.000000 0.000000 0.000000 0.000000 0.000000 0.000000 0.000000 0.000000 0.000000 0.000000 0.000000 0.000000 0.497366 0.000000 0.000000 0.004867
 0.000000 0.495221 0.000000 0.000000 0.000000 0.000269 0.000000 0.000000 0.000000 0.000000 0.000000 0.000000 0.000000 0.009363 0.000000 0.000000 0.000000 0.000000 0.000000 0.495147
 0.000000 0.000000 0.000000 0.000000 0.000000 0.000000 0.366729 0.000000 0.108781 0.000000 0.363025 0.000000 0.000000 0.000000 0.000000 0.000000 0.000000 0.000000 0.000000 0.161465
 0.000000 0.000000 0.000000 0.000000 0.000000 0.000000 0.000000 0.499947 0.000000 0.499991 0.000000 0.000000 0.000004 0.000000 0.000000 0.000000 0.000058 0.000000 0.000000 0.000000
 0.000000 0.000000 0.000160 0.000000 0.000000 0.000000 0.000000 0.000000 0.000000 0.000000 0.000000 0.000000 0.000000 0.097850 0.000000 0.204512 0.000000 0.110265 0.292974 0.294239
 0.000000 0.000000 0.000000 0.355100 0.000000 0.000000 0.000000 0.000000 0.016054 0.000000 0.278416 0.000000 0.000000 0.000000 0.000000 0.000000 0.000000 0.349281 0.000000 0.001148
 0.000000 0.000000 0.000000 0.000000 0.499977 0.000000 0.000000 0.000000 0.000000 0.000000 0.000000 0.000000 0.000001 0.000000 0.000000 0.000000 0.500022 0.000000 0.000000 0.000000
 0.426820 0.000000 0.000000 0.126706 0.000000 0.000000 0.019312 0.000000 0.000000 0.000000 0.427161 0.000000 0.000000 0.000000 0.000000 0.000000 0.000000 0.000000 0.000000 0.000000
 0.000000 0.000000 0.000000 0.000000 0.499987 0.000000 0.000000 0.000000 0.000000 0.000000 0.000000 0.000000 0.000025 0.499966 0.000000 0.000000 0.000023 0.000000 0.000000 0.000000
 0.000026 0.000000 0.000000 0.356846 0.000000 0.000000 0.282640 0.000000 0.360487 0.000000 0.000000 0.000000 0.000000 0.000000 0.000000 0.000000 0.000000 0.000001 0.000000 0.000000
 0.000000 0.000000 0.000000 0.000000 0.000000 0.000000 0.000000 0.000000 0.000000 0.000000 0.000000 0.000000 0.499995 0.000000 0.500005 0.000000 0.000000 0.000000 0.000000 0.000000
 0.000000 0.000000 0.000000 0.000000 0.000003 0.000000 0.000000 0.000001 0.000000 0.000017 0.000000 0.345989 0.000000 0.320437 0.000000 0.333553 0.000000 0.000000 0.000000 0.000000
 0.000000 0.000000 0.005828 0.000000 0.000000 0.101961 0.000000 0.000000 0.000000 0.308218 0.000000 0.000000 0.285463 0.000000 0.000000 0.298530 0.000000 0.000000 0.000000 0.000000
 0.331132 0.000000 0.000000 0.000000 0.000000 0.000000 0.000000 0.000000 0.000000 0.000000 0.000000 0.344108 0.000000 0.000000 0.000000 0.324759 0.000000 0.000000 0.000000 0.000000
 0.017823 0.000000 0.000000 0.000000 0.000000 0.154815 0.000000 0.000000 0.000000 0.000000 0.000000 0.000000 0.215868 0.216874 0.211331 0.000000 0.000000 0.003367 0.179922 0.000000
 0.000000 0.499759 0.000000 0.000000 0.000058 0.000000 0.000000 0.500160 0.000000 0.000023 0.000000 0.000000 0.000000 0.000000 0.000000 0.000000 0.000000 0.000000 0.000000 0.000000
 0.242629 0.000000 0.000000 0.000000 0.000000 0.119130 0.314347 0.000000 0.000000 0.000000 0.000001 0.000000 0.000000 0.000000 0.000000 0.004805 0.000000 0.000000 0.319087 0.000000
 0.000000 0.000000 0.000000 0.000000 0.000000 0.354693 0.000000 0.000000 0.000000 0.000000 0.000000 0.000000 0.000000 0.000000 0.000000 0.287748 0.000000 0.357559 0.000000 0.000000
 0.000000 0.003995 0.408458 0.179865 0.000000 0.406362 0.001321 0.000000 0.000000 0.000000 0.000000 0.000000 0.000000 0.000000 0.000000 0.000000 0.000000 0.000000 0.000000 0.000000
the mean of prob-rank is 1.4210526315789473
the number of false negetive edges is 0
the number of probability greater than 0 is 4.25/edge
