20
 0.000000 0.000000 0.000000 0.000000 0.000000 0.000000 0.000000 0.000000 0.000000 0.000000 0.207163 0.000000 0.000000 0.294916 0.000000 0.000000 0.289780 0.000000 0.000000 0.208141
 0.000000 0.000000 0.000000 0.000000 0.000000 0.000000 0.000000 0.000000 0.477678 0.477642 0.000000 0.000000 0.044680 0.000000 0.000000 0.000000 0.000000 0.000000 0.000000 0.000000
 0.000000 0.000000 0.000000 0.000000 0.000000 0.000000 0.000000 0.000000 0.000000 0.000000 0.000000 0.000000 0.000000 0.199121 0.000000 0.401614 0.399265 0.000000 0.000000 0.000000
 0.000000 0.000000 0.000000 0.000000 0.000000 0.000000 0.000000 0.000000 0.000000 0.000000 0.000000 0.499763 0.000000 0.000000 0.000000 0.000000 0.000001 0.000000 0.000795 0.499441
 0.000000 0.000000 0.000000 0.000000 0.000000 0.000000 0.000000 0.000000 0.000000 0.500000 0.000000 0.000000 0.000000 0.000000 0.000000 0.500000 0.000000 0.000000 0.000000 0.000000
 0.000000 0.000000 0.000000 0.000000 0.000000 0.000000 0.000000 0.000000 0.000000 0.000000 0.500000 0.000000 0.000000 0.500000 0.000000 0.000000 0.000000 0.000000 0.000000 0.000000
 0.000000 0.000000 0.000000 0.000000 0.000000 0.000000 0.000000 0.000000 0.000000 0.000000 0.000000 0.000016 0.000000 0.000000 0.500009 0.000000 0.000000 0.499975 0.000000 0.000000
 0.000000 0.000000 0.000000 0.000000 0.000000 0.000000 0.000000 0.000000 0.216111 0.000000 0.000000 0.000000 0.392343 0.000000 0.000000 0.000000 0.000000 0.000000 0.391546 0.000000
 0.000000 0.391356 0.000000 0.000000 0.000000 0.000000 0.000000 0.215568 0.000000 0.004867 0.000000 0.000000 0.388208 0.000000 0.000000 0.000000 0.000000 0.000000 0.000000 0.000000
 0.000000 0.496891 0.000000 0.000000 0.496929 0.000000 0.000000 0.000000 0.006180 0.000000 0.000000 0.000000 0.000000 0.000000 0.000000 0.000000 0.000000 0.000000 0.000000 0.000000
 0.255278 0.000000 0.000000 0.000000 0.000000 0.374314 0.000000 0.000000 0.000000 0.000000 0.000000 0.000000 0.000000 0.000000 0.000000 0.000000 0.000000 0.000000 0.000000 0.370408
 0.000000 0.000000 0.000000 0.408857 0.000000 0.000000 0.000013 0.000000 0.000000 0.000000 0.000000 0.000000 0.000000 0.000000 0.000000 0.000000 0.179679 0.408826 0.000000 0.002625
 0.000000 0.042196 0.000000 0.000000 0.000000 0.000000 0.000000 0.451119 0.447489 0.000000 0.000000 0.000000 0.000000 0.000000 0.000000 0.000000 0.000000 0.000000 0.059196 0.000000
 0.364941 0.000000 0.186361 0.000000 0.000000 0.375888 0.000000 0.000000 0.000000 0.000000 0.000000 0.000000 0.000000 0.000000 0.000000 0.010023 0.062787 0.000000 0.000000 0.000000
 0.000000 0.000000 0.000000 0.000000 0.000000 0.000000 0.500002 0.000000 0.000000 0.000000 0.000000 0.000000 0.000000 0.000000 0.000000 0.000000 0.000000 0.000000 0.499998 0.000000
 0.000000 0.000000 0.493414 0.000000 0.493429 0.000000 0.000000 0.000000 0.000000 0.000000 0.000000 0.000000 0.000000 0.013157 0.000000 0.000000 0.000000 0.000000 0.000000 0.000000
 0.317055 0.000000 0.330401 0.000001 0.000000 0.000000 0.000000 0.000000 0.000000 0.000000 0.000000 0.146058 0.000000 0.055515 0.000000 0.000000 0.000000 0.003960 0.000000 0.147009
 0.000000 0.000000 0.000000 0.000000 0.000000 0.000000 0.497041 0.000000 0.000000 0.000000 0.000000 0.497036 0.000000 0.000000 0.000000 0.000000 0.005922 0.000000 0.000000 0.000000
 0.000000 0.000000 0.000000 0.000747 0.000000 0.000000 0.000000 0.468360 0.000000 0.000000 0.000000 0.000000 0.061583 0.000000 0.469310 0.000000 0.000000 0.000000 0.000000 0.000000
 0.219416 0.000000 0.000000 0.320011 0.000000 0.000000 0.000000 0.000000 0.000000 0.000000 0.316876 0.002056 0.000000 0.000000 0.000000 0.000000 0.141641 0.000000 0.000000 0.000000
the mean of prob-rank is 1.4736842105263157
the number of false negetive edges is 0
the number of probability greater than 0 is 3.5/edge
