20
 0.000000 0.124150 0.000000 0.000000 0.024973 0.000000 0.357175 0.000000 0.055761 0.000000 0.000000 0.354950 0.000000 0.000000 0.000007 0.000000 0.000004 0.082981 0.000000 0.000000
 0.147998 0.000000 0.000000 0.000000 0.000000 0.000000 0.425037 0.000000 0.000000 0.000000 0.000000 0.000000 0.000000 0.000000 0.000000 0.000000 0.000000 0.426966 0.000000 0.000000
 0.000000 0.000000 0.000000 0.039187 0.000000 0.000000 0.000000 0.000000 0.000000 0.000000 0.000000 0.000000 0.000006 0.000000 0.000000 0.480597 0.000000 0.000000 0.480211 0.000000
 0.000000 0.000000 0.032637 0.000000 0.000000 0.000000 0.000000 0.044749 0.000000 0.000000 0.032844 0.000000 0.399979 0.397971 0.040276 0.044812 0.000000 0.000000 0.000000 0.006732
 0.028571 0.000000 0.000000 0.000000 0.000000 0.000000 0.000000 0.000000 0.000000 0.000588 0.000000 0.409715 0.000058 0.000000 0.407416 0.000000 0.152066 0.000000 0.000000 0.001586
 0.000000 0.000000 0.000000 0.000000 0.000000 0.000000 0.000000 0.000000 0.402624 0.198012 0.000000 0.000000 0.000000 0.000000 0.000000 0.000000 0.399363 0.000000 0.000000 0.000000
 0.443753 0.442974 0.000000 0.000000 0.000000 0.000000 0.000000 0.000000 0.000000 0.000000 0.000000 0.000000 0.000000 0.048703 0.000000 0.000000 0.000000 0.064571 0.000000 0.000000
 0.000000 0.000000 0.000000 0.050514 0.000000 0.000000 0.000000 0.000000 0.000000 0.000000 0.451604 0.000000 0.000000 0.047025 0.000000 0.450857 0.000000 0.000000 0.000000 0.000000
 0.068097 0.000000 0.000000 0.000000 0.000000 0.437486 0.000000 0.000000 0.000000 0.000000 0.000000 0.000005 0.000000 0.000000 0.000000 0.000000 0.069405 0.425006 0.000000 0.000000
 0.000000 0.000000 0.000000 0.000000 0.000577 0.197700 0.000000 0.000000 0.000000 0.000000 0.000000 0.000000 0.000008 0.000000 0.000000 0.000000 0.399717 0.000000 0.401990 0.000009
 0.000000 0.000000 0.000000 0.039420 0.000000 0.000000 0.000000 0.480168 0.000000 0.000000 0.000000 0.000000 0.000000 0.480412 0.000000 0.000000 0.000000 0.000000 0.000000 0.000000
 0.440448 0.000000 0.000000 0.000000 0.444380 0.000000 0.000000 0.000000 0.000005 0.000000 0.000000 0.000000 0.000000 0.000000 0.000000 0.000000 0.115167 0.000000 0.000000 0.000000
 0.000000 0.000000 0.000006 0.442045 0.000063 0.000000 0.000000 0.000000 0.000000 0.000009 0.000000 0.000000 0.000000 0.000000 0.105555 0.000000 0.000000 0.000000 0.009957 0.442367
 0.000000 0.000000 0.000000 0.450346 0.000000 0.000000 0.049565 0.047141 0.000000 0.000000 0.452948 0.000000 0.000000 0.000000 0.000000 0.000000 0.000000 0.000000 0.000000 0.000000
 0.000008 0.000000 0.000000 0.043197 0.426758 0.000000 0.000000 0.000000 0.000000 0.000000 0.000000 0.000000 0.102437 0.000000 0.000000 0.000000 0.000000 0.000000 0.000000 0.427600
 0.000000 0.000000 0.473976 0.053064 0.000000 0.000000 0.000000 0.472960 0.000000 0.000000 0.000000 0.000000 0.000000 0.000000 0.000000 0.000000 0.000000 0.000000 0.000000 0.000000
 0.000004 0.000000 0.000000 0.000000 0.133705 0.357439 0.000000 0.000000 0.057169 0.358320 0.000000 0.093362 0.000000 0.000000 0.000000 0.000000 0.000000 0.000000 0.000000 0.000000
 0.098654 0.425815 0.000000 0.000000 0.000000 0.000000 0.061789 0.000000 0.413743 0.000000 0.000000 0.000000 0.000000 0.000000 0.000000 0.000000 0.000000 0.000000 0.000000 0.000000
 0.000000 0.000000 0.489368 0.000000 0.000000 0.000000 0.000000 0.000000 0.000000 0.489769 0.000000 0.000000 0.011024 0.000000 0.000000 0.000000 0.000000 0.000000 0.000000 0.009840
 0.000000 0.000000 0.000000 0.008258 0.001900 0.000000 0.000000 0.000000 0.000000 0.000011 0.000000 0.000000 0.490956 0.000000 0.489011 0.000000 0.000000 0.000000 0.009864 0.000000
the mean of prob-rank is 1.4210526315789473
the number of false negetive edges is 0
the number of probability greater than 0 is 4.9/edge
