20
 0.000000 0.264534 0.000000 0.000000 0.000000 0.110918 0.000000 0.000000 0.000000 0.000000 0.000002 0.290649 0.015044 0.000000 0.317986 0.000000 0.000861 0.000005 0.000000 0.000001
 0.288425 0.000000 0.000000 0.000003 0.000000 0.016859 0.000000 0.000000 0.000000 0.000000 0.000000 0.000000 0.000000 0.000000 0.027059 0.346721 0.000000 0.320933 0.000000 0.000000
 0.000000 0.000000 0.000000 0.000000 0.000000 0.000000 0.000000 0.000000 0.000000 0.000000 0.000000 0.000000 0.303708 0.000000 0.000000 0.000000 0.000000 0.000000 0.356190 0.340102
 0.000000 0.000003 0.000000 0.000000 0.000000 0.000000 0.000000 0.000000 0.000000 0.293772 0.250355 0.000000 0.000000 0.327782 0.000000 0.000000 0.000001 0.128087 0.000000 0.000000
 0.000000 0.000000 0.000000 0.000000 0.000000 0.000000 0.347269 0.338644 0.000000 0.000000 0.000000 0.000000 0.145489 0.000000 0.000000 0.000000 0.042797 0.000000 0.125801 0.000000
 0.145408 0.020271 0.000000 0.000000 0.000000 0.000000 0.000000 0.000000 0.000000 0.000000 0.000826 0.000000 0.000000 0.000000 0.416601 0.000000 0.000000 0.416895 0.000000 0.000000
 0.000000 0.000000 0.000000 0.000000 0.409401 0.000000 0.000000 0.182461 0.000000 0.000000 0.000000 0.000000 0.000000 0.000000 0.000000 0.000000 0.000000 0.000000 0.408138 0.000000
 0.000000 0.000000 0.000000 0.000000 0.304874 0.000000 0.139336 0.000000 0.000000 0.298622 0.000178 0.000000 0.000000 0.255783 0.000000 0.000000 0.001206 0.000000 0.000000 0.000000
 0.000000 0.000000 0.000000 0.000000 0.000000 0.000000 0.000000 0.000000 0.000000 0.000000 0.000000 0.000000 0.000000 0.000000 0.000000 0.500002 0.000000 0.000000 0.000000 0.499998
 0.000000 0.000000 0.000000 0.241662 0.000000 0.000000 0.000000 0.257550 0.000000 0.000000 0.168973 0.000000 0.000000 0.253946 0.000000 0.000000 0.077869 0.000000 0.000000 0.000000
 0.000002 0.000000 0.000000 0.235372 0.000000 0.000610 0.000000 0.000176 0.000000 0.193116 0.000000 0.000000 0.000000 0.000000 0.000396 0.000000 0.308152 0.262176 0.000000 0.000000
 0.237533 0.000000 0.000000 0.000000 0.000000 0.000000 0.000000 0.000000 0.000000 0.000000 0.000000 0.000000 0.259868 0.000000 0.073788 0.000000 0.224656 0.000000 0.000000 0.204155
 0.014371 0.000000 0.259022 0.000000 0.127271 0.000000 0.000000 0.000000 0.000000 0.000000 0.000000 0.303753 0.000000 0.000000 0.000010 0.000000 0.295557 0.000000 0.000000 0.000016
 0.000000 0.000000 0.000000 0.362327 0.000000 0.000000 0.000000 0.296435 0.000000 0.341239 0.000000 0.000000 0.000000 0.000000 0.000000 0.000000 0.000000 0.000000 0.000000 0.000000
 0.386621 0.030174 0.000000 0.000000 0.000000 0.386376 0.000000 0.000000 0.000000 0.000000 0.000497 0.109776 0.000012 0.000000 0.000000 0.000000 0.001598 0.084945 0.000000 0.000000
 0.000000 0.499993 0.000000 0.000000 0.000000 0.000000 0.000000 0.000000 0.500007 0.000000 0.000000 0.000000 0.000000 0.000000 0.000000 0.000000 0.000000 0.000000 0.000000 0.000000
 0.000821 0.000000 0.000000 0.000001 0.037361 0.000000 0.000000 0.001169 0.000000 0.087549 0.303146 0.262055 0.294950 0.000000 0.001253 0.000000 0.000000 0.011696 0.000000 0.000000
 0.000005 0.270215 0.000000 0.114079 0.000000 0.291935 0.000000 0.000000 0.000000 0.000000 0.248367 0.000000 0.000000 0.000000 0.064137 0.000000 0.011263 0.000000 0.000000 0.000000
 0.000000 0.000000 0.423877 0.000000 0.153553 0.000000 0.422570 0.000000 0.000000 0.000000 0.000000 0.000000 0.000000 0.000000 0.000000 0.000000 0.000000 0.000000 0.000000 0.000000
 0.000002 0.000000 0.348426 0.000000 0.000000 0.000000 0.000000 0.000000 0.364906 0.000000 0.000000 0.286648 0.000019 0.000000 0.000000 0.000000 0.000000 0.000000 0.000000 0.000000
the mean of prob-rank is 1.9473684210526316
the number of false negetive edges is 0
the number of probability greater than 0 is 5.3/edge
