20
 0.000000 0.199882 0.000000 0.000000 0.000000 0.391298 0.000000 0.033608 0.000000 0.375211 0.000000 0.000000 0.000000 0.000000 0.000000 0.000000 0.000000 0.000000 0.000000 0.000000
 0.153607 0.000000 0.293794 0.000000 0.000000 0.295473 0.257114 0.000012 0.000000 0.000000 0.000000 0.000000 0.000000 0.000000 0.000000 0.000000 0.000000 0.000000 0.000000 0.000000
 0.000000 0.382237 0.000000 0.000000 0.000000 0.000000 0.391235 0.000000 0.000000 0.226522 0.000000 0.000000 0.000000 0.000006 0.000000 0.000000 0.000000 0.000000 0.000000 0.000000
 0.000000 0.000000 0.000000 0.000000 0.000000 0.000000 0.000000 0.000000 0.000000 0.000000 0.000000 0.484351 0.483984 0.000000 0.000000 0.022650 0.000000 0.000000 0.000000 0.009015
 0.000000 0.000000 0.000000 0.000000 0.000000 0.000000 0.000000 0.000000 0.000000 0.000000 0.000000 0.490896 0.014594 0.490963 0.000000 0.000000 0.000000 0.000000 0.000000 0.003547
 0.431654 0.424142 0.000000 0.000000 0.000000 0.000000 0.000000 0.144204 0.000000 0.000000 0.000000 0.000000 0.000000 0.000000 0.000000 0.000000 0.000000 0.000000 0.000000 0.000000
 0.000000 0.304299 0.355896 0.000000 0.000000 0.000000 0.000000 0.339805 0.000000 0.000000 0.000000 0.000000 0.000000 0.000000 0.000000 0.000000 0.000000 0.000000 0.000000 0.000000
 0.036167 0.000017 0.000000 0.000000 0.000000 0.140673 0.402052 0.000000 0.000000 0.000000 0.000000 0.000000 0.000000 0.000000 0.000000 0.000000 0.000000 0.000000 0.421091 0.000000
 0.000000 0.000000 0.000000 0.000000 0.000000 0.000000 0.000000 0.000000 0.000000 0.000000 0.000000 0.000000 0.000000 0.499769 0.000000 0.000000 0.000000 0.500231 0.000000 0.000000
 0.377827 0.000000 0.228141 0.000000 0.000000 0.000000 0.000000 0.000000 0.000000 0.000000 0.000000 0.000000 0.000000 0.000000 0.000000 0.000000 0.394032 0.000000 0.000000 0.000000
 0.000000 0.000000 0.000000 0.000000 0.000000 0.000000 0.000000 0.000000 0.000000 0.000000 0.000000 0.000000 0.000000 0.000000 0.500000 0.500000 0.000000 0.000000 0.000000 0.000000
 0.000000 0.000000 0.000000 0.499669 0.499601 0.000000 0.000000 0.000000 0.000000 0.000000 0.000000 0.000000 0.000721 0.000000 0.000000 0.000001 0.000000 0.000000 0.000000 0.000008
 0.000000 0.000000 0.000000 0.492138 0.014640 0.000000 0.000000 0.000000 0.000000 0.000000 0.000000 0.000711 0.000000 0.000000 0.000000 0.000000 0.000000 0.000000 0.000000 0.492511
 0.000000 0.000000 0.000007 0.000000 0.500227 0.000000 0.000000 0.000000 0.499765 0.000000 0.000000 0.000000 0.000000 0.000000 0.000000 0.000000 0.000000 0.000001 0.000000 0.000000
 0.000000 0.000000 0.000000 0.000000 0.000000 0.000000 0.000000 0.000000 0.000000 0.000000 0.500000 0.000000 0.000000 0.000000 0.000000 0.000000 0.000000 0.000000 0.500000 0.000000
 0.000000 0.000000 0.000000 0.022852 0.000000 0.000000 0.000000 0.000000 0.000000 0.000000 0.488666 0.000001 0.000000 0.000000 0.000000 0.000000 0.000000 0.000000 0.000000 0.488481
 0.000000 0.000000 0.000000 0.000000 0.000000 0.000000 0.000000 0.000000 0.000000 0.500000 0.000000 0.000000 0.000000 0.000000 0.000000 0.000000 0.000000 0.500000 0.000000 0.000000
 0.000000 0.000000 0.000000 0.000000 0.000000 0.000000 0.000000 0.000000 0.499999 0.000000 0.000000 0.000000 0.000000 0.000001 0.000000 0.000000 0.499999 0.000000 0.000000 0.000000
 0.000000 0.000000 0.000000 0.000000 0.000000 0.000000 0.000000 0.500000 0.000000 0.000000 0.000000 0.000000 0.000000 0.000000 0.500000 0.000000 0.000000 0.000000 0.000000 0.000000
 0.000000 0.000000 0.000000 0.009189 0.003567 0.000000 0.000000 0.000000 0.000000 0.000000 0.000000 0.000008 0.493711 0.000000 0.000000 0.493525 0.000000 0.000000 0.000000 0.000000
the mean of prob-rank is 1.5263157894736843
the number of false negetive edges is 0
the number of probability greater than 0 is 3.4/edge
