20
 0.000000 0.276717 0.000000 0.350438 0.000000 0.026140 0.000000 0.000000 0.000000 0.000000 0.000000 0.000000 0.000000 0.000000 0.000000 0.346705 0.000000 0.000000 0.000000 0.000000
 0.249917 0.000000 0.145493 0.000000 0.316499 0.000000 0.020809 0.000000 0.000000 0.000006 0.000000 0.195563 0.000000 0.000000 0.000000 0.000021 0.000000 0.003520 0.000000 0.068170
 0.000000 0.125538 0.000000 0.000000 0.000000 0.000010 0.042351 0.273089 0.008362 0.184872 0.000000 0.000000 0.102455 0.000000 0.000000 0.001182 0.262140 0.000000 0.000000 0.000000
 0.391785 0.000000 0.000000 0.000000 0.000000 0.387669 0.000000 0.000005 0.000000 0.000000 0.000000 0.000000 0.000000 0.000000 0.000000 0.220541 0.000000 0.000000 0.000000 0.000000
 0.000000 0.499801 0.000001 0.000000 0.000000 0.000000 0.499726 0.000000 0.000000 0.000023 0.000000 0.000000 0.000000 0.000000 0.000000 0.000000 0.000000 0.000036 0.000000 0.000412
 0.036092 0.000000 0.000017 0.478770 0.000000 0.000000 0.000000 0.000489 0.483854 0.000000 0.000000 0.000000 0.000000 0.000000 0.000000 0.000777 0.000000 0.000000 0.000000 0.000000
 0.000000 0.027302 0.064397 0.000000 0.415185 0.000000 0.000000 0.000000 0.000000 0.409420 0.000000 0.000000 0.025660 0.000000 0.000000 0.000000 0.000410 0.044385 0.000000 0.013240
 0.000000 0.000000 0.499126 0.000006 0.000000 0.000505 0.000000 0.000000 0.001020 0.000000 0.000000 0.000000 0.000000 0.000000 0.000000 0.499028 0.000316 0.000000 0.000000 0.000000
 0.000000 0.000000 0.015036 0.000000 0.000000 0.491037 0.000000 0.001003 0.000000 0.000000 0.000000 0.000000 0.000000 0.490989 0.000000 0.000000 0.001933 0.000000 0.000002 0.000000
 0.000000 0.000006 0.200880 0.000000 0.000014 0.000000 0.292571 0.000000 0.000000 0.000000 0.000000 0.000000 0.279031 0.000000 0.000000 0.000000 0.227474 0.000024 0.000000 0.000000
 0.000000 0.000000 0.000000 0.000000 0.000000 0.000000 0.000000 0.000000 0.000000 0.000000 0.000000 0.000000 0.000000 0.000000 0.500005 0.000000 0.000000 0.000000 0.499995 0.000000
 0.000000 0.248222 0.000000 0.000000 0.000000 0.000000 0.000000 0.000000 0.000000 0.000000 0.000000 0.000000 0.000000 0.000000 0.316398 0.000000 0.000000 0.033657 0.000000 0.401723
 0.000000 0.000000 0.112706 0.000000 0.000000 0.000000 0.018564 0.000000 0.000000 0.282488 0.000000 0.000000 0.000000 0.000000 0.005137 0.000000 0.300409 0.280695 0.000000 0.000000
 0.000000 0.000000 0.000000 0.000000 0.000000 0.000000 0.000000 0.000000 0.499378 0.000000 0.000000 0.000000 0.000000 0.000000 0.000000 0.000000 0.001199 0.000000 0.499422 0.000000
 0.000000 0.000000 0.000000 0.000000 0.000000 0.000000 0.000000 0.000000 0.000000 0.000000 0.376829 0.296791 0.006444 0.000000 0.000000 0.000000 0.000029 0.319904 0.000000 0.000003
 0.386756 0.000026 0.001692 0.220054 0.000000 0.000628 0.000000 0.390844 0.000000 0.000000 0.000000 0.000000 0.000000 0.000000 0.000000 0.000000 0.000000 0.000000 0.000000 0.000000
 0.000000 0.000000 0.351014 0.000000 0.000000 0.000000 0.000361 0.000232 0.001440 0.280323 0.000000 0.000000 0.365673 0.000878 0.000028 0.000000 0.000000 0.000051 0.000000 0.000000
 0.000000 0.003729 0.000000 0.000000 0.000024 0.000000 0.035834 0.000000 0.000000 0.000027 0.000000 0.028087 0.313241 0.000000 0.284601 0.000000 0.000047 0.000000 0.000000 0.334410
 0.000000 0.000000 0.000000 0.000000 0.000000 0.000000 0.000000 0.000000 0.000002 0.000000 0.499997 0.000000 0.000000 0.500001 0.000000 0.000000 0.000000 0.000000 0.000000 0.000000
 0.000000 0.095914 0.000000 0.000000 0.000367 0.000000 0.014199 0.000000 0.000000 0.000000 0.000000 0.445311 0.000000 0.000000 0.000004 0.000000 0.000000 0.444204 0.000000 0.000000
the mean of prob-rank is 1.5789473684210527
the number of false negetive edges is 0
the number of probability greater than 0 is 5.9/edge
