20
 0.000000 0.000000 0.020755 0.000000 0.000000 0.000000 0.000000 0.000002 0.000000 0.000784 0.000000 0.000000 0.000000 0.000000 0.488968 0.000000 0.000000 0.000000 0.489491 0.000000
 0.000000 0.000000 0.000000 0.000000 0.000000 0.000000 0.488883 0.000000 0.000000 0.000000 0.000000 0.000000 0.022421 0.000000 0.000000 0.000000 0.000000 0.000000 0.488696 0.000000
 0.016697 0.000000 0.000000 0.000000 0.000000 0.387127 0.000000 0.202386 0.000000 0.000000 0.000000 0.000000 0.000000 0.000000 0.000000 0.393783 0.000000 0.000000 0.000007 0.000000
 0.000000 0.000000 0.000000 0.000000 0.000000 0.000000 0.000000 0.000000 0.000000 0.000000 0.000000 0.000000 0.000000 0.500021 0.000000 0.000000 0.000000 0.499979 0.000000 0.000000
 0.000000 0.000000 0.000000 0.000000 0.000000 0.000000 0.000000 0.000000 0.000000 0.498792 0.498825 0.000000 0.000000 0.000000 0.000000 0.000000 0.000000 0.002383 0.000000 0.000000
 0.000000 0.000000 0.409476 0.000000 0.000000 0.000000 0.000000 0.000000 0.000000 0.000000 0.000000 0.416517 0.000000 0.000000 0.000000 0.174006 0.000000 0.000000 0.000001 0.000000
 0.000000 0.500000 0.000000 0.000000 0.000000 0.000000 0.000000 0.000000 0.000000 0.000000 0.000000 0.500000 0.000000 0.000000 0.000000 0.000000 0.000000 0.000000 0.000000 0.000000
 0.000002 0.000000 0.211194 0.000000 0.000000 0.000000 0.000000 0.000000 0.410922 0.000000 0.000000 0.000000 0.000000 0.000000 0.000000 0.377883 0.000000 0.000000 0.000000 0.000000
 0.000000 0.000000 0.000000 0.000000 0.000000 0.000000 0.000000 0.500001 0.000000 0.000000 0.499999 0.000000 0.000000 0.000000 0.000000 0.000000 0.000000 0.000000 0.000000 0.000000
 0.000795 0.000000 0.000000 0.000000 0.496689 0.000000 0.000000 0.000000 0.000000 0.000000 0.000000 0.000000 0.000000 0.000000 0.005837 0.000000 0.000000 0.496679 0.000000 0.000000
 0.000000 0.000000 0.000000 0.000000 0.500001 0.000000 0.000000 0.000000 0.499999 0.000000 0.000000 0.000000 0.000000 0.000000 0.000000 0.000000 0.000000 0.000000 0.000000 0.000000
 0.000000 0.000000 0.000000 0.000000 0.000000 0.500000 0.500000 0.000000 0.000000 0.000000 0.000000 0.000000 0.000000 0.000000 0.000000 0.000000 0.000000 0.000000 0.000000 0.000000
 0.000000 0.022419 0.000000 0.000000 0.000000 0.000000 0.000000 0.000000 0.000000 0.000000 0.000000 0.000000 0.000000 0.000000 0.000000 0.000000 0.488758 0.000000 0.000000 0.488823
 0.000000 0.000000 0.000000 0.489989 0.000000 0.000000 0.000000 0.000000 0.000000 0.000000 0.000000 0.000000 0.000000 0.000000 0.022033 0.000000 0.487978 0.000000 0.000000 0.000000
 0.485949 0.000000 0.000000 0.000000 0.000000 0.000000 0.000000 0.000000 0.000000 0.005716 0.000000 0.000000 0.000000 0.021875 0.000000 0.000000 0.000000 0.000000 0.000000 0.486459
 0.000000 0.000000 0.427832 0.000000 0.000000 0.178733 0.000000 0.393435 0.000000 0.000000 0.000000 0.000000 0.000000 0.000000 0.000000 0.000000 0.000000 0.000000 0.000000 0.000000
 0.000000 0.000000 0.000000 0.000000 0.000000 0.000000 0.000000 0.000000 0.000000 0.000000 0.000000 0.000000 0.485684 0.483769 0.000000 0.000000 0.000000 0.000000 0.000000 0.030546
 0.000000 0.000000 0.000000 0.498810 0.002383 0.000000 0.000000 0.000000 0.000000 0.498807 0.000000 0.000000 0.000000 0.000000 0.000000 0.000000 0.000000 0.000000 0.000000 0.000000
 0.500091 0.499899 0.000009 0.000000 0.000000 0.000001 0.000000 0.000000 0.000000 0.000000 0.000000 0.000000 0.000000 0.000000 0.000000 0.000000 0.000000 0.000000 0.000000 0.000000
 0.000000 0.000000 0.000000 0.000000 0.000000 0.000000 0.000000 0.000000 0.000000 0.000000 0.000000 0.000000 0.484756 0.000000 0.484760 0.000000 0.030484 0.000000 0.000000 0.000000
the mean of prob-rank is 1.631578947368421
the number of false negetive edges is 0
the number of probability greater than 0 is 3.1/edge
