20
 0.000000 0.342684 0.009753 0.000000 0.000000 0.000000 0.000000 0.322678 0.000000 0.000000 0.000000 0.000000 0.000000 0.000000 0.001517 0.323368 0.000000 0.000000 0.000000 0.000000
 0.347172 0.000000 0.000000 0.000000 0.000000 0.000000 0.000000 0.362044 0.000000 0.000000 0.000000 0.000000 0.000000 0.000000 0.000000 0.290784 0.000000 0.000000 0.000000 0.000000
 0.013461 0.000000 0.000000 0.000000 0.000000 0.000000 0.000000 0.000000 0.000000 0.000000 0.000000 0.000000 0.000000 0.000000 0.493268 0.000000 0.000000 0.000000 0.493271 0.000000
 0.000000 0.000000 0.000000 0.000000 0.000000 0.000000 0.000000 0.000000 0.000000 0.500001 0.000000 0.000000 0.499999 0.000000 0.000000 0.000000 0.000000 0.000000 0.000000 0.000000
 0.000000 0.000000 0.000000 0.000000 0.000000 0.000000 0.000000 0.000000 0.489009 0.000000 0.000000 0.021719 0.000000 0.000000 0.000001 0.000000 0.488993 0.000278 0.000000 0.000000
 0.000000 0.000000 0.000000 0.000000 0.000000 0.000000 0.000000 0.000000 0.000000 0.000000 0.000000 0.000000 0.499954 0.000094 0.000000 0.000000 0.000000 0.000000 0.000000 0.499952
 0.000000 0.000000 0.000000 0.000000 0.000000 0.000000 0.000000 0.000725 0.000000 0.000000 0.000000 0.000000 0.000000 0.499561 0.000154 0.000000 0.000000 0.000000 0.000000 0.499561
 0.307281 0.340311 0.000000 0.000000 0.000000 0.000000 0.000494 0.000000 0.000000 0.000000 0.000000 0.000000 0.000000 0.000000 0.332014 0.019900 0.000000 0.000000 0.000000 0.000000
 0.000000 0.000000 0.000000 0.000000 0.499992 0.000000 0.000000 0.000000 0.000000 0.000000 0.499992 0.000000 0.000000 0.000000 0.000017 0.000000 0.000000 0.000000 0.000000 0.000000
 0.000000 0.000000 0.000000 0.493462 0.000000 0.000000 0.000000 0.000000 0.000000 0.000000 0.000000 0.492963 0.000001 0.000000 0.000000 0.000000 0.013574 0.000000 0.000000 0.000000
 0.000000 0.000000 0.000000 0.000000 0.000000 0.000000 0.000000 0.000000 0.500000 0.000000 0.000000 0.000000 0.000000 0.000000 0.000000 0.000000 0.000000 0.000000 0.500000 0.000000
 0.000000 0.000000 0.000000 0.000000 0.021731 0.000000 0.000000 0.000000 0.000000 0.488776 0.000000 0.000000 0.000000 0.000000 0.000000 0.000000 0.000221 0.489272 0.000000 0.000000
 0.000000 0.000000 0.000000 0.499999 0.000000 0.500000 0.000000 0.000000 0.000000 0.000002 0.000000 0.000000 0.000000 0.000000 0.000000 0.000000 0.000000 0.000000 0.000000 0.000000
 0.000000 0.000000 0.000000 0.000000 0.000000 0.000094 0.499952 0.000000 0.000000 0.000000 0.000000 0.000000 0.000000 0.000000 0.000000 0.499954 0.000000 0.000000 0.000000 0.000000
 0.002144 0.000000 0.505024 0.000000 0.000001 0.000000 0.000156 0.492658 0.000017 0.000000 0.000000 0.000000 0.000000 0.000000 0.000000 0.000000 0.000000 0.000000 0.000001 0.000000
 0.327066 0.290307 0.000000 0.000000 0.000000 0.000000 0.000000 0.021136 0.000000 0.000000 0.000000 0.000000 0.000000 0.361491 0.000000 0.000000 0.000000 0.000000 0.000000 0.000000
 0.000000 0.000000 0.000000 0.000000 0.493098 0.000000 0.000000 0.000000 0.000000 0.013564 0.000000 0.000223 0.000000 0.000000 0.000000 0.000000 0.000000 0.493114 0.000000 0.000001
 0.000000 0.000000 0.000000 0.000000 0.000285 0.000000 0.000000 0.000000 0.000000 0.000000 0.000000 0.499858 0.000000 0.000000 0.000000 0.000000 0.499858 0.000000 0.000000 0.000000
 0.000000 0.000000 0.500000 0.000000 0.000000 0.000000 0.000000 0.000000 0.000000 0.000000 0.499999 0.000000 0.000000 0.000000 0.000001 0.000000 0.000000 0.000000 0.000000 0.000000
 0.000000 0.000000 0.000000 0.000000 0.000000 0.499999 0.500000 0.000000 0.000000 0.000000 0.000000 0.000000 0.000000 0.000000 0.000000 0.000000 0.000001 0.000000 0.000000 0.000000
the mean of prob-rank is 1.4210526315789473
the number of false negetive edges is 0
the number of probability greater than 0 is 3.45/edge
