20
 0.000000 0.488780 0.000000 0.000000 0.022618 0.000000 0.000000 0.000000 0.000000 0.000000 0.000000 0.000000 0.000000 0.000000 0.488602 0.000000 0.000000 0.000000 0.000000 0.000000
 0.496439 0.000000 0.000000 0.000000 0.000000 0.000000 0.000000 0.496422 0.000000 0.007139 0.000000 0.000000 0.000000 0.000000 0.000000 0.000000 0.000000 0.000000 0.000000 0.000000
 0.000000 0.000000 0.000000 0.001078 0.498893 0.000000 0.000000 0.000000 0.000000 0.001813 0.000000 0.000000 0.000000 0.000000 0.498215 0.000000 0.000000 0.000000 0.000000 0.000000
 0.000000 0.000000 0.001047 0.000000 0.000000 0.000000 0.000000 0.484505 0.000000 0.000000 0.000000 0.000000 0.000000 0.000000 0.029904 0.484544 0.000000 0.000000 0.000000 0.000000
 0.022552 0.000000 0.487363 0.000000 0.000000 0.000000 0.000000 0.000000 0.000000 0.487218 0.000000 0.000000 0.000000 0.000000 0.002867 0.000000 0.000000 0.000000 0.000000 0.000000
 0.000000 0.000000 0.000000 0.000000 0.000000 0.000000 0.000000 0.000000 0.000000 0.000000 0.000000 0.000000 0.000025 0.000000 0.000000 0.000000 0.499987 0.000000 0.000000 0.499987
 0.000000 0.000000 0.000000 0.000000 0.000000 0.000000 0.000000 0.000000 0.499976 0.000000 0.000000 0.000000 0.000048 0.499976 0.000000 0.000000 0.000000 0.000000 0.000000 0.000000
 0.000000 0.500004 0.000000 0.499990 0.000000 0.000000 0.000000 0.000000 0.000000 0.000001 0.000001 0.000000 0.000000 0.000000 0.000000 0.000003 0.000000 0.000000 0.000000 0.000000
 0.000000 0.000000 0.000000 0.000000 0.000000 0.000000 0.499980 0.000000 0.000000 0.000000 0.000000 0.499980 0.000000 0.000041 0.000000 0.000000 0.000000 0.000000 0.000000 0.000000
 0.000000 0.007126 0.001801 0.000000 0.495461 0.000000 0.000000 0.000001 0.000000 0.000000 0.000000 0.000000 0.000000 0.000000 0.000000 0.000000 0.000000 0.000000 0.495610 0.000000
 0.000000 0.000000 0.000000 0.000000 0.000000 0.000000 0.000000 0.000001 0.000000 0.000000 0.000000 0.000000 0.000000 0.000000 0.000000 0.499999 0.500000 0.000000 0.000000 0.000000
 0.000000 0.000000 0.000000 0.000000 0.000000 0.000000 0.000000 0.000000 0.500000 0.000000 0.000000 0.000000 0.000000 0.000000 0.000000 0.000000 0.000000 0.500000 0.000000 0.000000
 0.000000 0.000000 0.000000 0.000000 0.000000 0.000025 0.000048 0.000000 0.000000 0.000000 0.000000 0.000000 0.000000 0.499963 0.000000 0.000000 0.000000 0.000000 0.000000 0.499963
 0.000000 0.000000 0.000000 0.000000 0.000000 0.000000 0.499927 0.000000 0.000041 0.000000 0.000000 0.000000 0.499927 0.000000 0.000000 0.000000 0.000000 0.000000 0.000000 0.000106
 0.483876 0.000000 0.483402 0.029874 0.002848 0.000000 0.000000 0.000000 0.000000 0.000000 0.000000 0.000000 0.000000 0.000000 0.000000 0.000000 0.000000 0.000000 0.000000 0.000000
 0.000000 0.000000 0.000000 0.499999 0.000000 0.000000 0.000000 0.000003 0.000000 0.000000 0.499998 0.000000 0.000000 0.000000 0.000000 0.000000 0.000000 0.000000 0.000000 0.000000
 0.000000 0.000000 0.000000 0.000000 0.000000 0.500000 0.000000 0.000000 0.000000 0.000000 0.500000 0.000000 0.000000 0.000000 0.000000 0.000000 0.000000 0.000000 0.000000 0.000000
 0.000000 0.000000 0.000000 0.000000 0.000000 0.000000 0.000000 0.000000 0.000000 0.000000 0.000000 0.500000 0.000000 0.000000 0.000000 0.000000 0.000000 0.000000 0.500000 0.000000
 0.000000 0.000000 0.000000 0.000000 0.000000 0.000000 0.000000 0.000000 0.000000 0.500000 0.000000 0.000000 0.000000 0.000000 0.000000 0.000000 0.000000 0.500000 0.000000 0.000000
 0.000000 0.000000 0.000000 0.000000 0.000000 0.499947 0.000000 0.000000 0.000000 0.000000 0.000000 0.000000 0.499947 0.000106 0.000000 0.000000 0.000000 0.000000 0.000000 0.000000
the mean of prob-rank is 1.5263157894736843
the number of false negetive edges is 0
the number of probability greater than 0 is 3.2/edge
