20
 0.000000 0.000000 0.000000 0.000000 0.000000 0.000000 0.000000 0.000000 0.000000 0.000000 0.000000 0.000000 0.000000 0.000000 0.000000 0.500000 0.000000 0.000000 0.500000 0.000000
 0.000000 0.000000 0.500000 0.000000 0.000000 0.000000 0.000000 0.000000 0.000000 0.000000 0.000000 0.500000 0.000000 0.000000 0.000000 0.000000 0.000000 0.000000 0.000000 0.000000
 0.000000 0.490952 0.000000 0.000000 0.000000 0.000000 0.000000 0.000000 0.000000 0.015932 0.000000 0.000000 0.000000 0.000000 0.000000 0.006129 0.486987 0.000000 0.000000 0.000000
 0.000000 0.000000 0.000000 0.000000 0.000000 0.000000 0.000000 0.000000 0.000000 0.000000 0.498635 0.000000 0.000000 0.000000 0.000000 0.000000 0.000000 0.498637 0.000000 0.002729
 0.000000 0.000000 0.000000 0.000000 0.000000 0.316559 0.000005 0.057732 0.000004 0.005421 0.000000 0.000000 0.000005 0.134111 0.347656 0.000000 0.000000 0.138508 0.000000 0.000000
 0.000000 0.000000 0.000000 0.000000 0.279068 0.000000 0.000000 0.047448 0.304929 0.000000 0.000000 0.000000 0.000000 0.095584 0.272971 0.000000 0.000000 0.000000 0.000000 0.000000
 0.000000 0.000000 0.000000 0.000000 0.000006 0.000000 0.000000 0.000000 0.000000 0.387950 0.000000 0.000000 0.000000 0.000000 0.000000 0.392607 0.219123 0.000000 0.000315 0.000000
 0.000000 0.000000 0.000000 0.000000 0.071587 0.066739 0.000000 0.000000 0.000000 0.000000 0.000000 0.000000 0.431098 0.000000 0.000000 0.000000 0.000000 0.430577 0.000000 0.000000
 0.000000 0.000000 0.000000 0.000000 0.000005 0.460186 0.000000 0.000000 0.000000 0.000000 0.000000 0.000000 0.000000 0.077364 0.000000 0.000000 0.000000 0.000000 0.000000 0.462445
 0.000000 0.000000 0.014596 0.000000 0.007013 0.000000 0.443591 0.000000 0.000000 0.000000 0.000000 0.000000 0.000000 0.000000 0.000000 0.000000 0.448937 0.085862 0.000000 0.000000
 0.000000 0.000000 0.000000 0.499438 0.000000 0.000000 0.000000 0.000000 0.000000 0.000000 0.000000 0.499447 0.000000 0.000000 0.000000 0.000000 0.000000 0.001115 0.000000 0.000000
 0.000000 0.500000 0.000000 0.000000 0.000000 0.000000 0.000000 0.000000 0.000000 0.000000 0.500000 0.000000 0.000000 0.000000 0.000000 0.000000 0.000000 0.000000 0.000000 0.000000
 0.000000 0.000000 0.000000 0.000000 0.000007 0.000000 0.000000 0.500000 0.000000 0.000000 0.000000 0.000000 0.000000 0.000000 0.000000 0.000000 0.000000 0.000000 0.000000 0.499992
 0.000000 0.000000 0.000000 0.000000 0.135950 0.109912 0.000000 0.000000 0.058948 0.000000 0.000000 0.000000 0.000000 0.000000 0.342810 0.000000 0.000000 0.000000 0.352379 0.000000
 0.000000 0.000000 0.000000 0.000000 0.349238 0.311052 0.000000 0.000000 0.000000 0.000000 0.000000 0.000000 0.000000 0.339710 0.000000 0.000000 0.000000 0.000000 0.000000 0.000000
 0.497328 0.000000 0.006209 0.000000 0.000000 0.000000 0.496352 0.000000 0.000000 0.000000 0.000000 0.000000 0.000000 0.000000 0.000000 0.000000 0.000112 0.000000 0.000000 0.000000
 0.000000 0.000000 0.389408 0.000000 0.000000 0.000000 0.218677 0.000000 0.000000 0.391826 0.000000 0.000000 0.000000 0.000000 0.000000 0.000088 0.000000 0.000000 0.000000 0.000000
 0.000000 0.000000 0.000000 0.384928 0.153357 0.000000 0.000000 0.384469 0.000000 0.073480 0.000859 0.000000 0.000000 0.000000 0.000000 0.000000 0.000000 0.000000 0.000000 0.002907
 0.499836 0.000000 0.000000 0.000000 0.000000 0.000000 0.000400 0.000000 0.000000 0.000000 0.000000 0.000000 0.000000 0.499764 0.000000 0.000000 0.000000 0.000000 0.000000 0.000000
 0.000000 0.000000 0.000000 0.002719 0.000000 0.000000 0.000000 0.000000 0.496720 0.000000 0.000000 0.000000 0.496810 0.000000 0.000000 0.000000 0.000000 0.003751 0.000000 0.000000
the mean of prob-rank is 1.4736842105263157
the number of false negetive edges is 0
the number of probability greater than 0 is 4.0/edge
