20
 0.000000 0.000000 0.000000 0.000028 0.169228 0.000000 0.038315 0.001789 0.000000 0.000000 0.367682 0.000000 0.001036 0.358466 0.000000 0.053772 0.006076 0.000000 0.000000 0.003608
 0.000000 0.000000 0.000000 0.000000 0.000000 0.000000 0.000000 0.499983 0.000000 0.000000 0.000000 0.500017 0.000000 0.000000 0.000000 0.000000 0.000000 0.000000 0.000000 0.000000
 0.000000 0.000000 0.000000 0.000000 0.000000 0.000000 0.000000 0.000084 0.000000 0.000000 0.000000 0.000000 0.000000 0.000000 0.000000 0.000000 0.000000 0.500037 0.499879 0.000000
 0.000038 0.000000 0.000000 0.000000 0.000000 0.000000 0.499945 0.000000 0.000000 0.000000 0.000000 0.500018 0.000000 0.000000 0.000000 0.000000 0.000000 0.000000 0.000000 0.000000
 0.187711 0.000000 0.000000 0.000000 0.000000 0.000000 0.404450 0.000000 0.000000 0.000000 0.000000 0.000000 0.000000 0.000000 0.000000 0.000000 0.407840 0.000000 0.000000 0.000000
 0.000000 0.000000 0.000000 0.000000 0.000000 0.000000 0.000000 0.000000 0.308557 0.000000 0.000000 0.000000 0.000000 0.341427 0.350016 0.000000 0.000000 0.000000 0.000000 0.000000
 0.036124 0.000000 0.000000 0.346599 0.343774 0.000000 0.000000 0.000000 0.000000 0.000000 0.000000 0.000012 0.000000 0.000000 0.000000 0.000000 0.273491 0.000000 0.000000 0.000000
 0.002426 0.498739 0.000084 0.000000 0.000000 0.000000 0.000000 0.000000 0.000000 0.000000 0.000000 0.000000 0.000000 0.000000 0.000000 0.000000 0.000000 0.498752 0.000000 0.000000
 0.000000 0.000000 0.000000 0.000000 0.000000 0.297042 0.000000 0.000000 0.000000 0.000000 0.000000 0.000000 0.000000 0.082786 0.332008 0.000000 0.288164 0.000000 0.000000 0.000000
 0.000000 0.000000 0.000000 0.000000 0.000000 0.000000 0.000000 0.000000 0.000000 0.000000 0.000000 0.000000 0.000000 0.000000 0.000000 0.000000 0.000000 0.000000 0.500000 0.500000
 0.479252 0.000000 0.000000 0.000000 0.000000 0.000000 0.000000 0.000000 0.000000 0.000000 0.000000 0.000000 0.001727 0.039817 0.000000 0.479203 0.000000 0.000000 0.000000 0.000000
 0.000000 0.499989 0.000000 0.499980 0.000000 0.000000 0.000017 0.000000 0.000000 0.000000 0.000000 0.000000 0.000000 0.000000 0.000000 0.000000 0.000014 0.000000 0.000000 0.000000
 0.001138 0.000000 0.000000 0.000000 0.000000 0.000000 0.000000 0.000000 0.000000 0.000000 0.001456 0.000000 0.000000 0.198180 0.000000 0.404062 0.000000 0.000000 0.000000 0.395164
 0.341468 0.000000 0.000000 0.000000 0.000000 0.341365 0.000000 0.000000 0.085980 0.000000 0.029099 0.000000 0.171778 0.000000 0.029421 0.000889 0.000000 0.000000 0.000000 0.000000
 0.000000 0.000000 0.000000 0.000000 0.000000 0.378662 0.000000 0.000000 0.373104 0.000000 0.000000 0.000000 0.000000 0.031834 0.000000 0.000000 0.000086 0.000000 0.000000 0.216313
 0.067953 0.000000 0.000000 0.000000 0.000000 0.000000 0.000000 0.000000 0.000000 0.000000 0.464604 0.000000 0.464630 0.001180 0.000000 0.000000 0.000000 0.000000 0.000000 0.001634
 0.006212 0.000000 0.000000 0.000000 0.375911 0.000000 0.296572 0.000000 0.321209 0.000000 0.000000 0.000011 0.000000 0.000000 0.000085 0.000000 0.000000 0.000000 0.000000 0.000000
 0.000000 0.000000 0.499998 0.000000 0.000000 0.000000 0.000000 0.499978 0.000000 0.000000 0.000000 0.000000 0.000000 0.000000 0.000000 0.000000 0.000000 0.000000 0.000025 0.000000
 0.000000 0.000000 0.499909 0.000000 0.000000 0.000000 0.000000 0.000000 0.000000 0.500066 0.000000 0.000000 0.000000 0.000000 0.000000 0.000000 0.000000 0.000025 0.000000 0.000000
 0.003831 0.000000 0.000000 0.000000 0.000000 0.000000 0.000000 0.000000 0.000000 0.390314 0.000000 0.000000 0.381701 0.000000 0.222782 0.001372 0.000000 0.000000 0.000000 0.000000
the mean of prob-rank is 1.894736842105263
the number of false negetive edges is 0
the number of probability greater than 0 is 4.3/edge
