20
 0.000000 0.500003 0.000000 0.000000 0.000000 0.000000 0.000000 0.000000 0.000000 0.000000 0.000000 0.000000 0.000000 0.000000 0.000000 0.000000 0.000000 0.000000 0.000000 0.499997
 0.500000 0.000000 0.000000 0.000000 0.000000 0.000000 0.000000 0.000000 0.000000 0.000000 0.000000 0.000000 0.000000 0.000000 0.000000 0.000000 0.500000 0.000000 0.000000 0.000000
 0.000000 0.000000 0.000000 0.000000 0.000000 0.317612 0.000000 0.000000 0.000000 0.000011 0.000000 0.019215 0.000000 0.000000 0.339008 0.000000 0.000000 0.000000 0.324155 0.000000
 0.000000 0.000000 0.000000 0.000000 0.000000 0.000000 0.000000 0.000000 0.499998 0.000000 0.000000 0.000000 0.500002 0.000000 0.000000 0.000000 0.000000 0.000000 0.000000 0.000000
 0.000000 0.000000 0.000000 0.000000 0.000000 0.000000 0.001879 0.017851 0.000000 0.485284 0.006167 0.000000 0.000000 0.488820 0.000000 0.000000 0.000000 0.000000 0.000000 0.000000
 0.000000 0.000000 0.275895 0.000000 0.000000 0.000000 0.000000 0.000000 0.000000 0.293091 0.000000 0.000000 0.000000 0.000000 0.000000 0.000000 0.000000 0.000000 0.289361 0.141653
 0.000000 0.000000 0.000000 0.000000 0.001358 0.000000 0.000000 0.339461 0.000000 0.030658 0.353218 0.275118 0.000000 0.000004 0.000000 0.000183 0.000000 0.000000 0.000000 0.000000
 0.000000 0.000000 0.000000 0.000000 0.013347 0.000000 0.351246 0.000000 0.000000 0.000652 0.243976 0.025316 0.000000 0.365464 0.000000 0.000000 0.000000 0.000000 0.000000 0.000000
 0.000000 0.000000 0.000000 0.499830 0.000000 0.000000 0.000000 0.000000 0.000000 0.000000 0.000000 0.000000 0.000000 0.000341 0.000000 0.499830 0.000000 0.000000 0.000000 0.000000
 0.000000 0.000000 0.000013 0.000000 0.410435 0.411475 0.035884 0.000737 0.000000 0.000000 0.141455 0.000000 0.000000 0.000001 0.000000 0.000000 0.000000 0.000000 0.000000 0.000000
 0.000000 0.000000 0.000000 0.000000 0.004417 0.000000 0.350144 0.233738 0.000000 0.119803 0.000000 0.291895 0.000000 0.000000 0.000000 0.000002 0.000000 0.000000 0.000000 0.000000
 0.000000 0.000000 0.020697 0.000000 0.000000 0.000000 0.284424 0.025294 0.000000 0.000000 0.304418 0.000000 0.000000 0.000000 0.000000 0.365166 0.000000 0.000000 0.000000 0.000000
 0.000000 0.000000 0.000000 0.500002 0.000000 0.000000 0.000000 0.000000 0.000000 0.000000 0.000000 0.000000 0.000000 0.000000 0.000000 0.000000 0.499998 0.000000 0.000000 0.000000
 0.000000 0.000000 0.000000 0.000000 0.499837 0.000000 0.000006 0.499815 0.000341 0.000001 0.000000 0.000000 0.000000 0.000000 0.000000 0.000000 0.000000 0.000000 0.000000 0.000000
 0.000000 0.000000 0.500016 0.000000 0.000000 0.000000 0.000000 0.000000 0.000000 0.000000 0.000000 0.000000 0.000000 0.000000 0.000000 0.000000 0.000000 0.499940 0.000044 0.000000
 0.000000 0.000000 0.000000 0.000000 0.000000 0.000000 0.000259 0.000001 0.499867 0.000000 0.000003 0.499871 0.000000 0.000000 0.000000 0.000000 0.000000 0.000000 0.000000 0.000000
 0.000000 0.500002 0.000000 0.000000 0.000000 0.000000 0.000000 0.000000 0.000000 0.000000 0.000000 0.000000 0.499998 0.000000 0.000000 0.000000 0.000000 0.000000 0.000000 0.000000
 0.000000 0.000000 0.000000 0.000000 0.000000 0.000000 0.000000 0.000000 0.000000 0.000000 0.000000 0.000000 0.000000 0.000000 0.371659 0.000000 0.000000 0.000000 0.271742 0.356598
 0.000000 0.000000 0.293968 0.000000 0.000000 0.302093 0.000000 0.000000 0.000000 0.000000 0.000000 0.000000 0.000000 0.000000 0.000027 0.000000 0.000000 0.224752 0.000000 0.179159
 0.330783 0.000000 0.000000 0.000000 0.000000 0.159117 0.000000 0.000000 0.000000 0.000000 0.000000 0.000000 0.000000 0.000000 0.000000 0.000000 0.000000 0.317334 0.192766 0.000000
the mean of prob-rank is 1.631578947368421
the number of false negetive edges is 0
the number of probability greater than 0 is 4.0/edge
