20
 0.000000 0.000000 0.000000 0.000000 0.500162 0.000000 0.000000 0.000000 0.000000 0.000000 0.000000 0.000000 0.000000 0.000000 0.000000 0.499824 0.000014 0.000000 0.000000 0.000000
 0.000000 0.000000 0.500002 0.000000 0.000000 0.000000 0.000000 0.000000 0.000000 0.000000 0.000000 0.000000 0.000000 0.000000 0.000000 0.000000 0.499998 0.000000 0.000000 0.000000
 0.000000 0.500000 0.000000 0.000000 0.000000 0.000000 0.000000 0.000000 0.000000 0.000000 0.500000 0.000000 0.000000 0.000000 0.000000 0.000000 0.000000 0.000000 0.000000 0.000000
 0.000000 0.000000 0.000000 0.000000 0.000000 0.420692 0.000000 0.000001 0.000000 0.081803 0.000000 0.000000 0.000788 0.092670 0.000000 0.000000 0.000000 0.000000 0.404045 0.000000
 0.499834 0.000000 0.000000 0.000000 0.000000 0.000000 0.000000 0.000000 0.000000 0.000000 0.000000 0.000000 0.000000 0.000000 0.000000 0.000338 0.499828 0.000000 0.000000 0.000000
 0.000000 0.000000 0.000000 0.358444 0.000000 0.000000 0.000000 0.357266 0.000000 0.000000 0.000000 0.000000 0.000000 0.000000 0.000000 0.000000 0.000000 0.000000 0.001372 0.282918
 0.000000 0.000000 0.000000 0.000000 0.000000 0.000000 0.000000 0.000000 0.000000 0.000000 0.000000 0.000000 0.500006 0.000000 0.499994 0.000000 0.000000 0.000000 0.000000 0.000000
 0.000000 0.000000 0.000000 0.000001 0.000000 0.366043 0.000000 0.000000 0.000000 0.000000 0.000000 0.000000 0.000000 0.000011 0.000000 0.000000 0.000000 0.000000 0.305379 0.328565
 0.000000 0.000000 0.000000 0.000000 0.000000 0.000000 0.000000 0.000000 0.000000 0.000000 0.000000 0.000000 0.000000 0.000000 0.500001 0.499999 0.000000 0.000000 0.000000 0.000000
 0.000000 0.000000 0.000000 0.088120 0.000000 0.000000 0.000000 0.000000 0.000000 0.000000 0.000000 0.000000 0.455122 0.456749 0.000000 0.000000 0.000000 0.000000 0.000009 0.000000
 0.000000 0.000000 0.500000 0.000000 0.000000 0.000000 0.000000 0.000000 0.000000 0.000000 0.000000 0.000000 0.000000 0.000000 0.000000 0.000000 0.000000 0.500000 0.000000 0.000000
 0.000000 0.000000 0.000000 0.000000 0.000000 0.000000 0.000000 0.000000 0.000000 0.000000 0.000000 0.000000 0.000000 0.000000 0.000000 0.000000 0.000000 0.500000 0.000000 0.500000
 0.000000 0.000000 0.000000 0.000924 0.000000 0.000000 0.497691 0.000000 0.000000 0.495918 0.000000 0.000000 0.000000 0.005345 0.000122 0.000000 0.000000 0.000000 0.000000 0.000000
 0.000000 0.000000 0.000000 0.098206 0.000000 0.000000 0.000000 0.000014 0.000000 0.449337 0.000000 0.000000 0.004825 0.000000 0.000000 0.000000 0.000000 0.000000 0.447618 0.000000
 0.000000 0.000000 0.000000 0.000000 0.000000 0.000000 0.499933 0.000000 0.499945 0.000000 0.000000 0.000000 0.000122 0.000000 0.000000 0.000000 0.000000 0.000000 0.000000 0.000000
 0.499663 0.000000 0.000000 0.000000 0.000339 0.000000 0.000000 0.000000 0.499998 0.000000 0.000000 0.000000 0.000000 0.000000 0.000000 0.000000 0.000000 0.000000 0.000000 0.000000
 0.000014 0.499994 0.000000 0.000000 0.499992 0.000000 0.000000 0.000000 0.000000 0.000000 0.000000 0.000000 0.000000 0.000000 0.000000 0.000000 0.000000 0.000000 0.000000 0.000000
 0.000000 0.000000 0.000000 0.000000 0.000000 0.000000 0.000000 0.000000 0.000000 0.000000 0.500000 0.500000 0.000000 0.000000 0.000000 0.000000 0.000000 0.000000 0.000000 0.000000
 0.000000 0.000000 0.000000 0.341175 0.000000 0.001359 0.000000 0.295385 0.000000 0.000007 0.000000 0.000000 0.000000 0.356663 0.000000 0.000000 0.000000 0.000000 0.000000 0.005410
 0.000000 0.000000 0.000000 0.000000 0.000000 0.291568 0.000000 0.330490 0.000000 0.000000 0.000000 0.372316 0.000000 0.000000 0.000000 0.000000 0.000000 0.000000 0.005626 0.000000
the mean of prob-rank is 1.4736842105263157
the number of false negetive edges is 0
the number of probability greater than 0 is 3.4/edge
