20
 0.000000 0.000000 0.000000 0.000000 0.000000 0.000000 0.000000 0.000000 0.311380 0.134703 0.000000 0.000000 0.321673 0.000000 0.232244 0.000000 0.000000 0.000000 0.000000 0.000000
 0.000000 0.000000 0.000000 0.000000 0.000000 0.000000 0.000000 0.000000 0.000000 0.481090 0.000000 0.000000 0.000001 0.481345 0.000000 0.000000 0.000000 0.037565 0.000000 0.000000
 0.000000 0.000000 0.000000 0.000000 0.000000 0.000000 0.478995 0.041971 0.000000 0.000000 0.000000 0.000000 0.000000 0.000000 0.000000 0.000000 0.479034 0.000000 0.000000 0.000000
 0.000000 0.000000 0.000000 0.000000 0.000000 0.000000 0.000000 0.000000 0.000000 0.000000 0.000004 0.000000 0.000000 0.000000 0.000000 0.499998 0.000000 0.000000 0.000000 0.499998
 0.000000 0.000000 0.000000 0.000000 0.000000 0.000000 0.000000 0.000000 0.319954 0.000000 0.000000 0.000000 0.000000 0.000000 0.337637 0.000000 0.000000 0.000000 0.342408 0.000000
 0.000000 0.000000 0.000000 0.000000 0.000000 0.000000 0.000000 0.499730 0.000000 0.000602 0.000000 0.000000 0.000000 0.000000 0.000000 0.000000 0.000000 0.000000 0.499667 0.000000
 0.000000 0.000000 0.490285 0.000000 0.000000 0.000000 0.000000 0.488906 0.000000 0.000000 0.000000 0.000000 0.000000 0.000000 0.000000 0.000000 0.020723 0.000000 0.000086 0.000000
 0.000000 0.000000 0.042027 0.000000 0.000000 0.479688 0.478283 0.000000 0.000000 0.000000 0.000000 0.000000 0.000000 0.000000 0.000000 0.000000 0.000002 0.000000 0.000000 0.000000
 0.320906 0.000000 0.000000 0.000000 0.309775 0.000000 0.000000 0.000000 0.000000 0.037794 0.000000 0.000000 0.000010 0.000000 0.331514 0.000000 0.000000 0.000000 0.000000 0.000000
 0.165173 0.394134 0.000000 0.000000 0.000000 0.000475 0.000000 0.000000 0.044967 0.000000 0.000000 0.000000 0.394418 0.000003 0.000000 0.000000 0.000000 0.000831 0.000000 0.000000
 0.000000 0.000000 0.000000 0.000004 0.000000 0.000000 0.000000 0.000000 0.000000 0.000000 0.000000 0.499999 0.000000 0.000000 0.000000 0.000000 0.000000 0.000000 0.000000 0.499997
 0.000000 0.000000 0.000000 0.000000 0.000000 0.000000 0.000000 0.000000 0.000000 0.000000 0.499999 0.000000 0.000000 0.000000 0.000000 0.000000 0.499999 0.000000 0.000000 0.000001
 0.485620 0.000001 0.000000 0.000000 0.000000 0.000000 0.000000 0.000000 0.000015 0.485600 0.000000 0.000000 0.000000 0.000000 0.027437 0.000000 0.000000 0.001327 0.000000 0.000000
 0.000000 0.488897 0.000000 0.000000 0.000000 0.000000 0.000000 0.000000 0.000000 0.000004 0.000000 0.000000 0.000000 0.000000 0.000000 0.022152 0.000000 0.488947 0.000000 0.000000
 0.261159 0.000000 0.000000 0.000000 0.356682 0.000000 0.000000 0.000000 0.361722 0.000000 0.000000 0.000000 0.020437 0.000000 0.000000 0.000000 0.000000 0.000000 0.000000 0.000000
 0.000000 0.000000 0.000000 0.488978 0.000000 0.000000 0.000000 0.000000 0.000000 0.000000 0.000000 0.000000 0.000000 0.022151 0.000000 0.000000 0.000000 0.488871 0.000000 0.000000
 0.000000 0.000000 0.489644 0.000000 0.000000 0.000000 0.020694 0.000003 0.000000 0.000000 0.000000 0.489659 0.000000 0.000000 0.000000 0.000000 0.000000 0.000000 0.000000 0.000000
 0.000000 0.037466 0.000000 0.000000 0.000000 0.000000 0.000000 0.000000 0.000000 0.001011 0.000000 0.000000 0.001312 0.480127 0.000000 0.480084 0.000000 0.000000 0.000000 0.000000
 0.000000 0.000000 0.000000 0.000000 0.499988 0.499924 0.000088 0.000000 0.000000 0.000000 0.000000 0.000000 0.000000 0.000000 0.000000 0.000000 0.000000 0.000000 0.000000 0.000000
 0.000000 0.000000 0.000000 0.500001 0.000000 0.000000 0.000000 0.000000 0.000000 0.000000 0.499998 0.000001 0.000000 0.000000 0.000000 0.000000 0.000000 0.000000 0.000000 0.000000
the mean of prob-rank is 1.5263157894736843
the number of false negetive edges is 0
the number of probability greater than 0 is 3.8/edge
