20
 0.000000 0.000000 0.000000 0.000000 0.000000 0.000000 0.000000 0.000000 0.000000 0.000000 0.499999 0.000000 0.499999 0.000000 0.000000 0.000000 0.000000 0.000002 0.000000 0.000000
 0.000000 0.000000 0.131967 0.000000 0.000000 0.000000 0.000000 0.067054 0.000000 0.263731 0.000000 0.000000 0.000000 0.000000 0.000000 0.000000 0.000000 0.242099 0.295148 0.000000
 0.000000 0.172250 0.000000 0.000000 0.000000 0.000000 0.000000 0.000000 0.385240 0.000000 0.000000 0.000000 0.000000 0.000000 0.000000 0.000000 0.000000 0.065805 0.376704 0.000000
 0.000000 0.000000 0.000000 0.000000 0.000000 0.000000 0.000000 0.000000 0.500000 0.000000 0.000000 0.000000 0.500000 0.000000 0.000000 0.000000 0.000000 0.000000 0.000000 0.000000
 0.000000 0.000000 0.000000 0.000000 0.000000 0.000000 0.000000 0.000000 0.000000 0.000000 0.000000 0.000000 0.000000 0.459985 0.000000 0.078773 0.000000 0.000076 0.000000 0.461165
 0.000000 0.000000 0.000000 0.000000 0.000000 0.000000 0.377824 0.000000 0.000000 0.000000 0.000000 0.024152 0.000000 0.000000 0.000000 0.382423 0.178504 0.000000 0.000000 0.037097
 0.000000 0.000000 0.000000 0.000000 0.000000 0.429495 0.000000 0.000264 0.000000 0.000000 0.000000 0.442862 0.000000 0.037383 0.000000 0.000000 0.088464 0.000000 0.000000 0.001532
 0.000000 0.102030 0.000000 0.000000 0.000000 0.000000 0.000268 0.000000 0.000000 0.446802 0.000000 0.000000 0.000000 0.449097 0.000000 0.000000 0.000000 0.001803 0.000000 0.000000
 0.000000 0.000000 0.499642 0.499645 0.000000 0.000000 0.000000 0.000000 0.000000 0.000000 0.000000 0.000000 0.000000 0.000000 0.000000 0.000000 0.000000 0.000714 0.000000 0.000000
 0.000000 0.273037 0.000000 0.000000 0.000000 0.000000 0.000000 0.304000 0.000000 0.000000 0.000000 0.000000 0.000000 0.005343 0.000000 0.000000 0.000000 0.305129 0.112491 0.000000
 0.500000 0.000000 0.000000 0.000000 0.000000 0.000000 0.000000 0.000000 0.000000 0.000000 0.000000 0.000000 0.000000 0.000000 0.500000 0.000000 0.000000 0.000000 0.000000 0.000000
 0.000000 0.000000 0.000000 0.000000 0.000000 0.030082 0.485242 0.000000 0.000000 0.000000 0.000000 0.000000 0.000000 0.000000 0.000000 0.000000 0.484514 0.000000 0.000000 0.000163
 0.499919 0.000000 0.000000 0.499920 0.000000 0.000000 0.000000 0.000000 0.000000 0.000000 0.000000 0.000000 0.000000 0.000000 0.000000 0.000000 0.000000 0.000162 0.000000 0.000000
 0.000000 0.000000 0.000000 0.000000 0.368127 0.000000 0.031157 0.369107 0.000000 0.006454 0.000000 0.000000 0.000000 0.000000 0.000000 0.000000 0.000001 0.225154 0.000000 0.000000
 0.000000 0.000000 0.000000 0.000000 0.000000 0.000000 0.000000 0.000000 0.000000 0.000000 0.500000 0.000000 0.000000 0.000000 0.000000 0.500000 0.000000 0.000000 0.000000 0.000000
 0.000000 0.000000 0.000000 0.000000 0.079351 0.456055 0.000000 0.000000 0.000000 0.000000 0.000000 0.000000 0.000000 0.000000 0.464594 0.000000 0.000000 0.000000 0.000000 0.000000
 0.000000 0.000000 0.000000 0.000000 0.000000 0.172977 0.075411 0.000000 0.000000 0.000000 0.000000 0.376954 0.000000 0.000001 0.000000 0.000000 0.000000 0.000000 0.000000 0.374657
 0.000001 0.234580 0.048850 0.000000 0.000047 0.000000 0.000000 0.001148 0.000408 0.285576 0.000000 0.000000 0.000092 0.174448 0.000000 0.000000 0.000000 0.000000 0.254850 0.000000
 0.000000 0.308916 0.302070 0.000000 0.000000 0.000000 0.000000 0.000000 0.000000 0.113725 0.000000 0.000000 0.000000 0.000000 0.000000 0.000000 0.000000 0.275289 0.000000 0.000000
 0.000000 0.000000 0.000000 0.000000 0.478119 0.045531 0.001654 0.000000 0.000000 0.000000 0.000000 0.000160 0.000000 0.000000 0.000000 0.000000 0.474536 0.000000 0.000000 0.000000
the mean of prob-rank is 1.5789473684210527
the number of false negetive edges is 0
the number of probability greater than 0 is 4.2/edge
