20
 0.000000 0.079522 0.000000 0.000000 0.000000 0.000000 0.000000 0.455239 0.000000 0.000000 0.003908 0.000000 0.000000 0.000000 0.000000 0.001650 0.000000 0.000000 0.004568 0.455114
 0.080400 0.000000 0.000000 0.000000 0.000000 0.000000 0.000000 0.000190 0.459128 0.000000 0.000000 0.000000 0.000000 0.000000 0.000000 0.000006 0.000000 0.000000 0.000000 0.460275
 0.000000 0.000000 0.000000 0.301459 0.000000 0.356668 0.295190 0.000000 0.000000 0.000000 0.000000 0.001391 0.000000 0.000000 0.038288 0.000000 0.000000 0.007004 0.000000 0.000000
 0.000000 0.000000 0.232580 0.000000 0.273320 0.000173 0.042260 0.000000 0.000000 0.000000 0.000000 0.272370 0.019326 0.000000 0.159972 0.000000 0.000000 0.000000 0.000000 0.000000
 0.000000 0.000000 0.000000 0.426659 0.000000 0.000000 0.000000 0.000000 0.000000 0.000000 0.000000 0.123987 0.429766 0.017996 0.000000 0.000000 0.001594 0.000000 0.000000 0.000000
 0.000000 0.000000 0.457517 0.000288 0.000000 0.000000 0.000000 0.000000 0.000000 0.003894 0.000000 0.082279 0.000000 0.000000 0.000000 0.000000 0.000000 0.456022 0.000000 0.000000
 0.000000 0.000000 0.294735 0.054691 0.000000 0.000000 0.000000 0.000000 0.000000 0.000000 0.002074 0.000000 0.000000 0.259841 0.356288 0.000000 0.000000 0.029983 0.002387 0.000000
 0.499893 0.000206 0.000000 0.000000 0.000000 0.000000 0.000000 0.000000 0.000000 0.000000 0.000000 0.000000 0.000000 0.000000 0.000000 0.499900 0.000000 0.000000 0.000000 0.000000
 0.000000 0.466530 0.000000 0.000000 0.000000 0.000000 0.000000 0.000000 0.000000 0.000000 0.000000 0.000000 0.000000 0.000000 0.000000 0.000000 0.467695 0.000000 0.000000 0.065775
 0.000000 0.000000 0.000000 0.000000 0.000000 0.004236 0.000000 0.000000 0.000000 0.000000 0.000000 0.497892 0.000000 0.000000 0.000000 0.000000 0.497872 0.000000 0.000000 0.000000
 0.004194 0.000000 0.000000 0.000000 0.000000 0.000000 0.002844 0.000000 0.000000 0.000000 0.000000 0.000000 0.000000 0.000000 0.000000 0.016782 0.000000 0.487632 0.488549 0.000000
 0.000000 0.000000 0.001584 0.401923 0.117206 0.073025 0.000000 0.000000 0.000000 0.406262 0.000000 0.000000 0.000000 0.000000 0.000000 0.000000 0.000000 0.000000 0.000000 0.000000
 0.000000 0.000000 0.000000 0.033751 0.480807 0.000000 0.000000 0.000000 0.000000 0.000000 0.000000 0.000000 0.000000 0.480787 0.004655 0.000000 0.000000 0.000000 0.000000 0.000000
 0.000000 0.000000 0.000000 0.000000 0.015257 0.000000 0.265727 0.000000 0.000000 0.000000 0.000000 0.000000 0.364349 0.000000 0.354667 0.000000 0.000000 0.000000 0.000000 0.000000
 0.000000 0.000000 0.040165 0.217512 0.000000 0.000000 0.374329 0.000000 0.000000 0.000000 0.000000 0.000000 0.003624 0.364371 0.000000 0.000000 0.000000 0.000000 0.000000 0.000000
 0.001785 0.000006 0.000000 0.000000 0.000000 0.000000 0.000000 0.492552 0.000000 0.000000 0.016919 0.000000 0.000000 0.000000 0.000000 0.000000 0.000000 0.000000 0.488738 0.000000
 0.000000 0.000000 0.000000 0.000000 0.001851 0.000000 0.000000 0.000000 0.499085 0.499064 0.000000 0.000000 0.000000 0.000000 0.000000 0.000000 0.000000 0.000000 0.000000 0.000000
 0.000000 0.000000 0.008304 0.000000 0.000000 0.421489 0.035604 0.000000 0.000000 0.000000 0.422286 0.000000 0.000000 0.000000 0.000000 0.000000 0.000000 0.000000 0.112317 0.000000
 0.004412 0.000000 0.000000 0.000000 0.000000 0.000000 0.002946 0.000000 0.000000 0.000000 0.439664 0.000000 0.000000 0.000000 0.000000 0.436259 0.000000 0.116720 0.000000 0.000000
 0.467079 0.467214 0.000000 0.000000 0.000000 0.000000 0.000000 0.000000 0.065707 0.000000 0.000000 0.000000 0.000000 0.000000 0.000000 0.000000 0.000000 0.000000 0.000000 0.000000
the mean of prob-rank is 1.4736842105263157
the number of false negetive edges is 0
the number of probability greater than 0 is 4.7/edge
