20
 0.000000 0.416531 0.000000 0.000000 0.000000 0.000000 0.000000 0.000000 0.000000 0.000000 0.000000 0.000001 0.006712 0.000000 0.000000 0.000000 0.414430 0.152946 0.009381 0.000000
 0.453904 0.000000 0.000000 0.000000 0.000000 0.000000 0.000000 0.451094 0.000000 0.000000 0.086887 0.008114 0.000000 0.000000 0.000000 0.000000 0.000000 0.000000 0.000000 0.000000
 0.000000 0.000000 0.000000 0.000000 0.000000 0.500000 0.000000 0.000000 0.000000 0.000000 0.000000 0.000000 0.000000 0.000000 0.500000 0.000000 0.000000 0.000000 0.000000 0.000000
 0.000000 0.000000 0.000000 0.000000 0.000000 0.000000 0.000000 0.000000 0.000000 0.003061 0.000000 0.000000 0.000000 0.000000 0.000000 0.498468 0.000000 0.000000 0.498470 0.000000
 0.000000 0.000000 0.000000 0.000000 0.000000 0.500000 0.000000 0.000000 0.000000 0.000000 0.000000 0.000000 0.500000 0.000000 0.000000 0.000000 0.000000 0.000000 0.000000 0.000000
 0.000000 0.000000 0.500000 0.000000 0.500000 0.000000 0.000000 0.000000 0.000000 0.000000 0.000000 0.000000 0.000000 0.000000 0.000000 0.000000 0.000000 0.000000 0.000000 0.000000
 0.000000 0.000000 0.000000 0.000000 0.000000 0.000000 0.000000 0.000000 0.000000 0.500000 0.000000 0.000000 0.000000 0.000000 0.000000 0.000000 0.000000 0.000000 0.000000 0.500000
 0.000000 0.395283 0.000000 0.000000 0.000000 0.000000 0.000000 0.000000 0.000000 0.000000 0.390916 0.213771 0.000030 0.000000 0.000000 0.000000 0.000000 0.000000 0.000000 0.000000
 0.000000 0.000000 0.000000 0.000000 0.000000 0.000000 0.000000 0.000000 0.000000 0.000000 0.025688 0.000006 0.081347 0.446063 0.446896 0.000000 0.000000 0.000000 0.000000 0.000000
 0.000000 0.000000 0.000000 0.003062 0.000000 0.000000 0.498478 0.000000 0.000000 0.000000 0.000000 0.000000 0.000000 0.000000 0.000000 0.498460 0.000000 0.000000 0.000000 0.000000
 0.000000 0.081832 0.000000 0.000000 0.000000 0.000000 0.000000 0.420155 0.024514 0.000000 0.000000 0.427462 0.045436 0.000000 0.000000 0.000599 0.000000 0.000000 0.000001 0.000000
 0.000000 0.007040 0.000000 0.000000 0.000000 0.000000 0.000000 0.211657 0.000005 0.000000 0.393782 0.000000 0.387515 0.000000 0.000000 0.000000 0.000000 0.000000 0.000000 0.000000
 0.006237 0.000000 0.000000 0.000000 0.387089 0.000000 0.000000 0.000029 0.070286 0.000000 0.041137 0.380858 0.000000 0.000000 0.000000 0.000000 0.037736 0.076628 0.000000 0.000000
 0.000000 0.000000 0.000000 0.000000 0.000000 0.000000 0.000000 0.000000 0.453994 0.000000 0.000000 0.000000 0.000000 0.000000 0.091366 0.000000 0.000000 0.000000 0.000000 0.454639
 0.000000 0.000000 0.454980 0.000000 0.000000 0.000000 0.000000 0.000000 0.453852 0.000000 0.000000 0.000000 0.000000 0.091168 0.000000 0.000000 0.000000 0.000000 0.000000 0.000000
 0.000000 0.000000 0.000000 0.498161 0.000000 0.000000 0.000000 0.000000 0.000000 0.498145 0.000698 0.000000 0.000000 0.000000 0.000000 0.000000 0.000000 0.000000 0.000000 0.002996
 0.398046 0.000000 0.000000 0.000000 0.000000 0.000000 0.000000 0.000000 0.000000 0.000000 0.000000 0.000000 0.039005 0.000000 0.000000 0.000000 0.000000 0.400107 0.162842 0.000000
 0.143866 0.000000 0.000000 0.000000 0.000000 0.000000 0.000000 0.000000 0.000000 0.000000 0.000000 0.000000 0.077570 0.000000 0.000000 0.000000 0.391847 0.000000 0.386717 0.000000
 0.009319 0.000000 0.000000 0.413834 0.000000 0.000000 0.000000 0.000000 0.000000 0.000000 0.000001 0.000000 0.000000 0.000000 0.000000 0.000000 0.168429 0.408416 0.000000 0.000000
 0.000000 0.000000 0.000000 0.000000 0.000000 0.000000 0.499228 0.000000 0.000000 0.000000 0.000000 0.000000 0.000000 0.497769 0.000000 0.003003 0.000000 0.000000 0.000000 0.000000
the mean of prob-rank is 1.5263157894736843
the number of false negetive edges is 0
the number of probability greater than 0 is 3.8/edge
