20
 0.000000 0.500002 0.000000 0.000000 0.000000 0.000000 0.000000 0.000000 0.000000 0.000000 0.000000 0.000000 0.000000 0.000000 0.000000 0.000000 0.000000 0.000000 0.499998 0.000000
 0.500000 0.000000 0.000000 0.000000 0.000000 0.000000 0.000000 0.000000 0.000000 0.000000 0.000000 0.000000 0.000000 0.500000 0.000000 0.000000 0.000000 0.000000 0.000000 0.000000
 0.000000 0.000000 0.000000 0.000000 0.000000 0.000000 0.000000 0.000000 0.000000 0.000000 0.499181 0.000000 0.000000 0.000000 0.000000 0.499854 0.000965 0.000000 0.000000 0.000000
 0.000000 0.000000 0.000000 0.000000 0.000000 0.000000 0.000000 0.366603 0.000000 0.000000 0.000000 0.000010 0.448201 0.000000 0.000894 0.000000 0.000000 0.184292 0.000000 0.000000
 0.000000 0.000000 0.000000 0.000000 0.000000 0.000000 0.000004 0.285407 0.000000 0.000000 0.000000 0.360302 0.000000 0.000000 0.005348 0.000000 0.000000 0.348939 0.000000 0.000000
 0.000000 0.000000 0.000000 0.000000 0.000000 0.000000 0.000000 0.000000 0.000000 0.000000 0.003051 0.000000 0.498514 0.000000 0.000000 0.000000 0.498434 0.000000 0.000000 0.000000
 0.000000 0.000000 0.000000 0.000000 0.000006 0.000000 0.000000 0.032806 0.000000 0.000000 0.000000 0.000000 0.000000 0.483665 0.000000 0.483524 0.000000 0.000000 0.000000 0.000000
 0.000000 0.000000 0.000000 0.305025 0.295758 0.000000 0.025325 0.000000 0.000000 0.000000 0.000000 0.000547 0.000000 0.000000 0.000000 0.000000 0.000000 0.373345 0.000000 0.000000
 0.000000 0.000000 0.000000 0.000000 0.000000 0.000000 0.000000 0.000000 0.000000 0.490143 0.000000 0.000000 0.000000 0.000000 0.020410 0.000000 0.000000 0.000000 0.000000 0.489447
 0.000000 0.000000 0.000000 0.000000 0.000000 0.000000 0.000000 0.000000 0.500000 0.000000 0.000000 0.000000 0.000000 0.000000 0.000000 0.000000 0.000000 0.000000 0.499999 0.000001
 0.000000 0.000000 0.498137 0.000000 0.000000 0.003053 0.000000 0.000000 0.000000 0.000000 0.000000 0.000000 0.000000 0.000000 0.000000 0.000000 0.498810 0.000000 0.000000 0.000000
 0.000000 0.000000 0.000000 0.000011 0.497640 0.000000 0.000000 0.000729 0.000000 0.000000 0.000000 0.000000 0.000000 0.000000 0.497593 0.000000 0.000000 0.004027 0.000000 0.000000
 0.000000 0.000000 0.000000 0.490029 0.000000 0.490622 0.000000 0.000000 0.000000 0.000000 0.000000 0.000000 0.000000 0.000000 0.000000 0.000000 0.000000 0.000000 0.000000 0.019349
 0.000000 0.500000 0.000000 0.000000 0.000000 0.000000 0.500000 0.000000 0.000000 0.000000 0.000000 0.000000 0.000000 0.000000 0.000000 0.000000 0.000000 0.000000 0.000000 0.000000
 0.000000 0.000000 0.000000 0.000968 0.007211 0.000000 0.000000 0.000000 0.020229 0.000000 0.000000 0.485768 0.000000 0.000000 0.000000 0.000000 0.000000 0.000000 0.000013 0.485812
 0.000000 0.000000 0.500072 0.000000 0.000000 0.000000 0.499928 0.000000 0.000000 0.000000 0.000000 0.000000 0.000000 0.000000 0.000000 0.000000 0.000000 0.000000 0.000000 0.000000
 0.000000 0.000000 0.000964 0.000000 0.000000 0.499478 0.000000 0.000000 0.000000 0.000000 0.499558 0.000000 0.000000 0.000000 0.000000 0.000000 0.000000 0.000000 0.000000 0.000000
 0.000000 0.000000 0.000000 0.172037 0.405695 0.000000 0.000000 0.418878 0.000000 0.000000 0.000000 0.003390 0.000000 0.000000 0.000000 0.000000 0.000000 0.000000 0.000000 0.000000
 0.499992 0.000000 0.000000 0.000000 0.000000 0.000000 0.000000 0.000000 0.000000 0.499995 0.000000 0.000000 0.000000 0.000000 0.000014 0.000000 0.000000 0.000000 0.000000 0.000000
 0.000000 0.000000 0.000000 0.000000 0.000000 0.000000 0.000000 0.000000 0.489976 0.000001 0.000000 0.000000 0.019351 0.000000 0.490672 0.000000 0.000000 0.000000 0.000000 0.000000
the mean of prob-rank is 1.6842105263157894
the number of false negetive edges is 0
the number of probability greater than 0 is 3.5/edge
