20
 0.000000 0.000000 0.000000 0.000000 0.000000 0.000000 0.000000 0.000000 0.000002 0.000000 0.000000 0.498920 0.498913 0.000000 0.000000 0.000000 0.000000 0.000000 0.002166 0.000000
 0.000000 0.000000 0.000000 0.000000 0.000000 0.000000 0.000000 0.000000 0.000000 0.000000 0.000000 0.000000 0.000000 0.500000 0.000000 0.000000 0.000000 0.500000 0.000000 0.000000
 0.000000 0.000000 0.000000 0.000000 0.097099 0.451016 0.000000 0.000000 0.000000 0.000000 0.451843 0.000000 0.000000 0.000000 0.000000 0.000000 0.000000 0.000000 0.000000 0.000042
 0.000000 0.000000 0.000000 0.000000 0.000000 0.000000 0.494604 0.000000 0.000000 0.000000 0.000000 0.000000 0.000000 0.000000 0.000000 0.000000 0.010835 0.000000 0.494561 0.000000
 0.000000 0.000000 0.092825 0.000000 0.000000 0.000000 0.001629 0.000000 0.000000 0.000000 0.431249 0.000000 0.000000 0.000000 0.000000 0.034479 0.000000 0.000000 0.007864 0.431955
 0.000000 0.000000 0.493932 0.000000 0.000000 0.000000 0.000000 0.000000 0.000000 0.000000 0.011097 0.000000 0.000000 0.000000 0.494837 0.000000 0.000000 0.000000 0.000000 0.000134
 0.000000 0.000000 0.000000 0.493282 0.001860 0.000000 0.000000 0.000000 0.000000 0.000000 0.000000 0.000000 0.000000 0.000000 0.011659 0.000000 0.000000 0.000000 0.000000 0.493200
 0.000000 0.000000 0.000000 0.000000 0.000000 0.000000 0.000000 0.000000 0.000000 0.000000 0.000000 0.000000 0.000000 0.000000 0.002304 0.000000 0.498850 0.498846 0.000000 0.000000
 0.000002 0.000000 0.000000 0.000000 0.000000 0.000000 0.000000 0.000000 0.000000 0.000000 0.000000 0.498795 0.002408 0.498795 0.000000 0.000000 0.000000 0.000000 0.000000 0.000000
 0.000000 0.000000 0.000000 0.000000 0.000000 0.000000 0.000000 0.000000 0.000000 0.000000 0.000000 0.000000 0.499949 0.000000 0.000000 0.499867 0.000000 0.000000 0.000185 0.000000
 0.000000 0.000000 0.484579 0.000000 0.483785 0.010867 0.000000 0.000000 0.000000 0.000000 0.000000 0.000000 0.000000 0.000000 0.000000 0.000000 0.000000 0.000000 0.000000 0.020769
 0.500000 0.000000 0.000000 0.000000 0.000000 0.000000 0.000000 0.000000 0.500000 0.000000 0.000000 0.000000 0.000000 0.000000 0.000000 0.000000 0.000000 0.000000 0.000000 0.000000
 0.498793 0.000000 0.000000 0.000000 0.000000 0.000000 0.000000 0.000000 0.002408 0.498799 0.000000 0.000000 0.000000 0.000000 0.000000 0.000000 0.000000 0.000000 0.000000 0.000000
 0.000000 0.500000 0.000000 0.000000 0.000000 0.000000 0.000000 0.000000 0.500000 0.000000 0.000000 0.000000 0.000000 0.000000 0.000000 0.000000 0.000000 0.000000 0.000000 0.000000
 0.000000 0.000000 0.000000 0.000000 0.000000 0.493387 0.011661 0.002279 0.000000 0.000000 0.000000 0.000000 0.000000 0.000000 0.000000 0.000000 0.492659 0.000000 0.000000 0.000015
 0.000000 0.000000 0.000000 0.000000 0.038382 0.000000 0.000000 0.000000 0.000000 0.480770 0.000000 0.000000 0.000000 0.000000 0.000000 0.000000 0.000000 0.000000 0.480849 0.000000
 0.000000 0.000000 0.000000 0.010685 0.000000 0.000000 0.000000 0.487756 0.000000 0.000000 0.000000 0.000000 0.000000 0.000000 0.487037 0.000000 0.000000 0.014523 0.000000 0.000000
 0.000000 0.492668 0.000000 0.000000 0.000000 0.000000 0.000000 0.492664 0.000000 0.000000 0.000000 0.000000 0.000000 0.000000 0.000000 0.000000 0.014669 0.000000 0.000000 0.000000
 0.002146 0.000000 0.000000 0.494315 0.009000 0.000000 0.000000 0.000000 0.000000 0.000182 0.000000 0.000000 0.000000 0.000000 0.000000 0.494357 0.000000 0.000000 0.000000 0.000000
 0.000000 0.000000 0.000045 0.000000 0.489454 0.000133 0.489374 0.000000 0.000000 0.000000 0.020978 0.000000 0.000000 0.000000 0.000015 0.000000 0.000000 0.000000 0.000000 0.000000
the mean of prob-rank is 1.4736842105263157
the number of false negetive edges is 0
the number of probability greater than 0 is 3.7/edge
