20
 0.000000 0.000000 0.000000 0.000000 0.499992 0.000000 0.000000 0.000000 0.000000 0.500007 0.000000 0.000000 0.000000 0.000000 0.000000 0.000000 0.000001 0.000000 0.000000 0.000000
 0.000000 0.000000 0.500000 0.000000 0.000000 0.000000 0.000000 0.000000 0.000000 0.000000 0.000000 0.000000 0.000000 0.000000 0.000000 0.000000 0.000000 0.000000 0.000000 0.500000
 0.000000 0.500000 0.000000 0.000000 0.000000 0.000000 0.000000 0.000000 0.000000 0.500000 0.000000 0.000000 0.000000 0.000000 0.000000 0.000000 0.000000 0.000000 0.000000 0.000000
 0.000000 0.000000 0.000000 0.000000 0.000000 0.000000 0.000570 0.000000 0.000000 0.000000 0.001260 0.000000 0.350980 0.000000 0.289351 0.000770 0.357069 0.000000 0.000000 0.000000
 0.499995 0.000000 0.000000 0.000000 0.000000 0.500005 0.000000 0.000000 0.000000 0.000000 0.000000 0.000000 0.000000 0.000000 0.000000 0.000000 0.000000 0.000000 0.000000 0.000000
 0.000000 0.000000 0.000000 0.000000 0.499052 0.000000 0.000000 0.000000 0.000000 0.000000 0.000000 0.499004 0.000000 0.000000 0.000000 0.000000 0.000000 0.000000 0.001944 0.000000
 0.000000 0.000000 0.000000 0.000777 0.000000 0.000000 0.000000 0.499605 0.000000 0.000000 0.000000 0.000000 0.000000 0.000000 0.000000 0.000013 0.000000 0.000000 0.000000 0.499604
 0.000000 0.000000 0.000000 0.000000 0.000000 0.000000 0.491937 0.000000 0.000000 0.000000 0.000000 0.000000 0.016206 0.000000 0.000000 0.491857 0.000000 0.000000 0.000000 0.000000
 0.000000 0.000000 0.000000 0.000000 0.000000 0.000000 0.000000 0.000000 0.000000 0.000000 0.000000 0.000000 0.000000 0.360574 0.000000 0.000000 0.276610 0.362816 0.000000 0.000000
 0.500000 0.000000 0.500000 0.000000 0.000000 0.000000 0.000000 0.000000 0.000000 0.000000 0.000000 0.000000 0.000000 0.000000 0.000000 0.000000 0.000000 0.000000 0.000000 0.000000
 0.000000 0.000000 0.000000 0.001413 0.000000 0.000000 0.000000 0.000000 0.000000 0.000000 0.000000 0.000000 0.000000 0.000000 0.409217 0.000000 0.179010 0.410361 0.000000 0.000000
 0.000000 0.000000 0.000000 0.000000 0.000000 0.499982 0.000000 0.000000 0.000000 0.000000 0.000000 0.000000 0.000000 0.000000 0.000000 0.000000 0.000000 0.000000 0.500018 0.000000
 0.000000 0.000000 0.000000 0.315774 0.000000 0.000000 0.000000 0.010850 0.000000 0.000000 0.000000 0.000000 0.000000 0.000000 0.164725 0.329350 0.179301 0.000000 0.000000 0.000000
 0.000000 0.000000 0.000000 0.000000 0.000000 0.000000 0.000000 0.000000 0.465914 0.000000 0.000000 0.000000 0.000000 0.000000 0.000000 0.000000 0.065273 0.000000 0.468812 0.000000
 0.000000 0.000000 0.000000 0.243291 0.000000 0.000000 0.000000 0.000000 0.000000 0.000000 0.306939 0.000000 0.153945 0.000000 0.000000 0.000000 0.295825 0.000000 0.000000 0.000000
 0.000000 0.000000 0.000000 0.001051 0.000000 0.000000 0.000013 0.499423 0.000000 0.000000 0.000000 0.000000 0.499503 0.000000 0.000000 0.000000 0.000010 0.000000 0.000000 0.000000
 0.000001 0.000000 0.000000 0.255424 0.000000 0.000000 0.000000 0.000000 0.199642 0.000000 0.114231 0.000000 0.142560 0.036460 0.251677 0.000005 0.000000 0.000000 0.000000 0.000000
 0.000000 0.000000 0.000000 0.000000 0.000000 0.000000 0.000000 0.000000 0.500000 0.000000 0.500000 0.000000 0.000000 0.000000 0.000000 0.000000 0.000000 0.000000 0.000000 0.000000
 0.000000 0.000000 0.000000 0.000000 0.000000 0.001944 0.000000 0.000000 0.000000 0.000000 0.000000 0.499019 0.000000 0.499037 0.000000 0.000000 0.000000 0.000000 0.000000 0.000000
 0.000000 0.500000 0.000000 0.000000 0.000000 0.000000 0.500000 0.000000 0.000000 0.000000 0.000000 0.000000 0.000000 0.000000 0.000000 0.000000 0.000000 0.000000 0.000000 0.000000
the mean of prob-rank is 1.4736842105263157
the number of false negetive edges is 0
the number of probability greater than 0 is 3.35/edge
