20
 0.000000 0.000000 0.000000 0.000000 0.000000 0.000000 0.000000 0.000000 0.000000 0.000000 0.000000 0.000000 0.000000 0.499998 0.000000 0.500002 0.000000 0.000000 0.000000 0.000000
 0.000000 0.000000 0.000000 0.000000 0.000000 0.000000 0.000000 0.000000 0.000000 0.000000 0.000000 0.000000 0.000000 0.000000 0.002278 0.498861 0.498861 0.000000 0.000000 0.000000
 0.000000 0.000000 0.000000 0.000000 0.000000 0.499327 0.001336 0.000000 0.000000 0.000000 0.000000 0.000000 0.499337 0.000000 0.000000 0.000000 0.000000 0.000000 0.000000 0.000000
 0.000000 0.000000 0.000000 0.000000 0.000000 0.000000 0.000000 0.000000 0.000000 0.500000 0.500000 0.000000 0.000000 0.000000 0.000000 0.000000 0.000000 0.000000 0.000000 0.000000
 0.000000 0.000000 0.000000 0.000000 0.000000 0.000000 0.000000 0.000000 0.000000 0.000000 0.000000 0.000000 0.000000 0.000000 0.000046 0.000000 0.000000 0.000000 0.499977 0.499977
 0.000000 0.000000 0.499831 0.000000 0.000000 0.000000 0.499812 0.000000 0.000000 0.000000 0.000000 0.000000 0.000113 0.000000 0.000000 0.000000 0.000244 0.000000 0.000000 0.000000
 0.000000 0.000000 0.001286 0.000000 0.000000 0.480690 0.000000 0.000000 0.000000 0.000000 0.036828 0.000000 0.000479 0.480717 0.000000 0.000000 0.000000 0.000000 0.000000 0.000000
 0.000000 0.000000 0.000000 0.000000 0.000000 0.000000 0.000000 0.000000 0.002017 0.000000 0.000000 0.494929 0.000000 0.000000 0.000000 0.000000 0.000000 0.008506 0.494547 0.000001
 0.000000 0.000000 0.000000 0.000000 0.000000 0.000000 0.000000 0.001540 0.000000 0.157517 0.000000 0.371814 0.000000 0.000000 0.000000 0.000000 0.000000 0.375041 0.094089 0.000000
 0.000000 0.000000 0.000000 0.414592 0.000000 0.000000 0.000000 0.000000 0.172789 0.000000 0.000000 0.000000 0.000000 0.000000 0.000000 0.000000 0.000000 0.412619 0.000000 0.000000
 0.000000 0.000000 0.000000 0.481642 0.000000 0.000000 0.036899 0.000000 0.000000 0.000000 0.000000 0.000000 0.481459 0.000000 0.000000 0.000000 0.000000 0.000000 0.000000 0.000000
 0.000000 0.000000 0.000000 0.000000 0.000000 0.000000 0.000000 0.414593 0.407895 0.000000 0.000000 0.000000 0.000000 0.000000 0.000000 0.000000 0.000000 0.177512 0.000000 0.000000
 0.000000 0.000000 0.499789 0.000000 0.000000 0.000113 0.000498 0.000000 0.000000 0.000000 0.499599 0.000000 0.000000 0.000000 0.000000 0.000000 0.000000 0.000000 0.000000 0.000000
 0.499998 0.000000 0.000000 0.000000 0.000000 0.000000 0.500002 0.000000 0.000000 0.000000 0.000000 0.000000 0.000000 0.000000 0.000000 0.000000 0.000000 0.000000 0.000000 0.000000
 0.000000 0.002277 0.000000 0.000000 0.000045 0.000000 0.000000 0.000000 0.000000 0.000000 0.000000 0.000000 0.000000 0.000000 0.000000 0.000023 0.498810 0.000000 0.000000 0.498844
 0.499993 0.499984 0.000000 0.000000 0.000000 0.000000 0.000000 0.000000 0.000000 0.000000 0.000000 0.000000 0.000000 0.000000 0.000023 0.000000 0.000000 0.000000 0.000000 0.000000
 0.000000 0.499891 0.000000 0.000000 0.000000 0.000244 0.000000 0.000000 0.000000 0.000000 0.000000 0.000000 0.000000 0.000000 0.499864 0.000000 0.000000 0.000000 0.000000 0.000000
 0.000000 0.000000 0.000000 0.000000 0.000000 0.000000 0.000000 0.007064 0.407877 0.409082 0.000000 0.175977 0.000000 0.000000 0.000000 0.000000 0.000000 0.000000 0.000000 0.000000
 0.000000 0.000000 0.000000 0.000000 0.444820 0.000000 0.000000 0.444444 0.110736 0.000000 0.000000 0.000000 0.000000 0.000000 0.000000 0.000000 0.000000 0.000000 0.000000 0.000000
 0.000000 0.000000 0.000000 0.000000 0.500000 0.000000 0.000000 0.000001 0.000000 0.000000 0.000000 0.000000 0.000000 0.000000 0.499999 0.000000 0.000000 0.000000 0.000000 0.000000
the mean of prob-rank is 1.368421052631579
the number of false negetive edges is 0
the number of probability greater than 0 is 3.3/edge
