20
 0.000000 0.000000 0.000000 0.000000 0.188097 0.189452 0.211638 0.000120 0.000000 0.000000 0.000000 0.000000 0.000000 0.000000 0.227239 0.183364 0.000000 0.000000 0.000092 0.000000
 0.000000 0.000000 0.000000 0.000000 0.000000 0.000000 0.000000 0.000000 0.000000 0.499999 0.500001 0.000000 0.000000 0.000000 0.000000 0.000000 0.000000 0.000000 0.000000 0.000000
 0.000000 0.000000 0.000000 0.000000 0.000000 0.000000 0.000000 0.000000 0.499992 0.000000 0.000000 0.000000 0.500008 0.000000 0.000000 0.000000 0.000000 0.000000 0.000000 0.000000
 0.000000 0.000000 0.000000 0.000000 0.000000 0.000000 0.027513 0.000000 0.000000 0.000000 0.000000 0.000000 0.000000 0.000000 0.000000 0.000000 0.000000 0.486386 0.000000 0.486101
 0.283268 0.000000 0.000000 0.000000 0.000000 0.000000 0.034389 0.327497 0.000000 0.000000 0.000000 0.000000 0.000000 0.000000 0.000000 0.000000 0.000000 0.000000 0.354847 0.000000
 0.274043 0.000000 0.000000 0.000000 0.000000 0.000000 0.000128 0.000000 0.000000 0.000000 0.000000 0.000000 0.000000 0.000000 0.059484 0.331034 0.000000 0.000000 0.000000 0.335312
 0.275003 0.000000 0.000000 0.017328 0.029672 0.000115 0.000000 0.306340 0.000000 0.000000 0.000000 0.000000 0.000081 0.000000 0.000000 0.000000 0.000000 0.243512 0.000226 0.127721
 0.000157 0.000000 0.000000 0.000000 0.286428 0.000000 0.310517 0.000000 0.000000 0.000000 0.000000 0.000000 0.193319 0.000000 0.000000 0.000000 0.000000 0.000000 0.209578 0.000000
 0.000000 0.000000 0.499991 0.000000 0.000000 0.000000 0.000000 0.000000 0.000000 0.000000 0.000000 0.500009 0.000000 0.000000 0.000000 0.000000 0.000000 0.000000 0.000000 0.000000
 0.000000 0.499999 0.000000 0.000000 0.000000 0.000000 0.000000 0.000000 0.000000 0.000000 0.000000 0.000000 0.000000 0.500001 0.000000 0.000000 0.000000 0.000000 0.000000 0.000000
 0.000000 0.500001 0.000000 0.000000 0.000000 0.000000 0.000000 0.000000 0.000000 0.000000 0.000000 0.499999 0.000000 0.000000 0.000000 0.000000 0.000000 0.000000 0.000000 0.000000
 0.000000 0.000000 0.000000 0.000000 0.000000 0.000000 0.000000 0.000000 0.500000 0.000000 0.500000 0.000000 0.000000 0.000000 0.000000 0.000000 0.000000 0.000000 0.000000 0.000000
 0.000000 0.000000 0.338044 0.000000 0.000000 0.000000 0.000090 0.210458 0.000000 0.000000 0.000000 0.000000 0.000000 0.000000 0.000000 0.000000 0.000000 0.332232 0.119177 0.000000
 0.000000 0.000000 0.000000 0.000000 0.000000 0.000000 0.000000 0.000000 0.000000 0.500000 0.000000 0.000000 0.000000 0.000000 0.000000 0.000000 0.500000 0.000000 0.000000 0.000000
 0.337538 0.000000 0.000000 0.000000 0.000000 0.061083 0.000000 0.000000 0.000000 0.000000 0.000000 0.000000 0.000000 0.000000 0.000000 0.350188 0.251190 0.000000 0.000001 0.000000
 0.282982 0.000000 0.000000 0.000000 0.000000 0.353182 0.000000 0.000000 0.000000 0.000000 0.000000 0.000000 0.000000 0.000000 0.363836 0.000000 0.000000 0.000000 0.000000 0.000000
 0.000000 0.000000 0.000000 0.000000 0.000000 0.000000 0.000000 0.000000 0.000000 0.000000 0.000000 0.000000 0.000000 0.373228 0.267716 0.000000 0.000000 0.000000 0.359057 0.000000
 0.000000 0.000000 0.000000 0.359934 0.000000 0.000000 0.286114 0.000000 0.000000 0.000000 0.000000 0.000000 0.353744 0.000000 0.000000 0.000000 0.000000 0.000000 0.000000 0.000208
 0.000130 0.000000 0.000000 0.000000 0.334256 0.000000 0.000247 0.225723 0.000000 0.000000 0.000000 0.000000 0.117905 0.000000 0.000001 0.000000 0.321739 0.000000 0.000000 0.000000
 0.000000 0.000000 0.000000 0.416391 0.000000 0.409661 0.173706 0.000000 0.000000 0.000000 0.000000 0.000000 0.000000 0.000000 0.000000 0.000000 0.000000 0.000241 0.000000 0.000000
the mean of prob-rank is 1.7894736842105263
the number of false negetive edges is 0
the number of probability greater than 0 is 3.8/edge
