20
 0.000000 0.000000 0.000000 0.000000 0.000000 0.000000 0.296468 0.000000 0.000000 0.000000 0.000000 0.334174 0.122598 0.000000 0.000000 0.000000 0.246760 0.000000 0.000000 0.000000
 0.000000 0.000000 0.000000 0.000000 0.000000 0.000000 0.000000 0.000000 0.000000 0.000000 0.000000 0.000000 0.000000 0.000000 0.000000 0.000000 0.500119 0.000000 0.000000 0.499881
 0.000000 0.000000 0.000000 0.000000 0.000000 0.000000 0.000000 0.000000 0.499702 0.499647 0.000000 0.000000 0.000000 0.000651 0.000000 0.000000 0.000000 0.000000 0.000000 0.000000
 0.000000 0.000000 0.000000 0.000000 0.000000 0.000000 0.000000 0.000000 0.000000 0.000000 0.000000 0.040661 0.349776 0.000000 0.000000 0.000000 0.000000 0.254473 0.355090 0.000000
 0.000000 0.000000 0.000000 0.000000 0.000000 0.499987 0.000000 0.000000 0.000000 0.000000 0.000000 0.000000 0.000000 0.000000 0.500013 0.000000 0.000000 0.000000 0.000000 0.000000
 0.000000 0.000000 0.000000 0.000000 0.499987 0.000000 0.000000 0.000000 0.000000 0.000000 0.000000 0.000000 0.000000 0.000000 0.000000 0.000000 0.000000 0.500013 0.000000 0.000000
 0.247280 0.000000 0.000000 0.000000 0.000000 0.000000 0.000000 0.000000 0.000000 0.000000 0.000000 0.000000 0.219163 0.000000 0.000000 0.000000 0.000000 0.256046 0.277512 0.000000
 0.000000 0.000000 0.000000 0.000000 0.000000 0.000000 0.000000 0.000000 0.000000 0.000000 0.000000 0.000000 0.000000 0.000000 0.000000 0.500000 0.000000 0.000000 0.000000 0.500000
 0.000000 0.000000 0.500000 0.000000 0.000000 0.000000 0.000000 0.000000 0.000000 0.000000 0.000000 0.000000 0.000000 0.000000 0.500000 0.000000 0.000000 0.000000 0.000000 0.000000
 0.000000 0.000000 0.499973 0.000000 0.000000 0.000000 0.000000 0.000000 0.000000 0.000000 0.000000 0.000000 0.000000 0.500027 0.000000 0.000000 0.000000 0.000000 0.000000 0.000000
 0.000000 0.000000 0.000000 0.000000 0.000000 0.000000 0.000000 0.000000 0.000000 0.000000 0.000000 0.000000 0.000000 0.500000 0.000000 0.500000 0.000000 0.000000 0.000000 0.000000
 0.360383 0.000000 0.000000 0.041268 0.000000 0.000000 0.000000 0.000000 0.000000 0.000000 0.000000 0.000000 0.279014 0.000000 0.000000 0.000000 0.319336 0.000000 0.000000 0.000000
 0.095251 0.000000 0.000000 0.255747 0.000000 0.000000 0.204146 0.000000 0.000000 0.000000 0.000000 0.201011 0.000000 0.000000 0.000000 0.000000 0.000000 0.000000 0.243845 0.000000
 0.000000 0.000000 0.000651 0.000000 0.000000 0.000000 0.000000 0.000000 0.000000 0.499674 0.499676 0.000000 0.000000 0.000000 0.000000 0.000000 0.000000 0.000000 0.000000 0.000000
 0.000000 0.000000 0.000000 0.000000 0.500000 0.000000 0.000000 0.000000 0.500000 0.000000 0.000000 0.000000 0.000000 0.000000 0.000000 0.000000 0.000000 0.000000 0.000000 0.000000
 0.000000 0.000000 0.000000 0.000000 0.000000 0.000000 0.000000 0.499255 0.000000 0.000000 0.499256 0.000000 0.000000 0.000000 0.000000 0.000000 0.000000 0.000000 0.000000 0.001489
 0.281353 0.381023 0.000000 0.000000 0.000000 0.000000 0.000000 0.000000 0.000000 0.000000 0.000000 0.337624 0.000000 0.000000 0.000000 0.000000 0.000000 0.000000 0.000000 0.000000
 0.000000 0.000000 0.000000 0.271944 0.000000 0.379469 0.348586 0.000000 0.000000 0.000000 0.000000 0.000000 0.000000 0.000000 0.000000 0.000000 0.000000 0.000000 0.000000 0.000000
 0.000000 0.000000 0.000000 0.340736 0.000000 0.000000 0.339247 0.000000 0.000000 0.000000 0.000000 0.000000 0.320017 0.000000 0.000000 0.000000 0.000000 0.000000 0.000000 0.000000
 0.000000 0.499136 0.000000 0.000000 0.000000 0.000000 0.000000 0.499374 0.000000 0.000000 0.000000 0.000000 0.000000 0.000000 0.000000 0.001490 0.000000 0.000000 0.000000 0.000000
the mean of prob-rank is 1.5263157894736843
the number of false negetive edges is 0
the number of probability greater than 0 is 2.9/edge
