20
 0.000000 0.294965 0.360420 0.000000 0.000000 0.000000 0.000000 0.000000 0.000000 0.000000 0.000530 0.000000 0.344084 0.000000 0.000000 0.000000 0.000000 0.000000 0.000000 0.000000
 0.272883 0.000000 0.000000 0.000000 0.000000 0.000000 0.000000 0.000000 0.000000 0.000000 0.333405 0.000000 0.062509 0.000000 0.000000 0.331203 0.000000 0.000000 0.000000 0.000000
 0.500013 0.000000 0.000000 0.000000 0.000000 0.000000 0.000000 0.000000 0.000000 0.000000 0.000000 0.000000 0.000000 0.000000 0.000000 0.000000 0.000000 0.000000 0.000000 0.499987
 0.000000 0.000000 0.000000 0.000000 0.486100 0.000000 0.000000 0.000000 0.000000 0.000000 0.000000 0.000000 0.000000 0.000000 0.000000 0.000024 0.486124 0.000000 0.027752 0.000000
 0.000000 0.000000 0.000000 0.496671 0.000000 0.000000 0.000000 0.000000 0.000000 0.000000 0.006633 0.000000 0.000000 0.000000 0.000000 0.000000 0.000000 0.000000 0.496696 0.000000
 0.000000 0.000000 0.000000 0.000000 0.000000 0.000000 0.000000 0.353535 0.000000 0.345058 0.000000 0.000000 0.000000 0.000000 0.160564 0.000006 0.140837 0.000000 0.000000 0.000000
 0.000000 0.000000 0.000000 0.000000 0.000000 0.000000 0.000000 0.000000 0.003578 0.000000 0.000000 0.498221 0.000000 0.000000 0.000000 0.000000 0.000000 0.498201 0.000000 0.000000
 0.000000 0.000000 0.000000 0.000000 0.000000 0.361698 0.000000 0.000000 0.000000 0.279089 0.000000 0.000000 0.000000 0.000000 0.359128 0.000000 0.000085 0.000000 0.000000 0.000000
 0.000000 0.000000 0.000000 0.000000 0.000000 0.000000 0.003020 0.000000 0.000000 0.415917 0.000000 0.419815 0.000000 0.000000 0.161246 0.000001 0.000000 0.000000 0.000000 0.000000
 0.000000 0.000000 0.000000 0.000000 0.000000 0.282851 0.000000 0.223612 0.286644 0.000000 0.000000 0.000026 0.000000 0.000000 0.001795 0.205071 0.000000 0.000000 0.000000 0.000000
 0.000651 0.442273 0.000000 0.000000 0.005907 0.000000 0.000000 0.000000 0.000000 0.000000 0.000000 0.000000 0.000000 0.000000 0.000000 0.110477 0.000000 0.000000 0.440692 0.000000
 0.000000 0.000000 0.000000 0.000000 0.000000 0.000000 0.436714 0.000000 0.435951 0.000039 0.000000 0.000000 0.000000 0.000000 0.000000 0.127297 0.000000 0.000000 0.000000 0.000000
 0.258203 0.050703 0.000000 0.000000 0.000000 0.000000 0.000000 0.000000 0.000000 0.000000 0.000000 0.000000 0.000000 0.193112 0.000000 0.266389 0.000000 0.000000 0.000000 0.231593
 0.000000 0.000000 0.000000 0.000000 0.000000 0.000000 0.000000 0.000000 0.000000 0.000000 0.000000 0.000000 0.269749 0.000000 0.000000 0.000000 0.000000 0.377797 0.000000 0.352455
 0.000000 0.000000 0.000000 0.000000 0.000000 0.160371 0.000000 0.350601 0.135406 0.002187 0.000000 0.000000 0.000000 0.000000 0.000000 0.000000 0.351434 0.000000 0.000000 0.000000
 0.000000 0.286878 0.000000 0.000014 0.000000 0.000005 0.000000 0.000000 0.000001 0.204347 0.072137 0.084186 0.284464 0.000000 0.000000 0.000000 0.067966 0.000000 0.000002 0.000000
 0.000000 0.000000 0.000000 0.380373 0.000000 0.151509 0.000000 0.000089 0.000000 0.000000 0.000000 0.000000 0.000000 0.000000 0.378517 0.089513 0.000000 0.000000 0.000000 0.000000
 0.000000 0.000000 0.000000 0.000000 0.000000 0.000000 0.499990 0.000000 0.000000 0.000000 0.000000 0.000000 0.000000 0.500010 0.000000 0.000000 0.000000 0.000000 0.000000 0.000000
 0.000000 0.000000 0.000000 0.027801 0.486992 0.000000 0.000000 0.000000 0.000000 0.000000 0.485203 0.000000 0.000000 0.000000 0.000000 0.000003 0.000000 0.000000 0.000000 0.000000
 0.000000 0.000000 0.358513 0.000000 0.000000 0.000000 0.000000 0.000000 0.000000 0.000000 0.000000 0.000000 0.307005 0.334482 0.000000 0.000000 0.000000 0.000000 0.000000 0.000000
the mean of prob-rank is 2.1578947368421053
the number of false negetive edges is 0
the number of probability greater than 0 is 4.25/edge
