20
 0.000000 0.499990 0.000000 0.000000 0.000000 0.000000 0.000000 0.000000 0.500010 0.000000 0.000000 0.000000 0.000000 0.000000 0.000000 0.000000 0.000000 0.000000 0.000000 0.000000
 0.499749 0.000000 0.000000 0.000000 0.000000 0.000000 0.000000 0.000000 0.000000 0.000510 0.000000 0.000000 0.499741 0.000000 0.000000 0.000000 0.000000 0.000000 0.000000 0.000000
 0.000000 0.000000 0.000000 0.000000 0.347804 0.000000 0.000000 0.000000 0.000000 0.000617 0.000000 0.000003 0.000000 0.000000 0.000808 0.343168 0.000000 0.307600 0.000000 0.000000
 0.000000 0.000000 0.000000 0.000000 0.000000 0.000000 0.000000 0.000000 0.500002 0.000000 0.000000 0.499998 0.000000 0.000000 0.000000 0.000000 0.000000 0.000000 0.000000 0.000000
 0.000000 0.000000 0.336569 0.000000 0.000000 0.000000 0.000000 0.054647 0.000000 0.000000 0.000000 0.000000 0.000000 0.000000 0.000000 0.004874 0.291229 0.312680 0.000000 0.000000
 0.000000 0.000000 0.000000 0.000000 0.000000 0.000000 0.000000 0.000000 0.000000 0.000000 0.000046 0.000000 0.000000 0.499782 0.000000 0.000000 0.000000 0.000002 0.000000 0.500170
 0.000000 0.000000 0.000000 0.000000 0.000000 0.000000 0.000000 0.000000 0.000000 0.000000 0.000000 0.087897 0.000000 0.000000 0.000000 0.000000 0.456111 0.000000 0.455992 0.000000
 0.000000 0.000000 0.000000 0.000000 0.075156 0.000000 0.000000 0.000000 0.000000 0.000000 0.462886 0.000000 0.000000 0.000000 0.000000 0.000000 0.000000 0.461945 0.000000 0.000014
 0.500000 0.000000 0.000000 0.500000 0.000000 0.000000 0.000000 0.000000 0.000000 0.000000 0.000000 0.000000 0.000000 0.000000 0.000000 0.000000 0.000000 0.000000 0.000000 0.000000
 0.000000 0.000509 0.000886 0.000000 0.000000 0.000000 0.000000 0.000000 0.000000 0.000000 0.000000 0.000000 0.499213 0.000154 0.499231 0.000000 0.000000 0.000007 0.000000 0.000000
 0.000000 0.000000 0.000000 0.000000 0.000000 0.000042 0.000000 0.457659 0.000000 0.000000 0.000000 0.000000 0.000000 0.000011 0.000000 0.000000 0.000000 0.084604 0.000000 0.457684
 0.000000 0.000000 0.000003 0.330278 0.000000 0.000000 0.063648 0.000000 0.000000 0.000000 0.000000 0.000000 0.000001 0.000000 0.000000 0.281968 0.000000 0.000000 0.324102 0.000000
 0.000000 0.499995 0.000000 0.000000 0.000000 0.000000 0.000000 0.000000 0.000000 0.500004 0.000000 0.000001 0.000000 0.000000 0.000000 0.000000 0.000000 0.000000 0.000000 0.000000
 0.000000 0.000000 0.000000 0.000000 0.000000 0.436654 0.000000 0.000000 0.000000 0.000134 0.000011 0.000000 0.000000 0.000000 0.436960 0.000000 0.000000 0.126241 0.000000 0.000000
 0.000000 0.000000 0.001034 0.000000 0.000000 0.000000 0.000000 0.000000 0.000000 0.444965 0.000000 0.000000 0.000000 0.444931 0.000000 0.000000 0.000000 0.109070 0.000000 0.000000
 0.000000 0.000000 0.270025 0.000000 0.003964 0.000000 0.000000 0.000000 0.000000 0.000000 0.000000 0.233661 0.000000 0.000000 0.000000 0.000000 0.259791 0.000001 0.232557 0.000000
 0.000000 0.000000 0.000000 0.000000 0.256470 0.000000 0.296421 0.000000 0.000000 0.000000 0.000000 0.000000 0.000000 0.000000 0.000000 0.281363 0.000000 0.000000 0.165746 0.000000
 0.000000 0.000000 0.250515 0.000000 0.263153 0.000001 0.000000 0.282687 0.000000 0.000004 0.052365 0.000000 0.000000 0.081836 0.069438 0.000001 0.000000 0.000000 0.000000 0.000000
 0.000000 0.000000 0.000000 0.000000 0.000000 0.000000 0.294918 0.000000 0.000000 0.000000 0.000000 0.289478 0.000000 0.000000 0.000000 0.250656 0.164948 0.000000 0.000000 0.000000
 0.000000 0.000000 0.000000 0.000000 0.000000 0.499997 0.000000 0.000015 0.000000 0.000000 0.499988 0.000000 0.000000 0.000000 0.000000 0.000000 0.000000 0.000000 0.000000 0.000000
the mean of prob-rank is 1.736842105263158
the number of false negetive edges is 0
the number of probability greater than 0 is 4.25/edge
