20
 0.000000 0.000000 0.499485 0.000000 0.000000 0.000000 0.001029 0.000000 0.000000 0.000000 0.000000 0.000000 0.000000 0.000000 0.000000 0.000000 0.000000 0.000000 0.499487 0.000000
 0.000000 0.000000 0.000000 0.000000 0.000000 0.000000 0.000059 0.328113 0.046125 0.345289 0.000000 0.000000 0.000000 0.000000 0.280413 0.000000 0.000000 0.000000 0.000000 0.000000
 0.499997 0.000000 0.000000 0.000000 0.000000 0.000000 0.000000 0.000000 0.000000 0.000000 0.000000 0.000000 0.000000 0.000000 0.000000 0.499999 0.000000 0.000000 0.000004 0.000000
 0.000000 0.000000 0.000000 0.000000 0.002874 0.000000 0.000000 0.322053 0.000000 0.000000 0.000000 0.001050 0.000000 0.344991 0.329031 0.000000 0.000000 0.000000 0.000000 0.000000
 0.000000 0.000000 0.000000 0.004061 0.000000 0.000000 0.020093 0.002026 0.485110 0.000000 0.000005 0.487533 0.000000 0.000000 0.000061 0.000000 0.000000 0.001110 0.000000 0.000000
 0.000000 0.000000 0.000000 0.000000 0.000000 0.000000 0.000000 0.000000 0.000000 0.000000 0.000000 0.000000 0.500000 0.000000 0.000000 0.000000 0.000000 0.000000 0.000000 0.500000
 0.001010 0.000084 0.000000 0.000000 0.020206 0.000000 0.000000 0.000000 0.488432 0.490268 0.000000 0.000000 0.000000 0.000000 0.000000 0.000000 0.000000 0.000000 0.000000 0.000000
 0.000000 0.328600 0.000000 0.323314 0.001439 0.000000 0.000000 0.000000 0.000305 0.000000 0.000000 0.000000 0.000000 0.000000 0.346342 0.000000 0.000000 0.000000 0.000000 0.000000
 0.000000 0.061050 0.000000 0.000000 0.455457 0.000000 0.456013 0.000403 0.000000 0.027075 0.000000 0.000000 0.000000 0.000000 0.000002 0.000000 0.000000 0.000000 0.000000 0.000000
 0.000000 0.485199 0.000000 0.000000 0.000000 0.000000 0.485951 0.000000 0.028744 0.000000 0.000000 0.000000 0.000000 0.000000 0.000000 0.000000 0.000106 0.000000 0.000000 0.000000
 0.000000 0.000000 0.000000 0.000000 0.000006 0.000000 0.000000 0.000000 0.000000 0.000000 0.000000 0.499997 0.000000 0.000000 0.000000 0.000000 0.000000 0.499997 0.000000 0.000000
 0.000000 0.000000 0.000000 0.001519 0.499240 0.000000 0.000000 0.000000 0.000000 0.000000 0.499241 0.000000 0.000000 0.000000 0.000000 0.000000 0.000000 0.000000 0.000000 0.000000
 0.000000 0.000000 0.000000 0.000000 0.000000 0.499820 0.000000 0.000000 0.000000 0.000000 0.000000 0.000000 0.000000 0.499818 0.000361 0.000000 0.000000 0.000000 0.000000 0.000000
 0.000000 0.000000 0.000000 0.500001 0.000000 0.000000 0.000000 0.000000 0.000000 0.000000 0.000000 0.000000 0.499999 0.000000 0.000000 0.000000 0.000000 0.000000 0.000000 0.000000
 0.000000 0.293207 0.000000 0.344878 0.000045 0.000000 0.000000 0.361607 0.000001 0.000000 0.000000 0.000000 0.000262 0.000000 0.000000 0.000000 0.000000 0.000000 0.000000 0.000000
 0.000000 0.000000 0.500000 0.000000 0.000000 0.000000 0.000000 0.000000 0.000000 0.000000 0.000000 0.000000 0.000000 0.000000 0.000000 0.000000 0.500000 0.000000 0.000000 0.000000
 0.000000 0.000000 0.000000 0.000000 0.000000 0.000000 0.000000 0.000000 0.000000 0.000109 0.000000 0.000000 0.000000 0.000000 0.000000 0.499945 0.000000 0.000000 0.000000 0.499946
 0.000000 0.000000 0.000000 0.000000 0.001137 0.000000 0.000000 0.000000 0.000000 0.000000 0.499464 0.000000 0.000000 0.000000 0.000000 0.000000 0.000000 0.000000 0.499399 0.000000
 0.500030 0.000000 0.000004 0.000000 0.000000 0.000000 0.000000 0.000000 0.000000 0.000000 0.000000 0.000000 0.000000 0.000000 0.000000 0.000000 0.000000 0.499965 0.000000 0.000000
 0.000000 0.000000 0.000000 0.000000 0.000000 0.500000 0.000000 0.000000 0.000000 0.000000 0.000000 0.000000 0.000000 0.000000 0.000000 0.000000 0.500000 0.000000 0.000000 0.000000
the mean of prob-rank is 1.5789473684210527
the number of false negetive edges is 0
the number of probability greater than 0 is 3.8/edge
