20
 0.000000 0.000000 0.000000 0.000000 0.000000 0.000000 0.000000 0.000000 0.000000 0.500000 0.500000 0.000000 0.000000 0.000000 0.000000 0.000000 0.000000 0.000000 0.000000 0.000000
 0.000000 0.000000 0.000000 0.298779 0.000000 0.331439 0.000000 0.000000 0.000000 0.000000 0.000000 0.000000 0.000000 0.000000 0.000000 0.000000 0.000000 0.369782 0.000000 0.000000
 0.000000 0.000000 0.000000 0.000000 0.000000 0.017413 0.376313 0.000000 0.000000 0.000000 0.000000 0.000000 0.000006 0.235686 0.000000 0.000000 0.000000 0.000000 0.370581 0.000000
 0.000000 0.289714 0.000000 0.000000 0.000000 0.000000 0.000000 0.000000 0.353219 0.000000 0.000000 0.000444 0.000000 0.000000 0.000161 0.356462 0.000000 0.000000 0.000000 0.000000
 0.000000 0.000000 0.000000 0.000000 0.000000 0.000000 0.000000 0.486063 0.000000 0.000000 0.000000 0.000000 0.028056 0.000000 0.000000 0.000000 0.485881 0.000000 0.000000 0.000000
 0.000000 0.354900 0.018313 0.000000 0.000000 0.000000 0.395878 0.000000 0.000000 0.000000 0.000000 0.000000 0.000000 0.000000 0.000000 0.000000 0.000000 0.230909 0.000000 0.000000
 0.000000 0.000000 0.474923 0.000000 0.000000 0.475061 0.000000 0.000000 0.000000 0.000000 0.000000 0.000000 0.005073 0.000368 0.000000 0.000000 0.000000 0.000000 0.044574 0.000000
 0.000000 0.000000 0.000000 0.000000 0.500000 0.000000 0.000000 0.000000 0.000000 0.000000 0.000000 0.500000 0.000000 0.000000 0.000000 0.000000 0.000000 0.000000 0.000000 0.000000
 0.000000 0.000000 0.000000 0.348667 0.000000 0.000000 0.000000 0.000000 0.000000 0.000000 0.000000 0.000000 0.000000 0.000000 0.000000 0.297391 0.000000 0.000000 0.000000 0.353941
 0.500000 0.000000 0.000000 0.000000 0.000000 0.000000 0.000000 0.000000 0.000000 0.000000 0.000000 0.000000 0.000000 0.000000 0.500000 0.000000 0.000000 0.000000 0.000000 0.000000
 0.500000 0.000000 0.000000 0.000000 0.000000 0.000000 0.000000 0.000000 0.000000 0.000000 0.000000 0.000000 0.000000 0.000000 0.000000 0.000000 0.000000 0.000000 0.000000 0.500000
 0.000000 0.000000 0.000000 0.000619 0.000000 0.000000 0.000000 0.499698 0.000000 0.000000 0.000000 0.000000 0.000000 0.000000 0.499683 0.000000 0.000000 0.000000 0.000000 0.000000
 0.000000 0.000000 0.000006 0.000000 0.021566 0.000000 0.003989 0.000000 0.000000 0.000000 0.000000 0.000000 0.000000 0.367265 0.000000 0.000000 0.373511 0.000000 0.233662 0.000000
 0.000000 0.000000 0.234674 0.000000 0.000000 0.000000 0.000291 0.000000 0.000000 0.000000 0.000000 0.000000 0.368490 0.000000 0.000000 0.000000 0.021669 0.000000 0.374877 0.000000
 0.000000 0.000000 0.000000 0.000225 0.000000 0.000000 0.000000 0.000000 0.000000 0.499895 0.000000 0.499880 0.000000 0.000000 0.000000 0.000000 0.000000 0.000000 0.000000 0.000000
 0.000000 0.000000 0.000000 0.352819 0.000000 0.000000 0.000000 0.000000 0.298196 0.000000 0.000000 0.000000 0.000000 0.000000 0.000000 0.000000 0.000000 0.348985 0.000000 0.000000
 0.000000 0.000000 0.000000 0.000000 0.485225 0.000000 0.000000 0.000000 0.000000 0.000000 0.000000 0.000000 0.485249 0.028058 0.000000 0.000000 0.000000 0.000000 0.001468 0.000000
 0.000000 0.389635 0.000000 0.000000 0.000000 0.227222 0.000000 0.000000 0.000000 0.000000 0.000000 0.000000 0.000000 0.000000 0.000000 0.383143 0.000000 0.000000 0.000000 0.000000
 0.000000 0.000000 0.363677 0.000000 0.000000 0.000000 0.034661 0.000000 0.000000 0.000000 0.000000 0.000000 0.231066 0.369479 0.000000 0.000000 0.001117 0.000000 0.000000 0.000000
 0.000000 0.000000 0.000000 0.000000 0.000000 0.000000 0.000000 0.000000 0.500000 0.000000 0.500000 0.000000 0.000000 0.000000 0.000000 0.000000 0.000000 0.000000 0.000000 0.000000
the mean of prob-rank is 1.5789473684210527
the number of false negetive edges is 0
the number of probability greater than 0 is 3.5/edge
