20
 0.000000 0.000000 0.000000 0.000000 0.308422 0.184546 0.000000 0.000000 0.138903 0.000000 0.000000 0.317684 0.000000 0.000000 0.007218 0.000000 0.000000 0.043226 0.000000 0.000000
 0.000000 0.000000 0.000000 0.479305 0.000000 0.000000 0.000000 0.000000 0.000000 0.000000 0.000000 0.000000 0.000000 0.000000 0.000000 0.000000 0.477674 0.000000 0.000000 0.043021
 0.000000 0.000000 0.000000 0.000000 0.000000 0.000000 0.000000 0.370442 0.000000 0.276857 0.352698 0.000000 0.000001 0.000000 0.000003 0.000000 0.000000 0.000000 0.000000 0.000000
 0.000000 0.415963 0.000000 0.000000 0.000016 0.000000 0.000000 0.000000 0.000000 0.000000 0.000000 0.000000 0.000000 0.000000 0.000000 0.000000 0.168757 0.000000 0.000000 0.415264
 0.250941 0.000000 0.000000 0.000010 0.000000 0.000446 0.000000 0.000000 0.160677 0.000000 0.000000 0.134369 0.000000 0.000000 0.004816 0.000000 0.192582 0.256157 0.000000 0.000003
 0.220591 0.000000 0.000000 0.000000 0.000655 0.000000 0.000000 0.000000 0.000299 0.378440 0.000000 0.017439 0.000000 0.000000 0.010794 0.000000 0.000000 0.371783 0.000000 0.000000
 0.000000 0.000000 0.000000 0.000000 0.000000 0.000000 0.000000 0.000000 0.000000 0.000000 0.371060 0.000000 0.000000 0.000000 0.305682 0.000000 0.323258 0.000000 0.000000 0.000000
 0.000000 0.000000 0.488302 0.000000 0.000000 0.000000 0.000000 0.000000 0.000000 0.023726 0.000000 0.000000 0.487972 0.000000 0.000000 0.000000 0.000000 0.000000 0.000000 0.000000
 0.141681 0.000000 0.000000 0.000000 0.201432 0.000255 0.000000 0.000000 0.000000 0.000000 0.000000 0.323530 0.000000 0.000000 0.324137 0.000000 0.008965 0.000000 0.000000 0.000000
 0.000000 0.000000 0.280296 0.000000 0.000000 0.373793 0.000000 0.018223 0.000000 0.000000 0.000000 0.000000 0.326139 0.000000 0.001546 0.000000 0.000000 0.000002 0.000000 0.000000
 0.000000 0.000000 0.335723 0.000000 0.000000 0.000000 0.352758 0.000000 0.000000 0.000000 0.000000 0.000000 0.000000 0.000000 0.311505 0.000000 0.000015 0.000000 0.000000 0.000000
 0.354693 0.000000 0.000000 0.000000 0.184386 0.016289 0.000000 0.000000 0.354138 0.000000 0.000000 0.000000 0.000000 0.000000 0.090351 0.000000 0.000000 0.000142 0.000000 0.000000
 0.000000 0.000000 0.000001 0.000000 0.000000 0.000000 0.000000 0.356806 0.000000 0.310489 0.000000 0.000000 0.000000 0.332704 0.000000 0.000000 0.000000 0.000000 0.000000 0.000000
 0.000000 0.000000 0.000000 0.000000 0.000000 0.000000 0.000000 0.000000 0.000000 0.000000 0.000000 0.000000 0.341880 0.000000 0.000000 0.000000 0.000000 0.291347 0.366773 0.000000
 0.006749 0.000000 0.000002 0.000000 0.005534 0.008444 0.244798 0.000000 0.297144 0.001225 0.262403 0.075668 0.000000 0.000000 0.000000 0.000000 0.098033 0.000000 0.000000 0.000000
 0.000000 0.000000 0.000000 0.000000 0.000000 0.000000 0.000000 0.000000 0.000000 0.000000 0.000000 0.000000 0.000000 0.000000 0.000000 0.000000 0.000000 0.001140 0.499434 0.499427
 0.000000 0.295210 0.000000 0.120176 0.220626 0.000000 0.258058 0.000000 0.008193 0.000000 0.000012 0.000000 0.000000 0.000000 0.097725 0.000000 0.000000 0.000000 0.000000 0.000000
 0.046873 0.000000 0.000000 0.000000 0.341393 0.337274 0.000000 0.000000 0.000000 0.000002 0.000000 0.000138 0.000000 0.273534 0.000000 0.000786 0.000000 0.000000 0.000000 0.000000
 0.000000 0.000000 0.000000 0.000000 0.000000 0.000000 0.000000 0.000000 0.000000 0.000000 0.000000 0.000000 0.000000 0.499816 0.000000 0.500184 0.000000 0.000000 0.000000 0.000000
 0.000000 0.042986 0.000000 0.478106 0.000006 0.000000 0.000000 0.000000 0.000000 0.000000 0.000000 0.000000 0.000000 0.000000 0.000000 0.478902 0.000000 0.000000 0.000000 0.000000
the mean of prob-rank is 1.6842105263157894
the number of false negetive edges is 0
the number of probability greater than 0 is 5.0/edge
