20
 0.000000 0.000000 0.000000 0.036353 0.075163 0.000000 0.000000 0.000001 0.000000 0.000000 0.000000 0.298326 0.000000 0.306326 0.000000 0.000000 0.000000 0.000000 0.000000 0.283831
 0.000000 0.000000 0.000000 0.000000 0.000000 0.000000 0.000000 0.500006 0.000000 0.000000 0.000000 0.000000 0.000000 0.000000 0.000007 0.000000 0.000000 0.000000 0.000000 0.499987
 0.000000 0.000000 0.000000 0.000000 0.000000 0.000000 0.000000 0.000000 0.000000 0.000000 0.000000 0.329164 0.000000 0.332298 0.000000 0.000000 0.000000 0.337751 0.000608 0.000178
 0.055956 0.000000 0.000000 0.000000 0.471579 0.472437 0.000000 0.000000 0.000000 0.000000 0.000000 0.000000 0.000000 0.000027 0.000001 0.000000 0.000000 0.000000 0.000000 0.000000
 0.109155 0.000000 0.000000 0.444921 0.000000 0.000000 0.000000 0.000004 0.000000 0.000000 0.000000 0.000000 0.000000 0.000000 0.445920 0.000000 0.000000 0.000000 0.000000 0.000000
 0.000000 0.000000 0.000000 0.457389 0.000000 0.000000 0.000000 0.000000 0.000000 0.000000 0.000000 0.000000 0.000000 0.083889 0.000000 0.001799 0.000000 0.000000 0.456922 0.000000
 0.000000 0.000000 0.000000 0.000000 0.000000 0.000000 0.000000 0.000000 0.476942 0.000000 0.000000 0.000000 0.000000 0.000000 0.000000 0.476924 0.000261 0.000005 0.045869 0.000000
 0.000001 0.499997 0.000000 0.000000 0.000004 0.000000 0.000000 0.000000 0.000000 0.000000 0.000000 0.000000 0.000000 0.000000 0.499997 0.000000 0.000000 0.000000 0.000000 0.000000
 0.000000 0.000000 0.000000 0.000000 0.000000 0.000000 0.497728 0.000000 0.000000 0.000000 0.000000 0.000000 0.004534 0.000000 0.000000 0.000000 0.497738 0.000000 0.000000 0.000000
 0.000000 0.000000 0.000000 0.000000 0.000000 0.000000 0.000000 0.000000 0.000000 0.000000 0.499998 0.000000 0.499998 0.000000 0.000000 0.000000 0.000004 0.000000 0.000000 0.000000
 0.000000 0.000000 0.000000 0.000000 0.000000 0.000000 0.000000 0.000000 0.000000 0.499858 0.000000 0.000000 0.000000 0.000000 0.000000 0.000000 0.000000 0.499858 0.000000 0.000284
 0.292858 0.000000 0.293755 0.000000 0.000000 0.000000 0.000000 0.000000 0.000000 0.000000 0.000000 0.000000 0.000000 0.164522 0.000000 0.000000 0.000000 0.000000 0.000000 0.248865
 0.000000 0.000000 0.000000 0.000000 0.000000 0.000000 0.000000 0.000000 0.004535 0.497831 0.000000 0.000000 0.000000 0.000000 0.000000 0.000000 0.497634 0.000000 0.000000 0.000000
 0.343169 0.000000 0.338422 0.000019 0.000000 0.063063 0.000000 0.000000 0.000000 0.000000 0.000000 0.187751 0.000000 0.000000 0.000000 0.000000 0.000000 0.000000 0.067576 0.000000
 0.000000 0.000007 0.000000 0.000001 0.499996 0.000000 0.000000 0.499995 0.000000 0.000000 0.000000 0.000000 0.000000 0.000000 0.000000 0.000000 0.000000 0.000000 0.000000 0.000000
 0.000000 0.000000 0.000000 0.000000 0.000000 0.001962 0.499004 0.000000 0.000000 0.000000 0.000000 0.000000 0.000000 0.000000 0.000000 0.000000 0.000000 0.000000 0.499033 0.000000
 0.000000 0.000000 0.000000 0.000000 0.000000 0.000000 0.000273 0.000000 0.499961 0.000004 0.000000 0.000000 0.499762 0.000000 0.000000 0.000000 0.000000 0.000000 0.000000 0.000000
 0.000000 0.000000 0.499990 0.000000 0.000000 0.000000 0.000005 0.000000 0.000000 0.000000 0.500005 0.000000 0.000000 0.000000 0.000000 0.000000 0.000000 0.000000 0.000000 0.000000
 0.000000 0.000000 0.000785 0.000000 0.000000 0.435484 0.041942 0.000000 0.000000 0.000000 0.000000 0.000000 0.000000 0.085675 0.000000 0.436115 0.000000 0.000000 0.000000 0.000000
 0.336005 0.363484 0.000192 0.000000 0.000000 0.000000 0.000000 0.000000 0.000000 0.000000 0.000206 0.300112 0.000000 0.000000 0.000000 0.000000 0.000000 0.000000 0.000000 0.000000
the mean of prob-rank is 1.5789473684210527
the number of false negetive edges is 0
the number of probability greater than 0 is 4.0/edge
