20
 0.000000 0.000000 0.499999 0.499950 0.000000 0.000000 0.000000 0.000000 0.000000 0.000000 0.000000 0.000000 0.000000 0.000000 0.000000 0.000000 0.000051 0.000000 0.000000 0.000000
 0.000000 0.000000 0.000000 0.000000 0.000000 0.499131 0.000000 0.000000 0.000000 0.000000 0.000000 0.000000 0.001758 0.000000 0.000000 0.000000 0.000000 0.000000 0.000000 0.499111
 0.500000 0.000000 0.000000 0.000000 0.000000 0.000000 0.000000 0.000000 0.000000 0.000000 0.000000 0.000000 0.000000 0.000000 0.000000 0.000000 0.000000 0.000000 0.000000 0.500000
 0.484670 0.000000 0.000000 0.000000 0.000000 0.000000 0.000000 0.000000 0.000000 0.000000 0.000000 0.000000 0.000000 0.000000 0.000000 0.000000 0.484717 0.000000 0.030613 0.000000
 0.000000 0.000000 0.000000 0.000000 0.000000 0.000074 0.001505 0.000000 0.000000 0.307285 0.000765 0.328015 0.287617 0.000000 0.074739 0.000000 0.000000 0.000000 0.000000 0.000000
 0.000000 0.437681 0.000000 0.000000 0.000098 0.000000 0.000000 0.000000 0.000000 0.000000 0.435712 0.000000 0.125487 0.000000 0.000000 0.000000 0.000000 0.000000 0.000000 0.001021
 0.000000 0.000000 0.000000 0.000000 0.001675 0.000000 0.000000 0.016581 0.000000 0.258476 0.000000 0.000001 0.364155 0.000000 0.000000 0.000000 0.000000 0.000000 0.359113 0.000000
 0.000000 0.000000 0.000000 0.000000 0.000000 0.000000 0.015850 0.000000 0.000035 0.000000 0.000000 0.000000 0.000000 0.349752 0.000000 0.000000 0.000000 0.327668 0.306695 0.000000
 0.000000 0.000000 0.000000 0.000000 0.000000 0.000000 0.000000 0.000049 0.000000 0.034096 0.000000 0.000000 0.000000 0.000000 0.000000 0.481286 0.000000 0.484569 0.000000 0.000000
 0.000000 0.000000 0.000000 0.000000 0.261750 0.000000 0.197885 0.000000 0.019698 0.000000 0.000000 0.232429 0.008169 0.000000 0.280069 0.000000 0.000000 0.000000 0.000000 0.000000
 0.000000 0.000000 0.000000 0.000000 0.000928 0.397482 0.000000 0.000000 0.000000 0.000000 0.000000 0.203302 0.000000 0.000000 0.398288 0.000000 0.000000 0.000000 0.000000 0.000000
 0.000000 0.000000 0.000000 0.000000 0.270943 0.000000 0.000000 0.000000 0.000000 0.225387 0.138305 0.000000 0.252893 0.000000 0.112472 0.000000 0.000000 0.000000 0.000000 0.000000
 0.000000 0.001127 0.000000 0.000000 0.279960 0.091772 0.318578 0.000000 0.000000 0.009335 0.000000 0.298012 0.000000 0.000000 0.000000 0.000000 0.000000 0.000000 0.001216 0.000000
 0.000000 0.000000 0.000000 0.000000 0.000000 0.000000 0.000000 0.349198 0.000000 0.000000 0.000000 0.000000 0.000000 0.000000 0.000000 0.000000 0.000000 0.339491 0.311312 0.000000
 0.000000 0.000000 0.000000 0.000000 0.086133 0.000000 0.000000 0.000000 0.000000 0.378914 0.378033 0.156921 0.000000 0.000000 0.000000 0.000000 0.000000 0.000000 0.000000 0.000000
 0.000000 0.000000 0.000000 0.000000 0.000000 0.000000 0.000000 0.000000 0.375061 0.000000 0.000000 0.000000 0.000000 0.000000 0.000000 0.000000 0.376621 0.248318 0.000000 0.000000
 0.000048 0.000000 0.000000 0.477331 0.000000 0.000000 0.000000 0.000000 0.000000 0.000000 0.000000 0.000000 0.000000 0.000000 0.000000 0.475795 0.000000 0.000000 0.046825 0.000000
 0.000000 0.000000 0.000000 0.000000 0.000000 0.000000 0.000000 0.262742 0.280289 0.000000 0.000000 0.000000 0.000000 0.272654 0.000000 0.184315 0.000000 0.000000 0.000000 0.000000
 0.000000 0.000000 0.000000 0.021666 0.000000 0.000000 0.336714 0.300825 0.000000 0.000000 0.000000 0.000000 0.001303 0.305838 0.000000 0.000000 0.033653 0.000000 0.000000 0.000000
 0.000000 0.499407 0.499427 0.000000 0.000000 0.001165 0.000000 0.000000 0.000000 0.000000 0.000000 0.000000 0.000000 0.000000 0.000000 0.000000 0.000000 0.000000 0.000000 0.000000
the mean of prob-rank is 1.5789473684210527
the number of false negetive edges is 0
the number of probability greater than 0 is 4.3/edge
