20
 0.000000 0.000000 0.000000 0.000000 0.000000 0.000000 0.007293 0.000000 0.000000 0.000000 0.000000 0.487302 0.000000 0.000000 0.000000 0.000000 0.000000 0.018451 0.000000 0.486954
 0.000000 0.000000 0.000021 0.000001 0.498496 0.498457 0.000000 0.000000 0.000000 0.000000 0.003022 0.000000 0.000000 0.000000 0.000000 0.000000 0.000000 0.000000 0.000000 0.000004
 0.000000 0.000021 0.000000 0.000000 0.499983 0.000000 0.499982 0.000000 0.000000 0.000000 0.000000 0.000000 0.000000 0.000000 0.000000 0.000000 0.000000 0.000000 0.000000 0.000014
 0.000000 0.000001 0.000000 0.000000 0.000000 0.491164 0.000000 0.000000 0.008613 0.000000 0.491101 0.000000 0.000000 0.000000 0.000000 0.009121 0.000000 0.000000 0.000000 0.000000
 0.000000 0.499981 0.499978 0.000000 0.000000 0.000000 0.000000 0.000000 0.000000 0.000000 0.000001 0.000000 0.000000 0.000000 0.000000 0.000000 0.000000 0.000000 0.000000 0.000041
 0.000000 0.492172 0.000000 0.492210 0.000000 0.000000 0.000000 0.000000 0.015617 0.000000 0.000000 0.000000 0.000000 0.000000 0.000000 0.000000 0.000000 0.000000 0.000000 0.000000
 0.007423 0.000000 0.496155 0.000000 0.000000 0.000000 0.000000 0.000000 0.000000 0.496159 0.000000 0.000000 0.000000 0.000000 0.000000 0.000000 0.000000 0.000000 0.000000 0.000264
 0.000000 0.000000 0.000000 0.000000 0.000000 0.000000 0.000000 0.000000 0.000000 0.000000 0.000000 0.000000 0.000000 0.000000 0.000000 0.000000 0.500000 0.000000 0.500000 0.000000
 0.000000 0.000000 0.000000 0.008562 0.000000 0.015491 0.000000 0.000000 0.000000 0.000000 0.000000 0.000000 0.488068 0.000000 0.000000 0.487880 0.000000 0.000000 0.000000 0.000000
 0.000000 0.000000 0.000000 0.000000 0.000000 0.000000 0.500001 0.000000 0.000000 0.000000 0.000000 0.000000 0.000000 0.499999 0.000000 0.000000 0.000000 0.000000 0.000000 0.000000
 0.000000 0.003014 0.000000 0.497140 0.000001 0.000000 0.000000 0.000000 0.000000 0.000000 0.000000 0.000000 0.000000 0.000000 0.000037 0.497204 0.000000 0.000000 0.002597 0.000008
 0.495836 0.000000 0.000000 0.000000 0.000000 0.000000 0.000000 0.000000 0.000000 0.000000 0.000000 0.000000 0.000000 0.496002 0.000000 0.000000 0.000000 0.008162 0.000000 0.000000
 0.000000 0.000000 0.000000 0.000000 0.000000 0.000000 0.000000 0.000000 0.494434 0.000000 0.000000 0.000000 0.000000 0.000000 0.000000 0.011008 0.000000 0.000000 0.494557 0.000000
 0.000000 0.000000 0.000000 0.000000 0.000000 0.000000 0.000000 0.000000 0.000000 0.499999 0.000000 0.500001 0.000000 0.000000 0.000000 0.000000 0.000000 0.000000 0.000000 0.000000
 0.000000 0.000000 0.000000 0.000000 0.000000 0.000000 0.000000 0.000000 0.000000 0.000000 0.000036 0.000000 0.000000 0.000000 0.000000 0.000000 0.491045 0.491015 0.000001 0.017903
 0.000000 0.000000 0.000000 0.009102 0.000000 0.000000 0.000000 0.000000 0.489823 0.000000 0.490165 0.000000 0.010910 0.000000 0.000000 0.000000 0.000000 0.000000 0.000000 0.000000
 0.000000 0.000000 0.000000 0.000000 0.000000 0.000000 0.000000 0.495178 0.000000 0.000000 0.000000 0.000000 0.000000 0.000000 0.495173 0.000000 0.000000 0.009648 0.000000 0.000000
 0.018253 0.000000 0.000000 0.000000 0.000000 0.000000 0.000000 0.000000 0.000000 0.000000 0.000000 0.007935 0.000000 0.000000 0.482204 0.000000 0.009396 0.000000 0.000000 0.482211
 0.000000 0.000000 0.000000 0.000000 0.000000 0.000000 0.000000 0.498714 0.000000 0.000000 0.002605 0.000000 0.498681 0.000000 0.000001 0.000000 0.000000 0.000000 0.000000 0.000000
 0.490640 0.000004 0.000014 0.000000 0.000040 0.000000 0.000261 0.000000 0.000000 0.000000 0.000008 0.000000 0.000000 0.000000 0.017907 0.000000 0.000000 0.491126 0.000000 0.000000
the mean of prob-rank is 1.5263157894736843
the number of false negetive edges is 0
the number of probability greater than 0 is 3.8/edge
