20
 0.000000 0.000000 0.000000 0.000000 0.500000 0.000000 0.000000 0.000000 0.000000 0.000000 0.000000 0.500000 0.000000 0.000000 0.000000 0.000000 0.000000 0.000000 0.000000 0.000000
 0.000000 0.000000 0.000000 0.000000 0.000000 0.000000 0.000000 0.000000 0.014399 0.000000 0.000000 0.000000 0.000000 0.492718 0.000000 0.492883 0.000000 0.000000 0.000000 0.000000
 0.000000 0.000000 0.000000 0.000000 0.000000 0.000000 0.207574 0.000000 0.000000 0.173406 0.000000 0.000000 0.000000 0.000000 0.158592 0.000000 0.241516 0.000000 0.218912 0.000000
 0.000000 0.000000 0.000000 0.000000 0.000000 0.000000 0.018257 0.000000 0.000000 0.000000 0.041356 0.000000 0.463110 0.000000 0.000002 0.000000 0.000000 0.000000 0.000000 0.477275
 0.500000 0.000000 0.000000 0.000000 0.000000 0.000000 0.000000 0.000000 0.000000 0.500000 0.000000 0.000000 0.000000 0.000000 0.000000 0.000000 0.000000 0.000000 0.000000 0.000000
 0.000000 0.000000 0.000000 0.000000 0.000000 0.000000 0.000000 0.000000 0.000000 0.000000 0.316924 0.000000 0.006478 0.000000 0.000000 0.000000 0.000000 0.349687 0.000000 0.326910
 0.000000 0.000000 0.294931 0.013485 0.000000 0.000000 0.000000 0.000000 0.000000 0.171543 0.000000 0.000000 0.000000 0.000000 0.000475 0.000000 0.352509 0.000000 0.000001 0.167055
 0.000000 0.000000 0.000000 0.000000 0.000000 0.000000 0.000000 0.000000 0.000000 0.000000 0.000000 0.000000 0.000000 0.500000 0.000000 0.000000 0.000000 0.500000 0.000000 0.000000
 0.000000 0.014407 0.000000 0.000000 0.000000 0.000000 0.000000 0.000000 0.000000 0.000000 0.000000 0.493135 0.000000 0.000000 0.000000 0.492458 0.000000 0.000000 0.000000 0.000000
 0.000000 0.000000 0.209471 0.000000 0.299699 0.000000 0.145843 0.000000 0.000000 0.000000 0.000000 0.000000 0.000000 0.000000 0.059527 0.000000 0.000000 0.000000 0.285459 0.000000
 0.000000 0.000000 0.000000 0.029518 0.000000 0.308731 0.000000 0.000000 0.000000 0.000000 0.000000 0.000000 0.340637 0.000000 0.317467 0.000000 0.000000 0.000000 0.003648 0.000000
 0.500000 0.000000 0.000000 0.000000 0.000000 0.000000 0.000000 0.000000 0.500000 0.000000 0.000000 0.000000 0.000000 0.000000 0.000000 0.000000 0.000000 0.000000 0.000000 0.000000
 0.000000 0.000000 0.000000 0.434171 0.000000 0.008289 0.000000 0.000000 0.000000 0.000000 0.447423 0.000000 0.000000 0.000000 0.000000 0.000000 0.000000 0.000000 0.000000 0.110117
 0.000000 0.491535 0.000000 0.000000 0.000000 0.000000 0.000000 0.491700 0.000000 0.000000 0.000000 0.000000 0.000000 0.000000 0.000000 0.016766 0.000000 0.000000 0.000000 0.000000
 0.000000 0.000000 0.214577 0.000001 0.000000 0.000000 0.000452 0.000000 0.000000 0.066674 0.312829 0.000000 0.000000 0.000000 0.000000 0.000000 0.069786 0.000000 0.335681 0.000000
 0.000000 0.491950 0.000000 0.000000 0.000000 0.000000 0.000000 0.000000 0.491275 0.000000 0.000000 0.000000 0.000000 0.016774 0.000000 0.000000 0.000000 0.000000 0.000000 0.000000
 0.000000 0.000000 0.423757 0.000000 0.000000 0.000000 0.435306 0.000000 0.000000 0.000000 0.000000 0.000000 0.000000 0.000000 0.090497 0.000000 0.000000 0.000000 0.050440 0.000000
 0.000000 0.000000 0.000000 0.000000 0.000000 0.499992 0.000000 0.500008 0.000000 0.000000 0.000000 0.000000 0.000000 0.000000 0.000000 0.000000 0.000000 0.000000 0.000000 0.000000
 0.000000 0.000000 0.297950 0.000000 0.000000 0.000000 0.000001 0.000000 0.000000 0.321630 0.003616 0.000000 0.000000 0.000000 0.337675 0.000000 0.039127 0.000000 0.000000 0.000000
 0.000000 0.000000 0.000000 0.376671 0.000000 0.352126 0.178505 0.000000 0.000000 0.000000 0.000000 0.000000 0.092698 0.000000 0.000000 0.000000 0.000000 0.000000 0.000000 0.000000
the mean of prob-rank is 1.6842105263157894
the number of false negetive edges is 0
the number of probability greater than 0 is 3.9/edge
