20
 0.000000 0.499654 0.000000 0.000000 0.000000 0.000000 0.000000 0.000853 0.000000 0.499493 0.000000 0.000000 0.000000 0.000000 0.000000 0.000000 0.000000 0.000000 0.000000 0.000000
 0.500007 0.000000 0.000000 0.000000 0.000000 0.000000 0.000000 0.000000 0.000000 0.000000 0.000000 0.000000 0.000000 0.000000 0.000000 0.000000 0.499993 0.000000 0.000000 0.000000
 0.000000 0.000000 0.000000 0.164932 0.000653 0.000000 0.198025 0.000000 0.140760 0.000000 0.000000 0.000001 0.153823 0.000002 0.000000 0.165957 0.175847 0.000000 0.000000 0.000000
 0.000000 0.000000 0.189478 0.000000 0.208848 0.000000 0.004969 0.000000 0.107202 0.000000 0.000000 0.000000 0.234549 0.000000 0.000000 0.014704 0.000000 0.000000 0.000000 0.240250
 0.000000 0.000000 0.000741 0.206251 0.000000 0.000000 0.168896 0.000000 0.176033 0.000000 0.000000 0.237263 0.180111 0.000000 0.000000 0.030704 0.000000 0.000000 0.000000 0.000000
 0.000000 0.000000 0.000000 0.000000 0.000000 0.000000 0.000000 0.000000 0.000000 0.000000 0.000000 0.000000 0.000000 0.000000 0.000000 0.000000 0.000000 0.499999 0.500000 0.000000
 0.000000 0.000000 0.225254 0.004920 0.169337 0.000000 0.000000 0.000000 0.191460 0.000000 0.000000 0.126352 0.071712 0.000000 0.000000 0.210966 0.000000 0.000000 0.000000 0.000000
 0.000853 0.000000 0.000000 0.000000 0.000000 0.000000 0.000000 0.000000 0.000000 0.499582 0.000000 0.000000 0.000000 0.499564 0.000000 0.000000 0.000000 0.000000 0.000000 0.000000
 0.000000 0.000000 0.141726 0.093955 0.156224 0.000000 0.169472 0.000000 0.000000 0.000000 0.000000 0.045758 0.202904 0.000000 0.000000 0.189960 0.000000 0.000000 0.000000 0.000000
 0.499903 0.000000 0.000000 0.000000 0.000000 0.000000 0.000000 0.500065 0.000000 0.000000 0.000000 0.000000 0.000000 0.000032 0.000000 0.000000 0.000000 0.000000 0.000000 0.000000
 0.000000 0.000000 0.000000 0.000000 0.000000 0.000000 0.000000 0.000000 0.000000 0.000000 0.000000 0.000000 0.000000 0.000000 0.500000 0.000000 0.000000 0.000000 0.000000 0.500000
 0.000000 0.000000 0.000001 0.000000 0.319144 0.000000 0.169514 0.000000 0.069354 0.000000 0.000000 0.000000 0.126939 0.000000 0.000000 0.006089 0.308959 0.000000 0.000000 0.000000
 0.000000 0.000000 0.152099 0.201877 0.156974 0.000000 0.062337 0.000000 0.199262 0.000000 0.000000 0.082248 0.000000 0.000000 0.000000 0.145201 0.000000 0.000000 0.000000 0.000000
 0.000000 0.000000 0.000004 0.000000 0.000000 0.000000 0.000000 0.499973 0.000000 0.000032 0.000000 0.000000 0.000000 0.000000 0.000000 0.000000 0.000000 0.499992 0.000000 0.000000
 0.000000 0.000000 0.000000 0.000000 0.000000 0.000000 0.000000 0.000000 0.000000 0.000000 0.500000 0.000000 0.000000 0.000000 0.000000 0.000000 0.000000 0.000000 0.500000 0.000000
 0.000000 0.000000 0.227095 0.017514 0.037033 0.000000 0.253788 0.000000 0.258167 0.000000 0.000000 0.005460 0.200944 0.000000 0.000000 0.000000 0.000000 0.000000 0.000000 0.000000
 0.000000 0.355999 0.299354 0.000000 0.000000 0.000000 0.000000 0.000000 0.000000 0.000000 0.000000 0.344647 0.000000 0.000000 0.000000 0.000000 0.000000 0.000000 0.000000 0.000000
 0.000000 0.000000 0.000000 0.000000 0.000000 0.499999 0.000000 0.000000 0.000000 0.000000 0.000000 0.000000 0.000000 0.500001 0.000000 0.000000 0.000000 0.000000 0.000000 0.000000
 0.000000 0.000000 0.000000 0.000000 0.000000 0.500000 0.000000 0.000000 0.000000 0.000000 0.000000 0.000000 0.000000 0.000000 0.500000 0.000000 0.000000 0.000000 0.000000 0.000000
 0.000000 0.000000 0.000000 0.499999 0.000000 0.000000 0.000000 0.000000 0.000000 0.000000 0.500001 0.000000 0.000000 0.000000 0.000000 0.000000 0.000000 0.000000 0.000000 0.000000
the mean of prob-rank is 1.7894736842105263
the number of false negetive edges is 0
the number of probability greater than 0 is 4.35/edge
