20
 0.000000 0.492555 0.000000 0.000000 0.000000 0.015396 0.000000 0.000000 0.000000 0.000000 0.000000 0.000000 0.000000 0.000000 0.000000 0.000000 0.000000 0.000000 0.492050 0.000000
 0.500000 0.000000 0.000000 0.000000 0.000000 0.000000 0.000000 0.000000 0.000000 0.000000 0.000000 0.500000 0.000000 0.000000 0.000000 0.000000 0.000000 0.000000 0.000000 0.000000
 0.000000 0.000000 0.000000 0.500026 0.000000 0.000000 0.000000 0.000000 0.000000 0.000000 0.000000 0.000000 0.000000 0.000000 0.000000 0.000000 0.499974 0.000000 0.000000 0.000000
 0.000000 0.000000 0.423510 0.000000 0.379055 0.000000 0.000000 0.000000 0.000000 0.000000 0.197435 0.000000 0.000000 0.000000 0.000000 0.000000 0.000000 0.000000 0.000000 0.000000
 0.000000 0.000000 0.000000 0.276457 0.000000 0.000000 0.000001 0.000000 0.108944 0.000000 0.302652 0.010253 0.000000 0.000000 0.000000 0.008327 0.000000 0.293364 0.000000 0.000001
 0.015402 0.000000 0.000000 0.000000 0.000000 0.000000 0.000000 0.000000 0.000000 0.000000 0.000000 0.000000 0.491841 0.000000 0.000000 0.000000 0.000000 0.000000 0.492758 0.000000
 0.000000 0.000000 0.000000 0.000000 0.000001 0.000000 0.000000 0.000000 0.000000 0.000000 0.000000 0.372046 0.000000 0.000000 0.000000 0.255883 0.000000 0.372056 0.000000 0.000014
 0.000000 0.000000 0.000000 0.000000 0.000000 0.000000 0.000000 0.000000 0.000000 0.499999 0.000000 0.000000 0.000000 0.500001 0.000000 0.000000 0.000000 0.000000 0.000000 0.000000
 0.000000 0.000000 0.000000 0.000000 0.145344 0.000000 0.000000 0.000000 0.000000 0.000000 0.408450 0.000000 0.000000 0.000000 0.000000 0.034126 0.000000 0.000000 0.000000 0.412080
 0.000000 0.000000 0.000000 0.000000 0.000000 0.000000 0.000000 0.499999 0.000000 0.000000 0.000000 0.000000 0.000000 0.000000 0.000000 0.000000 0.500001 0.000000 0.000000 0.000000
 0.000000 0.000000 0.000000 0.191279 0.402031 0.000000 0.000000 0.000000 0.406690 0.000000 0.000000 0.000000 0.000000 0.000000 0.000000 0.000000 0.000000 0.000000 0.000000 0.000000
 0.000000 0.451949 0.000000 0.000000 0.015003 0.000000 0.451028 0.000000 0.000000 0.000000 0.000000 0.000000 0.000000 0.000000 0.000000 0.000000 0.000000 0.082021 0.000000 0.000000
 0.000000 0.000000 0.000000 0.000000 0.000000 0.359708 0.000000 0.000000 0.000000 0.000000 0.000000 0.000000 0.000000 0.000000 0.360378 0.000000 0.000000 0.000000 0.279914 0.000000
 0.000000 0.000000 0.000000 0.000000 0.000000 0.000000 0.000000 0.500002 0.000000 0.000000 0.000000 0.000000 0.000000 0.000000 0.499998 0.000000 0.000000 0.000000 0.000000 0.000000
 0.000000 0.000000 0.000000 0.000000 0.000000 0.000000 0.000000 0.000000 0.000000 0.000000 0.000000 0.000000 0.500002 0.499998 0.000000 0.000000 0.000000 0.000000 0.000000 0.000000
 0.000000 0.000000 0.000000 0.000000 0.009742 0.000000 0.248012 0.000000 0.029924 0.000000 0.000000 0.000000 0.000000 0.000000 0.000000 0.000000 0.000000 0.351099 0.000000 0.361225
 0.000000 0.000000 0.499974 0.000000 0.000000 0.000000 0.000000 0.000000 0.000000 0.500026 0.000000 0.000000 0.000000 0.000000 0.000000 0.000000 0.000000 0.000000 0.000000 0.000000
 0.000000 0.000000 0.000000 0.000000 0.306288 0.000000 0.321838 0.000000 0.000000 0.000000 0.000000 0.058526 0.000000 0.000000 0.000000 0.313348 0.000000 0.000000 0.000000 0.000000
 0.359900 0.000000 0.000000 0.000000 0.000000 0.360270 0.000000 0.000000 0.000000 0.000000 0.000000 0.000000 0.279830 0.000000 0.000000 0.000000 0.000000 0.000000 0.000000 0.000000
 0.000000 0.000000 0.000000 0.000000 0.000002 0.000000 0.000019 0.000000 0.500068 0.000000 0.000000 0.000000 0.000000 0.000000 0.000000 0.499911 0.000000 0.000001 0.000000 0.000000
the mean of prob-rank is 1.5789473684210527
the number of false negetive edges is 0
the number of probability greater than 0 is 3.2/edge
