20
 0.000000 0.000000 0.000000 0.000000 0.000000 0.000000 0.000000 0.000000 0.000000 0.000000 0.000000 0.000000 0.500002 0.000000 0.000000 0.499998 0.000000 0.000000 0.000000 0.000000
 0.000000 0.000000 0.000000 0.000000 0.000000 0.000000 0.492985 0.000000 0.000000 0.000057 0.493007 0.000000 0.000000 0.000000 0.012105 0.000000 0.000001 0.001845 0.000000 0.000000
 0.000000 0.000000 0.000000 0.000000 0.499993 0.000000 0.000000 0.000000 0.499992 0.000000 0.000000 0.000000 0.000000 0.000000 0.000000 0.000000 0.000000 0.000000 0.000000 0.000014
 0.000000 0.000000 0.000000 0.000000 0.000000 0.493940 0.000000 0.012021 0.000000 0.494011 0.000001 0.000028 0.000000 0.000000 0.000000 0.000000 0.000000 0.000000 0.000000 0.000000
 0.000000 0.000000 0.499986 0.000000 0.000000 0.000000 0.000000 0.000000 0.000029 0.000000 0.000000 0.000000 0.000000 0.000000 0.000000 0.000000 0.000000 0.000000 0.000000 0.499985
 0.000000 0.000000 0.000000 0.491624 0.000000 0.000000 0.000000 0.000000 0.000000 0.000000 0.006748 0.009934 0.000000 0.000000 0.000000 0.000000 0.000000 0.000000 0.491693 0.000000
 0.000000 0.499492 0.000000 0.000000 0.000000 0.000000 0.000000 0.000000 0.000000 0.000000 0.000000 0.000000 0.000000 0.000000 0.000000 0.000000 0.000000 0.499518 0.000990 0.000000
 0.000000 0.000000 0.000000 0.012020 0.000000 0.000000 0.000000 0.000000 0.000000 0.000000 0.000000 0.493983 0.000000 0.000000 0.000000 0.493997 0.000000 0.000000 0.000000 0.000000
 0.000000 0.000000 0.499985 0.000000 0.000029 0.000000 0.000000 0.000000 0.000000 0.000000 0.000000 0.000000 0.499986 0.000000 0.000000 0.000000 0.000000 0.000000 0.000000 0.000000
 0.000000 0.000058 0.000000 0.499971 0.000000 0.000000 0.000000 0.000000 0.000000 0.000000 0.499971 0.000000 0.000000 0.000000 0.000000 0.000000 0.000000 0.000000 0.000000 0.000000
 0.000000 0.496591 0.000000 0.000001 0.000000 0.006815 0.000000 0.000000 0.000000 0.496593 0.000000 0.000000 0.000000 0.000000 0.000000 0.000000 0.000000 0.000000 0.000000 0.000000
 0.000000 0.000000 0.000000 0.000028 0.000000 0.010001 0.000000 0.494986 0.000000 0.000000 0.000000 0.000000 0.000000 0.000000 0.000000 0.000000 0.000000 0.000000 0.494986 0.000000
 0.500000 0.000000 0.000000 0.000000 0.000000 0.000000 0.000000 0.000000 0.500000 0.000000 0.000000 0.000000 0.000000 0.000000 0.000000 0.000000 0.000000 0.000000 0.000000 0.000000
 0.000000 0.000000 0.000000 0.000000 0.000000 0.000000 0.000000 0.000000 0.000000 0.000000 0.000000 0.000000 0.000000 0.000000 0.000004 0.000000 0.500006 0.000000 0.000000 0.499991
 0.000000 0.012128 0.000000 0.000000 0.000000 0.000000 0.000000 0.000000 0.000000 0.000000 0.000000 0.000000 0.000000 0.000003 0.000000 0.000000 0.493925 0.493943 0.000000 0.000000
 0.499998 0.000000 0.000000 0.000000 0.000000 0.000000 0.000000 0.500002 0.000000 0.000000 0.000000 0.000000 0.000000 0.000000 0.000000 0.000000 0.000000 0.000000 0.000000 0.000000
 0.000000 0.000001 0.000000 0.000000 0.000000 0.000000 0.000000 0.000000 0.000000 0.000000 0.000000 0.000000 0.000000 0.500009 0.499991 0.000000 0.000000 0.000000 0.000000 0.000000
 0.000000 0.001868 0.000000 0.000000 0.000000 0.000000 0.499066 0.000000 0.000000 0.000000 0.000000 0.000000 0.000000 0.000000 0.499066 0.000000 0.000000 0.000000 0.000000 0.000000
 0.000000 0.000000 0.000000 0.000000 0.000000 0.499512 0.000990 0.000000 0.000000 0.000000 0.000000 0.499498 0.000000 0.000000 0.000000 0.000000 0.000000 0.000000 0.000000 0.000000
 0.000000 0.000000 0.000014 0.000000 0.500000 0.000000 0.000000 0.000000 0.000000 0.000000 0.000000 0.000000 0.000000 0.499985 0.000000 0.000000 0.000000 0.000000 0.000000 0.000000
the mean of prob-rank is 1.4210526315789473
the number of false negetive edges is 0
the number of probability greater than 0 is 3.1/edge
