20
 0.000000 0.000000 0.000000 0.000000 0.000054 0.000000 0.000000 0.000000 0.000000 0.000000 0.000000 0.000000 0.000000 0.499930 0.000000 0.000000 0.499906 0.000000 0.000110 0.000000
 0.000000 0.000000 0.458147 0.000000 0.000000 0.000000 0.000000 0.000000 0.000000 0.000000 0.458662 0.000000 0.000000 0.000000 0.000000 0.083191 0.000000 0.000000 0.000000 0.000000
 0.000000 0.343068 0.000000 0.000000 0.000000 0.016181 0.000000 0.000000 0.000000 0.000000 0.298316 0.000000 0.000000 0.000000 0.000000 0.342435 0.000000 0.000000 0.000000 0.000000
 0.000000 0.000000 0.000000 0.000000 0.000000 0.000000 0.000000 0.350375 0.000000 0.325675 0.000000 0.323951 0.000000 0.000000 0.000000 0.000000 0.000000 0.000000 0.000000 0.000000
 0.000040 0.000000 0.000000 0.000000 0.000000 0.000000 0.000000 0.368482 0.000000 0.000000 0.000000 0.354323 0.000000 0.277155 0.000000 0.000000 0.000000 0.000000 0.000000 0.000000
 0.000000 0.000000 0.017429 0.000000 0.000000 0.000000 0.000000 0.000000 0.000000 0.000000 0.351610 0.000000 0.000000 0.368591 0.000000 0.000000 0.000000 0.000000 0.262370 0.000000
 0.000000 0.000000 0.000000 0.000000 0.000000 0.000000 0.000000 0.000000 0.000000 0.332133 0.000000 0.349298 0.000000 0.000000 0.000000 0.000000 0.000000 0.000000 0.318568 0.000000
 0.000000 0.000000 0.000000 0.499989 0.500011 0.000000 0.000000 0.000000 0.000000 0.000000 0.000000 0.000000 0.000000 0.000000 0.000000 0.000000 0.000000 0.000000 0.000000 0.000000
 0.000000 0.000000 0.000000 0.000000 0.000000 0.000000 0.000000 0.000000 0.000000 0.000003 0.000000 0.000000 0.392513 0.000000 0.213650 0.000000 0.000000 0.393834 0.000000 0.000000
 0.000000 0.000000 0.000000 0.322837 0.000000 0.000000 0.329824 0.000000 0.000002 0.000000 0.000000 0.000000 0.000000 0.000000 0.000000 0.000000 0.000000 0.347337 0.000000 0.000000
 0.000000 0.354736 0.308115 0.000000 0.000000 0.337148 0.000000 0.000000 0.000000 0.000000 0.000000 0.000000 0.000000 0.000000 0.000000 0.000000 0.000000 0.000000 0.000000 0.000000
 0.000000 0.000000 0.000000 0.320491 0.333327 0.000000 0.346182 0.000000 0.000000 0.000000 0.000000 0.000000 0.000000 0.000000 0.000000 0.000000 0.000000 0.000000 0.000000 0.000000
 0.000000 0.000000 0.000000 0.000000 0.000000 0.000000 0.000000 0.000000 0.395296 0.000000 0.000000 0.000000 0.000000 0.000000 0.396630 0.000000 0.000000 0.000000 0.000000 0.208074
 0.363838 0.000000 0.000000 0.000000 0.273663 0.362499 0.000000 0.000000 0.000000 0.000000 0.000000 0.000000 0.000000 0.000000 0.000000 0.000000 0.000000 0.000000 0.000000 0.000000
 0.000000 0.000000 0.000000 0.000000 0.000000 0.000000 0.000000 0.000000 0.213512 0.000000 0.000000 0.000000 0.393581 0.000000 0.000000 0.000000 0.000000 0.000000 0.000000 0.392907
 0.000000 0.083262 0.457689 0.000000 0.000000 0.000000 0.000000 0.000000 0.000000 0.000000 0.000000 0.000000 0.000000 0.000000 0.000000 0.000000 0.000000 0.000000 0.000000 0.459049
 0.499990 0.000000 0.000000 0.000000 0.000000 0.000000 0.000000 0.000000 0.000000 0.000000 0.000000 0.000000 0.000000 0.000000 0.000000 0.000000 0.000000 0.000000 0.500010 0.000000
 0.000000 0.000000 0.000000 0.000000 0.000000 0.000000 0.000000 0.000000 0.499998 0.500002 0.000000 0.000000 0.000000 0.000000 0.000000 0.000000 0.000000 0.000000 0.000000 0.000000
 0.000084 0.000000 0.000000 0.000000 0.000000 0.270665 0.347605 0.000000 0.000000 0.000000 0.000000 0.000000 0.000000 0.000000 0.000000 0.000000 0.381646 0.000000 0.000000 0.000000
 0.000000 0.000000 0.000000 0.000000 0.000000 0.000000 0.000001 0.000000 0.000000 0.000000 0.000000 0.000000 0.207938 0.000000 0.395692 0.396369 0.000000 0.000000 0.000000 0.000000
the mean of prob-rank is 1.6842105263157894
the number of false negetive edges is 0
the number of probability greater than 0 is 3.2/edge
