20
 0.000000 0.491691 0.000000 0.000000 0.000000 0.000000 0.000000 0.491485 0.016824 0.000000 0.000000 0.000000 0.000000 0.000000 0.000000 0.000000 0.000000 0.000000 0.000000 0.000000
 0.497842 0.000000 0.004390 0.000000 0.000000 0.000000 0.000002 0.000000 0.497766 0.000000 0.000000 0.000000 0.000000 0.000000 0.000000 0.000000 0.000000 0.000000 0.000000 0.000000
 0.000000 0.004382 0.000000 0.000000 0.000000 0.000000 0.001719 0.000000 0.000000 0.000000 0.000000 0.000000 0.000000 0.000000 0.000000 0.496948 0.000000 0.496951 0.000000 0.000000
 0.000000 0.000000 0.000000 0.000000 0.000000 0.000000 0.000000 0.000000 0.000000 0.000000 0.499917 0.000000 0.000000 0.499927 0.000004 0.000000 0.000003 0.000149 0.000000 0.000000
 0.000000 0.000000 0.000000 0.000000 0.000000 0.000000 0.000000 0.039568 0.450457 0.456260 0.000000 0.051909 0.001807 0.000000 0.000000 0.000000 0.000000 0.000000 0.000000 0.000000
 0.000000 0.000000 0.000000 0.000000 0.000000 0.000000 0.000000 0.000000 0.000000 0.000000 0.500000 0.000000 0.000000 0.000000 0.000000 0.000000 0.000000 0.000000 0.500000 0.000000
 0.000000 0.000002 0.001708 0.000000 0.000000 0.000000 0.000000 0.000000 0.000000 0.000000 0.000000 0.000000 0.000000 0.000000 0.000000 0.494007 0.000000 0.010569 0.000000 0.493713
 0.479127 0.000000 0.000000 0.000000 0.041556 0.000000 0.000000 0.000000 0.000050 0.000000 0.000000 0.000000 0.479268 0.000000 0.000000 0.000000 0.000000 0.000000 0.000000 0.000000
 0.013694 0.400135 0.000000 0.000000 0.394984 0.000000 0.000000 0.000041 0.000000 0.144191 0.000000 0.025122 0.000000 0.000000 0.000000 0.000000 0.000000 0.000000 0.000000 0.021833
 0.000000 0.000000 0.000000 0.000000 0.423846 0.000000 0.000000 0.000000 0.152760 0.000000 0.000000 0.423394 0.000000 0.000000 0.000000 0.000000 0.000000 0.000000 0.000000 0.000000
 0.000000 0.000000 0.000000 0.498034 0.000000 0.498044 0.000000 0.000000 0.000000 0.000000 0.000000 0.000000 0.000000 0.003921 0.000000 0.000000 0.000000 0.000000 0.000000 0.000000
 0.000000 0.000000 0.000000 0.000000 0.052309 0.000000 0.000000 0.000000 0.028871 0.459282 0.000000 0.000000 0.000000 0.000000 0.000000 0.000000 0.000000 0.000000 0.000000 0.459539
 0.000000 0.000000 0.000000 0.000000 0.001975 0.000000 0.000000 0.498981 0.000000 0.000000 0.000000 0.000000 0.000000 0.000000 0.000000 0.000000 0.000000 0.000000 0.499044 0.000000
 0.000000 0.000000 0.000000 0.498045 0.000000 0.000000 0.000000 0.000000 0.000000 0.000000 0.003921 0.000000 0.000000 0.000000 0.498034 0.000000 0.000000 0.000000 0.000000 0.000000
 0.000000 0.000000 0.000000 0.000004 0.000000 0.000000 0.000000 0.000000 0.000000 0.000000 0.000000 0.000000 0.000000 0.499992 0.000000 0.000000 0.500004 0.000000 0.000000 0.000000
 0.000000 0.000000 0.499950 0.000000 0.000000 0.000000 0.499953 0.000000 0.000000 0.000000 0.000000 0.000000 0.000000 0.000000 0.000000 0.000000 0.000000 0.000096 0.000000 0.000000
 0.000000 0.000000 0.000000 0.000003 0.000000 0.000000 0.000000 0.000000 0.000000 0.000000 0.000000 0.000000 0.000000 0.000000 0.500068 0.000000 0.000000 0.499930 0.000000 0.000000
 0.000000 0.000000 0.494655 0.000147 0.000000 0.000000 0.010583 0.000000 0.000000 0.000000 0.000000 0.000000 0.000000 0.000000 0.000000 0.000095 0.494519 0.000000 0.000000 0.000000
 0.000000 0.000000 0.000000 0.000000 0.000000 0.500000 0.000000 0.000000 0.000000 0.000000 0.000000 0.000000 0.500000 0.000000 0.000000 0.000000 0.000000 0.000000 0.000000 0.000000
 0.000000 0.000000 0.000000 0.000000 0.000000 0.000000 0.486768 0.000000 0.026571 0.000000 0.000000 0.486661 0.000000 0.000000 0.000000 0.000000 0.000000 0.000000 0.000000 0.000000
the mean of prob-rank is 1.5263157894736843
the number of false negetive edges is 0
the number of probability greater than 0 is 3.7/edge
