20
 0.000000 0.000000 0.012670 0.000000 0.000000 0.000000 0.000000 0.000000 0.000000 0.050906 0.313744 0.296734 0.000000 0.000000 0.000000 0.000000 0.000000 0.325945 0.000000 0.000000
 0.000000 0.000000 0.001666 0.321332 0.210938 0.000000 0.000000 0.000000 0.000000 0.340833 0.000000 0.074090 0.040772 0.000000 0.006255 0.000000 0.004114 0.000000 0.000000 0.000000
 0.017037 0.002138 0.000000 0.000000 0.000000 0.000000 0.000000 0.000000 0.000000 0.437752 0.000000 0.000001 0.000000 0.000000 0.000000 0.000000 0.438455 0.104617 0.000000 0.000000
 0.000000 0.305307 0.000000 0.000000 0.000122 0.000000 0.000000 0.000000 0.000000 0.000010 0.000818 0.302949 0.324736 0.000000 0.066059 0.000000 0.000000 0.000000 0.000000 0.000000
 0.000000 0.167328 0.000000 0.000102 0.000000 0.271120 0.000000 0.000000 0.038973 0.000000 0.000000 0.000000 0.035058 0.250414 0.236984 0.000000 0.000019 0.000000 0.000000 0.000001
 0.000000 0.000000 0.000000 0.000000 0.499739 0.000000 0.000000 0.000000 0.000000 0.000000 0.000000 0.000000 0.000000 0.000522 0.000000 0.000000 0.000000 0.000000 0.499739 0.000000
 0.000000 0.000000 0.000000 0.000000 0.000000 0.000000 0.000000 0.469823 0.047696 0.000000 0.000000 0.000000 0.000000 0.012707 0.000000 0.469774 0.000000 0.000000 0.000000 0.000000
 0.000000 0.000000 0.000000 0.000000 0.000000 0.000000 0.372920 0.000000 0.006842 0.000000 0.000000 0.000000 0.000000 0.320355 0.000000 0.000027 0.000000 0.000000 0.299856 0.000000
 0.000000 0.000000 0.000000 0.000000 0.044217 0.000000 0.031178 0.005634 0.000000 0.000000 0.008994 0.000000 0.000000 0.234535 0.074110 0.296301 0.000000 0.000000 0.000000 0.305031
 0.059140 0.377822 0.378206 0.000011 0.000000 0.000000 0.000000 0.000000 0.000000 0.000000 0.000000 0.177278 0.000000 0.000000 0.000000 0.000000 0.007542 0.000000 0.000000 0.000000
 0.247569 0.000000 0.000000 0.000648 0.000000 0.000000 0.000000 0.000000 0.007524 0.000000 0.000000 0.240343 0.000594 0.000000 0.074541 0.183089 0.000000 0.000000 0.000000 0.245692
 0.262017 0.062425 0.000001 0.268646 0.000000 0.000000 0.000000 0.000000 0.000000 0.134743 0.268950 0.000000 0.002709 0.000000 0.000508 0.000000 0.000000 0.000000 0.000000 0.000002
 0.000000 0.052768 0.000000 0.442340 0.057198 0.000000 0.000000 0.000000 0.000000 0.000000 0.001022 0.004161 0.000000 0.000008 0.442259 0.000000 0.000000 0.000000 0.000000 0.000245
 0.000000 0.000000 0.000000 0.000000 0.206273 0.000233 0.006031 0.191550 0.170281 0.000000 0.000000 0.000000 0.000004 0.000000 0.127307 0.000000 0.000000 0.000000 0.208461 0.089860
 0.000000 0.004742 0.000000 0.052708 0.226483 0.000000 0.000000 0.000000 0.062427 0.000000 0.075053 0.000457 0.259059 0.147702 0.000000 0.000016 0.000000 0.000000 0.000000 0.171353
 0.000000 0.000000 0.000000 0.000000 0.000000 0.000000 0.363873 0.000027 0.351093 0.000000 0.259321 0.000000 0.000000 0.000000 0.000022 0.000000 0.000000 0.000000 0.001065 0.024600
 0.000000 0.005924 0.492090 0.000000 0.000035 0.000000 0.000000 0.000000 0.000000 0.009797 0.000000 0.000000 0.000000 0.000000 0.000000 0.000000 0.000000 0.492154 0.000000 0.000000
 0.446585 0.000000 0.106598 0.000000 0.000000 0.000000 0.000000 0.000000 0.000000 0.000001 0.000000 0.000000 0.000000 0.000000 0.000000 0.000000 0.446817 0.000000 0.000000 0.000000
 0.000000 0.000000 0.000000 0.000000 0.000000 0.365075 0.000000 0.293088 0.000000 0.000000 0.000000 0.000000 0.000000 0.340770 0.000000 0.001067 0.000000 0.000000 0.000000 0.000000
 0.000000 0.000000 0.000000 0.000000 0.000001 0.000000 0.000000 0.000000 0.322158 0.000000 0.310172 0.000002 0.000180 0.130717 0.214845 0.021927 0.000000 0.000000 0.000000 0.000000
the mean of prob-rank is 1.736842105263158
the number of false negetive edges is 0
the number of probability greater than 0 is 6.45/edge
