20
 0.000000 0.000000 0.000000 0.000000 0.000000 0.000000 0.000000 0.000000 0.000000 0.383700 0.000000 0.000000 0.389975 0.002421 0.186098 0.000000 0.000000 0.000000 0.000000 0.037805
 0.000000 0.000000 0.000000 0.000000 0.000000 0.500001 0.000000 0.000000 0.000000 0.000000 0.499999 0.000000 0.000000 0.000000 0.000000 0.000000 0.000000 0.000000 0.000000 0.000000
 0.000000 0.000000 0.000000 0.000000 0.000000 0.000000 0.008761 0.000000 0.000000 0.001876 0.000000 0.000000 0.000000 0.277156 0.281054 0.230754 0.000000 0.000000 0.200398 0.000000
 0.000000 0.000000 0.000000 0.000000 0.000000 0.000000 0.000000 0.452874 0.000000 0.000000 0.000000 0.452656 0.091488 0.000000 0.000000 0.000000 0.000000 0.000000 0.000000 0.002983
 0.000000 0.000000 0.000000 0.000000 0.000000 0.000000 0.000000 0.000000 0.000000 0.000000 0.006082 0.000000 0.000000 0.000000 0.000000 0.000000 0.496676 0.497242 0.000000 0.000000
 0.000000 0.427724 0.000000 0.000000 0.000000 0.000000 0.000000 0.000000 0.145959 0.000000 0.000000 0.000000 0.000000 0.000000 0.000000 0.000000 0.000000 0.000000 0.000000 0.426317
 0.000000 0.000000 0.007561 0.000000 0.000000 0.000000 0.000000 0.000000 0.000000 0.228087 0.000000 0.000000 0.000000 0.006349 0.000000 0.247081 0.134254 0.254394 0.000000 0.122274
 0.000000 0.000000 0.000000 0.499999 0.000000 0.000000 0.000000 0.000000 0.499999 0.000000 0.000000 0.000000 0.000000 0.000000 0.000000 0.000000 0.000000 0.000000 0.000000 0.000001
 0.000000 0.000000 0.000000 0.000000 0.000000 0.146373 0.000000 0.428936 0.000000 0.000000 0.000000 0.000000 0.000000 0.000000 0.000000 0.000000 0.000000 0.000000 0.000000 0.424691
 0.327433 0.000000 0.002120 0.000000 0.000000 0.000000 0.298580 0.000000 0.000000 0.000000 0.000000 0.000000 0.000000 0.333029 0.000231 0.000000 0.000000 0.000000 0.000000 0.038606
 0.000000 0.496107 0.000000 0.000000 0.006068 0.000000 0.000000 0.000000 0.000000 0.000000 0.000000 0.000000 0.000000 0.000000 0.000000 0.000000 0.494491 0.000000 0.000000 0.003334
 0.000000 0.000000 0.000000 0.495237 0.000000 0.000000 0.000000 0.000000 0.000000 0.000000 0.000000 0.000000 0.495476 0.000000 0.000002 0.000000 0.000000 0.000000 0.009285 0.000000
 0.453943 0.000000 0.000000 0.091772 0.000000 0.000000 0.000000 0.000000 0.000000 0.000000 0.000000 0.454283 0.000000 0.000000 0.000001 0.000000 0.000000 0.000000 0.000000 0.000000
 0.002125 0.000000 0.322174 0.000000 0.000000 0.000000 0.008551 0.000000 0.000000 0.342659 0.000000 0.000000 0.000000 0.000000 0.324490 0.000000 0.000000 0.000000 0.000000 0.000000
 0.142496 0.000000 0.284908 0.000000 0.000000 0.000000 0.000000 0.000000 0.000000 0.000207 0.000000 0.000001 0.000001 0.282976 0.000000 0.000000 0.000000 0.000000 0.289411 0.000000
 0.000000 0.000000 0.284238 0.000000 0.000000 0.000000 0.352653 0.000000 0.000000 0.000000 0.000000 0.000000 0.000000 0.000000 0.000000 0.000000 0.000000 0.000000 0.363109 0.000000
 0.000000 0.000000 0.000000 0.000000 0.371494 0.000000 0.196266 0.000000 0.000000 0.000000 0.370704 0.000000 0.000000 0.000000 0.000000 0.000000 0.000000 0.000006 0.000000 0.061530
 0.000000 0.000000 0.000000 0.000000 0.500010 0.000000 0.499982 0.000000 0.000000 0.000000 0.000000 0.000000 0.000000 0.000000 0.000000 0.000000 0.000007 0.000000 0.000000 0.000000
 0.000000 0.000000 0.254894 0.000000 0.000000 0.000000 0.000000 0.000000 0.000000 0.000000 0.000000 0.007026 0.000000 0.000000 0.363132 0.374947 0.000000 0.000000 0.000000 0.000000
 0.033883 0.000000 0.000000 0.002304 0.000000 0.348625 0.168109 0.000001 0.346314 0.040547 0.002350 0.000000 0.000000 0.000000 0.000000 0.000000 0.057867 0.000000 0.000000 0.000000
the mean of prob-rank is 1.5789473684210527
the number of false negetive edges is 0
the number of probability greater than 0 is 4.35/edge
