20
 0.000000 0.500001 0.000000 0.000000 0.000000 0.000000 0.000000 0.000000 0.000000 0.000000 0.499999 0.000000 0.000000 0.000000 0.000000 0.000000 0.000000 0.000000 0.000000 0.000000
 0.389111 0.000000 0.000000 0.000000 0.000000 0.229243 0.000000 0.000000 0.000000 0.000000 0.000000 0.000000 0.000000 0.000000 0.000000 0.000000 0.000000 0.000000 0.000000 0.381645
 0.000000 0.000000 0.000000 0.000000 0.353145 0.094531 0.000000 0.000000 0.350747 0.201489 0.000000 0.000000 0.000000 0.000000 0.000000 0.000000 0.000000 0.000000 0.000000 0.000089
 0.000000 0.000000 0.000000 0.000000 0.000000 0.000000 0.000001 0.000000 0.000000 0.000000 0.000000 0.000000 0.000000 0.499998 0.500001 0.000000 0.000000 0.000000 0.000000 0.000000
 0.000000 0.000000 0.430750 0.000000 0.000000 0.001391 0.000000 0.000000 0.137180 0.430673 0.000000 0.000000 0.000000 0.000000 0.000000 0.000000 0.000000 0.000000 0.000000 0.000006
 0.000000 0.173621 0.078811 0.000000 0.000950 0.000000 0.000000 0.000000 0.000000 0.252798 0.000000 0.000000 0.000000 0.000000 0.290589 0.000000 0.000000 0.000000 0.000000 0.203230
 0.000000 0.000000 0.000000 0.000001 0.000000 0.000000 0.000000 0.000000 0.000000 0.000000 0.000000 0.499999 0.000000 0.499999 0.000000 0.000000 0.000000 0.000000 0.000000 0.000000
 0.000000 0.000000 0.000000 0.000000 0.000000 0.000000 0.000000 0.000000 0.000000 0.000000 0.500029 0.000000 0.000000 0.000000 0.000000 0.000000 0.000032 0.499939 0.000000 0.000000
 0.000000 0.000000 0.341051 0.000000 0.109357 0.000000 0.000000 0.000000 0.000000 0.205883 0.000000 0.000000 0.000000 0.000000 0.000000 0.000000 0.000000 0.000000 0.000000 0.343709
 0.000000 0.000000 0.156771 0.000000 0.274721 0.235926 0.000000 0.000000 0.164744 0.000000 0.000000 0.000000 0.000000 0.000000 0.167838 0.000000 0.000000 0.000000 0.000000 0.000000
 0.499999 0.000000 0.000000 0.000000 0.000000 0.000000 0.000000 0.500001 0.000000 0.000000 0.000000 0.000000 0.000000 0.000000 0.000000 0.000000 0.000000 0.000000 0.000000 0.000000
 0.000000 0.000000 0.000000 0.000000 0.000000 0.000000 0.499979 0.000000 0.000000 0.000000 0.000000 0.000000 0.000000 0.000042 0.000000 0.000000 0.000000 0.000000 0.499979 0.000000
 0.000000 0.000000 0.000000 0.000000 0.000000 0.000000 0.000000 0.000000 0.000000 0.000000 0.000000 0.000000 0.000000 0.000000 0.000000 0.499989 0.000000 0.000000 0.500011 0.000000
 0.000000 0.000000 0.000000 0.499977 0.000000 0.000000 0.499981 0.000000 0.000000 0.000000 0.000000 0.000042 0.000000 0.000000 0.000000 0.000000 0.000000 0.000000 0.000000 0.000000
 0.000000 0.000000 0.000000 0.385162 0.000000 0.379791 0.000000 0.000000 0.000000 0.235047 0.000000 0.000000 0.000000 0.000000 0.000000 0.000000 0.000000 0.000000 0.000000 0.000000
 0.000000 0.000000 0.000000 0.000000 0.000000 0.000000 0.000000 0.000000 0.000000 0.000000 0.000000 0.000000 0.477101 0.000000 0.000000 0.000000 0.476932 0.045967 0.000000 0.000000
 0.000000 0.000000 0.000000 0.000000 0.000000 0.000001 0.000000 0.000032 0.000000 0.000000 0.000000 0.000000 0.000000 0.000000 0.000000 0.499884 0.000000 0.500084 0.000000 0.000000
 0.000000 0.000000 0.000000 0.000000 0.000000 0.000000 0.000000 0.476977 0.000000 0.000000 0.000000 0.000000 0.000000 0.000000 0.000000 0.045961 0.477062 0.000000 0.000000 0.000000
 0.000000 0.000000 0.000000 0.000000 0.000000 0.000000 0.000000 0.000000 0.000000 0.000000 0.000000 0.500000 0.500000 0.000000 0.000000 0.000000 0.000000 0.000000 0.000000 0.000000
 0.000000 0.367249 0.000094 0.000000 0.000005 0.258217 0.000000 0.000000 0.374434 0.000000 0.000000 0.000000 0.000000 0.000000 0.000000 0.000000 0.000000 0.000000 0.000000 0.000000
the mean of prob-rank is 1.4736842105263157
the number of false negetive edges is 0
the number of probability greater than 0 is 3.4/edge
