20
 0.000000 0.500002 0.000000 0.000000 0.000000 0.000000 0.000000 0.000000 0.499998 0.000000 0.000000 0.000000 0.000000 0.000000 0.000000 0.000000 0.000000 0.000000 0.000000 0.000000
 0.490770 0.000000 0.000000 0.000000 0.000000 0.000000 0.000000 0.000000 0.000000 0.000000 0.000000 0.000000 0.018718 0.000000 0.000000 0.000000 0.490512 0.000000 0.000000 0.000000
 0.000000 0.000000 0.000000 0.000000 0.000000 0.002249 0.000000 0.443614 0.000000 0.000000 0.445600 0.000000 0.000000 0.000000 0.000000 0.000000 0.000000 0.000000 0.000000 0.108537
 0.000000 0.000000 0.000000 0.000000 0.001578 0.000000 0.000000 0.000000 0.000000 0.000000 0.499212 0.000000 0.000000 0.499210 0.000000 0.000000 0.000000 0.000000 0.000000 0.000000
 0.000000 0.000000 0.000000 0.001110 0.000000 0.000000 0.324034 0.000644 0.000000 0.303322 0.006117 0.000000 0.000000 0.351390 0.013383 0.000000 0.000000 0.000000 0.000000 0.000000
 0.000000 0.000000 0.002391 0.000000 0.000000 0.000000 0.000000 0.471872 0.000000 0.000000 0.000000 0.000000 0.000000 0.000000 0.000000 0.052086 0.000000 0.000000 0.000000 0.473651
 0.000000 0.000000 0.000000 0.000000 0.304831 0.000000 0.000000 0.197904 0.000000 0.330566 0.000000 0.000000 0.000000 0.000000 0.166699 0.000000 0.000000 0.000000 0.000000 0.000000
 0.000000 0.000000 0.378694 0.000000 0.000697 0.379001 0.227757 0.000000 0.000000 0.013822 0.000000 0.000000 0.000000 0.000000 0.000000 0.000001 0.000027 0.000000 0.000000 0.000000
 0.499998 0.000000 0.000000 0.000000 0.000000 0.000000 0.000000 0.000000 0.000000 0.000000 0.000000 0.000000 0.000000 0.000000 0.500002 0.000000 0.000000 0.000000 0.000000 0.000000
 0.000000 0.000000 0.000000 0.000000 0.306707 0.000000 0.355311 0.012910 0.000000 0.000000 0.000761 0.000000 0.000000 0.000000 0.324310 0.000000 0.000002 0.000000 0.000000 0.000000
 0.000000 0.000000 0.495134 0.495186 0.008620 0.000000 0.000000 0.000000 0.000000 0.001060 0.000000 0.000000 0.000000 0.000000 0.000000 0.000000 0.000000 0.000000 0.000000 0.000000
 0.000000 0.000000 0.000000 0.000000 0.000000 0.000000 0.000000 0.000000 0.000000 0.000000 0.000000 0.000000 0.499961 0.000000 0.000000 0.000000 0.000000 0.000000 0.500038 0.000000
 0.000000 0.018714 0.000000 0.000000 0.000000 0.000000 0.000000 0.000000 0.000000 0.000000 0.000000 0.490605 0.000000 0.000000 0.000000 0.000000 0.490680 0.000000 0.000000 0.000000
 0.000000 0.000000 0.000000 0.499999 0.500001 0.000000 0.000000 0.000000 0.000000 0.000000 0.000000 0.000000 0.000000 0.000000 0.000000 0.000000 0.000000 0.000000 0.000000 0.000000
 0.000000 0.000000 0.000000 0.000000 0.015513 0.000000 0.205401 0.000000 0.407312 0.371774 0.000000 0.000000 0.000000 0.000000 0.000000 0.000000 0.000000 0.000000 0.000000 0.000000
 0.000000 0.000000 0.000000 0.000000 0.000000 0.052232 0.000000 0.000001 0.000000 0.000000 0.000000 0.000000 0.000000 0.000000 0.000000 0.000000 0.000000 0.474976 0.000000 0.472791
 0.000000 0.499849 0.000000 0.000000 0.000000 0.000000 0.000000 0.000035 0.000000 0.000002 0.000000 0.000000 0.500113 0.000000 0.000000 0.000000 0.000000 0.000000 0.000000 0.000000
 0.000000 0.000000 0.000000 0.000000 0.000000 0.000000 0.000000 0.000000 0.000000 0.000000 0.000000 0.000000 0.000000 0.000000 0.000000 0.500001 0.000000 0.000000 0.499999 0.000000
 0.000000 0.000000 0.000000 0.000000 0.000000 0.000000 0.000000 0.000000 0.000000 0.000000 0.000000 0.500001 0.000000 0.000000 0.000000 0.000000 0.000000 0.499999 0.000000 0.000000
 0.000000 0.000000 0.108778 0.000000 0.000000 0.446638 0.000000 0.000000 0.000000 0.000000 0.000000 0.000000 0.000000 0.000000 0.000000 0.444583 0.000000 0.000000 0.000000 0.000000
the mean of prob-rank is 1.631578947368421
the number of false negetive edges is 0
the number of probability greater than 0 is 3.5/edge
