20
 0.000000 0.000000 0.000000 0.000000 0.000000 0.000000 0.499185 0.000000 0.000000 0.000000 0.000000 0.499570 0.000000 0.000000 0.001204 0.000000 0.000000 0.000000 0.000041 0.000000
 0.000000 0.000000 0.000000 0.000000 0.000000 0.000000 0.000000 0.374589 0.378658 0.015154 0.000000 0.000000 0.000000 0.000000 0.000000 0.000000 0.000000 0.000000 0.231599 0.000000
 0.000000 0.000000 0.000000 0.000000 0.000000 0.000000 0.000000 0.000000 0.000000 0.000000 0.000000 0.000000 0.000000 0.000000 0.500000 0.000000 0.000000 0.500000 0.000000 0.000000
 0.000000 0.000000 0.000000 0.000000 0.000000 0.000000 0.000000 0.000000 0.000000 0.000000 0.000000 0.000000 0.000000 0.232515 0.000000 0.380638 0.386847 0.000000 0.000000 0.000000
 0.000000 0.000000 0.000000 0.000000 0.000000 0.000000 0.000000 0.000000 0.000000 0.000000 0.000000 0.000000 0.317527 0.000000 0.000000 0.000000 0.000000 0.321810 0.000000 0.360663
 0.000000 0.000000 0.000000 0.000000 0.000000 0.000000 0.000000 0.000000 0.000000 0.500000 0.500000 0.000000 0.000000 0.000000 0.000000 0.000000 0.000000 0.000000 0.000000 0.000000
 0.499799 0.000000 0.000000 0.000000 0.000000 0.000000 0.000000 0.000000 0.000000 0.000000 0.500185 0.000008 0.000000 0.000000 0.000000 0.000000 0.000000 0.000000 0.000007 0.000000
 0.000000 0.367496 0.000000 0.000000 0.000000 0.000000 0.000000 0.000000 0.000000 0.261009 0.000000 0.000000 0.000000 0.000000 0.000000 0.000000 0.000000 0.000000 0.371495 0.000000
 0.000000 0.499995 0.000000 0.000000 0.000000 0.000000 0.000000 0.000000 0.000000 0.000000 0.000000 0.000000 0.000000 0.000000 0.000000 0.000000 0.500005 0.000000 0.000000 0.000000
 0.000000 0.014705 0.000000 0.000000 0.000000 0.367468 0.000000 0.258180 0.000000 0.000000 0.000000 0.000000 0.000000 0.000000 0.000000 0.000000 0.000000 0.000000 0.359647 0.000000
 0.000000 0.000000 0.000000 0.000000 0.000000 0.500000 0.500000 0.000000 0.000000 0.000000 0.000000 0.000000 0.000000 0.000000 0.000000 0.000000 0.000000 0.000000 0.000000 0.000000
 0.500335 0.000000 0.000000 0.000000 0.000000 0.000000 0.000008 0.000000 0.000000 0.000000 0.000000 0.000000 0.000000 0.000000 0.499657 0.000000 0.000000 0.000000 0.000000 0.000000
 0.000000 0.000000 0.000000 0.000000 0.250584 0.000000 0.000000 0.000000 0.000000 0.000000 0.000000 0.000000 0.000000 0.280254 0.000000 0.226029 0.000000 0.000000 0.000000 0.243132
 0.000000 0.000000 0.000000 0.232456 0.000000 0.000000 0.000000 0.000000 0.000000 0.000000 0.000000 0.000000 0.380795 0.000000 0.000000 0.386749 0.000000 0.000000 0.000000 0.000000
 0.001204 0.000000 0.499737 0.000000 0.000000 0.000000 0.000000 0.000000 0.000000 0.000000 0.000000 0.499059 0.000000 0.000000 0.000000 0.000000 0.000000 0.000000 0.000000 0.000000
 0.000000 0.000000 0.000000 0.354187 0.000000 0.000000 0.000000 0.000000 0.000000 0.000000 0.000000 0.000000 0.285846 0.359966 0.000000 0.000000 0.000001 0.000000 0.000000 0.000000
 0.000000 0.000000 0.000000 0.499999 0.000000 0.000000 0.000000 0.000000 0.499999 0.000000 0.000000 0.000000 0.000000 0.000000 0.000000 0.000001 0.000000 0.000000 0.000000 0.000000
 0.000000 0.000000 0.352554 0.000000 0.314563 0.000000 0.000000 0.000000 0.000000 0.000000 0.000000 0.000000 0.000000 0.000000 0.000000 0.000000 0.000000 0.000000 0.000000 0.332883
 0.000032 0.236107 0.000000 0.000000 0.000000 0.000000 0.000005 0.386036 0.000000 0.377820 0.000000 0.000000 0.000000 0.000000 0.000000 0.000000 0.000000 0.000000 0.000000 0.000000
 0.000000 0.000000 0.000000 0.000000 0.357341 0.000000 0.000000 0.000000 0.000000 0.000000 0.000000 0.000000 0.305246 0.000000 0.000000 0.000000 0.000000 0.337414 0.000000 0.000000
the mean of prob-rank is 1.7894736842105263
the number of false negetive edges is 0
the number of probability greater than 0 is 3.15/edge
