20
 0.000000 0.000000 0.000000 0.000000 0.005237 0.000000 0.000000 0.488392 0.000000 0.018026 0.000000 0.000000 0.000000 0.000000 0.488346 0.000000 0.000000 0.000000 0.000000 0.000000
 0.000000 0.000000 0.000000 0.201791 0.000000 0.287532 0.000000 0.000000 0.000000 0.000000 0.000000 0.000000 0.264199 0.000000 0.000000 0.000000 0.000000 0.000000 0.000000 0.246478
 0.000000 0.000000 0.000000 0.000000 0.000000 0.000000 0.000000 0.000000 0.000000 0.000000 0.500007 0.000000 0.000000 0.000000 0.000000 0.000000 0.499993 0.000000 0.000000 0.000000
 0.000000 0.242847 0.000000 0.000000 0.361960 0.345224 0.000000 0.049540 0.000000 0.000000 0.000000 0.000000 0.000429 0.000000 0.000000 0.000000 0.000000 0.000000 0.000000 0.000000
 0.004097 0.000000 0.000000 0.379624 0.000000 0.191593 0.000000 0.380593 0.000000 0.044093 0.000000 0.000000 0.000000 0.000000 0.000000 0.000000 0.000000 0.000000 0.000000 0.000000
 0.000000 0.266584 0.000000 0.265962 0.140736 0.000000 0.038763 0.000000 0.000012 0.006649 0.000000 0.000000 0.035576 0.000000 0.000000 0.000000 0.000000 0.000000 0.000028 0.245690
 0.000000 0.000000 0.000000 0.000000 0.000000 0.064769 0.000000 0.000000 0.000000 0.466259 0.000000 0.000000 0.000000 0.000000 0.000000 0.000000 0.000000 0.468972 0.000000 0.000000
 0.468751 0.000000 0.000000 0.063742 0.466911 0.000000 0.000000 0.000000 0.000000 0.000000 0.000000 0.000000 0.000000 0.000000 0.000595 0.000000 0.000000 0.000000 0.000000 0.000000
 0.000000 0.000000 0.000000 0.000000 0.000000 0.000021 0.000000 0.000000 0.000000 0.000000 0.000000 0.000000 0.020345 0.000000 0.000000 0.000000 0.485364 0.000000 0.485735 0.008535
 0.017007 0.000000 0.000000 0.000000 0.053173 0.010915 0.458121 0.000000 0.000000 0.000000 0.000000 0.000000 0.000000 0.000000 0.000000 0.460783 0.000000 0.000000 0.000000 0.000000
 0.000000 0.000000 0.500000 0.000000 0.000000 0.000000 0.000000 0.000000 0.000000 0.000000 0.000000 0.500000 0.000000 0.000000 0.000000 0.000000 0.000000 0.000000 0.000000 0.000000
 0.000000 0.000000 0.000000 0.000000 0.000000 0.000000 0.000000 0.000000 0.000000 0.000000 0.500000 0.000000 0.000000 0.000000 0.000000 0.000000 0.000000 0.500000 0.000000 0.000000
 0.000000 0.292122 0.000000 0.000394 0.000000 0.042427 0.000000 0.000000 0.014020 0.000000 0.000000 0.000000 0.000000 0.000000 0.000000 0.000000 0.000000 0.000000 0.316318 0.334719
 0.000000 0.000000 0.000000 0.000000 0.000000 0.000000 0.000000 0.000000 0.000000 0.000000 0.000000 0.000000 0.000000 0.000000 0.500000 0.500000 0.000000 0.000000 0.000000 0.000000
 0.499659 0.000000 0.000000 0.000000 0.000000 0.000000 0.000000 0.000635 0.000000 0.000000 0.000000 0.000000 0.000000 0.499707 0.000000 0.000000 0.000000 0.000000 0.000000 0.000000
 0.000000 0.000000 0.000000 0.000000 0.000000 0.000000 0.000000 0.000000 0.000000 0.499998 0.000000 0.000000 0.000000 0.500002 0.000000 0.000000 0.000000 0.000000 0.000000 0.000000
 0.000000 0.000000 0.475757 0.000000 0.000000 0.000000 0.000000 0.000000 0.475408 0.000000 0.000000 0.000000 0.000000 0.000000 0.000000 0.000000 0.000000 0.000000 0.048835 0.000000
 0.000000 0.000000 0.000000 0.000000 0.000000 0.000000 0.500000 0.000000 0.000000 0.000000 0.000000 0.500000 0.000000 0.000000 0.000000 0.000000 0.000000 0.000000 0.000000 0.000000
 0.000000 0.000000 0.000000 0.000000 0.000000 0.000036 0.000000 0.000000 0.357619 0.000000 0.000000 0.000000 0.337958 0.000000 0.000000 0.000000 0.036708 0.000000 0.000000 0.267679
 0.000000 0.235615 0.000000 0.000000 0.000000 0.253316 0.000000 0.000000 0.005085 0.000000 0.000000 0.000000 0.289382 0.000000 0.000000 0.000000 0.000000 0.000000 0.216603 0.000000
the mean of prob-rank is 1.5789473684210527
the number of false negetive edges is 0
the number of probability greater than 0 is 3.9/edge
