20
 0.000000 0.000000 0.000000 0.000000 0.000000 0.000000 0.000000 0.000000 0.500002 0.000000 0.000000 0.499998 0.000000 0.000000 0.000000 0.000000 0.000000 0.000000 0.000000 0.000000
 0.000000 0.000000 0.000000 0.350482 0.057878 0.274861 0.000000 0.012027 0.000000 0.000000 0.304361 0.000000 0.000000 0.000000 0.000000 0.000167 0.000223 0.000000 0.000000 0.000000
 0.000000 0.000000 0.000000 0.000651 0.000000 0.000000 0.000000 0.000000 0.000000 0.000000 0.000000 0.000000 0.000000 0.499676 0.000000 0.000000 0.499673 0.000000 0.000000 0.000000
 0.000000 0.409032 0.000533 0.000000 0.107418 0.358300 0.000000 0.033662 0.000000 0.000000 0.048334 0.000000 0.000000 0.000000 0.000000 0.000000 0.042721 0.000000 0.000000 0.000000
 0.000000 0.051872 0.000000 0.082491 0.000000 0.311648 0.000000 0.312986 0.000000 0.000000 0.174512 0.000000 0.000000 0.000000 0.000000 0.000000 0.066491 0.000000 0.000000 0.000000
 0.000000 0.238004 0.000000 0.265844 0.301104 0.000000 0.000000 0.031449 0.000000 0.000000 0.151265 0.000000 0.000000 0.000000 0.000000 0.000000 0.012333 0.000000 0.000000 0.000000
 0.000000 0.000000 0.000000 0.000000 0.000000 0.000000 0.000000 0.000000 0.000000 0.000000 0.000000 0.000000 0.500000 0.000000 0.000000 0.000000 0.000000 0.500000 0.000000 0.000000
 0.000000 0.011841 0.000000 0.028397 0.343822 0.035757 0.000000 0.000000 0.000000 0.000000 0.235566 0.000000 0.000000 0.000000 0.000000 0.000000 0.344618 0.000000 0.000000 0.000000
 0.500010 0.000000 0.000000 0.000000 0.000000 0.000000 0.000000 0.000000 0.000000 0.000000 0.000167 0.000000 0.000000 0.000000 0.000000 0.499823 0.000000 0.000000 0.000000 0.000000
 0.000000 0.000000 0.000000 0.000000 0.000000 0.000000 0.000000 0.000000 0.000000 0.000000 0.000000 0.000000 0.000000 0.499996 0.000000 0.000000 0.000000 0.000000 0.000000 0.500004
 0.000000 0.229818 0.000000 0.031272 0.147028 0.131905 0.000000 0.180667 0.000088 0.000000 0.000000 0.000000 0.000000 0.000000 0.000000 0.264640 0.014581 0.000000 0.000000 0.000000
 0.499998 0.000000 0.000000 0.000000 0.000000 0.000000 0.000000 0.000000 0.000000 0.000000 0.000000 0.000000 0.000000 0.000000 0.000000 0.000000 0.000000 0.000000 0.500002 0.000000
 0.000000 0.000000 0.000000 0.000000 0.000000 0.000000 0.500014 0.000000 0.000000 0.000000 0.000000 0.000000 0.000000 0.000000 0.000000 0.000000 0.000000 0.000000 0.499986 0.000000
 0.000000 0.000000 0.500004 0.000000 0.000000 0.000000 0.000000 0.000000 0.000000 0.499996 0.000000 0.000000 0.000000 0.000000 0.000000 0.000000 0.000000 0.000000 0.000000 0.000000
 0.000000 0.000000 0.000000 0.000000 0.000000 0.000000 0.000000 0.000000 0.000000 0.000000 0.000000 0.000000 0.000000 0.000000 0.000000 0.000000 0.000000 0.500006 0.000000 0.499994
 0.000000 0.000239 0.000000 0.000000 0.000000 0.000000 0.000000 0.000000 0.499792 0.000000 0.499969 0.000000 0.000000 0.000000 0.000000 0.000000 0.000000 0.000000 0.000000 0.000000
 0.000000 0.000264 0.414729 0.043316 0.087789 0.016854 0.000000 0.414198 0.000000 0.000000 0.022850 0.000000 0.000000 0.000000 0.000000 0.000000 0.000000 0.000000 0.000000 0.000000
 0.000000 0.000000 0.000000 0.000000 0.000000 0.000000 0.500000 0.000000 0.000000 0.000000 0.000000 0.000000 0.000000 0.000000 0.500000 0.000000 0.000000 0.000000 0.000000 0.000000
 0.000000 0.000000 0.000000 0.000000 0.000000 0.000000 0.000000 0.000000 0.000000 0.000000 0.000000 0.500015 0.499985 0.000000 0.000000 0.000000 0.000000 0.000000 0.000000 0.000000
 0.000000 0.000000 0.000000 0.000000 0.000000 0.000000 0.000000 0.000000 0.000000 0.500006 0.000000 0.000000 0.000000 0.000000 0.499994 0.000000 0.000000 0.000000 0.000000 0.000000
the mean of prob-rank is 1.736842105263158
the number of false negetive edges is 0
the number of probability greater than 0 is 3.8/edge
