20
 0.000000 0.499973 0.000000 0.000000 0.000000 0.000000 0.499979 0.000000 0.000000 0.000000 0.000000 0.000000 0.000000 0.000047 0.000000 0.000000 0.000000 0.000000 0.000000 0.000000
 0.411628 0.000000 0.000000 0.000000 0.000000 0.000000 0.000000 0.000000 0.000000 0.000000 0.000000 0.000000 0.410214 0.005949 0.172208 0.000000 0.000000 0.000000 0.000000 0.000000
 0.000000 0.000000 0.000000 0.000000 0.000000 0.000000 0.000000 0.000000 0.000000 0.000000 0.000000 0.000000 0.000000 0.000000 0.000000 0.000000 0.499992 0.000000 0.500008 0.000000
 0.000000 0.000000 0.000000 0.000000 0.000000 0.482615 0.000000 0.000000 0.000000 0.000000 0.034170 0.000000 0.000000 0.000000 0.000000 0.000000 0.000000 0.483215 0.000000 0.000000
 0.000000 0.000000 0.000000 0.000000 0.000000 0.000000 0.000000 0.000000 0.000000 0.000000 0.000000 0.000000 0.000000 0.000000 0.000000 0.499994 0.000000 0.500006 0.000000 0.000000
 0.000000 0.000000 0.000000 0.477426 0.000000 0.000000 0.000000 0.478020 0.000000 0.000000 0.000005 0.000000 0.000000 0.044549 0.000000 0.000000 0.000000 0.000000 0.000000 0.000000
 0.500000 0.000000 0.000000 0.000000 0.000000 0.000000 0.000000 0.500000 0.000000 0.000000 0.000000 0.000000 0.000000 0.000000 0.000000 0.000000 0.000000 0.000000 0.000000 0.000000
 0.000000 0.000000 0.000000 0.000000 0.000000 0.500000 0.500000 0.000000 0.000000 0.000000 0.000000 0.000000 0.000000 0.000000 0.000000 0.000000 0.000000 0.000000 0.000000 0.000000
 0.000000 0.000000 0.000000 0.000000 0.000000 0.000000 0.000000 0.000000 0.000000 0.000000 0.425270 0.000014 0.000000 0.000000 0.408781 0.000001 0.165934 0.000000 0.000000 0.000000
 0.000000 0.000000 0.000000 0.000000 0.000000 0.000000 0.000000 0.000000 0.000000 0.000000 0.000000 0.000000 0.000000 0.000000 0.000000 0.000000 0.000000 0.000000 0.500000 0.500000
 0.000000 0.000000 0.000000 0.033588 0.000000 0.000005 0.000000 0.000000 0.474645 0.000000 0.000000 0.474980 0.000000 0.000014 0.000000 0.016665 0.000000 0.000104 0.000000 0.000000
 0.000000 0.000000 0.000000 0.000000 0.000000 0.000000 0.000000 0.000000 0.000016 0.000000 0.499994 0.000000 0.000000 0.499987 0.000003 0.000000 0.000000 0.000000 0.000000 0.000000
 0.000000 0.340470 0.000000 0.000000 0.000000 0.000000 0.000000 0.000000 0.000000 0.000000 0.000000 0.000000 0.000000 0.340048 0.319482 0.000000 0.000000 0.000000 0.000000 0.000000
 0.000045 0.006825 0.000000 0.000000 0.000000 0.044011 0.000000 0.000000 0.000000 0.000000 0.000014 0.472240 0.470035 0.000000 0.006830 0.000000 0.000000 0.000000 0.000000 0.000000
 0.000000 0.131218 0.000000 0.000000 0.000000 0.000000 0.000000 0.000000 0.301280 0.000000 0.000000 0.000002 0.293304 0.004536 0.000000 0.000000 0.269660 0.000000 0.000000 0.000000
 0.000000 0.000000 0.000000 0.000000 0.491379 0.000000 0.000000 0.000000 0.000001 0.000000 0.017240 0.000000 0.000000 0.000000 0.000000 0.000000 0.000000 0.000000 0.000000 0.491379
 0.000000 0.000000 0.444506 0.000000 0.000000 0.000000 0.000000 0.000000 0.173323 0.000000 0.000000 0.000000 0.000000 0.000000 0.382171 0.000000 0.000000 0.000000 0.000000 0.000000
 0.000000 0.000000 0.000000 0.499946 0.499945 0.000000 0.000000 0.000000 0.000000 0.000000 0.000109 0.000000 0.000000 0.000000 0.000000 0.000000 0.000000 0.000000 0.000000 0.000000
 0.000000 0.000000 0.500000 0.000000 0.000000 0.000000 0.000000 0.000000 0.000000 0.500000 0.000000 0.000000 0.000000 0.000000 0.000000 0.000000 0.000000 0.000000 0.000000 0.000000
 0.000000 0.000000 0.000000 0.000000 0.000000 0.000000 0.000000 0.000000 0.000000 0.500006 0.000000 0.000000 0.000000 0.000000 0.000000 0.499994 0.000000 0.000000 0.000000 0.000000
the mean of prob-rank is 1.4736842105263157
the number of false negetive edges is 0
the number of probability greater than 0 is 3.4/edge
