20
 0.000000 0.000000 0.000000 0.000000 0.000000 0.000000 0.000000 0.498819 0.000000 0.002327 0.000000 0.000000 0.000000 0.000000 0.000000 0.498854 0.000000 0.000000 0.000000 0.000000
 0.000000 0.000000 0.000000 0.000000 0.000000 0.000000 0.000000 0.000000 0.002117 0.000000 0.498944 0.000000 0.000000 0.000000 0.000000 0.000000 0.000000 0.498939 0.000000 0.000000
 0.000000 0.000000 0.000000 0.030504 0.000000 0.001914 0.000000 0.000000 0.000000 0.000000 0.000000 0.483922 0.000000 0.000000 0.000000 0.000000 0.000000 0.000000 0.000000 0.483660
 0.000000 0.000000 0.030076 0.000000 0.000000 0.000000 0.000000 0.000000 0.000000 0.000000 0.000000 0.477182 0.476920 0.000000 0.000000 0.000010 0.000000 0.000000 0.000000 0.015811
 0.000000 0.000000 0.000000 0.000000 0.000000 0.316068 0.000000 0.000000 0.000000 0.000000 0.000000 0.000000 0.000000 0.000000 0.000000 0.000000 0.000000 0.339508 0.344425 0.000000
 0.000000 0.000000 0.001308 0.000000 0.303612 0.000000 0.000000 0.000000 0.000000 0.000000 0.000000 0.034954 0.000000 0.000000 0.330589 0.000000 0.000000 0.000000 0.329536 0.000000
 0.000000 0.000000 0.000000 0.000000 0.000000 0.000000 0.000000 0.000000 0.231684 0.000000 0.190934 0.000000 0.000000 0.286180 0.000000 0.000000 0.291202 0.000000 0.000000 0.000000
 0.374738 0.000000 0.000000 0.000000 0.000000 0.000000 0.000000 0.000000 0.000000 0.371418 0.253844 0.000000 0.000000 0.000000 0.000000 0.000000 0.000000 0.000000 0.000000 0.000000
 0.000000 0.001398 0.000000 0.000000 0.000000 0.000000 0.260948 0.000000 0.000000 0.000000 0.299098 0.000000 0.000000 0.329587 0.000000 0.000000 0.108970 0.000000 0.000000 0.000000
 0.002337 0.000000 0.000000 0.000000 0.000000 0.000000 0.000000 0.496602 0.000000 0.000000 0.000000 0.000000 0.000000 0.000000 0.000000 0.000000 0.501061 0.000000 0.000000 0.000000
 0.000000 0.259337 0.000000 0.000000 0.000000 0.000000 0.169204 0.175661 0.235333 0.000000 0.000000 0.000000 0.000000 0.160465 0.000000 0.000000 0.000000 0.000000 0.000000 0.000000
 0.000000 0.000000 0.474889 0.474936 0.000000 0.050176 0.000000 0.000000 0.000000 0.000000 0.000000 0.000000 0.000000 0.000000 0.000000 0.000000 0.000000 0.000000 0.000000 0.000000
 0.000000 0.000000 0.000000 0.496415 0.000000 0.000000 0.000000 0.000000 0.000000 0.000000 0.000000 0.000000 0.000000 0.000000 0.005737 0.496683 0.000000 0.000000 0.000000 0.001165
 0.000000 0.000000 0.000000 0.000000 0.000000 0.000000 0.376614 0.000000 0.385095 0.000000 0.238291 0.000000 0.000000 0.000000 0.000000 0.000000 0.000000 0.000000 0.000000 0.000000
 0.000000 0.000000 0.000000 0.000000 0.000000 0.496933 0.000000 0.000000 0.000000 0.000000 0.000000 0.000000 0.005744 0.000000 0.000000 0.000000 0.000000 0.000000 0.000000 0.497323
 0.499997 0.000000 0.000000 0.000011 0.000000 0.000000 0.000000 0.000000 0.000000 0.000000 0.000000 0.000000 0.499992 0.000000 0.000000 0.000000 0.000000 0.000000 0.000000 0.000000
 0.000000 0.000000 0.000000 0.000000 0.000000 0.000000 0.427870 0.000000 0.142156 0.429973 0.000000 0.000000 0.000000 0.000000 0.000000 0.000000 0.000000 0.000000 0.000000 0.000000
 0.000000 0.435057 0.000000 0.000000 0.428850 0.000000 0.000000 0.000000 0.000000 0.000000 0.000000 0.000000 0.000000 0.000000 0.000000 0.000000 0.000000 0.000000 0.136093 0.000000
 0.000000 0.000000 0.000000 0.000000 0.433118 0.431396 0.000000 0.000000 0.000000 0.000000 0.000000 0.000000 0.000000 0.000000 0.000000 0.000000 0.000000 0.135486 0.000000 0.000000
 0.000000 0.000000 0.491127 0.016284 0.000000 0.000000 0.000000 0.000000 0.000000 0.000000 0.000000 0.000000 0.001153 0.000000 0.491437 0.000000 0.000000 0.000000 0.000000 0.000000
the mean of prob-rank is 1.5263157894736843
the number of false negetive edges is 0
the number of probability greater than 0 is 3.6/edge
