20
 0.000000 0.500000 0.000000 0.000000 0.000000 0.000000 0.000000 0.000000 0.000000 0.000000 0.000000 0.000000 0.500000 0.000000 0.000000 0.000000 0.000000 0.000000 0.000000 0.000000
 0.500000 0.000000 0.000000 0.000000 0.000000 0.000000 0.000000 0.000000 0.000000 0.000000 0.000000 0.000000 0.000000 0.000000 0.000000 0.000000 0.000000 0.500000 0.000000 0.000000
 0.000000 0.000000 0.000000 0.000000 0.000000 0.000000 0.000000 0.084485 0.000120 0.456658 0.000000 0.000000 0.000000 0.000000 0.000000 0.458737 0.000000 0.000000 0.000000 0.000000
 0.000000 0.000000 0.000000 0.000000 0.000000 0.000000 0.092576 0.000000 0.448159 0.009760 0.000000 0.000000 0.000000 0.000000 0.001302 0.000000 0.000000 0.000000 0.448203 0.000000
 0.000000 0.000000 0.000000 0.000000 0.000000 0.000000 0.000000 0.000000 0.000000 0.000000 0.000000 0.000032 0.499977 0.000014 0.000000 0.000000 0.000000 0.000000 0.499977 0.000000
 0.000000 0.000000 0.000000 0.000000 0.000000 0.000000 0.000000 0.494611 0.000000 0.000000 0.000000 0.494571 0.000000 0.000000 0.000000 0.000000 0.010818 0.000000 0.000000 0.000000
 0.000000 0.000000 0.000000 0.069554 0.000000 0.000000 0.000000 0.000000 0.272464 0.000000 0.000000 0.000000 0.000000 0.000000 0.336742 0.321222 0.000000 0.000000 0.000018 0.000000
 0.000000 0.000000 0.084367 0.000000 0.000000 0.458096 0.000000 0.000000 0.000000 0.457538 0.000000 0.000000 0.000000 0.000000 0.000000 0.000000 0.000000 0.000000 0.000000 0.000000
 0.000000 0.000000 0.000088 0.337333 0.000000 0.000000 0.272968 0.000000 0.000000 0.041434 0.000000 0.000000 0.000000 0.000000 0.319632 0.028544 0.000000 0.000000 0.000000 0.000000
 0.000000 0.000000 0.418200 0.009148 0.000000 0.000000 0.000000 0.419593 0.051596 0.000000 0.000000 0.000000 0.000000 0.000000 0.000254 0.101208 0.000000 0.000000 0.000000 0.000000
 0.000000 0.000000 0.000000 0.000000 0.000000 0.000000 0.000000 0.000000 0.000000 0.000000 0.000000 0.000000 0.000000 0.351653 0.000000 0.000000 0.313566 0.000000 0.000000 0.334782
 0.000000 0.000000 0.000000 0.000000 0.000032 0.499963 0.000000 0.000000 0.000000 0.000000 0.000000 0.000000 0.000000 0.000000 0.000000 0.000000 0.500004 0.000000 0.000000 0.000000
 0.500000 0.000000 0.000000 0.000000 0.500000 0.000000 0.000000 0.000000 0.000000 0.000000 0.000000 0.000000 0.000000 0.000000 0.000000 0.000000 0.000000 0.000000 0.000000 0.000000
 0.000000 0.000000 0.000000 0.000000 0.000010 0.000000 0.000000 0.000000 0.000000 0.000000 0.364362 0.000000 0.000000 0.000000 0.000000 0.000000 0.353541 0.000000 0.000000 0.282086
 0.000000 0.000000 0.000000 0.001019 0.000000 0.000000 0.350796 0.000000 0.332358 0.000213 0.000000 0.000000 0.000000 0.000000 0.000000 0.315614 0.000000 0.000000 0.000000 0.000000
 0.000000 0.000000 0.314551 0.000000 0.000000 0.000000 0.300052 0.000000 0.026614 0.075779 0.000000 0.000000 0.000000 0.000000 0.283003 0.000000 0.000000 0.000000 0.000000 0.000000
 0.000000 0.000000 0.000000 0.000000 0.000000 0.007585 0.000000 0.000000 0.000000 0.000000 0.309190 0.346774 0.000000 0.336449 0.000000 0.000000 0.000000 0.000000 0.000000 0.000002
 0.000000 0.500000 0.000000 0.000000 0.000000 0.000000 0.000000 0.000000 0.000000 0.000000 0.000000 0.000000 0.000000 0.000000 0.000000 0.000000 0.000000 0.000000 0.000000 0.500000
 0.000000 0.000000 0.000000 0.499987 0.499986 0.000000 0.000027 0.000000 0.000000 0.000000 0.000000 0.000000 0.000000 0.000000 0.000000 0.000000 0.000000 0.000000 0.000000 0.000000
 0.000000 0.000000 0.000000 0.000000 0.000000 0.000000 0.000000 0.000000 0.000000 0.000000 0.349199 0.000000 0.000000 0.283972 0.000000 0.000000 0.000002 0.366827 0.000000 0.000000
the mean of prob-rank is 1.736842105263158
the number of false negetive edges is 0
the number of probability greater than 0 is 3.8/edge
