20
 0.000000 0.000000 0.000000 0.000000 0.000000 0.000000 0.500002 0.000000 0.000000 0.499998 0.000000 0.000000 0.000000 0.000000 0.000000 0.000000 0.000000 0.000000 0.000000 0.000000
 0.000000 0.000000 0.000000 0.000000 0.000000 0.000000 0.000000 0.000000 0.000000 0.000000 0.000000 0.499991 0.000009 0.499993 0.000000 0.000000 0.000000 0.000000 0.000000 0.000007
 0.000000 0.000000 0.000000 0.000000 0.000000 0.000000 0.000000 0.000000 0.000000 0.499991 0.000000 0.500009 0.000000 0.000000 0.000000 0.000000 0.000000 0.000000 0.000000 0.000000
 0.000000 0.000000 0.000000 0.000000 0.470528 0.000000 0.000000 0.000000 0.000000 0.000000 0.000000 0.000000 0.061937 0.000000 0.001284 0.466225 0.000000 0.000001 0.000000 0.000025
 0.000000 0.000000 0.000000 0.494176 0.000000 0.000000 0.000000 0.000000 0.000000 0.000000 0.011637 0.000000 0.000000 0.000000 0.494187 0.000000 0.000000 0.000000 0.000000 0.000000
 0.000000 0.000000 0.000000 0.000000 0.000000 0.000000 0.000000 0.499999 0.000000 0.000000 0.000000 0.000000 0.000000 0.000000 0.000000 0.000000 0.000000 0.000000 0.500001 0.000000
 0.500000 0.000000 0.000000 0.000000 0.000000 0.000000 0.000000 0.000000 0.000000 0.000000 0.000000 0.000000 0.000000 0.000000 0.000000 0.000000 0.000000 0.500000 0.000000 0.000000
 0.000000 0.000000 0.000000 0.000000 0.000000 0.499073 0.000000 0.000000 0.000000 0.000000 0.001853 0.000000 0.000000 0.000000 0.000000 0.000000 0.499074 0.000000 0.000000 0.000000
 0.000000 0.000000 0.000000 0.000000 0.000000 0.000000 0.000000 0.000000 0.000000 0.000000 0.000000 0.000000 0.000000 0.000000 0.000000 0.000000 0.000000 0.500000 0.500000 0.000000
 0.500007 0.000000 0.499993 0.000000 0.000000 0.000000 0.000000 0.000000 0.000000 0.000000 0.000000 0.000000 0.000000 0.000000 0.000000 0.000000 0.000000 0.000000 0.000000 0.000000
 0.000000 0.000000 0.000000 0.000000 0.009734 0.000000 0.000000 0.001534 0.000000 0.000000 0.000000 0.000000 0.000000 0.000000 0.411651 0.000000 0.412265 0.000000 0.000000 0.164816
 0.000000 0.499998 0.500001 0.000000 0.000000 0.000000 0.000000 0.000000 0.000000 0.000000 0.000000 0.000000 0.000000 0.000000 0.000000 0.000000 0.000000 0.000000 0.000000 0.000000
 0.000000 0.000008 0.000000 0.058890 0.000000 0.000000 0.000000 0.000000 0.000000 0.000000 0.000000 0.000000 0.000000 0.447170 0.000000 0.048247 0.000000 0.000000 0.000000 0.445684
 0.000000 0.500123 0.000000 0.000000 0.000000 0.000000 0.000000 0.000000 0.000000 0.000000 0.000000 0.000000 0.499876 0.000000 0.000000 0.000000 0.000000 0.000000 0.000000 0.000000
 0.000000 0.000000 0.000000 0.001300 0.476377 0.000000 0.000000 0.000000 0.000000 0.000000 0.474392 0.000000 0.000000 0.000000 0.000000 0.000000 0.047931 0.000000 0.000000 0.000000
 0.000000 0.000000 0.000000 0.472123 0.000000 0.000000 0.000000 0.000000 0.000000 0.000000 0.000000 0.000000 0.051385 0.000000 0.000000 0.000000 0.000000 0.000000 0.000000 0.476492
 0.000000 0.000000 0.000000 0.000000 0.000000 0.000000 0.000000 0.476661 0.000000 0.000000 0.475380 0.000000 0.000000 0.000000 0.047960 0.000000 0.000000 0.000000 0.000000 0.000000
 0.000000 0.000000 0.000000 0.000001 0.000000 0.000000 0.500000 0.000000 0.500000 0.000000 0.000000 0.000000 0.000000 0.000000 0.000000 0.000000 0.000000 0.000000 0.000000 0.000000
 0.000000 0.000000 0.000000 0.000000 0.000000 0.500000 0.000000 0.000000 0.500000 0.000000 0.000000 0.000000 0.000000 0.000000 0.000000 0.000000 0.000000 0.000000 0.000000 0.000000
 0.000000 0.000006 0.000000 0.000022 0.000000 0.000000 0.000000 0.000000 0.000000 0.000000 0.166478 0.000000 0.415950 0.000000 0.000000 0.417544 0.000000 0.000000 0.000000 0.000000
the mean of prob-rank is 1.5789473684210527
the number of false negetive edges is 0
the number of probability greater than 0 is 3.0/edge
