20
 0.000000 0.000000 0.000000 0.000000 0.000000 0.000000 0.000000 0.000000 0.373460 0.000000 0.000000 0.000000 0.000000 0.318494 0.308028 0.000000 0.000009 0.000000 0.000010 0.000000
 0.000000 0.000000 0.000000 0.000000 0.000000 0.000000 0.000000 0.000000 0.000000 0.000000 0.000000 0.000000 0.000000 0.000000 0.000000 0.500013 0.000000 0.000000 0.000000 0.499987
 0.000000 0.000000 0.000000 0.000000 0.000000 0.000000 0.000000 0.000000 0.000000 0.000000 0.500000 0.000000 0.500000 0.000000 0.000000 0.000000 0.000000 0.000000 0.000000 0.000000
 0.000000 0.000000 0.000000 0.000000 0.000585 0.000000 0.291302 0.000000 0.000000 0.000000 0.000000 0.000000 0.252077 0.236313 0.000000 0.000000 0.000000 0.000000 0.219724 0.000000
 0.000000 0.000000 0.000000 0.000903 0.000000 0.000000 0.088394 0.000000 0.004507 0.000000 0.000000 0.000000 0.000000 0.000000 0.000000 0.000000 0.000000 0.454399 0.451797 0.000000
 0.000000 0.000000 0.000000 0.000000 0.000000 0.000000 0.000000 0.500000 0.000000 0.000000 0.000000 0.500000 0.000000 0.000000 0.000000 0.000000 0.000000 0.000000 0.000000 0.000000
 0.000000 0.000000 0.000000 0.425843 0.083707 0.000000 0.000000 0.000000 0.018446 0.000000 0.000000 0.000000 0.000000 0.000000 0.000193 0.000000 0.000000 0.428956 0.042855 0.000000
 0.000000 0.000000 0.000000 0.000000 0.000000 0.500000 0.000000 0.000000 0.000000 0.500000 0.000000 0.000000 0.000000 0.000000 0.000000 0.000000 0.000000 0.000000 0.000000 0.000000
 0.439835 0.000000 0.000000 0.000000 0.004362 0.000000 0.018853 0.000000 0.000000 0.000000 0.000000 0.000000 0.000000 0.000002 0.432092 0.000000 0.000000 0.104782 0.000074 0.000000
 0.000000 0.000000 0.000000 0.000000 0.000000 0.000000 0.000000 0.500013 0.000000 0.000000 0.499987 0.000000 0.000000 0.000000 0.000000 0.000000 0.000000 0.000000 0.000000 0.000000
 0.000000 0.000000 0.500013 0.000000 0.000000 0.000000 0.000000 0.000000 0.000000 0.499987 0.000000 0.000000 0.000000 0.000000 0.000000 0.000000 0.000000 0.000000 0.000000 0.000000
 0.000000 0.000000 0.000000 0.000000 0.000000 0.500000 0.000000 0.000000 0.000000 0.000000 0.000000 0.000000 0.000000 0.000000 0.000000 0.000000 0.000000 0.000000 0.000000 0.500000
 0.000000 0.000000 0.363517 0.311279 0.000000 0.000000 0.000000 0.000000 0.000000 0.000000 0.000000 0.000000 0.000000 0.325204 0.000000 0.000000 0.000000 0.000000 0.000000 0.000000
 0.244971 0.000000 0.000000 0.230589 0.000000 0.000000 0.000000 0.000000 0.000001 0.000000 0.000000 0.000000 0.256974 0.000000 0.000000 0.000000 0.000000 0.000000 0.267465 0.000000
 0.293794 0.000000 0.000000 0.000000 0.000000 0.000000 0.000160 0.000000 0.349932 0.000000 0.000000 0.000000 0.000000 0.000000 0.000000 0.000000 0.356114 0.000000 0.000000 0.000000
 0.000000 0.499992 0.000000 0.000000 0.000000 0.000000 0.000000 0.000000 0.000000 0.000000 0.000000 0.000000 0.000000 0.000000 0.000000 0.000000 0.500008 0.000000 0.000000 0.000000
 0.000012 0.000000 0.000000 0.000000 0.000000 0.000000 0.000000 0.000000 0.000000 0.000000 0.000000 0.000000 0.000000 0.000000 0.499933 0.500055 0.000000 0.000000 0.000000 0.000000
 0.000000 0.000000 0.000000 0.000000 0.386234 0.000000 0.385023 0.000000 0.092020 0.000000 0.000000 0.000000 0.000000 0.000000 0.000000 0.000000 0.000000 0.000000 0.136723 0.000000
 0.000008 0.000000 0.000000 0.238812 0.318094 0.000000 0.031862 0.000000 0.000054 0.000000 0.000000 0.000000 0.000000 0.297918 0.000000 0.000000 0.000000 0.113251 0.000000 0.000000
 0.000000 0.499979 0.000000 0.000000 0.000000 0.000000 0.000000 0.000000 0.000000 0.000000 0.000000 0.500021 0.000000 0.000000 0.000000 0.000000 0.000000 0.000000 0.000000 0.000000
the mean of prob-rank is 1.5263157894736843
the number of false negetive edges is 0
the number of probability greater than 0 is 3.6/edge
