20
 0.000000 0.000000 0.000000 0.000000 0.000000 0.000000 0.000000 0.000000 0.000000 0.000000 0.000000 0.499997 0.000000 0.000000 0.000000 0.000000 0.500003 0.000000 0.000000 0.000000
 0.000000 0.000000 0.000000 0.000000 0.000000 0.000000 0.000000 0.000000 0.005025 0.000000 0.000000 0.088723 0.000000 0.000000 0.000000 0.230382 0.000000 0.000001 0.336642 0.339227
 0.000000 0.000000 0.000000 0.000000 0.000000 0.457541 0.457134 0.000028 0.000000 0.000010 0.000000 0.000000 0.000000 0.085286 0.000000 0.000000 0.000000 0.000000 0.000000 0.000000
 0.000000 0.000000 0.000000 0.000000 0.000000 0.000000 0.000000 0.000039 0.000000 0.000000 0.499984 0.000000 0.499978 0.000000 0.000000 0.000000 0.000000 0.000000 0.000000 0.000000
 0.000000 0.000000 0.000000 0.000000 0.000000 0.000000 0.499982 0.000012 0.000000 0.000000 0.000000 0.000000 0.000012 0.499993 0.000000 0.000000 0.000000 0.000000 0.000000 0.000000
 0.000000 0.000000 0.469077 0.000000 0.000000 0.000000 0.000000 0.000000 0.000000 0.469091 0.000000 0.000000 0.000000 0.000000 0.000000 0.000007 0.000572 0.061253 0.000000 0.000000
 0.000000 0.000000 0.466835 0.000000 0.467256 0.000000 0.000000 0.062820 0.000000 0.000000 0.000000 0.000000 0.003090 0.000000 0.000000 0.000000 0.000000 0.000000 0.000000 0.000000
 0.000000 0.000000 0.000029 0.000036 0.000012 0.000000 0.063009 0.000000 0.000000 0.468247 0.000000 0.000000 0.468668 0.000000 0.000000 0.000000 0.000000 0.000000 0.000000 0.000000
 0.000000 0.004317 0.000000 0.000000 0.000000 0.000000 0.000000 0.000000 0.000000 0.000000 0.000000 0.000000 0.000000 0.258804 0.000000 0.269457 0.000000 0.000000 0.246551 0.220872
 0.000000 0.000000 0.000010 0.000000 0.000000 0.464338 0.000000 0.463922 0.000000 0.000000 0.000833 0.000000 0.000937 0.000000 0.069960 0.000000 0.000000 0.000000 0.000000 0.000000
 0.000000 0.000000 0.000000 0.499554 0.000000 0.000000 0.000000 0.000000 0.000000 0.000896 0.000000 0.000000 0.000000 0.000000 0.499550 0.000000 0.000000 0.000000 0.000000 0.000000
 0.443284 0.115940 0.000000 0.000000 0.000000 0.000000 0.000000 0.000000 0.000000 0.000000 0.000000 0.000000 0.000000 0.000000 0.000000 0.000000 0.000000 0.440776 0.000000 0.000000
 0.000000 0.000000 0.000000 0.497842 0.000012 0.000000 0.003292 0.497848 0.000000 0.001005 0.000000 0.000000 0.000000 0.000000 0.000000 0.000000 0.000000 0.000000 0.000000 0.000000
 0.000000 0.000000 0.061712 0.000000 0.331082 0.000000 0.000000 0.000000 0.293969 0.000000 0.000000 0.000000 0.000000 0.000000 0.000000 0.000000 0.000000 0.000000 0.000000 0.313236
 0.000000 0.000000 0.000000 0.000000 0.000000 0.000000 0.000000 0.000000 0.000000 0.070067 0.465042 0.000000 0.000000 0.000000 0.000000 0.000000 0.464891 0.000000 0.000000 0.000000
 0.000000 0.195004 0.000000 0.000000 0.000000 0.000004 0.000000 0.000000 0.265442 0.000000 0.000000 0.000000 0.000000 0.000000 0.000000 0.000000 0.000000 0.287134 0.247178 0.005237
 0.499701 0.000000 0.000000 0.000000 0.000000 0.000610 0.000000 0.000000 0.000000 0.000000 0.000000 0.000000 0.000000 0.000000 0.499536 0.000000 0.000000 0.000153 0.000000 0.000000
 0.000000 0.000001 0.000000 0.000000 0.000000 0.061416 0.000000 0.000000 0.000000 0.000000 0.000000 0.467675 0.000000 0.000000 0.000000 0.470341 0.000144 0.000000 0.000423 0.000000
 0.000000 0.289178 0.000000 0.000000 0.000000 0.000000 0.000000 0.000000 0.246484 0.000000 0.000000 0.000000 0.000000 0.000000 0.000000 0.250849 0.000000 0.000262 0.000000 0.213228
 0.000000 0.289533 0.000000 0.000000 0.000000 0.000000 0.000000 0.000000 0.219398 0.000000 0.000000 0.000000 0.000000 0.273926 0.000000 0.005281 0.000000 0.000000 0.211862 0.000000
the mean of prob-rank is 1.6842105263157894
the number of false negetive edges is 0
the number of probability greater than 0 is 4.4/edge
