20
 0.000000 0.000000 0.000000 0.000000 0.000000 0.008217 0.000000 0.000000 0.000000 0.000000 0.415815 0.000000 0.158437 0.000000 0.417531 0.000000 0.000000 0.000000 0.000000 0.000000
 0.000000 0.000000 0.499641 0.000716 0.000000 0.000000 0.000000 0.000000 0.000000 0.000000 0.000000 0.499644 0.000000 0.000000 0.000000 0.000000 0.000000 0.000000 0.000000 0.000000
 0.000000 0.347903 0.000000 0.000000 0.000000 0.213309 0.000000 0.000000 0.000000 0.340824 0.000000 0.000246 0.097719 0.000000 0.000000 0.000000 0.000000 0.000000 0.000000 0.000000
 0.000000 0.000661 0.000000 0.000000 0.000000 0.000000 0.000000 0.000000 0.000000 0.000000 0.077725 0.461293 0.460320 0.000000 0.000000 0.000000 0.000000 0.000000 0.000000 0.000000
 0.000000 0.000000 0.000000 0.000000 0.000000 0.000000 0.000000 0.500000 0.000000 0.000000 0.000000 0.000000 0.000000 0.500000 0.000000 0.000000 0.000000 0.000000 0.000000 0.000000
 0.005895 0.000000 0.183659 0.000000 0.000000 0.000000 0.000000 0.178349 0.280861 0.000007 0.000000 0.000000 0.000000 0.000000 0.000000 0.000000 0.000000 0.000000 0.299546 0.051684
 0.000000 0.000000 0.000000 0.000000 0.000000 0.000000 0.000000 0.000000 0.000000 0.000000 0.500000 0.000000 0.000000 0.000000 0.000000 0.000000 0.000000 0.500000 0.000000 0.000000
 0.000000 0.000000 0.000000 0.000000 0.390105 0.232268 0.000000 0.000000 0.000000 0.000000 0.000000 0.000000 0.000000 0.000000 0.000000 0.000000 0.377628 0.000000 0.000000 0.000000
 0.000000 0.000000 0.000000 0.000000 0.000000 0.295525 0.000000 0.000000 0.000000 0.000000 0.000000 0.000000 0.000000 0.000000 0.000000 0.234789 0.159750 0.000000 0.000195 0.309742
 0.000000 0.000000 0.361282 0.000000 0.000000 0.000008 0.000000 0.000000 0.000000 0.000000 0.000000 0.032268 0.000000 0.000000 0.000000 0.000000 0.000000 0.000000 0.368669 0.237773
 0.404518 0.000000 0.000000 0.068357 0.000000 0.000000 0.406188 0.000000 0.000000 0.000000 0.000000 0.000000 0.000391 0.000000 0.120546 0.000000 0.000000 0.000000 0.000000 0.000000
 0.000000 0.479160 0.000339 0.478575 0.000000 0.000000 0.000000 0.000000 0.000000 0.041925 0.000000 0.000000 0.000000 0.000000 0.000000 0.000000 0.000000 0.000000 0.000000 0.000000
 0.142825 0.000000 0.105719 0.375136 0.000000 0.000000 0.000000 0.000000 0.000000 0.000000 0.000362 0.000000 0.000000 0.000000 0.375957 0.000000 0.000000 0.000000 0.000000 0.000000
 0.000000 0.000000 0.000000 0.000000 0.500000 0.000000 0.000000 0.000000 0.000000 0.000000 0.000000 0.000000 0.000000 0.000000 0.000000 0.000000 0.000000 0.500000 0.000000 0.000000
 0.435611 0.000000 0.000000 0.000000 0.000000 0.000000 0.000000 0.000000 0.000000 0.000000 0.129278 0.000000 0.435111 0.000000 0.000000 0.000000 0.000000 0.000000 0.000000 0.000000
 0.000000 0.000000 0.000000 0.000000 0.000000 0.000000 0.000000 0.000000 0.277440 0.000000 0.000000 0.000000 0.000000 0.000000 0.000000 0.000000 0.372441 0.000000 0.000000 0.350118
 0.000000 0.000000 0.000000 0.000000 0.000000 0.000000 0.000000 0.350178 0.183350 0.000000 0.000000 0.000000 0.000000 0.000000 0.000000 0.361748 0.000000 0.000000 0.000000 0.104725
 0.000000 0.000000 0.000000 0.000000 0.000000 0.000000 0.500000 0.000000 0.000000 0.000000 0.000000 0.000000 0.000000 0.500000 0.000000 0.000000 0.000000 0.000000 0.000000 0.000000
 0.000000 0.000000 0.000000 0.000000 0.000000 0.441515 0.000000 0.000000 0.000273 0.441372 0.000000 0.000000 0.000000 0.000000 0.000000 0.000000 0.000000 0.000000 0.000000 0.116841
 0.000000 0.000000 0.000000 0.000000 0.000000 0.052377 0.000000 0.000000 0.298321 0.195719 0.000000 0.000000 0.000000 0.000000 0.000000 0.285369 0.087881 0.000000 0.080334 0.000000
the mean of prob-rank is 1.736842105263158
the number of false negetive edges is 0
the number of probability greater than 0 is 3.9/edge
