20
 0.000000 0.000000 0.000000 0.000000 0.000000 0.000000 0.000000 0.000000 0.260349 0.000000 0.001307 0.000000 0.000000 0.371292 0.000000 0.000000 0.000000 0.000000 0.367052 0.000000
 0.000000 0.000000 0.000000 0.000000 0.001371 0.499315 0.000000 0.000000 0.000000 0.000000 0.000000 0.000000 0.000000 0.000000 0.499314 0.000000 0.000000 0.000000 0.000000 0.000000
 0.000000 0.000000 0.000000 0.000000 0.499114 0.000037 0.000000 0.000000 0.000000 0.000000 0.000000 0.001614 0.000041 0.000000 0.000000 0.000000 0.000000 0.000000 0.000000 0.499194
 0.000000 0.000000 0.000000 0.000000 0.000000 0.000000 0.000000 0.000000 0.000000 0.000000 0.193736 0.000000 0.000000 0.000000 0.000000 0.403671 0.402592 0.000001 0.000000 0.000000
 0.000000 0.001348 0.490886 0.000000 0.000000 0.000000 0.000000 0.016820 0.000000 0.000000 0.000000 0.000000 0.000000 0.000000 0.490945 0.000000 0.000000 0.000000 0.000000 0.000000
 0.000000 0.499981 0.000038 0.000000 0.000000 0.000000 0.000000 0.000000 0.000000 0.000000 0.000000 0.000000 0.499981 0.000000 0.000000 0.000000 0.000000 0.000000 0.000000 0.000000
 0.000000 0.000000 0.000000 0.000000 0.000000 0.000000 0.000000 0.000000 0.002908 0.498540 0.000000 0.498553 0.000000 0.000000 0.000000 0.000000 0.000000 0.000000 0.000000 0.000000
 0.000000 0.000000 0.000000 0.000000 0.016840 0.000000 0.000000 0.000000 0.000000 0.491550 0.000000 0.000143 0.000000 0.000000 0.000000 0.000000 0.000000 0.000000 0.000000 0.491468
 0.259658 0.000000 0.000000 0.000000 0.000000 0.000000 0.002160 0.000000 0.000000 0.000000 0.000000 0.354228 0.000000 0.013628 0.000000 0.000000 0.000000 0.000000 0.370326 0.000000
 0.000000 0.000000 0.000000 0.000000 0.000000 0.000000 0.490166 0.490215 0.000000 0.000000 0.000000 0.019619 0.000000 0.000000 0.000000 0.000000 0.000000 0.000000 0.000000 0.000000
 0.001393 0.000000 0.000000 0.189958 0.000000 0.000000 0.000000 0.000000 0.000000 0.000000 0.000000 0.000000 0.395798 0.000009 0.000000 0.394230 0.018611 0.000000 0.000000 0.000000
 0.000000 0.000000 0.001151 0.000000 0.000000 0.000000 0.355862 0.000103 0.340418 0.014243 0.000000 0.000000 0.000000 0.000000 0.000000 0.000000 0.000000 0.000000 0.279849 0.008375
 0.000000 0.000000 0.000041 0.000000 0.000000 0.499980 0.000000 0.000000 0.000000 0.000000 0.499980 0.000000 0.000000 0.000000 0.000000 0.000000 0.000000 0.000000 0.000000 0.000000
 0.490716 0.000000 0.000000 0.000000 0.000000 0.000000 0.000000 0.000000 0.018059 0.000000 0.000011 0.000000 0.000000 0.000000 0.000000 0.000473 0.000000 0.490741 0.000000 0.000000
 0.000000 0.500015 0.000000 0.000000 0.499985 0.000000 0.000000 0.000000 0.000000 0.000000 0.000000 0.000000 0.000000 0.000000 0.000000 0.000000 0.000000 0.000000 0.000000 0.000000
 0.000000 0.000000 0.000000 0.375365 0.000000 0.000000 0.000000 0.000000 0.000000 0.000000 0.373877 0.000000 0.000000 0.000362 0.000000 0.000000 0.176692 0.073704 0.000000 0.000000
 0.000000 0.000000 0.000000 0.396603 0.000000 0.000000 0.000000 0.000000 0.000000 0.000000 0.018699 0.000000 0.000000 0.000000 0.000000 0.187190 0.000000 0.397509 0.000000 0.000000
 0.000000 0.000000 0.000000 0.000001 0.000000 0.000000 0.000000 0.000000 0.000000 0.000000 0.000000 0.000000 0.000000 0.455381 0.000000 0.089416 0.455202 0.000000 0.000000 0.000000
 0.356243 0.000000 0.000000 0.000000 0.000000 0.000000 0.000000 0.000000 0.360377 0.000000 0.000000 0.283379 0.000000 0.000000 0.000000 0.000000 0.000000 0.000000 0.000000 0.000000
 0.000000 0.000000 0.494220 0.000000 0.000000 0.000000 0.000000 0.494149 0.000000 0.000000 0.000000 0.011631 0.000000 0.000000 0.000000 0.000000 0.000000 0.000000 0.000000 0.000000
the mean of prob-rank is 1.4736842105263157
the number of false negetive edges is 0
the number of probability greater than 0 is 3.95/edge
