20
 0.000000 0.000000 0.007302 0.000000 0.000000 0.000000 0.000000 0.000000 0.482320 0.027571 0.000476 0.482329 0.000000 0.000000 0.000000 0.000000 0.000000 0.000001 0.000000 0.000000
 0.000000 0.000000 0.000000 0.317178 0.000000 0.000000 0.000000 0.000000 0.000000 0.000000 0.000000 0.000000 0.310120 0.000000 0.000000 0.000000 0.350607 0.000000 0.000823 0.021273
 0.005403 0.000000 0.000000 0.000000 0.000000 0.000000 0.006383 0.000000 0.326571 0.000000 0.356895 0.000000 0.000000 0.000000 0.000000 0.000000 0.000000 0.304748 0.000000 0.000000
 0.000000 0.294155 0.000000 0.000000 0.000000 0.000000 0.101570 0.000000 0.000000 0.000000 0.000000 0.000000 0.000000 0.000000 0.000000 0.004243 0.000000 0.000000 0.326011 0.274020
 0.000000 0.000000 0.000000 0.000000 0.000000 0.500000 0.000000 0.000000 0.000000 0.000000 0.000000 0.000000 0.000000 0.000000 0.500000 0.000000 0.000000 0.000000 0.000000 0.000000
 0.000000 0.000000 0.000000 0.000000 0.500000 0.000000 0.000000 0.000000 0.000000 0.000000 0.000000 0.000000 0.000000 0.500000 0.000000 0.000000 0.000000 0.000000 0.000000 0.000000
 0.000000 0.000000 0.005803 0.101094 0.000000 0.000000 0.000000 0.000000 0.000000 0.000000 0.000000 0.000000 0.000000 0.324361 0.000000 0.000000 0.000000 0.309048 0.259694 0.000000
 0.000000 0.000000 0.000000 0.000000 0.000000 0.000000 0.000000 0.000000 0.000000 0.000000 0.499999 0.000000 0.000000 0.000000 0.500001 0.000000 0.000000 0.000000 0.000000 0.000000
 0.329841 0.000000 0.301821 0.000000 0.000000 0.000000 0.000000 0.000000 0.000000 0.009355 0.000165 0.105093 0.000000 0.000000 0.000000 0.000000 0.000000 0.253725 0.000000 0.000000
 0.021542 0.000000 0.000000 0.000000 0.000000 0.000000 0.000000 0.000000 0.010689 0.000000 0.000000 0.376120 0.346449 0.000000 0.000000 0.000000 0.245126 0.000075 0.000000 0.000000
 0.000494 0.000000 0.499629 0.000000 0.000000 0.000000 0.000000 0.499627 0.000250 0.000000 0.000000 0.000000 0.000000 0.000000 0.000000 0.000000 0.000000 0.000000 0.000000 0.000000
 0.431657 0.000000 0.000000 0.000000 0.000000 0.000000 0.000000 0.000000 0.137531 0.430812 0.000000 0.000000 0.000000 0.000000 0.000000 0.000000 0.000000 0.000000 0.000000 0.000000
 0.000000 0.255661 0.000000 0.000000 0.000000 0.000000 0.000000 0.000000 0.000000 0.266413 0.000000 0.000000 0.000000 0.000000 0.000000 0.209481 0.000006 0.000000 0.000000 0.268438
 0.000000 0.000000 0.000000 0.000000 0.000000 0.496767 0.496583 0.000000 0.000000 0.000000 0.000000 0.000000 0.000000 0.000000 0.000000 0.000000 0.000000 0.000000 0.006649 0.000000
 0.000000 0.000000 0.000000 0.000000 0.500000 0.000000 0.000000 0.500000 0.000000 0.000000 0.000000 0.000000 0.000000 0.000000 0.000000 0.000000 0.000000 0.000000 0.000000 0.000000
 0.000000 0.000000 0.000000 0.004961 0.000000 0.000000 0.000000 0.000000 0.000000 0.000000 0.000000 0.000000 0.275527 0.000000 0.000000 0.000000 0.000000 0.000000 0.338349 0.381163
 0.000000 0.379076 0.000000 0.000000 0.000000 0.000000 0.000000 0.000000 0.000000 0.247216 0.000000 0.000000 0.000007 0.000000 0.000000 0.000000 0.000000 0.373701 0.000000 0.000000
 0.000000 0.000000 0.239925 0.000000 0.000000 0.000000 0.267614 0.000000 0.216135 0.000056 0.000000 0.000000 0.000000 0.000000 0.000000 0.000000 0.276270 0.000000 0.000000 0.000000
 0.000000 0.000722 0.000000 0.308703 0.000000 0.000000 0.247066 0.000000 0.000000 0.000000 0.000000 0.000000 0.000000 0.004132 0.000000 0.274027 0.000000 0.000000 0.000000 0.165349
 0.000000 0.017995 0.000000 0.249936 0.000000 0.000000 0.000000 0.000000 0.000000 0.000000 0.000000 0.000000 0.275441 0.000000 0.000000 0.297356 0.000000 0.000000 0.159272 0.000000
the mean of prob-rank is 1.631578947368421
the number of false negetive edges is 0
the number of probability greater than 0 is 4.2/edge
