20
 0.000000 0.158187 0.000000 0.291757 0.000000 0.000000 0.194756 0.000000 0.289136 0.000000 0.000000 0.000000 0.000000 0.000000 0.000000 0.000000 0.000000 0.066164 0.000000 0.000000
 0.168790 0.000000 0.000000 0.303954 0.000000 0.204736 0.000000 0.000000 0.322520 0.000000 0.000000 0.000000 0.000000 0.000000 0.000000 0.000000 0.000000 0.000000 0.000000 0.000000
 0.000000 0.000000 0.000000 0.000000 0.000000 0.000000 0.000000 0.000000 0.000000 0.000000 0.000000 0.000000 0.000000 0.000000 0.222126 0.280635 0.285102 0.000000 0.212136 0.000000
 0.316492 0.309011 0.000000 0.000000 0.000000 0.000000 0.000000 0.000000 0.047149 0.000000 0.000000 0.000000 0.000000 0.000000 0.000000 0.000000 0.000000 0.327348 0.000000 0.000000
 0.000000 0.000000 0.000000 0.000000 0.000000 0.000000 0.426275 0.000000 0.000000 0.000000 0.427801 0.089122 0.000000 0.056802 0.000000 0.000000 0.000000 0.000000 0.000000 0.000000
 0.000000 0.139027 0.000000 0.000000 0.000000 0.000000 0.000000 0.215322 0.196992 0.103017 0.000000 0.061242 0.025807 0.000000 0.211365 0.000000 0.000000 0.047228 0.000000 0.000000
 0.242777 0.000000 0.000000 0.000000 0.375444 0.000000 0.000000 0.000000 0.000000 0.000000 0.000000 0.000298 0.000000 0.376414 0.000000 0.000000 0.000000 0.005067 0.000000 0.000000
 0.000000 0.000000 0.000000 0.000000 0.000000 0.328830 0.000000 0.000000 0.000000 0.334456 0.000000 0.000000 0.068296 0.000000 0.000069 0.000000 0.216197 0.000000 0.052152 0.000000
 0.318876 0.333350 0.000000 0.047935 0.000000 0.299840 0.000000 0.000000 0.000000 0.000000 0.000000 0.000000 0.000000 0.000000 0.000000 0.000000 0.000000 0.000000 0.000000 0.000000
 0.000000 0.000000 0.000000 0.000000 0.000000 0.190886 0.000000 0.405810 0.000000 0.000000 0.000000 0.000000 0.403303 0.000000 0.000000 0.000000 0.000000 0.000000 0.000000 0.000000
 0.000000 0.000000 0.000000 0.000000 0.499265 0.000000 0.000000 0.000000 0.000000 0.000000 0.000000 0.000014 0.000000 0.000152 0.000000 0.001308 0.000000 0.000000 0.000000 0.499261
 0.000000 0.000000 0.000000 0.000000 0.083765 0.112437 0.000317 0.000000 0.000000 0.000000 0.000011 0.000000 0.000000 0.402087 0.000000 0.000000 0.000000 0.401337 0.000000 0.000045
 0.000000 0.000000 0.000000 0.000000 0.000000 0.050908 0.000000 0.088220 0.000000 0.429357 0.000000 0.000000 0.000000 0.000000 0.431505 0.000000 0.000009 0.000000 0.000000 0.000000
 0.000000 0.000000 0.000000 0.000000 0.062225 0.000000 0.468182 0.000000 0.000000 0.000000 0.000143 0.468647 0.000000 0.000000 0.000000 0.000000 0.000000 0.000803 0.000000 0.000000
 0.000000 0.000000 0.280566 0.000000 0.000000 0.351100 0.000000 0.000075 0.000000 0.000000 0.000000 0.000000 0.363355 0.000000 0.000000 0.000000 0.004905 0.000000 0.000000 0.000000
 0.000000 0.000000 0.332686 0.000000 0.000000 0.000000 0.000000 0.000000 0.000000 0.000000 0.000895 0.000000 0.000000 0.000000 0.000000 0.000000 0.000000 0.000000 0.324977 0.341442
 0.000000 0.000000 0.373566 0.000000 0.000000 0.000000 0.000000 0.243948 0.000000 0.000000 0.000000 0.000000 0.000008 0.000000 0.005088 0.000000 0.000000 0.000000 0.377390 0.000000
 0.089484 0.000000 0.000000 0.408127 0.000000 0.088155 0.005497 0.000000 0.000000 0.000000 0.000000 0.408034 0.000000 0.000701 0.000000 0.000000 0.000000 0.000000 0.000000 0.000000
 0.000000 0.000000 0.258955 0.000000 0.000000 0.000000 0.000000 0.054823 0.000000 0.000000 0.000000 0.000000 0.000000 0.000000 0.000000 0.334634 0.351588 0.000000 0.000000 0.000000
 0.000000 0.000000 0.000000 0.000000 0.000000 0.000000 0.000000 0.000000 0.000000 0.000000 0.499970 0.000056 0.000000 0.000000 0.000000 0.499974 0.000000 0.000000 0.000000 0.000000
the mean of prob-rank is 2.1052631578947367
the number of false negetive edges is 0
the number of probability greater than 0 is 4.8/edge
