20
 0.000000 0.000000 0.000000 0.000000 0.000000 0.014820 0.000000 0.000000 0.000000 0.000000 0.000025 0.284634 0.370056 0.000000 0.000002 0.261275 0.038279 0.000000 0.030908 0.000000
 0.000000 0.000000 0.000000 0.000000 0.000000 0.000000 0.499998 0.000000 0.000000 0.000000 0.000000 0.000000 0.000000 0.000000 0.000000 0.000000 0.000000 0.500002 0.000000 0.000000
 0.000000 0.000000 0.000000 0.500014 0.499986 0.000000 0.000000 0.000000 0.000000 0.000000 0.000000 0.000000 0.000000 0.000000 0.000000 0.000000 0.000000 0.000000 0.000000 0.000000
 0.000000 0.000000 0.500000 0.000000 0.000000 0.000000 0.000000 0.000000 0.000000 0.500000 0.000000 0.000000 0.000000 0.000000 0.000000 0.000000 0.000000 0.000000 0.000000 0.000000
 0.000000 0.000000 0.499986 0.000000 0.000000 0.000000 0.500014 0.000000 0.000000 0.000000 0.000000 0.000000 0.000000 0.000000 0.000000 0.000000 0.000000 0.000000 0.000000 0.000000
 0.019527 0.000000 0.000000 0.000000 0.000000 0.000000 0.000000 0.000000 0.000000 0.000000 0.000000 0.000000 0.000000 0.000000 0.490212 0.000000 0.000000 0.000000 0.490261 0.000000
 0.000000 0.499998 0.000000 0.000000 0.500002 0.000000 0.000000 0.000000 0.000000 0.000000 0.000000 0.000000 0.000000 0.000000 0.000000 0.000000 0.000000 0.000000 0.000000 0.000000
 0.000000 0.000000 0.000000 0.000000 0.000000 0.000000 0.000000 0.000000 0.000000 0.500000 0.000000 0.000000 0.000000 0.500000 0.000000 0.000000 0.000000 0.000000 0.000000 0.000000
 0.000000 0.000000 0.000000 0.000000 0.000000 0.000000 0.000000 0.000000 0.000000 0.000000 0.476511 0.000000 0.046723 0.000000 0.000000 0.000000 0.000000 0.000000 0.000000 0.476765
 0.000000 0.000000 0.000000 0.500000 0.000000 0.000000 0.000000 0.500000 0.000000 0.000000 0.000000 0.000000 0.000000 0.000000 0.000000 0.000000 0.000000 0.000000 0.000000 0.000000
 0.000031 0.000000 0.000000 0.000000 0.000000 0.000000 0.000000 0.000000 0.446832 0.000000 0.000000 0.000000 0.445362 0.000000 0.000000 0.000000 0.000000 0.000000 0.000000 0.107776
 0.277761 0.000000 0.000000 0.000000 0.000000 0.000000 0.000000 0.000000 0.000000 0.000000 0.000000 0.000000 0.000000 0.000000 0.000000 0.000000 0.360219 0.000000 0.362020 0.000000
 0.365974 0.000000 0.000000 0.000000 0.000000 0.000000 0.000000 0.000000 0.036064 0.000000 0.366592 0.000000 0.000000 0.000000 0.000000 0.231370 0.000000 0.000000 0.000000 0.000000
 0.000000 0.000000 0.000000 0.000000 0.000000 0.000000 0.000000 0.500000 0.000000 0.000000 0.000000 0.000000 0.000000 0.000000 0.000000 0.000000 0.500000 0.000000 0.000000 0.000000
 0.000003 0.000000 0.000000 0.000000 0.000000 0.499964 0.000000 0.000000 0.000000 0.000000 0.000000 0.000000 0.000000 0.000000 0.000000 0.500033 0.000000 0.000000 0.000000 0.000000
 0.301241 0.000000 0.000000 0.000000 0.000000 0.000000 0.000000 0.000000 0.000000 0.000000 0.000000 0.000000 0.269737 0.000000 0.429022 0.000000 0.000000 0.000000 0.000000 0.000000
 0.049106 0.000000 0.000000 0.000000 0.000000 0.000000 0.000000 0.000000 0.000000 0.000000 0.000000 0.473534 0.000000 0.477344 0.000000 0.000000 0.000000 0.000000 0.000016 0.000000
 0.000000 0.500097 0.000000 0.000000 0.000000 0.000000 0.000000 0.000000 0.000000 0.000000 0.000000 0.000000 0.000000 0.000000 0.000000 0.000000 0.000000 0.000000 0.000000 0.499902
 0.039933 0.000000 0.000000 0.000000 0.000000 0.480743 0.000000 0.000000 0.000000 0.000000 0.000000 0.479308 0.000000 0.000000 0.000000 0.000000 0.000016 0.000000 0.000000 0.000000
 0.000000 0.000000 0.000000 0.000000 0.000000 0.000000 0.000000 0.000000 0.446293 0.000000 0.107588 0.000000 0.000000 0.000000 0.000000 0.000000 0.000000 0.446119 0.000000 0.000000
the mean of prob-rank is 1.736842105263158
the number of false negetive edges is 0
the number of probability greater than 0 is 3.0/edge
