20
 0.000000 0.000000 0.000000 0.499999 0.499999 0.000000 0.000000 0.000000 0.000000 0.000000 0.000000 0.000000 0.000000 0.000001 0.000000 0.000000 0.000000 0.000000 0.000000 0.000000
 0.000000 0.000000 0.000000 0.000000 0.000000 0.407316 0.000000 0.000000 0.000000 0.000000 0.000000 0.000000 0.000000 0.000000 0.000000 0.000000 0.190193 0.000000 0.402491 0.000000
 0.000000 0.000000 0.000000 0.000000 0.000000 0.000070 0.000000 0.000000 0.000000 0.000066 0.000000 0.000000 0.000000 0.000000 0.000000 0.000000 0.000000 0.000000 0.499956 0.499908
 0.500000 0.000000 0.000000 0.000000 0.000001 0.000000 0.000000 0.000000 0.000000 0.000000 0.000000 0.000000 0.000000 0.500000 0.000000 0.000000 0.000000 0.000000 0.000000 0.000000
 0.500000 0.000000 0.000000 0.000001 0.000000 0.000000 0.000000 0.000000 0.000000 0.000000 0.000000 0.500000 0.000000 0.000000 0.000000 0.000000 0.000000 0.000000 0.000000 0.000000
 0.000000 0.397088 0.000055 0.000000 0.000000 0.000000 0.000000 0.000000 0.000000 0.397085 0.000000 0.000000 0.000000 0.000000 0.000000 0.000000 0.000253 0.000000 0.205520 0.000000
 0.000000 0.000000 0.000000 0.000000 0.000000 0.000000 0.000000 0.065032 0.000000 0.000000 0.000000 0.000000 0.000000 0.000000 0.007760 0.000000 0.000000 0.463538 0.000000 0.463670
 0.000000 0.000000 0.000000 0.000000 0.000000 0.000000 0.064894 0.000000 0.000000 0.007738 0.000000 0.462510 0.000000 0.000000 0.462682 0.000000 0.000000 0.002177 0.000000 0.000000
 0.000000 0.000000 0.000000 0.000000 0.000000 0.000000 0.000000 0.000000 0.000000 0.000000 0.000000 0.000000 0.500000 0.000000 0.000000 0.500000 0.000000 0.000000 0.000000 0.000000
 0.000000 0.000000 0.000053 0.000000 0.000000 0.404363 0.000000 0.006762 0.000000 0.000000 0.000000 0.000000 0.000020 0.000000 0.000000 0.000000 0.403005 0.000000 0.170606 0.015191
 0.000000 0.000000 0.000000 0.000000 0.000000 0.000000 0.000000 0.000000 0.000000 0.000000 0.000000 0.000000 0.000000 0.499998 0.000000 0.499995 0.000007 0.000000 0.000000 0.000000
 0.000000 0.000000 0.000000 0.000000 0.490251 0.000000 0.000000 0.490069 0.000000 0.000000 0.000000 0.000000 0.000000 0.000000 0.007194 0.000000 0.000000 0.012485 0.000000 0.000000
 0.000000 0.000000 0.000000 0.000000 0.000000 0.000000 0.000000 0.000000 0.499988 0.000024 0.000000 0.000000 0.000000 0.000000 0.000000 0.000000 0.499988 0.000000 0.000000 0.000000
 0.000001 0.000000 0.000000 0.499999 0.000000 0.000000 0.000000 0.000000 0.000000 0.000000 0.499999 0.000000 0.000000 0.000000 0.000000 0.000000 0.000000 0.000000 0.000000 0.000000
 0.000000 0.000000 0.000000 0.000000 0.000000 0.000000 0.008239 0.492289 0.000000 0.000000 0.000000 0.007224 0.000000 0.000000 0.000000 0.000000 0.000000 0.492247 0.000000 0.000000
 0.000000 0.000000 0.000000 0.000000 0.000000 0.000000 0.000000 0.000000 0.500001 0.000000 0.499999 0.000000 0.000000 0.000000 0.000000 0.000000 0.000000 0.000000 0.000000 0.000000
 0.000000 0.189488 0.000000 0.000000 0.000000 0.000258 0.000000 0.000000 0.000000 0.404441 0.000005 0.000000 0.405808 0.000000 0.000000 0.000000 0.000000 0.000000 0.000000 0.000000
 0.000000 0.000000 0.000000 0.000000 0.000000 0.000000 0.492519 0.002318 0.000000 0.000000 0.000000 0.012547 0.000000 0.000000 0.492616 0.000000 0.000000 0.000000 0.000000 0.000000
 0.000000 0.337527 0.341574 0.000000 0.000000 0.176787 0.000000 0.000000 0.000000 0.144113 0.000000 0.000000 0.000000 0.000000 0.000000 0.000000 0.000000 0.000000 0.000000 0.000000
 0.000000 0.000000 0.490757 0.000000 0.000000 0.000000 0.490804 0.000000 0.000000 0.018439 0.000000 0.000000 0.000000 0.000000 0.000000 0.000000 0.000000 0.000000 0.000000 0.000000
the mean of prob-rank is 1.5789473684210527
the number of false negetive edges is 0
the number of probability greater than 0 is 3.6/edge
