20
 0.000000 0.000000 0.000000 0.000000 0.500004 0.000000 0.000000 0.000000 0.000000 0.000000 0.000000 0.000000 0.000000 0.000000 0.000002 0.000000 0.000008 0.499984 0.000000 0.000002
 0.000000 0.000000 0.000000 0.000000 0.000000 0.296689 0.000000 0.000000 0.000000 0.000000 0.000000 0.000249 0.000000 0.000000 0.000000 0.334885 0.000000 0.000000 0.368177 0.000000
 0.000000 0.000000 0.000000 0.000000 0.351177 0.000000 0.094619 0.000000 0.000000 0.000000 0.000000 0.000000 0.355315 0.113523 0.000000 0.000000 0.016680 0.000000 0.000000 0.068686
 0.000000 0.000000 0.000000 0.000000 0.000000 0.000006 0.000000 0.074373 0.000000 0.000000 0.456692 0.002360 0.465490 0.000000 0.000002 0.001077 0.000000 0.000000 0.000000 0.000000
 0.423896 0.000000 0.418880 0.000000 0.000000 0.000000 0.000000 0.000000 0.000000 0.000000 0.000000 0.000000 0.000003 0.000000 0.156393 0.000000 0.000823 0.000004 0.000000 0.000000
 0.000000 0.228997 0.000000 0.000004 0.000000 0.000000 0.000000 0.000157 0.280818 0.000000 0.000000 0.000000 0.000000 0.000000 0.000000 0.216316 0.000000 0.000000 0.273708 0.000000
 0.000000 0.000000 0.088952 0.000000 0.000000 0.000000 0.000000 0.252593 0.000000 0.324359 0.000000 0.000000 0.000000 0.334096 0.000000 0.000000 0.000000 0.000000 0.000000 0.000000
 0.000000 0.000000 0.000000 0.051379 0.000000 0.000178 0.243163 0.000000 0.308180 0.321509 0.000000 0.000000 0.075592 0.000000 0.000000 0.000000 0.000000 0.000000 0.000000 0.000000
 0.000000 0.000000 0.000000 0.000000 0.000000 0.285517 0.000000 0.276860 0.000000 0.258279 0.000000 0.000000 0.000000 0.000000 0.000000 0.000000 0.000000 0.000000 0.179343 0.000000
 0.000000 0.000000 0.000000 0.000000 0.000000 0.000000 0.306855 0.315953 0.282529 0.000000 0.000000 0.000000 0.000000 0.000000 0.000000 0.000000 0.000000 0.000000 0.094664 0.000000
 0.000000 0.000000 0.000000 0.370972 0.000000 0.000000 0.000000 0.000000 0.000000 0.000000 0.000000 0.250847 0.000000 0.000000 0.378181 0.000000 0.000000 0.000000 0.000000 0.000000
 0.000000 0.000255 0.000000 0.001906 0.000000 0.000000 0.000000 0.000000 0.000000 0.000000 0.249462 0.000000 0.000000 0.000000 0.372288 0.376088 0.000000 0.000000 0.000000 0.000000
 0.000000 0.000000 0.447406 0.447416 0.000003 0.000000 0.000000 0.105174 0.000000 0.000000 0.000000 0.000000 0.000000 0.000000 0.000000 0.000000 0.000000 0.000000 0.000000 0.000000
 0.000000 0.000000 0.137953 0.000000 0.000000 0.000000 0.431859 0.000000 0.000000 0.000000 0.000000 0.000000 0.000000 0.000000 0.000000 0.000000 0.000000 0.000000 0.000000 0.430188
 0.000001 0.000000 0.000000 0.000002 0.156409 0.000000 0.000000 0.000000 0.000000 0.000000 0.423938 0.419650 0.000000 0.000000 0.000000 0.000000 0.000000 0.000000 0.000000 0.000000
 0.000000 0.340268 0.000000 0.000866 0.000000 0.284765 0.000000 0.000000 0.000000 0.000000 0.000000 0.374101 0.000000 0.000000 0.000000 0.000000 0.000000 0.000000 0.000000 0.000000
 0.000008 0.000000 0.022911 0.000000 0.000948 0.000000 0.000000 0.000000 0.000000 0.000000 0.000000 0.000000 0.000000 0.000000 0.000000 0.000000 0.000000 0.488100 0.000000 0.488033
 0.500009 0.000000 0.000000 0.000000 0.000005 0.000000 0.000000 0.000000 0.000000 0.000000 0.000000 0.000000 0.000000 0.000000 0.000000 0.000000 0.499985 0.000000 0.000000 0.000001
 0.000000 0.346813 0.000000 0.000000 0.000000 0.334040 0.000000 0.000000 0.215272 0.103875 0.000000 0.000000 0.000000 0.000000 0.000000 0.000000 0.000000 0.000000 0.000000 0.000000
 0.000002 0.000000 0.088286 0.000000 0.000000 0.000000 0.000000 0.000000 0.000000 0.000000 0.000000 0.000000 0.000000 0.455023 0.000000 0.000000 0.456688 0.000001 0.000000 0.000000
the mean of prob-rank is 1.631578947368421
the number of false negetive edges is 0
the number of probability greater than 0 is 4.6/edge
