20
 0.000000 0.012212 0.000000 0.000000 0.000000 0.018643 0.000000 0.484545 0.000000 0.000000 0.000000 0.000000 0.000000 0.000000 0.000000 0.000000 0.000000 0.484600 0.000000 0.000000
 0.009032 0.000000 0.000000 0.000000 0.000000 0.000000 0.336799 0.090084 0.000000 0.355593 0.000000 0.204612 0.000000 0.000000 0.000000 0.000000 0.000000 0.003879 0.000000 0.000000
 0.000000 0.000000 0.000000 0.000000 0.000000 0.000000 0.000000 0.000000 0.000000 0.000000 0.000000 0.000000 0.000000 0.000000 0.500000 0.000000 0.000000 0.000000 0.000000 0.500000
 0.000000 0.000000 0.000000 0.000000 0.000000 0.000000 0.214097 0.000000 0.000000 0.000000 0.000000 0.000000 0.180582 0.299366 0.000000 0.000000 0.000000 0.000000 0.305955 0.000000
 0.000000 0.000000 0.000000 0.000000 0.000000 0.000000 0.000000 0.000000 0.500000 0.000000 0.000000 0.000000 0.000000 0.000000 0.500000 0.000000 0.000000 0.000000 0.000000 0.000000
 0.018873 0.000000 0.000000 0.000000 0.000000 0.000000 0.000000 0.000000 0.000000 0.000000 0.490569 0.000000 0.000000 0.000000 0.000000 0.000000 0.000000 0.490558 0.000000 0.000000
 0.000000 0.283052 0.000000 0.210794 0.000000 0.000000 0.000000 0.292228 0.000000 0.000000 0.000000 0.000000 0.211453 0.000000 0.000000 0.000000 0.002473 0.000000 0.000000 0.000000
 0.450130 0.113142 0.000000 0.000000 0.000000 0.000000 0.436720 0.000000 0.000000 0.000000 0.000000 0.000000 0.000008 0.000000 0.000000 0.000000 0.000000 0.000000 0.000000 0.000000
 0.000000 0.000000 0.000000 0.000000 0.500000 0.000000 0.000000 0.000000 0.000000 0.000000 0.500000 0.000000 0.000000 0.000000 0.000000 0.000000 0.000000 0.000000 0.000000 0.000000
 0.000000 0.381596 0.000000 0.000000 0.000000 0.000000 0.000000 0.000000 0.000000 0.000000 0.000000 0.384646 0.000000 0.000000 0.000000 0.233738 0.000020 0.000000 0.000000 0.000000
 0.000000 0.000000 0.000000 0.000000 0.000000 0.500000 0.000000 0.000000 0.500000 0.000000 0.000000 0.000000 0.000000 0.000000 0.000000 0.000000 0.000000 0.000000 0.000000 0.000000
 0.000000 0.212498 0.000000 0.000000 0.000000 0.000000 0.000000 0.000000 0.000000 0.372249 0.000000 0.000000 0.000000 0.000000 0.000000 0.045734 0.369520 0.000000 0.000000 0.000000
 0.000000 0.000000 0.000000 0.180588 0.000000 0.000000 0.214773 0.000005 0.000000 0.000000 0.000000 0.000000 0.000000 0.305966 0.000000 0.000000 0.000000 0.000000 0.000000 0.298668
 0.000000 0.000000 0.000000 0.346851 0.000000 0.000000 0.000000 0.000000 0.000000 0.000000 0.000000 0.000000 0.354486 0.000000 0.000289 0.000000 0.000000 0.000000 0.000000 0.298375
 0.000000 0.000000 0.499797 0.000000 0.499797 0.000000 0.000000 0.000000 0.000000 0.000000 0.000000 0.000000 0.000000 0.000407 0.000000 0.000000 0.000000 0.000000 0.000000 0.000000
 0.000000 0.000000 0.000000 0.000000 0.000000 0.000000 0.000000 0.000000 0.000000 0.224552 0.000000 0.045400 0.000000 0.000000 0.000000 0.000000 0.369529 0.000000 0.360519 0.000000
 0.000000 0.000000 0.000000 0.000000 0.000000 0.000000 0.003653 0.000000 0.000000 0.000023 0.000000 0.441800 0.000000 0.000000 0.000000 0.445063 0.000000 0.000000 0.109460 0.000000
 0.497314 0.005382 0.000000 0.000000 0.000000 0.497304 0.000000 0.000000 0.000000 0.000000 0.000000 0.000000 0.000000 0.000000 0.000000 0.000000 0.000000 0.000000 0.000000 0.000000
 0.000000 0.000000 0.000000 0.450134 0.000000 0.000000 0.000000 0.000000 0.000000 0.000000 0.000000 0.000000 0.000000 0.000000 0.000000 0.439159 0.110707 0.000000 0.000000 0.000000
 0.000000 0.000000 0.354879 0.000000 0.000000 0.000000 0.000000 0.000000 0.000000 0.000000 0.000000 0.000000 0.346414 0.298706 0.000000 0.000000 0.000000 0.000000 0.000000 0.000000
the mean of prob-rank is 1.5789473684210527
the number of false negetive edges is 0
the number of probability greater than 0 is 3.6/edge
