20
 0.000000 0.000000 0.000000 0.000000 0.011314 0.000000 0.000000 0.192634 0.239649 0.262884 0.000000 0.019935 0.000000 0.000000 0.000000 0.000000 0.196977 0.000000 0.076608 0.000000
 0.000000 0.000000 0.000000 0.000000 0.000000 0.266078 0.012941 0.000000 0.000000 0.000000 0.000000 0.135671 0.000000 0.000864 0.305032 0.279413 0.000000 0.000000 0.000000 0.000000
 0.000000 0.000000 0.000000 0.501350 0.000000 0.000000 0.000000 0.000000 0.000000 0.000000 0.000000 0.000000 0.000000 0.000000 0.000000 0.000000 0.000000 0.000000 0.498650 0.000000
 0.000000 0.000000 0.500000 0.000000 0.000000 0.000000 0.000000 0.000000 0.000000 0.000000 0.000000 0.000000 0.500000 0.000000 0.000000 0.000000 0.000000 0.000000 0.000000 0.000000
 0.020824 0.000000 0.000000 0.000000 0.000000 0.000000 0.000000 0.000000 0.489583 0.000000 0.000000 0.000000 0.000000 0.000000 0.000000 0.000000 0.000281 0.000000 0.489312 0.000000
 0.000000 0.307034 0.000000 0.000000 0.000000 0.000000 0.000000 0.000000 0.000000 0.000000 0.000000 0.000000 0.336726 0.000000 0.000000 0.351995 0.000000 0.004245 0.000000 0.000000
 0.000000 0.020777 0.000000 0.000000 0.000000 0.000000 0.000000 0.000000 0.000000 0.000000 0.000000 0.000000 0.000000 0.489779 0.489441 0.000002 0.000000 0.000000 0.000000 0.000000
 0.211409 0.000000 0.000000 0.000000 0.000000 0.000000 0.000000 0.000000 0.000007 0.291524 0.134444 0.070159 0.000000 0.000000 0.000000 0.000000 0.277689 0.000000 0.000012 0.014756
 0.289832 0.000000 0.000000 0.000000 0.321681 0.000000 0.000000 0.000008 0.000000 0.000000 0.000000 0.000000 0.000000 0.000000 0.000000 0.000000 0.126720 0.261271 0.000487 0.000000
 0.395966 0.000000 0.000000 0.000000 0.000000 0.000000 0.000000 0.400108 0.000000 0.000000 0.000000 0.010723 0.000000 0.000000 0.000000 0.000000 0.193202 0.000000 0.000000 0.000000
 0.000000 0.000000 0.000000 0.000000 0.000000 0.000000 0.000000 0.188942 0.000000 0.000000 0.000000 0.400825 0.000000 0.000000 0.000000 0.000000 0.000000 0.000000 0.000000 0.410233
 0.024579 0.145845 0.000000 0.000000 0.000000 0.000000 0.000000 0.078820 0.000000 0.008777 0.320420 0.000000 0.000000 0.017777 0.000000 0.000000 0.080758 0.323024 0.000000 0.000000
 0.000000 0.000000 0.000000 0.395894 0.000000 0.378694 0.000000 0.000000 0.000000 0.000000 0.000000 0.000000 0.000000 0.000000 0.000000 0.225412 0.000000 0.000000 0.000000 0.000000
 0.000000 0.001376 0.000000 0.000000 0.000000 0.000000 0.486087 0.000000 0.000000 0.000000 0.000000 0.026349 0.000000 0.000000 0.000113 0.000000 0.000000 0.000000 0.000000 0.486075
 0.000000 0.497004 0.000000 0.000000 0.000000 0.000000 0.496712 0.000000 0.000000 0.000000 0.000000 0.000000 0.000000 0.000115 0.000000 0.006168 0.000000 0.000000 0.000000 0.000000
 0.000000 0.366714 0.000000 0.000000 0.000000 0.400350 0.000002 0.000000 0.000000 0.000000 0.000000 0.000000 0.227965 0.000000 0.004969 0.000000 0.000000 0.000000 0.000000 0.000000
 0.195114 0.000000 0.000000 0.000000 0.000151 0.000000 0.000000 0.250635 0.103788 0.127055 0.000000 0.064881 0.000000 0.000000 0.000000 0.000000 0.000000 0.258375 0.000000 0.000000
 0.000000 0.000000 0.000000 0.000000 0.000000 0.004322 0.000000 0.000000 0.291119 0.000000 0.000000 0.353056 0.000000 0.000000 0.000000 0.000000 0.351503 0.000000 0.000000 0.000000
 0.126122 0.000000 0.435540 0.000000 0.437656 0.000000 0.000000 0.000019 0.000663 0.000000 0.000000 0.000000 0.000000 0.000000 0.000000 0.000000 0.000000 0.000000 0.000000 0.000000
 0.000000 0.000000 0.000000 0.000000 0.000000 0.000000 0.000000 0.024652 0.000000 0.000000 0.487680 0.000000 0.000000 0.487668 0.000000 0.000000 0.000000 0.000000 0.000000 0.000000
the mean of prob-rank is 1.9473684210526316
the number of false negetive edges is 0
the number of probability greater than 0 is 4.7/edge
