20
 0.000000 0.000000 0.000000 0.000000 0.000000 0.000000 0.000000 0.000000 0.000000 0.000000 0.000000 0.499991 0.000000 0.000000 0.500009 0.000000 0.000000 0.000000 0.000000 0.000000
 0.000000 0.000000 0.000000 0.000000 0.000000 0.000000 0.000000 0.000000 0.000000 0.500000 0.000000 0.000000 0.000000 0.000000 0.500000 0.000000 0.000000 0.000000 0.000000 0.000000
 0.000000 0.000000 0.000000 0.000000 0.000000 0.000000 0.000000 0.000000 0.019278 0.000000 0.000000 0.000000 0.468543 0.000005 0.000000 0.000000 0.000000 0.468460 0.039628 0.004087
 0.000000 0.000000 0.000000 0.000000 0.000000 0.143523 0.000000 0.000000 0.000000 0.000000 0.000000 0.000000 0.000000 0.000000 0.000000 0.425680 0.000000 0.000000 0.000000 0.430797
 0.000000 0.000000 0.000000 0.000000 0.000000 0.000000 0.000000 0.000000 0.000000 0.000000 0.423696 0.425368 0.000000 0.000000 0.000000 0.150936 0.000000 0.000000 0.000000 0.000000
 0.000000 0.000000 0.000000 0.142085 0.000000 0.000000 0.000017 0.426429 0.000000 0.000000 0.006660 0.000000 0.000000 0.000000 0.000000 0.000000 0.000000 0.000000 0.424809 0.000000
 0.000000 0.000000 0.000000 0.000000 0.000000 0.000019 0.000000 0.492122 0.492121 0.000000 0.000000 0.000000 0.000000 0.000000 0.000000 0.000000 0.000000 0.000000 0.015737 0.000000
 0.000000 0.000000 0.000000 0.000000 0.000000 0.485151 0.485173 0.000000 0.002376 0.000000 0.027224 0.000000 0.000000 0.000000 0.000000 0.000000 0.000000 0.000000 0.000076 0.000000
 0.000000 0.000000 0.019709 0.000000 0.000000 0.000000 0.478990 0.002345 0.000000 0.000000 0.000000 0.000000 0.000000 0.000000 0.000000 0.000000 0.000000 0.479027 0.019929 0.000000
 0.000000 0.500022 0.000000 0.000000 0.000000 0.000000 0.000000 0.000000 0.000000 0.000000 0.000000 0.000000 0.000000 0.000000 0.000000 0.000000 0.499978 0.000000 0.000000 0.000000
 0.000000 0.000000 0.000000 0.000000 0.481820 0.007559 0.000000 0.027159 0.000000 0.000000 0.000000 0.000000 0.000000 0.000000 0.000000 0.483461 0.000000 0.000000 0.000000 0.000000
 0.471681 0.000000 0.000000 0.000000 0.471384 0.000000 0.000000 0.000000 0.000000 0.000000 0.000000 0.000000 0.000000 0.000000 0.000000 0.056935 0.000000 0.000000 0.000000 0.000000
 0.000000 0.000000 0.500012 0.000000 0.000000 0.000000 0.000000 0.000000 0.000000 0.000000 0.000000 0.000000 0.000000 0.499988 0.000000 0.000000 0.000000 0.000000 0.000000 0.000000
 0.000000 0.000000 0.000006 0.000000 0.000000 0.000000 0.000000 0.000000 0.000000 0.000000 0.000000 0.000000 0.499985 0.000000 0.000000 0.000000 0.500009 0.000000 0.000000 0.000000
 0.500000 0.500000 0.000000 0.000000 0.000000 0.000000 0.000000 0.000000 0.000000 0.000000 0.000000 0.000000 0.000000 0.000000 0.000000 0.000000 0.000000 0.000000 0.000000 0.000000
 0.000000 0.000000 0.000000 0.401313 0.144016 0.000000 0.000000 0.000000 0.000000 0.000000 0.405649 0.049022 0.000000 0.000000 0.000000 0.000000 0.000000 0.000000 0.000000 0.000000
 0.000000 0.000000 0.000000 0.000000 0.000000 0.000000 0.000000 0.000000 0.000000 0.499978 0.000000 0.000000 0.000000 0.500022 0.000000 0.000000 0.000000 0.000000 0.000000 0.000000
 0.000000 0.000000 0.499955 0.000000 0.000000 0.000000 0.000000 0.000000 0.500044 0.000000 0.000000 0.000000 0.000000 0.000000 0.000000 0.000000 0.000000 0.000000 0.000000 0.000000
 0.000000 0.000000 0.039258 0.000000 0.000000 0.462348 0.014842 0.000073 0.019311 0.000000 0.000000 0.000000 0.000000 0.000000 0.000000 0.000000 0.000000 0.000000 0.000000 0.464168
 0.000000 0.000000 0.004342 0.497830 0.000000 0.000000 0.000000 0.000000 0.000000 0.000000 0.000000 0.000000 0.000000 0.000000 0.000000 0.000000 0.000000 0.000000 0.497828 0.000000
the mean of prob-rank is 1.5263157894736843
the number of false negetive edges is 0
the number of probability greater than 0 is 3.4/edge
