20
 0.000000 0.337751 0.000000 0.000000 0.000000 0.316013 0.000000 0.000000 0.000000 0.000000 0.000000 0.000000 0.000000 0.038682 0.000000 0.000000 0.307554 0.000000 0.000000 0.000000
 0.415427 0.000000 0.000000 0.000000 0.000000 0.000000 0.000000 0.000000 0.000000 0.000000 0.000000 0.000000 0.000000 0.418235 0.000000 0.000000 0.118126 0.048212 0.000000 0.000000
 0.000000 0.000000 0.000000 0.000000 0.000000 0.004948 0.000000 0.102707 0.000000 0.000000 0.000000 0.444988 0.000000 0.000000 0.000000 0.447357 0.000000 0.000000 0.000000 0.000000
 0.000000 0.000000 0.000000 0.000000 0.282283 0.000000 0.000000 0.000000 0.361529 0.356105 0.000000 0.000000 0.000000 0.000000 0.000084 0.000000 0.000000 0.000000 0.000000 0.000000
 0.000000 0.000000 0.000000 0.282256 0.000000 0.000000 0.000000 0.356820 0.000024 0.000000 0.000000 0.000000 0.000000 0.000000 0.360900 0.000000 0.000000 0.000000 0.000000 0.000000
 0.345426 0.000000 0.004102 0.000000 0.000000 0.000000 0.000000 0.000000 0.000000 0.000000 0.000000 0.000000 0.000000 0.000000 0.000000 0.013354 0.370462 0.266657 0.000000 0.000000
 0.000000 0.000000 0.000000 0.000000 0.000000 0.000000 0.000000 0.000000 0.000000 0.000000 0.000000 0.000000 0.499955 0.000000 0.000000 0.000000 0.000000 0.000000 0.500045 0.000000
 0.000000 0.000000 0.103349 0.000000 0.445409 0.000000 0.000000 0.000000 0.000000 0.000000 0.000000 0.451242 0.000000 0.000000 0.000000 0.000000 0.000000 0.000000 0.000000 0.000000
 0.000000 0.000000 0.000000 0.443958 0.000029 0.000000 0.000000 0.000000 0.000000 0.113487 0.000000 0.000000 0.000000 0.000000 0.442525 0.000000 0.000000 0.000000 0.000000 0.000000
 0.000000 0.000000 0.000000 0.439609 0.000000 0.000000 0.000000 0.000000 0.114087 0.000000 0.000000 0.000000 0.000000 0.000000 0.000000 0.000000 0.000000 0.000000 0.000000 0.446304
 0.000000 0.000000 0.000000 0.000000 0.000000 0.000000 0.000000 0.000000 0.000000 0.000000 0.000000 0.000000 0.000000 0.000000 0.000000 0.000000 0.000000 0.000000 0.500000 0.500000
 0.000000 0.000000 0.382344 0.000000 0.000000 0.000000 0.000000 0.385311 0.000000 0.000000 0.000000 0.000000 0.000000 0.000000 0.229325 0.003020 0.000000 0.000000 0.000000 0.000000
 0.000000 0.000000 0.000000 0.000000 0.000000 0.000000 0.499955 0.000000 0.000000 0.000000 0.000000 0.000000 0.000000 0.500045 0.000000 0.000000 0.000000 0.000000 0.000000 0.000000
 0.053816 0.473066 0.000000 0.000000 0.000000 0.000000 0.000000 0.000000 0.000000 0.000000 0.000000 0.000000 0.473118 0.000000 0.000000 0.000000 0.000000 0.000000 0.000000 0.000000
 0.000000 0.000000 0.000000 0.000089 0.385387 0.000000 0.000000 0.000000 0.384776 0.000000 0.000000 0.229748 0.000000 0.000000 0.000000 0.000000 0.000000 0.000000 0.000000 0.000000
 0.000000 0.000000 0.488748 0.000000 0.000000 0.017600 0.000000 0.000000 0.000000 0.000000 0.000000 0.003840 0.000000 0.000000 0.000000 0.000000 0.000000 0.489812 0.000000 0.000000
 0.285226 0.089067 0.000000 0.000000 0.000000 0.314313 0.000000 0.000000 0.000000 0.000000 0.000000 0.000000 0.000000 0.000000 0.000000 0.000000 0.000000 0.311394 0.000000 0.000000
 0.000000 0.040877 0.000000 0.000000 0.000000 0.254405 0.000000 0.000000 0.000000 0.000000 0.000000 0.000000 0.000000 0.000000 0.000000 0.354558 0.350160 0.000000 0.000000 0.000000
 0.000000 0.000000 0.000000 0.000000 0.000000 0.000000 0.500000 0.000000 0.000000 0.000000 0.500000 0.000000 0.000000 0.000000 0.000000 0.000000 0.000000 0.000000 0.000000 0.000000
 0.000000 0.000000 0.000000 0.000000 0.000000 0.000000 0.000000 0.000000 0.000000 0.500000 0.500000 0.000000 0.000000 0.000000 0.000000 0.000000 0.000000 0.000000 0.000000 0.000000
the mean of prob-rank is 1.5263157894736843
the number of false negetive edges is 0
the number of probability greater than 0 is 3.4/edge
