20
 0.000000 0.000000 0.000000 0.000000 0.000000 0.000000 0.274335 0.358088 0.353362 0.000000 0.000000 0.000000 0.000000 0.000000 0.000000 0.000000 0.014214 0.000000 0.000001 0.000000
 0.000000 0.000000 0.000000 0.000710 0.000000 0.499626 0.000000 0.000000 0.000041 0.000000 0.499623 0.000000 0.000000 0.000000 0.000000 0.000000 0.000000 0.000000 0.000000 0.000000
 0.000000 0.000000 0.000000 0.000000 0.000000 0.000000 0.000000 0.000000 0.000000 0.000000 0.355810 0.000000 0.000000 0.000000 0.000000 0.000000 0.315080 0.000000 0.329110 0.000000
 0.000000 0.000566 0.000000 0.000000 0.000000 0.000000 0.000000 0.000000 0.000000 0.000000 0.000000 0.388434 0.000000 0.000000 0.000000 0.398146 0.000000 0.000000 0.000000 0.212854
 0.000000 0.000000 0.000000 0.000000 0.000000 0.000000 0.000000 0.000000 0.000000 0.000000 0.000000 0.000000 0.500000 0.000000 0.000000 0.000000 0.000000 0.500000 0.000000 0.000000
 0.000000 0.500000 0.000000 0.000000 0.000000 0.000000 0.000000 0.000000 0.000000 0.000000 0.000000 0.500000 0.000000 0.000000 0.000000 0.000000 0.000000 0.000000 0.000000 0.000000
 0.282353 0.000000 0.000000 0.000000 0.000000 0.000000 0.000000 0.000000 0.000000 0.349090 0.000000 0.000000 0.000000 0.000000 0.368556 0.000000 0.000000 0.000000 0.000000 0.000000
 0.390783 0.000000 0.000000 0.000000 0.000000 0.000000 0.000000 0.000000 0.088398 0.000000 0.000000 0.000000 0.000000 0.000000 0.000000 0.000000 0.130535 0.000000 0.390284 0.000000
 0.445886 0.000037 0.000000 0.000000 0.000000 0.000000 0.000000 0.102212 0.000000 0.000000 0.000000 0.000016 0.000000 0.000000 0.000000 0.000000 0.451849 0.000000 0.000000 0.000000
 0.000000 0.000000 0.000000 0.000000 0.000000 0.000000 0.335615 0.000000 0.000000 0.000000 0.000000 0.000000 0.000000 0.354328 0.310057 0.000000 0.000000 0.000000 0.000000 0.000000
 0.000000 0.499272 0.499275 0.000000 0.000000 0.000000 0.000000 0.000000 0.000000 0.000000 0.000000 0.000000 0.000000 0.000000 0.000000 0.000000 0.001453 0.000000 0.000000 0.000000
 0.000000 0.000000 0.000000 0.365001 0.000000 0.374141 0.000000 0.000000 0.000013 0.000000 0.000000 0.000000 0.000000 0.000000 0.000000 0.260845 0.000000 0.000000 0.000000 0.000000
 0.000000 0.000000 0.000000 0.000000 0.500011 0.000000 0.000000 0.000000 0.000000 0.000000 0.000000 0.000000 0.000000 0.499989 0.000000 0.000000 0.000000 0.000000 0.000000 0.000000
 0.000000 0.000000 0.000000 0.000000 0.000000 0.000000 0.000000 0.000000 0.000000 0.500009 0.000000 0.000000 0.499991 0.000000 0.000000 0.000000 0.000000 0.000000 0.000000 0.000000
 0.000000 0.000000 0.000000 0.000000 0.000000 0.000000 0.361222 0.000000 0.000000 0.316088 0.000000 0.000000 0.000000 0.000000 0.000000 0.000000 0.000000 0.000000 0.322690 0.000000
 0.000000 0.000000 0.000000 0.379108 0.000000 0.000000 0.000000 0.000000 0.000000 0.000000 0.000000 0.264318 0.000000 0.000000 0.000000 0.000000 0.000000 0.000004 0.000000 0.356570
 0.017547 0.000000 0.391454 0.000000 0.000000 0.000000 0.000000 0.147661 0.442051 0.000000 0.001287 0.000000 0.000000 0.000000 0.000000 0.000000 0.000000 0.000000 0.000000 0.000000
 0.000000 0.000000 0.000000 0.000000 0.499998 0.000000 0.000000 0.000000 0.000000 0.000000 0.000000 0.000000 0.000000 0.000000 0.000000 0.000005 0.000000 0.000000 0.000000 0.499996
 0.000001 0.000000 0.328350 0.000000 0.000000 0.000000 0.000000 0.354531 0.000000 0.000000 0.000000 0.000000 0.000000 0.000000 0.317119 0.000000 0.000000 0.000000 0.000000 0.000000
 0.000000 0.000000 0.000000 0.215988 0.000000 0.000000 0.000000 0.000000 0.000000 0.000000 0.000000 0.000000 0.000000 0.000000 0.000000 0.379991 0.000000 0.404021 0.000000 0.000000
the mean of prob-rank is 1.6842105263157894
the number of false negetive edges is 0
the number of probability greater than 0 is 3.3/edge
