20
 0.000000 0.000000 0.000000 0.000000 0.000000 0.000000 0.000000 0.000000 0.062467 0.135318 0.269925 0.000000 0.000000 0.000000 0.211477 0.000000 0.000000 0.000000 0.320814 0.000000
 0.000000 0.000000 0.414464 0.000000 0.000000 0.000000 0.156812 0.000000 0.000000 0.413051 0.015674 0.000000 0.000000 0.000000 0.000000 0.000000 0.000000 0.000000 0.000000 0.000000
 0.000000 0.425146 0.000000 0.000000 0.000000 0.000000 0.096413 0.000000 0.000000 0.175837 0.000834 0.000000 0.000000 0.000000 0.000000 0.301769 0.000000 0.000000 0.000000 0.000000
 0.000000 0.000000 0.000000 0.000000 0.000000 0.000000 0.000000 0.000000 0.000105 0.000000 0.000000 0.000000 0.044712 0.000000 0.402942 0.000000 0.402320 0.149921 0.000000 0.000000
 0.000000 0.000000 0.000000 0.000000 0.000000 0.000000 0.000000 0.000000 0.000000 0.000000 0.000000 0.500000 0.000000 0.000000 0.000000 0.500000 0.000000 0.000000 0.000000 0.000000
 0.000000 0.000000 0.000000 0.000000 0.000000 0.000000 0.000000 0.355239 0.000000 0.000000 0.000000 0.000000 0.000000 0.351322 0.000000 0.000000 0.000000 0.000000 0.000000 0.293440
 0.000000 0.137513 0.082423 0.000000 0.000000 0.000000 0.000000 0.000000 0.357806 0.038691 0.000000 0.000000 0.000000 0.000000 0.000000 0.000000 0.020361 0.000000 0.363205 0.000000
 0.000000 0.000000 0.000000 0.000000 0.000000 0.500000 0.000000 0.000000 0.000000 0.000000 0.000000 0.500000 0.000000 0.000000 0.000000 0.000000 0.000000 0.000000 0.000000 0.000000
 0.087331 0.000000 0.000000 0.000117 0.000000 0.000000 0.442935 0.000000 0.000000 0.000000 0.000000 0.000000 0.000000 0.000000 0.449926 0.000000 0.000000 0.000000 0.019691 0.000000
 0.143004 0.338948 0.140665 0.000000 0.000000 0.000000 0.036206 0.000000 0.000000 0.000000 0.340073 0.000000 0.000000 0.000000 0.000000 0.000000 0.000000 0.000000 0.001104 0.000000
 0.301145 0.013578 0.000705 0.000000 0.000000 0.000000 0.000000 0.000000 0.000000 0.359013 0.000000 0.000000 0.000000 0.000000 0.000000 0.325558 0.000000 0.000000 0.000000 0.000000
 0.000000 0.000000 0.000000 0.000000 0.500000 0.000000 0.000000 0.500000 0.000000 0.000000 0.000000 0.000000 0.000000 0.000000 0.000000 0.000000 0.000000 0.000000 0.000000 0.000000
 0.000000 0.000000 0.000000 0.037395 0.000000 0.000000 0.000000 0.000000 0.000000 0.000000 0.000000 0.000000 0.000000 0.323798 0.000000 0.000000 0.000000 0.322683 0.000000 0.316124
 0.000000 0.000000 0.000000 0.000000 0.000000 0.338080 0.000000 0.000000 0.000000 0.000000 0.000000 0.000000 0.328330 0.000000 0.000000 0.000000 0.000000 0.000000 0.000000 0.333589
 0.247339 0.000000 0.000000 0.376261 0.000000 0.000000 0.000000 0.000000 0.376400 0.000000 0.000000 0.000000 0.000000 0.000000 0.000000 0.000000 0.000000 0.000000 0.000000 0.000000
 0.000000 0.000000 0.271277 0.000000 0.382187 0.000000 0.000000 0.000000 0.000000 0.000000 0.346537 0.000000 0.000000 0.000000 0.000000 0.000000 0.000000 0.000000 0.000000 0.000000
 0.000000 0.000000 0.000000 0.485897 0.000000 0.000000 0.027273 0.000000 0.000000 0.000000 0.000000 0.000000 0.000000 0.000000 0.000000 0.000000 0.000000 0.486830 0.000000 0.000000
 0.000000 0.000000 0.000000 0.116679 0.000000 0.000000 0.000000 0.000000 0.000000 0.000000 0.000000 0.000000 0.300269 0.000000 0.000000 0.000000 0.313714 0.000000 0.000000 0.269337
 0.487894 0.000000 0.000000 0.000000 0.000000 0.000000 0.489097 0.000000 0.021420 0.001588 0.000000 0.000000 0.000000 0.000000 0.000000 0.000000 0.000000 0.000000 0.000000 0.000000
 0.000000 0.000000 0.000000 0.000000 0.000000 0.229575 0.000000 0.000000 0.000000 0.000000 0.000000 0.000000 0.260606 0.271209 0.000000 0.000000 0.000000 0.238610 0.000000 0.000000
the mean of prob-rank is 1.736842105263158
the number of false negetive edges is 0
the number of probability greater than 0 is 3.9/edge
