20
 0.000000 0.008895 0.000000 0.000000 0.480708 0.026337 0.000000 0.000000 0.000000 0.000000 0.000000 0.000000 0.000000 0.000002 0.000000 0.000000 0.000000 0.000000 0.000000 0.484058
 0.007063 0.000000 0.000000 0.000000 0.210917 0.377164 0.000000 0.000000 0.000000 0.000000 0.025827 0.000000 0.000000 0.000001 0.000000 0.000000 0.000004 0.379004 0.000019 0.000001
 0.000000 0.000000 0.000000 0.000000 0.000000 0.000000 0.000000 0.361730 0.362555 0.000000 0.275716 0.000000 0.000000 0.000000 0.000000 0.000000 0.000000 0.000000 0.000000 0.000000
 0.000000 0.000000 0.000000 0.000000 0.000000 0.347813 0.000000 0.000000 0.000000 0.000005 0.000000 0.000000 0.000000 0.000000 0.000000 0.000000 0.328291 0.323891 0.000000 0.000000
 0.312695 0.172796 0.000000 0.000000 0.000000 0.000001 0.000000 0.000000 0.000000 0.000000 0.000000 0.000000 0.000000 0.306741 0.000000 0.000000 0.000000 0.000000 0.000003 0.207763
 0.019874 0.358444 0.000000 0.365262 0.000001 0.000000 0.000000 0.000000 0.000000 0.000000 0.000000 0.000000 0.000000 0.000000 0.000000 0.000000 0.001804 0.247692 0.000000 0.006923
 0.000000 0.000000 0.000000 0.000000 0.000000 0.000000 0.000000 0.000000 0.000000 0.000000 0.319545 0.000000 0.021433 0.000000 0.330123 0.328900 0.000000 0.000000 0.000000 0.000000
 0.000000 0.000000 0.376167 0.000000 0.000000 0.000000 0.000000 0.000000 0.000215 0.000000 0.360641 0.000000 0.262978 0.000000 0.000000 0.000000 0.000000 0.000000 0.000000 0.000000
 0.000000 0.000000 0.478012 0.000000 0.000000 0.000000 0.000000 0.000272 0.000000 0.000000 0.000000 0.007127 0.000000 0.000000 0.000000 0.000000 0.000000 0.000000 0.476203 0.038386
 0.000000 0.000000 0.000000 0.000008 0.000000 0.000000 0.000000 0.000000 0.000000 0.000000 0.000000 0.000000 0.000000 0.000000 0.499996 0.000000 0.499996 0.000000 0.000000 0.000000
 0.000000 0.012494 0.141395 0.000000 0.000000 0.000000 0.178545 0.177849 0.000000 0.000000 0.000000 0.000000 0.171570 0.000000 0.134531 0.061009 0.000000 0.000000 0.122608 0.000000
 0.000000 0.000000 0.000000 0.000000 0.000000 0.000000 0.000000 0.000000 0.007400 0.000000 0.000000 0.000000 0.496265 0.000000 0.000000 0.496334 0.000000 0.000000 0.000000 0.000000
 0.000000 0.000000 0.000000 0.000000 0.000000 0.000000 0.020483 0.221813 0.000000 0.000000 0.293449 0.317964 0.000000 0.000000 0.000000 0.146291 0.000000 0.000000 0.000000 0.000000
 0.000001 0.000001 0.000000 0.000000 0.333040 0.000000 0.000000 0.000000 0.000000 0.000000 0.000000 0.000000 0.000000 0.000000 0.000000 0.000000 0.000000 0.000000 0.338839 0.328118
 0.000000 0.000000 0.000000 0.000000 0.000000 0.000000 0.361352 0.000000 0.000000 0.364238 0.263550 0.000000 0.000000 0.000000 0.000000 0.010860 0.000000 0.000000 0.000000 0.000000
 0.000000 0.000000 0.000000 0.000000 0.000000 0.000000 0.352199 0.000000 0.000000 0.000000 0.116924 0.356332 0.163921 0.000000 0.010624 0.000000 0.000000 0.000000 0.000000 0.000000
 0.000000 0.000005 0.000000 0.419866 0.000000 0.002197 0.000000 0.000000 0.000000 0.444833 0.000000 0.000000 0.000000 0.000000 0.000000 0.000000 0.000000 0.133099 0.000000 0.000000
 0.000000 0.340667 0.000000 0.321702 0.000000 0.234265 0.000000 0.000000 0.000000 0.000000 0.000000 0.000000 0.000000 0.000000 0.000000 0.000000 0.103366 0.000000 0.000000 0.000000
 0.000000 0.000019 0.000000 0.000000 0.000003 0.000000 0.000000 0.000000 0.376380 0.000000 0.249140 0.000000 0.000000 0.374459 0.000000 0.000000 0.000000 0.000000 0.000000 0.000000
 0.367801 0.000001 0.000000 0.000000 0.242686 0.006971 0.000000 0.000000 0.029536 0.000000 0.000000 0.000000 0.000000 0.353006 0.000000 0.000000 0.000000 0.000000 0.000000 0.000000
the mean of prob-rank is 1.894736842105263
the number of false negetive edges is 0
the number of probability greater than 0 is 4.85/edge
