20
 0.000000 0.000000 0.000000 0.000000 0.000000 0.498157 0.000000 0.000000 0.000000 0.000000 0.000000 0.000000 0.000000 0.000000 0.498157 0.000000 0.000000 0.000000 0.003687 0.000000
 0.000000 0.000000 0.000000 0.000000 0.000000 0.000000 0.499559 0.000878 0.000000 0.000000 0.000000 0.499552 0.000012 0.000000 0.000000 0.000000 0.000000 0.000000 0.000000 0.000000
 0.000000 0.000000 0.000000 0.500000 0.000000 0.000000 0.000000 0.000000 0.000000 0.000000 0.000000 0.000000 0.000000 0.000000 0.000000 0.500000 0.000000 0.000000 0.000000 0.000000
 0.000000 0.000000 0.500002 0.000000 0.499998 0.000000 0.000000 0.000000 0.000000 0.000000 0.000000 0.000000 0.000000 0.000000 0.000000 0.000000 0.000000 0.000000 0.000000 0.000000
 0.000000 0.000000 0.000000 0.499998 0.000000 0.000000 0.000000 0.000000 0.000000 0.000000 0.000000 0.000000 0.000000 0.500002 0.000000 0.000000 0.000000 0.000000 0.000000 0.000000
 0.500013 0.000000 0.000000 0.000000 0.000000 0.000000 0.000000 0.000000 0.000000 0.000000 0.000000 0.000000 0.000000 0.000000 0.000000 0.000000 0.000000 0.000000 0.499987 0.000000
 0.000000 0.500001 0.000000 0.000000 0.000000 0.000000 0.000000 0.000000 0.000000 0.000000 0.000000 0.000000 0.000000 0.000000 0.000000 0.000000 0.000000 0.499999 0.000000 0.000000
 0.000000 0.000864 0.000000 0.000000 0.000000 0.000000 0.000000 0.000000 0.000000 0.000000 0.491271 0.000000 0.491548 0.000000 0.000000 0.000000 0.000015 0.016302 0.000000 0.000000
 0.000000 0.000000 0.000000 0.000000 0.000000 0.000000 0.000000 0.000000 0.000000 0.049005 0.000000 0.000000 0.000000 0.000000 0.000000 0.000000 0.475409 0.000000 0.000000 0.475586
 0.000000 0.000000 0.000000 0.000000 0.000000 0.000000 0.000000 0.000000 0.049005 0.000000 0.000000 0.000000 0.000000 0.000000 0.000000 0.000000 0.475403 0.000000 0.475591 0.000000
 0.000000 0.000000 0.000000 0.000000 0.000000 0.000000 0.000000 0.498314 0.000000 0.000000 0.000000 0.000000 0.003093 0.000000 0.498593 0.000000 0.000000 0.000000 0.000000 0.000000
 0.000000 0.499900 0.000000 0.000000 0.000000 0.000000 0.000000 0.000000 0.000000 0.000000 0.000000 0.000000 0.000000 0.000000 0.000000 0.499907 0.000193 0.000000 0.000000 0.000000
 0.000000 0.000012 0.000000 0.000000 0.000000 0.000000 0.000000 0.498483 0.000000 0.000000 0.003092 0.000000 0.000000 0.000000 0.000000 0.000000 0.000000 0.498413 0.000000 0.000000
 0.000000 0.000000 0.000000 0.000000 0.500000 0.000000 0.000000 0.000000 0.000000 0.000000 0.000000 0.000000 0.000000 0.000000 0.000000 0.000000 0.000000 0.000000 0.000000 0.500000
 0.500001 0.000000 0.000000 0.000000 0.000000 0.000000 0.000000 0.000000 0.000000 0.000000 0.499999 0.000000 0.000000 0.000000 0.000000 0.000000 0.000000 0.000000 0.000000 0.000000
 0.000000 0.000000 0.500000 0.000000 0.000000 0.000000 0.000000 0.000000 0.000000 0.000000 0.000000 0.500000 0.000000 0.000000 0.000000 0.000000 0.000000 0.000000 0.000000 0.000000
 0.000000 0.000000 0.000000 0.000000 0.000000 0.000000 0.000000 0.000015 0.499900 0.499888 0.000000 0.000193 0.000000 0.000000 0.000000 0.000000 0.000000 0.000000 0.000003 0.000000
 0.000000 0.000000 0.000000 0.000000 0.000000 0.000000 0.491877 0.016313 0.000000 0.000000 0.000000 0.000000 0.491810 0.000000 0.000000 0.000000 0.000000 0.000000 0.000000 0.000000
 0.003687 0.000000 0.000000 0.000000 0.000000 0.498143 0.000000 0.000000 0.000000 0.498168 0.000000 0.000000 0.000000 0.000000 0.000000 0.000000 0.000003 0.000000 0.000000 0.000000
 0.000000 0.000000 0.000000 0.000000 0.000000 0.000000 0.000000 0.000000 0.500000 0.000000 0.000000 0.000000 0.000000 0.500000 0.000000 0.000000 0.000000 0.000000 0.000000 0.000000
the mean of prob-rank is 1.631578947368421
the number of false negetive edges is 0
the number of probability greater than 0 is 2.9/edge
