20
 0.000000 0.000000 0.000000 0.062598 0.000000 0.000000 0.307398 0.297074 0.015880 0.191829 0.000000 0.000000 0.000000 0.000000 0.000000 0.000000 0.000000 0.000000 0.125221 0.000000
 0.000000 0.000000 0.000000 0.000000 0.000000 0.000000 0.000000 0.000000 0.000000 0.000000 0.000000 0.001036 0.000000 0.499480 0.000000 0.499483 0.000000 0.000000 0.000000 0.000000
 0.000000 0.000000 0.000000 0.000000 0.282825 0.000000 0.000000 0.000000 0.000000 0.000000 0.361491 0.000000 0.000000 0.355684 0.000000 0.000000 0.000000 0.000000 0.000000 0.000000
 0.089831 0.000000 0.000000 0.000000 0.000000 0.441807 0.026609 0.000000 0.000000 0.000000 0.000000 0.000000 0.000000 0.000000 0.000000 0.000000 0.000000 0.000000 0.000000 0.441753
 0.000000 0.000000 0.220186 0.000000 0.000000 0.000000 0.000000 0.000000 0.000000 0.000000 0.000000 0.274857 0.000000 0.226351 0.000000 0.000000 0.000000 0.278606 0.000000 0.000000
 0.000000 0.000000 0.000000 0.498634 0.000000 0.000000 0.498773 0.000000 0.000000 0.000000 0.000000 0.000000 0.000000 0.000000 0.000000 0.000000 0.000001 0.000000 0.000000 0.002592
 0.484933 0.000000 0.000000 0.029252 0.000000 0.485815 0.000000 0.000000 0.000000 0.000000 0.000000 0.000000 0.000000 0.000000 0.000000 0.000000 0.000000 0.000000 0.000000 0.000000
 0.339038 0.000000 0.000000 0.000000 0.000000 0.000000 0.000000 0.000000 0.351458 0.004591 0.000000 0.000000 0.301665 0.000000 0.000000 0.000000 0.000000 0.000000 0.003247 0.000000
 0.019000 0.000000 0.000000 0.000000 0.000000 0.000000 0.000000 0.368467 0.000000 0.245797 0.000000 0.000000 0.000012 0.000000 0.000000 0.000000 0.000000 0.000000 0.366723 0.000000
 0.195511 0.000000 0.000000 0.000000 0.000000 0.000000 0.000000 0.004100 0.209374 0.000000 0.000000 0.000000 0.277150 0.000000 0.000000 0.000000 0.000000 0.000000 0.313865 0.000000
 0.000000 0.000000 0.500000 0.000000 0.000000 0.000000 0.000000 0.000000 0.000000 0.000000 0.000000 0.000000 0.000000 0.000000 0.500000 0.000000 0.000000 0.000000 0.000000 0.000000
 0.000000 0.000744 0.000000 0.000000 0.350079 0.000000 0.000000 0.000000 0.000000 0.000000 0.000000 0.000000 0.000000 0.000000 0.000000 0.358452 0.000121 0.290604 0.000000 0.000000
 0.000000 0.000000 0.000000 0.000000 0.000000 0.000000 0.000000 0.312412 0.000012 0.321400 0.000000 0.000000 0.000000 0.000000 0.363977 0.000000 0.000000 0.000000 0.002199 0.000000
 0.000000 0.358650 0.352890 0.000000 0.288460 0.000000 0.000000 0.000000 0.000000 0.000000 0.000000 0.000000 0.000000 0.000000 0.000000 0.000000 0.000000 0.000000 0.000000 0.000000
 0.000000 0.000000 0.000000 0.000000 0.000000 0.000000 0.000000 0.000000 0.000000 0.000000 0.500002 0.000000 0.499998 0.000000 0.000000 0.000000 0.000000 0.000000 0.000000 0.000000
 0.000000 0.500000 0.000000 0.000000 0.000000 0.000000 0.000000 0.000000 0.000000 0.000000 0.000000 0.500000 0.000000 0.000000 0.000000 0.000000 0.000000 0.000000 0.000000 0.000000
 0.000000 0.000000 0.000000 0.000000 0.000000 0.000001 0.000000 0.000000 0.000000 0.000000 0.000000 0.000169 0.000000 0.000000 0.000000 0.000000 0.000000 0.499915 0.000000 0.499915
 0.000000 0.000000 0.000000 0.000000 0.353472 0.000000 0.000000 0.000000 0.000000 0.000000 0.000000 0.289472 0.000000 0.000000 0.000000 0.000000 0.357056 0.000000 0.000000 0.000000
 0.168221 0.000000 0.000000 0.000000 0.000000 0.000000 0.000000 0.003822 0.411751 0.413707 0.000000 0.000000 0.002499 0.000000 0.000000 0.000000 0.000000 0.000000 0.000000 0.000000
 0.000000 0.000000 0.000000 0.498604 0.000000 0.002592 0.000000 0.000000 0.000000 0.000000 0.000000 0.000000 0.000000 0.000000 0.000000 0.000000 0.498804 0.000000 0.000000 0.000000
the mean of prob-rank is 1.631578947368421
the number of false negetive edges is 0
the number of probability greater than 0 is 3.8/edge
