20
 0.000000 0.001273 0.000000 0.332498 0.000000 0.349860 0.000000 0.000000 0.000000 0.000000 0.000000 0.000000 0.030316 0.000000 0.000000 0.000000 0.264404 0.021650 0.000000 0.000000
 0.001300 0.000000 0.000000 0.357308 0.000000 0.000000 0.000000 0.000000 0.000000 0.000000 0.000000 0.000000 0.000000 0.000000 0.000000 0.000000 0.335923 0.305469 0.000000 0.000000
 0.000000 0.000000 0.000000 0.000000 0.000000 0.000000 0.000000 0.000000 0.017980 0.491010 0.000000 0.000000 0.000000 0.000000 0.000000 0.000000 0.000000 0.000000 0.491011 0.000000
 0.333555 0.350973 0.000000 0.000000 0.000000 0.000000 0.000000 0.000000 0.000000 0.013783 0.000000 0.000429 0.301261 0.000000 0.000000 0.000000 0.000000 0.000000 0.000000 0.000000
 0.000000 0.000000 0.000000 0.000000 0.000000 0.000000 0.498506 0.000000 0.000000 0.000000 0.000327 0.000000 0.000000 0.498589 0.002577 0.000000 0.000000 0.000000 0.000000 0.000000
 0.293184 0.000000 0.000000 0.000000 0.000000 0.000000 0.000000 0.000000 0.000000 0.000000 0.000000 0.000000 0.268178 0.000000 0.000000 0.000000 0.229749 0.000431 0.000000 0.208458
 0.000000 0.000000 0.000000 0.000000 0.406717 0.000000 0.000000 0.000000 0.000000 0.000000 0.000662 0.000000 0.000000 0.000017 0.033689 0.155122 0.000000 0.000000 0.000000 0.403793
 0.000000 0.000000 0.000000 0.000000 0.000000 0.000000 0.000000 0.000000 0.311219 0.000000 0.000000 0.005339 0.000000 0.000000 0.000000 0.339682 0.000000 0.000000 0.343760 0.000001
 0.000000 0.000000 0.013173 0.000000 0.000000 0.000000 0.000000 0.325682 0.000000 0.000000 0.000000 0.000000 0.000000 0.301403 0.000000 0.359741 0.000000 0.000000 0.000002 0.000000
 0.000000 0.000000 0.490381 0.019257 0.000000 0.000000 0.000000 0.000000 0.000000 0.000000 0.000000 0.490361 0.000000 0.000000 0.000000 0.000000 0.000000 0.000000 0.000000 0.000000
 0.000000 0.000000 0.000000 0.000000 0.000246 0.000000 0.000608 0.000000 0.000000 0.000000 0.000000 0.000000 0.000000 0.281897 0.373893 0.000000 0.000000 0.338066 0.000000 0.005290
 0.000000 0.000000 0.000000 0.000606 0.000000 0.000000 0.000000 0.007701 0.000000 0.495885 0.000000 0.000000 0.495808 0.000000 0.000000 0.000000 0.000000 0.000000 0.000000 0.000000
 0.030303 0.000000 0.000000 0.300176 0.000000 0.319881 0.000000 0.000000 0.000000 0.000000 0.000000 0.349641 0.000000 0.000000 0.000000 0.000000 0.000000 0.000000 0.000000 0.000000
 0.000000 0.000000 0.000000 0.000000 0.385652 0.000000 0.000016 0.000000 0.323113 0.000000 0.290763 0.000000 0.000000 0.000000 0.000456 0.000000 0.000000 0.000000 0.000000 0.000000
 0.000000 0.000000 0.000000 0.000000 0.002475 0.000000 0.039659 0.000000 0.000000 0.000000 0.478864 0.000000 0.000000 0.000566 0.000000 0.000000 0.000000 0.000000 0.000000 0.478437
 0.000000 0.000000 0.000000 0.000000 0.000000 0.000000 0.160938 0.417022 0.422035 0.000000 0.000000 0.000000 0.000000 0.000000 0.000000 0.000000 0.000000 0.000000 0.000000 0.000005
 0.217196 0.270195 0.000000 0.000000 0.000000 0.225212 0.000000 0.000000 0.000000 0.000000 0.000000 0.000000 0.000000 0.000000 0.000000 0.000000 0.000000 0.287397 0.000000 0.000000
 0.021924 0.302899 0.000000 0.000000 0.000000 0.000520 0.000000 0.000000 0.000000 0.000000 0.320353 0.000000 0.000000 0.000000 0.000000 0.000000 0.354303 0.000000 0.000000 0.000000
 0.000000 0.000000 0.500002 0.000000 0.000000 0.000000 0.000000 0.499995 0.000003 0.000000 0.000000 0.000000 0.000000 0.000000 0.000000 0.000000 0.000000 0.000000 0.000000 0.000000
 0.000000 0.000000 0.000000 0.000000 0.000000 0.261696 0.365355 0.000001 0.000000 0.000000 0.005208 0.000000 0.000000 0.000000 0.367735 0.000005 0.000000 0.000000 0.000000 0.000000
the mean of prob-rank is 1.4736842105263157
the number of false negetive edges is 0
the number of probability greater than 0 is 4.5/edge
