20
 0.000000 0.000000 0.000000 0.000000 0.000000 0.000000 0.000000 0.000000 0.000000 0.000000 0.000000 0.358272 0.342522 0.298953 0.000254 0.000000 0.000000 0.000000 0.000000 0.000000
 0.000000 0.000000 0.000000 0.000000 0.018429 0.000000 0.000000 0.000000 0.000000 0.490753 0.000000 0.000000 0.000000 0.000000 0.000000 0.000000 0.000000 0.000000 0.000000 0.490818
 0.000000 0.000000 0.000000 0.000000 0.000000 0.161128 0.000000 0.082869 0.335776 0.000100 0.000000 0.000000 0.000000 0.000000 0.000000 0.000000 0.000000 0.338234 0.081892 0.000000
 0.000000 0.000000 0.000000 0.000000 0.000000 0.000000 0.500021 0.000000 0.000000 0.000000 0.000000 0.000000 0.000000 0.000000 0.499913 0.000000 0.000066 0.000000 0.000000 0.000000
 0.000000 0.018428 0.000000 0.000000 0.000000 0.000000 0.000000 0.000000 0.000000 0.490780 0.000000 0.000000 0.490791 0.000000 0.000000 0.000000 0.000000 0.000000 0.000000 0.000000
 0.000000 0.000000 0.135384 0.000000 0.000000 0.000000 0.000000 0.000000 0.216666 0.000000 0.271561 0.000000 0.000000 0.000000 0.091848 0.000000 0.282615 0.001926 0.000000 0.000000
 0.000000 0.000000 0.000000 0.500000 0.000000 0.000000 0.000000 0.000000 0.000000 0.000000 0.000000 0.000000 0.000000 0.000000 0.000000 0.500000 0.000000 0.000000 0.000000 0.000000
 0.000000 0.000000 0.097818 0.000000 0.000000 0.000000 0.000000 0.000000 0.000000 0.000000 0.000000 0.000000 0.000000 0.000000 0.000000 0.000000 0.000000 0.104629 0.399244 0.398309
 0.000000 0.000000 0.321044 0.000000 0.000000 0.246552 0.000000 0.000000 0.000000 0.000000 0.323394 0.000000 0.000000 0.000000 0.000000 0.000000 0.000000 0.014104 0.094906 0.000000
 0.000000 0.490807 0.000146 0.000000 0.490862 0.000000 0.000000 0.000000 0.000000 0.000000 0.000000 0.000000 0.000000 0.000000 0.000000 0.000000 0.000000 0.001550 0.000000 0.016635
 0.000000 0.000000 0.000000 0.000000 0.000000 0.375935 0.000000 0.000000 0.393423 0.000000 0.000000 0.000000 0.000000 0.000000 0.000000 0.000000 0.230642 0.000001 0.000000 0.000000
 0.366995 0.000000 0.000000 0.000000 0.000000 0.000000 0.000000 0.000000 0.000000 0.000000 0.000000 0.000000 0.276497 0.356503 0.000000 0.000005 0.000000 0.000000 0.000000 0.000000
 0.352853 0.000000 0.000000 0.000000 0.369080 0.000000 0.000000 0.000000 0.000000 0.000000 0.000000 0.278067 0.000000 0.000000 0.000000 0.000000 0.000000 0.000000 0.000000 0.000000
 0.297248 0.000000 0.000000 0.000000 0.000000 0.000000 0.000000 0.000000 0.000000 0.000000 0.000000 0.346045 0.000000 0.000000 0.000480 0.356228 0.000000 0.000000 0.000000 0.000000
 0.000305 0.000000 0.000000 0.431068 0.000000 0.139345 0.000000 0.000000 0.000000 0.000000 0.000000 0.000000 0.000000 0.000580 0.000000 0.000000 0.428701 0.000000 0.000000 0.000000
 0.000000 0.000000 0.000000 0.000000 0.000000 0.000000 0.499997 0.000000 0.000000 0.000000 0.000000 0.000007 0.000000 0.499995 0.000000 0.000000 0.000000 0.000000 0.000000 0.000000
 0.000000 0.000000 0.000000 0.000051 0.000000 0.386174 0.000000 0.000000 0.000000 0.000000 0.227657 0.000000 0.000000 0.000000 0.386117 0.000000 0.000000 0.000000 0.000000 0.000000
 0.000000 0.000000 0.433207 0.000000 0.000000 0.002936 0.000000 0.113529 0.018894 0.001368 0.000001 0.000000 0.000000 0.000000 0.000000 0.000000 0.000000 0.000000 0.430061 0.000006
 0.000000 0.000000 0.095762 0.000000 0.000000 0.000000 0.000000 0.395517 0.116073 0.000000 0.000000 0.000000 0.000000 0.000000 0.000000 0.000000 0.000000 0.392648 0.000000 0.000000
 0.000000 0.492235 0.000000 0.000000 0.000000 0.000000 0.000000 0.491078 0.000000 0.016681 0.000000 0.000000 0.000000 0.000000 0.000000 0.000000 0.000000 0.000007 0.000000 0.000000
the mean of prob-rank is 1.4210526315789473
the number of false negetive edges is 0
the number of probability greater than 0 is 4.1/edge
