20
 0.000000 0.000000 0.000000 0.000000 0.000000 0.001014 0.499447 0.000008 0.000000 0.499531 0.000000 0.000000 0.000000 0.000000 0.000000 0.000000 0.000000 0.000000 0.000000 0.000000
 0.000000 0.000000 0.000000 0.000000 0.488746 0.000000 0.000000 0.000000 0.020372 0.000000 0.000000 0.488667 0.000000 0.000000 0.000000 0.000000 0.000000 0.000000 0.002215 0.000000
 0.000000 0.000000 0.000000 0.000000 0.000000 0.000162 0.000000 0.000000 0.000000 0.000000 0.499921 0.000000 0.000000 0.000000 0.000000 0.000000 0.000000 0.000000 0.000000 0.499917
 0.000000 0.000000 0.000000 0.000000 0.000000 0.000000 0.000000 0.000000 0.000000 0.000000 0.499998 0.000000 0.000000 0.500002 0.000000 0.000000 0.000000 0.000000 0.000000 0.000000
 0.000000 0.466497 0.000000 0.000000 0.000000 0.000000 0.000000 0.000000 0.464084 0.000000 0.000000 0.069419 0.000000 0.000000 0.000000 0.000000 0.000000 0.000000 0.000000 0.000000
 0.000888 0.000000 0.000142 0.000000 0.000000 0.000000 0.000000 0.437532 0.000000 0.430635 0.000000 0.000000 0.000000 0.000000 0.000000 0.130799 0.000000 0.000000 0.000000 0.000003
 0.493047 0.000000 0.000000 0.000000 0.000000 0.000000 0.000000 0.000000 0.000000 0.013824 0.000000 0.000000 0.000000 0.000000 0.000000 0.000000 0.000000 0.493129 0.000000 0.000000
 0.000006 0.000000 0.000000 0.000000 0.000000 0.371826 0.000000 0.000000 0.000000 0.259042 0.000000 0.000000 0.000000 0.000000 0.000000 0.369127 0.000000 0.000000 0.000000 0.000000
 0.000000 0.020069 0.000000 0.000000 0.478989 0.000000 0.000000 0.000000 0.000000 0.000000 0.000000 0.019461 0.481480 0.000000 0.000000 0.000000 0.000000 0.000000 0.000000 0.000000
 0.369068 0.000000 0.000000 0.000000 0.000000 0.363250 0.010346 0.257120 0.000000 0.000000 0.000000 0.000000 0.000217 0.000000 0.000000 0.000000 0.000000 0.000000 0.000000 0.000000
 0.000000 0.000000 0.500002 0.499998 0.000000 0.000000 0.000000 0.000000 0.000000 0.000000 0.000000 0.000000 0.000000 0.000000 0.000000 0.000000 0.000000 0.000000 0.000000 0.000000
 0.000000 0.456774 0.000000 0.000000 0.067983 0.000000 0.000000 0.000000 0.018466 0.000000 0.000000 0.000000 0.000000 0.000000 0.000000 0.000000 0.000000 0.000000 0.456776 0.000000
 0.000000 0.000000 0.000000 0.000000 0.000000 0.000000 0.000000 0.000000 0.499860 0.000293 0.000000 0.000000 0.000000 0.000000 0.000000 0.000000 0.000000 0.499847 0.000000 0.000000
 0.000000 0.000000 0.000000 0.500000 0.000000 0.000000 0.000000 0.000000 0.000000 0.000000 0.000000 0.000000 0.000000 0.000000 0.000000 0.000000 0.500000 0.000000 0.000000 0.000000
 0.000000 0.000000 0.000000 0.000000 0.000000 0.000000 0.000000 0.000000 0.000000 0.000000 0.000000 0.000000 0.000000 0.000000 0.000000 0.000000 0.499997 0.000000 0.500003 0.000000
 0.000000 0.000000 0.000000 0.000000 0.000000 0.130449 0.000000 0.433193 0.000000 0.000000 0.000000 0.000000 0.000000 0.000000 0.000000 0.000000 0.000000 0.000000 0.000000 0.436358
 0.000000 0.000000 0.000000 0.000000 0.000000 0.000000 0.000000 0.000000 0.000000 0.000000 0.000000 0.000000 0.000000 0.500003 0.499997 0.000000 0.000000 0.000000 0.000000 0.000000
 0.000000 0.000000 0.000000 0.000000 0.000000 0.000000 0.500006 0.000000 0.000000 0.000000 0.000000 0.000000 0.499993 0.000000 0.000000 0.000000 0.000000 0.000000 0.000000 0.000000
 0.000000 0.002261 0.000000 0.000000 0.000000 0.000000 0.000000 0.000000 0.000000 0.000000 0.000000 0.498830 0.000000 0.000000 0.498909 0.000000 0.000000 0.000000 0.000000 0.000000
 0.000000 0.000000 0.499998 0.000000 0.000000 0.000004 0.000000 0.000000 0.000000 0.000000 0.000000 0.000000 0.000000 0.000000 0.000000 0.499998 0.000000 0.000000 0.000000 0.000000
the mean of prob-rank is 1.5263157894736843
the number of false negetive edges is 0
the number of probability greater than 0 is 3.2/edge
