20
 0.000000 0.001259 0.000000 0.000000 0.010893 0.000000 0.000001 0.000000 0.000000 0.000000 0.000000 0.493952 0.000000 0.000000 0.493895 0.000000 0.000000 0.000000 0.000000 0.000000
 0.001269 0.000000 0.000000 0.497642 0.497626 0.000000 0.000000 0.000000 0.000000 0.000000 0.000000 0.003463 0.000000 0.000000 0.000000 0.000000 0.000000 0.000000 0.000000 0.000000
 0.000000 0.000000 0.000000 0.000000 0.000000 0.000000 0.000000 0.500000 0.000000 0.000000 0.000000 0.000000 0.000000 0.000000 0.000000 0.000000 0.000000 0.500000 0.000000 0.000000
 0.000000 0.500001 0.000000 0.000000 0.000000 0.000000 0.000000 0.000000 0.000000 0.000000 0.000000 0.000000 0.000000 0.000000 0.000000 0.000000 0.000000 0.499999 0.000000 0.000000
 0.010907 0.494608 0.000000 0.000000 0.000000 0.000000 0.000000 0.000000 0.000000 0.000000 0.000000 0.494485 0.000000 0.000000 0.000000 0.000000 0.000000 0.000000 0.000000 0.000000
 0.000000 0.000000 0.000000 0.000000 0.000000 0.000000 0.035474 0.000000 0.000000 0.000000 0.000000 0.000000 0.000000 0.000000 0.000000 0.000000 0.482251 0.000000 0.482275 0.000000
 0.000000 0.000000 0.000000 0.000000 0.000000 0.021430 0.000000 0.000000 0.256073 0.000000 0.000249 0.000000 0.186925 0.000000 0.243976 0.000000 0.000000 0.000000 0.000000 0.291346
 0.000000 0.000000 0.500000 0.000000 0.000000 0.000000 0.000000 0.000000 0.000000 0.000000 0.000000 0.000000 0.000000 0.000000 0.000000 0.000000 0.500000 0.000000 0.000000 0.000000
 0.000000 0.000000 0.000000 0.000000 0.000000 0.000000 0.268678 0.000000 0.000000 0.021106 0.305568 0.000000 0.304994 0.000000 0.000001 0.000000 0.000000 0.000000 0.000000 0.099653
 0.000000 0.000000 0.000000 0.000000 0.000000 0.000000 0.000000 0.000000 0.032884 0.000000 0.475839 0.000000 0.000000 0.000000 0.014993 0.476284 0.000000 0.000000 0.000000 0.000000
 0.000000 0.000000 0.000000 0.000000 0.000000 0.000000 0.000288 0.000000 0.337103 0.336926 0.000000 0.000000 0.000251 0.000000 0.325430 0.000000 0.000000 0.000000 0.000000 0.000001
 0.496333 0.003454 0.000000 0.000000 0.496233 0.000000 0.000000 0.000000 0.000000 0.000000 0.000000 0.000000 0.000000 0.000000 0.003980 0.000000 0.000000 0.000000 0.000000 0.000000
 0.000000 0.000000 0.000000 0.000000 0.000000 0.000000 0.233439 0.000000 0.363017 0.000000 0.000271 0.000000 0.000000 0.000000 0.047377 0.000000 0.000000 0.000000 0.000000 0.355896
 0.000000 0.000000 0.000000 0.000000 0.000000 0.000000 0.000000 0.000000 0.000000 0.000000 0.000000 0.000000 0.000000 0.000000 0.000000 0.500000 0.000000 0.000000 0.500000 0.000000
 0.323683 0.000000 0.000000 0.000000 0.000000 0.000000 0.271103 0.000000 0.000001 0.010191 0.312407 0.002596 0.042155 0.000000 0.000000 0.000000 0.000000 0.000000 0.000000 0.037864
 0.000000 0.000000 0.000000 0.000000 0.000000 0.000000 0.000000 0.000000 0.000000 0.500000 0.000000 0.000000 0.000000 0.500000 0.000000 0.000000 0.000000 0.000000 0.000000 0.000000
 0.000000 0.000000 0.000000 0.000000 0.000000 0.499988 0.000000 0.500012 0.000000 0.000000 0.000000 0.000000 0.000000 0.000000 0.000000 0.000000 0.000000 0.000000 0.000000 0.000000
 0.000000 0.000000 0.500001 0.499999 0.000000 0.000000 0.000000 0.000000 0.000000 0.000000 0.000000 0.000000 0.000000 0.000000 0.000000 0.000000 0.000000 0.000000 0.000000 0.000000
 0.000000 0.000000 0.000000 0.000000 0.000000 0.500000 0.000000 0.000000 0.000000 0.000000 0.000000 0.000000 0.000000 0.500000 0.000000 0.000000 0.000000 0.000000 0.000000 0.000000
 0.000000 0.000000 0.000000 0.000000 0.000000 0.000000 0.413033 0.000000 0.134647 0.000000 0.000002 0.000000 0.404011 0.000000 0.048307 0.000000 0.000000 0.000000 0.000000 0.000000
the mean of prob-rank is 1.7894736842105263
the number of false negetive edges is 0
the number of probability greater than 0 is 3.6/edge
