20
 0.000000 0.000000 0.000000 0.499956 0.000000 0.000000 0.000000 0.000000 0.000088 0.000000 0.000000 0.000000 0.000000 0.499956 0.000000 0.000000 0.000000 0.000000 0.000000 0.000000
 0.000000 0.000000 0.120141 0.000022 0.000000 0.000000 0.000000 0.403601 0.000886 0.000000 0.000000 0.000000 0.000000 0.000000 0.000000 0.075060 0.000000 0.000000 0.000000 0.400290
 0.000000 0.131510 0.000000 0.000000 0.000000 0.000000 0.000000 0.000000 0.000000 0.000000 0.000000 0.000000 0.000000 0.000000 0.441796 0.000000 0.000000 0.000000 0.000000 0.426694
 0.476196 0.000026 0.000000 0.000000 0.000000 0.000000 0.000000 0.000001 0.475898 0.000000 0.000000 0.000000 0.000000 0.000000 0.000000 0.047879 0.000000 0.000000 0.000000 0.000000
 0.000000 0.000000 0.000000 0.000000 0.000000 0.000000 0.413163 0.000000 0.000000 0.291594 0.094898 0.000000 0.000139 0.000000 0.000000 0.000000 0.163483 0.036723 0.000000 0.000000
 0.000000 0.000000 0.000000 0.000000 0.000000 0.000000 0.000000 0.000000 0.000000 0.000000 0.000000 0.000000 0.010575 0.000000 0.494724 0.000000 0.000000 0.000000 0.494701 0.000000
 0.000000 0.000000 0.000000 0.000000 0.500000 0.000000 0.000000 0.000000 0.000000 0.000000 0.000000 0.000000 0.500000 0.000000 0.000000 0.000000 0.000000 0.000000 0.000000 0.000000
 0.000000 0.452220 0.000000 0.000001 0.000000 0.000000 0.000000 0.000000 0.001013 0.000000 0.000000 0.000000 0.000000 0.000000 0.000000 0.448235 0.000000 0.000000 0.000000 0.098530
 0.000087 0.001084 0.000000 0.493701 0.000000 0.000000 0.000000 0.001107 0.000000 0.000000 0.000000 0.000000 0.000000 0.000000 0.000000 0.494010 0.000000 0.000000 0.000000 0.010011
 0.000000 0.000000 0.000000 0.000000 0.260044 0.000000 0.000000 0.000000 0.000000 0.000000 0.365861 0.005666 0.000000 0.000000 0.000000 0.000000 0.368429 0.000001 0.000000 0.000000
 0.000000 0.000000 0.000000 0.000000 0.073637 0.000000 0.000000 0.000000 0.000000 0.318337 0.000000 0.293090 0.000000 0.000000 0.000000 0.000000 0.000001 0.314936 0.000000 0.000000
 0.000000 0.000000 0.000000 0.000000 0.000000 0.000000 0.000000 0.000000 0.000000 0.005981 0.355555 0.000000 0.000014 0.001819 0.000000 0.000000 0.000074 0.247655 0.388902 0.000000
 0.000000 0.000000 0.000000 0.000000 0.000166 0.010579 0.494901 0.000000 0.000000 0.000000 0.000000 0.000018 0.000000 0.000000 0.000000 0.000000 0.000000 0.494235 0.000101 0.000000
 0.499459 0.000000 0.000000 0.000000 0.000000 0.000000 0.000000 0.000000 0.000000 0.000000 0.000000 0.002336 0.000000 0.000000 0.000000 0.000000 0.498204 0.000000 0.000001 0.000000
 0.000000 0.000000 0.500000 0.000000 0.000000 0.500000 0.000000 0.000000 0.000000 0.000000 0.000000 0.000000 0.000000 0.000000 0.000000 0.000000 0.000000 0.000000 0.000000 0.000000
 0.000000 0.074574 0.000000 0.040317 0.000000 0.000000 0.000000 0.397455 0.400988 0.000000 0.000000 0.000000 0.000000 0.000000 0.000000 0.000000 0.000000 0.000000 0.000000 0.086666
 0.000000 0.000000 0.000000 0.000000 0.165332 0.000000 0.000000 0.000000 0.000000 0.417802 0.000001 0.000079 0.000000 0.416785 0.000000 0.000000 0.000000 0.000000 0.000000 0.000000
 0.000000 0.000000 0.000000 0.000000 0.032838 0.000000 0.000000 0.000000 0.000000 0.000001 0.362936 0.235261 0.368964 0.000000 0.000000 0.000000 0.000000 0.000000 0.000000 0.000000
 0.000000 0.000000 0.000000 0.000000 0.000000 0.499952 0.000000 0.000000 0.000000 0.000000 0.000000 0.499945 0.000102 0.000001 0.000000 0.000000 0.000000 0.000000 0.000000 0.000000
 0.000000 0.411211 0.400440 0.000000 0.000000 0.000000 0.000000 0.090336 0.008402 0.000000 0.000000 0.000000 0.000000 0.000000 0.000000 0.089610 0.000000 0.000000 0.000000 0.000000
the mean of prob-rank is 1.6842105263157894
the number of false negetive edges is 0
the number of probability greater than 0 is 4.3/edge
