20
 0.000000 0.208146 0.000000 0.000000 0.000000 0.000000 0.000000 0.000000 0.193311 0.000000 0.000000 0.000000 0.000000 0.000000 0.301039 0.297505 0.000000 0.000000 0.000000 0.000000
 0.199857 0.000000 0.000000 0.000000 0.000000 0.000000 0.000000 0.000000 0.233113 0.000000 0.000000 0.289146 0.000000 0.000000 0.000000 0.000000 0.000000 0.277884 0.000000 0.000000
 0.000000 0.000000 0.000000 0.000000 0.000000 0.000000 0.000000 0.000000 0.000000 0.000000 0.500000 0.000000 0.000000 0.000000 0.000000 0.000000 0.000000 0.000000 0.000000 0.500000
 0.000000 0.000000 0.000000 0.000000 0.000000 0.368527 0.000000 0.281703 0.000000 0.000000 0.000000 0.000000 0.000000 0.000000 0.000000 0.000000 0.349770 0.000000 0.000000 0.000000
 0.000000 0.000000 0.000000 0.000000 0.000000 0.000000 0.016650 0.000000 0.000000 0.384634 0.000000 0.000005 0.000038 0.000000 0.000000 0.000000 0.000000 0.225359 0.000000 0.373314
 0.000000 0.000000 0.000000 0.275543 0.000000 0.000000 0.238417 0.000000 0.000000 0.000000 0.000000 0.000000 0.000000 0.000000 0.251428 0.000000 0.000000 0.000000 0.234613 0.000000
 0.000000 0.000000 0.000000 0.000000 0.010723 0.214356 0.000000 0.000000 0.014010 0.000008 0.000000 0.000000 0.000000 0.235973 0.000000 0.219058 0.000000 0.085389 0.220484 0.000000
 0.000000 0.000000 0.000000 0.278030 0.000000 0.000000 0.000000 0.000000 0.000000 0.000000 0.000000 0.000000 0.000000 0.000000 0.000000 0.000000 0.363677 0.000000 0.358292 0.000000
 0.187326 0.235265 0.000000 0.000000 0.000000 0.000000 0.016872 0.000000 0.000000 0.000000 0.000000 0.000000 0.000000 0.000000 0.000000 0.262201 0.000000 0.298335 0.000000 0.000000
 0.000000 0.000000 0.000000 0.000000 0.373367 0.000000 0.000011 0.000000 0.000000 0.000000 0.000000 0.000000 0.357562 0.000951 0.000000 0.000000 0.000000 0.000000 0.000000 0.268108
 0.000000 0.000000 0.500000 0.000000 0.000000 0.000000 0.000000 0.000000 0.000000 0.000000 0.000000 0.500000 0.000000 0.000000 0.000000 0.000000 0.000000 0.000000 0.000000 0.000000
 0.000000 0.392505 0.000000 0.000000 0.000005 0.000000 0.000000 0.000000 0.000000 0.000000 0.401281 0.000000 0.000000 0.000000 0.000000 0.000000 0.000000 0.206209 0.000000 0.000000
 0.000000 0.000000 0.000000 0.000000 0.000038 0.000000 0.000001 0.000000 0.000000 0.361871 0.000000 0.000000 0.000000 0.377900 0.000000 0.000000 0.212747 0.000000 0.000001 0.047443
 0.000000 0.000000 0.000000 0.000000 0.000000 0.000000 0.351755 0.000000 0.000000 0.000941 0.000000 0.000000 0.369287 0.000000 0.000000 0.000000 0.003442 0.000000 0.274575 0.000000
 0.339448 0.000000 0.000000 0.000000 0.000000 0.316769 0.000000 0.000000 0.000000 0.000000 0.000000 0.000000 0.000000 0.000000 0.000000 0.343783 0.000000 0.000000 0.000000 0.000000
 0.259784 0.000000 0.000000 0.000000 0.000000 0.000000 0.237715 0.000000 0.236271 0.000000 0.000000 0.000000 0.000000 0.000000 0.266227 0.000000 0.000000 0.000001 0.000000 0.000000
 0.000000 0.000000 0.000000 0.376192 0.000000 0.000000 0.000000 0.396317 0.000000 0.000000 0.000000 0.000000 0.223141 0.003694 0.000000 0.000000 0.000000 0.000000 0.000655 0.000001
 0.000000 0.277752 0.000000 0.000000 0.173102 0.000000 0.101842 0.000000 0.295466 0.000000 0.000000 0.151836 0.000000 0.000000 0.000000 0.000002 0.000000 0.000000 0.000000 0.000000
 0.000000 0.000000 0.000000 0.000000 0.000000 0.245257 0.256357 0.283743 0.000000 0.000000 0.000000 0.000000 0.000001 0.214167 0.000000 0.000000 0.000476 0.000000 0.000000 0.000000
 0.000000 0.000000 0.355362 0.000000 0.344870 0.000000 0.000000 0.000000 0.000000 0.255154 0.000000 0.000000 0.044613 0.000000 0.000000 0.000000 0.000001 0.000000 0.000000 0.000000
the mean of prob-rank is 1.631578947368421
the number of false negetive edges is 0
the number of probability greater than 0 is 4.45/edge
