20
 0.000000 0.034959 0.000000 0.000000 0.000000 0.000000 0.000000 0.000356 0.000000 0.321733 0.205278 0.100769 0.000000 0.000000 0.000000 0.333247 0.000000 0.000000 0.000000 0.003656
 0.047080 0.000000 0.000000 0.000000 0.000000 0.000000 0.000000 0.000000 0.000000 0.000000 0.000000 0.000000 0.000000 0.448165 0.000000 0.055282 0.000000 0.000000 0.000000 0.449473
 0.000000 0.000000 0.000000 0.000000 0.475790 0.000002 0.000000 0.000000 0.000000 0.000000 0.000000 0.000000 0.000000 0.000000 0.000000 0.048474 0.000000 0.000000 0.000000 0.475733
 0.000000 0.000000 0.000000 0.000000 0.000000 0.500000 0.000000 0.000000 0.000000 0.000000 0.000000 0.000000 0.000000 0.000000 0.000000 0.000000 0.000000 0.500000 0.000000 0.000000
 0.000000 0.000000 0.499999 0.000000 0.000000 0.500001 0.000000 0.000000 0.000000 0.000000 0.000000 0.000000 0.000000 0.000000 0.000000 0.000000 0.000000 0.000000 0.000000 0.000000
 0.000000 0.000000 0.000003 0.499999 0.499999 0.000000 0.000000 0.000000 0.000000 0.000000 0.000000 0.000000 0.000000 0.000000 0.000000 0.000000 0.000000 0.000000 0.000000 0.000000
 0.000000 0.000000 0.000000 0.000000 0.000000 0.000000 0.000000 0.237480 0.000000 0.000000 0.000000 0.002042 0.382079 0.000000 0.000000 0.000000 0.378399 0.000000 0.000000 0.000000
 0.000336 0.000000 0.000000 0.000000 0.000000 0.000000 0.195547 0.000000 0.000000 0.186007 0.000000 0.313412 0.304699 0.000000 0.000000 0.000000 0.000000 0.000000 0.000000 0.000000
 0.000000 0.000000 0.000000 0.000000 0.000000 0.000000 0.000000 0.000000 0.000000 0.000000 0.000000 0.000000 0.000000 0.000000 0.500000 0.000000 0.000000 0.000000 0.500000 0.000000
 0.314488 0.000000 0.000000 0.000000 0.000000 0.000000 0.000000 0.192728 0.000000 0.000000 0.000000 0.004366 0.162175 0.326243 0.000000 0.000000 0.000000 0.000000 0.000000 0.000000
 0.212918 0.000000 0.000000 0.000000 0.000000 0.000000 0.000000 0.000000 0.000000 0.000000 0.000000 0.344887 0.000000 0.000000 0.000000 0.344973 0.097222 0.000000 0.000000 0.000000
 0.128375 0.000000 0.000000 0.000000 0.000000 0.000000 0.002270 0.423231 0.000000 0.005690 0.423604 0.000000 0.000000 0.000000 0.000000 0.005119 0.011711 0.000000 0.000000 0.000000
 0.000000 0.000000 0.000000 0.000000 0.000000 0.000000 0.385371 0.373228 0.000000 0.191720 0.000000 0.000000 0.000000 0.038153 0.000000 0.000000 0.011528 0.000000 0.000000 0.000000
 0.000000 0.475708 0.000000 0.000000 0.000000 0.000000 0.000000 0.000000 0.000000 0.477096 0.000000 0.000000 0.047197 0.000000 0.000000 0.000000 0.000000 0.000000 0.000000 0.000000
 0.000000 0.000000 0.000000 0.000000 0.000000 0.000000 0.000000 0.000000 0.500000 0.000000 0.000000 0.000000 0.000000 0.000000 0.000000 0.000000 0.500000 0.000000 0.000000 0.000000
 0.373987 0.046068 0.038161 0.000000 0.000000 0.000000 0.000000 0.000000 0.000000 0.000000 0.373255 0.004509 0.000000 0.000000 0.000000 0.000000 0.149235 0.000000 0.000000 0.014785
 0.000000 0.000000 0.000000 0.000000 0.000000 0.000000 0.362978 0.000000 0.000000 0.000000 0.103013 0.010103 0.010964 0.000000 0.366800 0.146143 0.000000 0.000000 0.000000 0.000000
 0.000000 0.000000 0.000000 0.500000 0.000000 0.000000 0.000000 0.000000 0.000000 0.000000 0.000000 0.000000 0.000000 0.000000 0.000000 0.000000 0.000000 0.000000 0.500000 0.000000
 0.000000 0.000000 0.000000 0.000000 0.000000 0.000000 0.000000 0.000000 0.500000 0.000000 0.000000 0.000000 0.000000 0.000000 0.000000 0.000000 0.000000 0.500000 0.000000 0.000000
 0.005343 0.487732 0.487672 0.000000 0.000000 0.000000 0.000000 0.000000 0.000000 0.000000 0.000000 0.000000 0.000000 0.000000 0.000000 0.019253 0.000000 0.000000 0.000000 0.000000
the mean of prob-rank is 1.4736842105263157
the number of false negetive edges is 0
the number of probability greater than 0 is 4.0/edge
