20
 0.000000 0.000000 0.000000 0.000000 0.000000 0.000000 0.000000 0.000000 0.000000 0.000000 0.499993 0.000000 0.000000 0.000000 0.000000 0.000000 0.500007 0.000000 0.000000 0.000000
 0.000000 0.000000 0.000000 0.000000 0.000000 0.000000 0.000000 0.000000 0.000000 0.339484 0.000000 0.324581 0.000000 0.088804 0.035116 0.212015 0.000000 0.000000 0.000000 0.000000
 0.000000 0.000000 0.000000 0.000000 0.000000 0.000000 0.000000 0.000000 0.021924 0.000000 0.000000 0.000000 0.489167 0.000000 0.000000 0.000000 0.000000 0.000078 0.000000 0.488831
 0.000000 0.000000 0.000000 0.000000 0.000000 0.000000 0.499747 0.000507 0.000000 0.000000 0.000000 0.000000 0.000000 0.000000 0.000000 0.000000 0.499746 0.000000 0.000000 0.000000
 0.000000 0.000000 0.000000 0.000000 0.000000 0.000000 0.000000 0.000000 0.000000 0.000000 0.500005 0.000000 0.000000 0.000000 0.499995 0.000000 0.000000 0.000000 0.000000 0.000000
 0.000000 0.000000 0.000000 0.000000 0.000000 0.000000 0.000030 0.499965 0.000000 0.000000 0.000000 0.000000 0.000000 0.000000 0.000000 0.000000 0.000000 0.000003 0.500002 0.000000
 0.000000 0.000000 0.000000 0.499985 0.000000 0.000030 0.000000 0.499985 0.000000 0.000000 0.000000 0.000000 0.000000 0.000000 0.000000 0.000000 0.000000 0.000000 0.000000 0.000000
 0.000000 0.000000 0.000000 0.000507 0.000000 0.499722 0.499759 0.000000 0.000000 0.000000 0.000000 0.000000 0.000000 0.000000 0.000000 0.000000 0.000000 0.000012 0.000000 0.000000
 0.000000 0.000000 0.018979 0.000000 0.000000 0.000000 0.000000 0.000000 0.000000 0.016160 0.000000 0.000000 0.422733 0.000000 0.000003 0.000000 0.000000 0.422524 0.000000 0.119601
 0.000000 0.400279 0.000000 0.000000 0.000000 0.000000 0.000000 0.000000 0.015434 0.000000 0.000000 0.033605 0.000000 0.000000 0.000008 0.146258 0.000000 0.000000 0.000000 0.404416
 0.499986 0.000000 0.000000 0.000000 0.500001 0.000000 0.000000 0.000000 0.000000 0.000000 0.000000 0.000000 0.000000 0.000000 0.000000 0.000013 0.000000 0.000000 0.000000 0.000000
 0.000000 0.380886 0.000000 0.000000 0.000000 0.000000 0.000000 0.000000 0.000000 0.033445 0.000000 0.000000 0.000000 0.183178 0.000000 0.402491 0.000000 0.000000 0.000000 0.000000
 0.000000 0.000000 0.458434 0.000000 0.000000 0.000000 0.000000 0.000000 0.457654 0.000000 0.000000 0.000000 0.000000 0.000000 0.000000 0.000000 0.000000 0.083912 0.000000 0.000000
 0.000000 0.096568 0.000000 0.000000 0.000000 0.000000 0.000000 0.000000 0.000000 0.000000 0.000000 0.169746 0.000000 0.000000 0.372940 0.360745 0.000000 0.000000 0.000000 0.000000
 0.000000 0.048694 0.000000 0.000000 0.475609 0.000000 0.000000 0.000000 0.000003 0.000010 0.000000 0.000000 0.000000 0.475569 0.000000 0.000115 0.000000 0.000000 0.000000 0.000000
 0.000000 0.209732 0.000000 0.000000 0.000000 0.000000 0.000000 0.000000 0.000000 0.122708 0.000009 0.339299 0.000000 0.328170 0.000082 0.000000 0.000000 0.000000 0.000000 0.000000
 0.500001 0.000000 0.000000 0.499999 0.000000 0.000000 0.000000 0.000000 0.000000 0.000000 0.000000 0.000000 0.000000 0.000000 0.000000 0.000000 0.000000 0.000000 0.000000 0.000000
 0.000000 0.000000 0.000073 0.000000 0.000000 0.000002 0.000000 0.000011 0.457493 0.000000 0.000000 0.000000 0.083924 0.000000 0.000000 0.000000 0.000000 0.000000 0.458498 0.000000
 0.000000 0.000000 0.000000 0.000000 0.000000 0.500000 0.000000 0.000000 0.000000 0.000000 0.000000 0.000000 0.000000 0.000000 0.000000 0.000000 0.000000 0.500000 0.000000 0.000000
 0.000000 0.000000 0.437958 0.000000 0.000000 0.000000 0.000000 0.000000 0.123783 0.438259 0.000000 0.000000 0.000000 0.000000 0.000000 0.000000 0.000000 0.000000 0.000000 0.000000
the mean of prob-rank is 1.5789473684210527
the number of false negetive edges is 0
the number of probability greater than 0 is 3.9/edge
