20
 0.000000 0.000000 0.000000 0.000000 0.000000 0.000000 0.000000 0.000000 0.000000 0.346282 0.000000 0.004227 0.000000 0.000000 0.361279 0.000000 0.000000 0.000000 0.288213 0.000000
 0.000000 0.000000 0.000000 0.000000 0.000000 0.000000 0.000000 0.000000 0.000000 0.000000 0.000000 0.000000 0.000000 0.000001 0.000000 0.000000 0.499990 0.000000 0.000000 0.500009
 0.000000 0.000000 0.000000 0.000000 0.000000 0.000000 0.279846 0.000000 0.000000 0.236352 0.182151 0.000000 0.000000 0.000000 0.000000 0.000000 0.000000 0.000000 0.000000 0.301651
 0.000000 0.000000 0.000000 0.000000 0.000000 0.344852 0.000001 0.000000 0.304888 0.000000 0.046842 0.000000 0.303417 0.000000 0.000000 0.000000 0.000000 0.000000 0.000000 0.000000
 0.000000 0.000000 0.000000 0.000000 0.000000 0.000000 0.000000 0.000000 0.000000 0.000000 0.000000 0.299585 0.000000 0.000000 0.000000 0.000000 0.000000 0.357637 0.342778 0.000000
 0.000000 0.000000 0.000000 0.492624 0.000000 0.000000 0.491900 0.000000 0.010999 0.000000 0.004477 0.000000 0.000000 0.000000 0.000000 0.000000 0.000000 0.000000 0.000000 0.000000
 0.000000 0.000000 0.335260 0.000001 0.000000 0.360813 0.000000 0.000000 0.000000 0.000000 0.303926 0.000000 0.000000 0.000000 0.000000 0.000000 0.000000 0.000000 0.000000 0.000000
 0.000000 0.000000 0.000000 0.000000 0.000000 0.000000 0.000000 0.000000 0.000000 0.000000 0.000000 0.000000 0.000000 0.498839 0.000000 0.000000 0.499434 0.000000 0.001727 0.000000
 0.000000 0.000000 0.000000 0.310139 0.000000 0.007832 0.000000 0.000000 0.000000 0.000001 0.011426 0.000000 0.350823 0.000000 0.000000 0.000000 0.000000 0.319778 0.000000 0.000000
 0.286460 0.000000 0.234195 0.000000 0.000000 0.000000 0.000000 0.000000 0.000001 0.000000 0.281039 0.044225 0.153774 0.000000 0.000306 0.000000 0.000000 0.000000 0.000000 0.000000
 0.000000 0.000000 0.173250 0.038968 0.000000 0.002607 0.241294 0.000000 0.009345 0.269768 0.000000 0.000000 0.264768 0.000000 0.000000 0.000000 0.000000 0.000000 0.000000 0.000000
 0.004039 0.000000 0.000000 0.000000 0.289208 0.000000 0.000000 0.000000 0.000000 0.051083 0.000000 0.000000 0.001620 0.000000 0.345233 0.000000 0.000000 0.308818 0.000000 0.000000
 0.000000 0.000000 0.000000 0.264848 0.000000 0.000000 0.000000 0.000000 0.301044 0.154881 0.277815 0.001413 0.000000 0.000000 0.000000 0.000000 0.000000 0.000000 0.000000 0.000000
 0.000000 0.000001 0.000000 0.000000 0.000000 0.000000 0.000000 0.497447 0.000000 0.000000 0.000000 0.000000 0.000000 0.000000 0.000000 0.498040 0.004512 0.000000 0.000000 0.000000
 0.467123 0.000000 0.000000 0.000000 0.000000 0.000000 0.000000 0.000000 0.000000 0.000479 0.000000 0.467149 0.000000 0.000000 0.000000 0.000000 0.000000 0.000000 0.065250 0.000000
 0.000000 0.000000 0.000000 0.000000 0.000000 0.000000 0.000000 0.000000 0.000000 0.000000 0.000000 0.000000 0.000000 0.500000 0.000000 0.000000 0.000000 0.000000 0.500000 0.000000
 0.000000 0.497734 0.000000 0.000000 0.000000 0.000000 0.000000 0.497757 0.000000 0.000000 0.000000 0.000000 0.000000 0.004509 0.000000 0.000000 0.000000 0.000000 0.000000 0.000000
 0.000000 0.000000 0.000000 0.000000 0.356383 0.000000 0.000000 0.000000 0.324841 0.000000 0.000000 0.318776 0.000000 0.000000 0.000000 0.000000 0.000000 0.000000 0.000000 0.000000
 0.275131 0.000000 0.000000 0.000000 0.330586 0.000000 0.000000 0.001193 0.000000 0.000000 0.000000 0.000000 0.000000 0.000000 0.048174 0.344917 0.000000 0.000000 0.000000 0.000000
 0.000000 0.499998 0.500002 0.000000 0.000000 0.000000 0.000000 0.000000 0.000000 0.000000 0.000000 0.000000 0.000000 0.000000 0.000000 0.000000 0.000000 0.000000 0.000000 0.000000
the mean of prob-rank is 1.736842105263158
the number of false negetive edges is 0
the number of probability greater than 0 is 4.1/edge
