20
 0.000000 0.000000 0.000000 0.000000 0.000000 0.000000 0.225539 0.000000 0.000000 0.065210 0.000000 0.000000 0.000000 0.000000 0.000000 0.001585 0.000000 0.000000 0.358329 0.349338
 0.000000 0.000000 0.000000 0.000000 0.000000 0.176749 0.000000 0.000000 0.000000 0.000001 0.000000 0.255945 0.000000 0.018843 0.000000 0.292319 0.000000 0.000000 0.000000 0.256143
 0.000000 0.000000 0.000000 0.497902 0.000000 0.000000 0.000000 0.000000 0.497891 0.000000 0.000000 0.000000 0.004207 0.000000 0.000000 0.000000 0.000000 0.000000 0.000000 0.000000
 0.000000 0.000000 0.500026 0.000000 0.000000 0.000000 0.000000 0.000000 0.000000 0.000000 0.000000 0.000000 0.000000 0.000000 0.000000 0.000000 0.000000 0.499974 0.000000 0.000000
 0.000000 0.000000 0.000000 0.000000 0.000000 0.000000 0.441186 0.000000 0.003122 0.114393 0.000000 0.000000 0.000000 0.000000 0.000000 0.000000 0.441299 0.000000 0.000000 0.000000
 0.000000 0.232900 0.000000 0.000000 0.000000 0.000000 0.000000 0.000000 0.000000 0.389785 0.012696 0.000000 0.000000 0.000000 0.000000 0.364619 0.000000 0.000000 0.000000 0.000000
 0.240141 0.000000 0.000000 0.000000 0.381371 0.000000 0.000000 0.000000 0.000000 0.378488 0.000000 0.000000 0.000000 0.000000 0.000000 0.000000 0.000000 0.000000 0.000000 0.000000
 0.000000 0.000000 0.000000 0.000000 0.000000 0.000000 0.000000 0.000000 0.000000 0.000000 0.000000 0.497856 0.000000 0.497855 0.000000 0.000000 0.000000 0.000000 0.004289 0.000000
 0.000000 0.000000 0.498232 0.000000 0.003524 0.000000 0.000000 0.000000 0.000000 0.000000 0.000000 0.000000 0.000000 0.000000 0.000000 0.000000 0.498244 0.000000 0.000000 0.000000
 0.051501 0.000001 0.000000 0.000000 0.073347 0.282910 0.280742 0.000000 0.000000 0.000000 0.000000 0.000000 0.000000 0.000000 0.000000 0.168953 0.028691 0.000000 0.000000 0.113855
 0.000000 0.000000 0.000000 0.000000 0.000000 0.016020 0.000000 0.000000 0.000000 0.000000 0.000000 0.000000 0.491999 0.491980 0.000000 0.000000 0.000000 0.000000 0.000000 0.000000
 0.000000 0.287333 0.000000 0.000000 0.000000 0.000000 0.000000 0.332190 0.000000 0.000000 0.000000 0.000000 0.000000 0.000000 0.000000 0.000000 0.000000 0.000000 0.303343 0.077135
 0.000000 0.000000 0.004206 0.000000 0.000000 0.000000 0.000000 0.000000 0.000000 0.000000 0.497785 0.000000 0.000000 0.000248 0.497761 0.000000 0.000000 0.000000 0.000000 0.000000
 0.000000 0.030758 0.000000 0.000000 0.000000 0.000000 0.000000 0.483005 0.000000 0.000000 0.482987 0.000000 0.000241 0.000000 0.003009 0.000000 0.000000 0.000000 0.000000 0.000000
 0.000000 0.000000 0.000000 0.000000 0.000000 0.000000 0.000000 0.000000 0.000000 0.000000 0.000000 0.000000 0.498436 0.003105 0.000000 0.000000 0.000000 0.498459 0.000000 0.000000
 0.001314 0.293370 0.000000 0.000000 0.000000 0.277707 0.000000 0.000000 0.000000 0.177293 0.000000 0.000000 0.000000 0.000000 0.000000 0.000000 0.000000 0.000000 0.000000 0.250317
 0.000000 0.000000 0.000000 0.000000 0.475837 0.000000 0.000000 0.000000 0.475913 0.048250 0.000000 0.000000 0.000000 0.000000 0.000000 0.000000 0.000000 0.000000 0.000000 0.000000
 0.000000 0.000000 0.000000 0.499973 0.000000 0.000000 0.000000 0.000000 0.000000 0.000000 0.000000 0.000000 0.000000 0.000000 0.500027 0.000000 0.000000 0.000000 0.000000 0.000000
 0.364692 0.000000 0.000000 0.000000 0.000000 0.000000 0.000000 0.003141 0.000000 0.000000 0.000000 0.333023 0.000000 0.000000 0.000000 0.000000 0.000000 0.000000 0.000000 0.299144
 0.235585 0.209179 0.000000 0.000000 0.000000 0.000000 0.000000 0.000000 0.000000 0.097220 0.000000 0.056111 0.000000 0.000000 0.000000 0.203689 0.000000 0.000000 0.198216 0.000000
the mean of prob-rank is 1.5789473684210527
the number of false negetive edges is 0
the number of probability greater than 0 is 3.9/edge
