20
 0.000000 0.000000 0.000000 0.000000 0.495648 0.000000 0.000000 0.000165 0.000000 0.495714 0.000000 0.000000 0.000000 0.000000 0.000000 0.000000 0.008474 0.000000 0.000000 0.000000
 0.000000 0.000000 0.000000 0.000000 0.000000 0.000000 0.000000 0.000000 0.376885 0.000000 0.000000 0.000000 0.000000 0.000000 0.339497 0.283600 0.000018 0.000000 0.000000 0.000000
 0.000000 0.000000 0.000000 0.000000 0.000000 0.000000 0.000000 0.000000 0.000000 0.000000 0.000000 0.010885 0.494599 0.000000 0.000000 0.000000 0.000000 0.494516 0.000000 0.000000
 0.000000 0.000000 0.000000 0.000000 0.000000 0.000000 0.000000 0.000000 0.000000 0.000000 0.500000 0.000000 0.000000 0.000000 0.000000 0.000000 0.500000 0.000000 0.000000 0.000000
 0.475588 0.000000 0.000000 0.000000 0.000000 0.472033 0.030138 0.000099 0.000000 0.000093 0.000000 0.000000 0.000000 0.000000 0.000000 0.000000 0.000000 0.000000 0.022049 0.000000
 0.000000 0.000000 0.000000 0.000000 0.340375 0.000000 0.000000 0.000000 0.314192 0.042271 0.000000 0.000001 0.000000 0.000000 0.000000 0.000000 0.000000 0.000000 0.303161 0.000000
 0.000000 0.000000 0.000000 0.000000 0.030709 0.000000 0.000000 0.484635 0.000000 0.000000 0.000000 0.000000 0.000000 0.484656 0.000000 0.000000 0.000000 0.000000 0.000000 0.000000
 0.000166 0.000000 0.000000 0.000000 0.000104 0.000000 0.499854 0.000000 0.000000 0.000000 0.499876 0.000000 0.000000 0.000000 0.000000 0.000000 0.000000 0.000000 0.000000 0.000000
 0.000000 0.359917 0.000000 0.000000 0.000000 0.329706 0.000000 0.000000 0.000000 0.000000 0.000000 0.000000 0.000000 0.000000 0.000086 0.081207 0.000042 0.000000 0.229041 0.000000
 0.470946 0.000000 0.000000 0.000000 0.000092 0.058041 0.000000 0.000000 0.000000 0.000000 0.000000 0.000000 0.000000 0.000000 0.000000 0.000000 0.470920 0.000000 0.000000 0.000000
 0.000000 0.000000 0.000000 0.500000 0.000000 0.000000 0.000000 0.500000 0.000000 0.000000 0.000000 0.000000 0.000000 0.000000 0.000000 0.000000 0.000000 0.000000 0.000000 0.000000
 0.000000 0.000000 0.008942 0.000000 0.000000 0.000001 0.000000 0.000000 0.000000 0.000000 0.000000 0.000000 0.000000 0.000000 0.218174 0.018667 0.000000 0.405575 0.348641 0.000000
 0.000000 0.000000 0.500000 0.000000 0.000000 0.000000 0.000000 0.000000 0.000000 0.000000 0.000000 0.000000 0.000000 0.000000 0.000000 0.000000 0.000000 0.000000 0.000000 0.500000
 0.000000 0.000000 0.000000 0.000000 0.000000 0.000000 0.500000 0.000000 0.000000 0.000000 0.000000 0.000000 0.000000 0.000000 0.000000 0.000000 0.000000 0.000000 0.000000 0.500000
 0.000000 0.280896 0.000000 0.000000 0.000000 0.000000 0.000000 0.000000 0.000075 0.000000 0.000000 0.167443 0.000000 0.000000 0.000000 0.311810 0.000000 0.204381 0.035396 0.000000
 0.000000 0.250765 0.000000 0.000000 0.000000 0.000000 0.000000 0.000000 0.075189 0.000000 0.000000 0.015311 0.000000 0.000000 0.333227 0.000000 0.000000 0.000000 0.325508 0.000000
 0.008474 0.000024 0.000000 0.495736 0.000000 0.000000 0.000000 0.000000 0.000058 0.495708 0.000000 0.000000 0.000000 0.000000 0.000000 0.000000 0.000000 0.000000 0.000000 0.000000
 0.000000 0.000000 0.376805 0.000000 0.000000 0.000000 0.000000 0.000000 0.000000 0.000000 0.000000 0.376188 0.000000 0.000000 0.247007 0.000000 0.000000 0.000000 0.000000 0.000000
 0.000000 0.000000 0.000000 0.000000 0.013188 0.251466 0.000000 0.000000 0.181046 0.000000 0.000000 0.244119 0.000000 0.000000 0.032293 0.277889 0.000000 0.000000 0.000000 0.000000
 0.000000 0.000000 0.000000 0.000000 0.000000 0.000000 0.000000 0.000000 0.000000 0.000000 0.000000 0.000000 0.500000 0.500000 0.000000 0.000000 0.000000 0.000000 0.000000 0.000000
the mean of prob-rank is 1.5789473684210527
the number of false negetive edges is 0
the number of probability greater than 0 is 3.9/edge
