20
 0.000000 0.000000 0.000000 0.000000 0.000000 0.000000 0.188845 0.406114 0.000000 0.405041 0.000000 0.000000 0.000000 0.000000 0.000000 0.000000 0.000000 0.000000 0.000000 0.000000
 0.000000 0.000000 0.412962 0.179499 0.000000 0.407539 0.000000 0.000000 0.000000 0.000000 0.000000 0.000000 0.000000 0.000000 0.000000 0.000000 0.000000 0.000000 0.000000 0.000000
 0.000000 0.500000 0.000000 0.000000 0.000000 0.000000 0.000000 0.000000 0.000000 0.000000 0.000000 0.000000 0.000000 0.000000 0.000000 0.000000 0.500000 0.000000 0.000000 0.000000
 0.000000 0.179137 0.000000 0.000000 0.000000 0.412128 0.000000 0.000000 0.408735 0.000000 0.000000 0.000000 0.000000 0.000000 0.000000 0.000000 0.000000 0.000000 0.000000 0.000000
 0.000000 0.000000 0.000000 0.000000 0.000000 0.000000 0.000000 0.500002 0.000000 0.000008 0.000000 0.000000 0.000000 0.000000 0.000000 0.499990 0.000000 0.000000 0.000000 0.000000
 0.000000 0.405506 0.000000 0.410901 0.000000 0.000000 0.000000 0.000000 0.183592 0.000000 0.000000 0.000000 0.000000 0.000001 0.000000 0.000000 0.000000 0.000000 0.000000 0.000000
 0.190628 0.000000 0.000000 0.000000 0.000000 0.000000 0.000000 0.000000 0.000000 0.389123 0.000000 0.000000 0.409200 0.000000 0.000000 0.000000 0.000000 0.000000 0.011047 0.000000
 0.500000 0.000000 0.000000 0.000000 0.500000 0.000000 0.000000 0.000000 0.000000 0.000000 0.000000 0.000000 0.000000 0.000000 0.000000 0.000000 0.000000 0.000000 0.000000 0.000000
 0.000000 0.000000 0.000000 0.406701 0.000000 0.183223 0.000000 0.000000 0.000000 0.000000 0.000000 0.000000 0.000000 0.410076 0.000000 0.000000 0.000000 0.000000 0.000000 0.000000
 0.355747 0.000000 0.000000 0.000000 0.000006 0.000000 0.338570 0.000000 0.000000 0.000000 0.070813 0.000000 0.000000 0.005376 0.000000 0.000624 0.000000 0.000000 0.228864 0.000000
 0.000000 0.000000 0.000000 0.000000 0.000000 0.000000 0.000000 0.000000 0.000000 0.090317 0.000000 0.000000 0.000000 0.454880 0.000000 0.454802 0.000000 0.000000 0.000000 0.000000
 0.000000 0.000000 0.000000 0.000000 0.000000 0.000000 0.000000 0.000000 0.000000 0.000000 0.000000 0.000000 0.000740 0.000000 0.000000 0.000000 0.000000 0.000000 0.499625 0.499635
 0.000000 0.000000 0.000000 0.000000 0.000000 0.000000 0.501092 0.000000 0.000000 0.000000 0.000000 0.000744 0.000000 0.000000 0.000000 0.000000 0.000000 0.000000 0.498069 0.000095
 0.000000 0.000000 0.000000 0.000000 0.000000 0.000002 0.000000 0.000000 0.496288 0.007480 0.496230 0.000000 0.000000 0.000000 0.000000 0.000000 0.000000 0.000000 0.000000 0.000000
 0.000000 0.000000 0.000000 0.000000 0.000000 0.000000 0.000000 0.000000 0.000000 0.000000 0.000000 0.000000 0.000000 0.000000 0.000000 0.000000 0.000000 0.500000 0.000000 0.500000
 0.000000 0.000000 0.000000 0.000000 0.499630 0.000000 0.000000 0.000000 0.000000 0.000874 0.499496 0.000000 0.000000 0.000000 0.000000 0.000000 0.000000 0.000000 0.000000 0.000000
 0.000000 0.000000 0.500000 0.000000 0.000000 0.000000 0.000000 0.000000 0.000000 0.000000 0.000000 0.000000 0.000000 0.000000 0.000000 0.000000 0.000000 0.500000 0.000000 0.000000
 0.000000 0.000000 0.000000 0.000000 0.000000 0.000000 0.000000 0.000000 0.000000 0.000000 0.000000 0.000000 0.000000 0.000000 0.500000 0.000000 0.500000 0.000000 0.000000 0.000000
 0.000000 0.000000 0.000000 0.000000 0.000000 0.000000 0.010128 0.000000 0.000000 0.241152 0.000000 0.375829 0.372891 0.000000 0.000000 0.000000 0.000000 0.000000 0.000000 0.000000
 0.000000 0.000000 0.000000 0.000000 0.000000 0.000000 0.000000 0.000000 0.000000 0.000000 0.000000 0.499949 0.000095 0.000000 0.499956 0.000000 0.000000 0.000000 0.000000 0.000000
the mean of prob-rank is 1.6842105263157894
the number of false negetive edges is 0
the number of probability greater than 0 is 3.2/edge
