20
 0.000000 0.499997 0.000000 0.000000 0.000005 0.000000 0.000000 0.000000 0.499997 0.000000 0.000000 0.000000 0.000000 0.000000 0.000000 0.000000 0.000000 0.000000 0.000000 0.000000
 0.499995 0.000000 0.000000 0.000000 0.000000 0.499995 0.000000 0.000000 0.000000 0.000000 0.000000 0.000000 0.000000 0.000000 0.000011 0.000000 0.000000 0.000000 0.000000 0.000000
 0.000000 0.000000 0.000000 0.000000 0.000000 0.000000 0.000000 0.500000 0.000000 0.000000 0.000000 0.000000 0.000000 0.000000 0.000000 0.000000 0.000000 0.000000 0.500000 0.000000
 0.000000 0.000000 0.000000 0.000000 0.021749 0.000000 0.000000 0.000000 0.005421 0.489573 0.000000 0.000000 0.000000 0.000000 0.000000 0.000000 0.483258 0.000000 0.000000 0.000000
 0.000005 0.000000 0.000000 0.021742 0.000000 0.000000 0.000000 0.000000 0.489431 0.000000 0.000000 0.000000 0.000000 0.000000 0.000000 0.000000 0.488822 0.000000 0.000000 0.000000
 0.000000 0.500000 0.000000 0.000000 0.000000 0.000000 0.000000 0.000000 0.000000 0.000000 0.000000 0.000000 0.000000 0.000000 0.500000 0.000000 0.000000 0.000000 0.000000 0.000000
 0.000000 0.000000 0.000000 0.000000 0.000000 0.000000 0.000000 0.499623 0.000000 0.000000 0.000000 0.000735 0.000000 0.000000 0.000000 0.499633 0.000000 0.000009 0.000000 0.000000
 0.000000 0.000000 0.500003 0.000000 0.000000 0.000000 0.499993 0.000000 0.000000 0.000000 0.000000 0.000000 0.000000 0.000000 0.000000 0.000004 0.000000 0.000000 0.000000 0.000000
 0.497247 0.000000 0.000000 0.005506 0.497247 0.000000 0.000000 0.000000 0.000000 0.000000 0.000000 0.000000 0.000000 0.000000 0.000000 0.000000 0.000000 0.000000 0.000000 0.000000
 0.000000 0.000000 0.000000 0.339352 0.000000 0.000000 0.000000 0.000000 0.000000 0.000000 0.000000 0.000000 0.314078 0.000000 0.000000 0.000000 0.180013 0.000000 0.000000 0.166558
 0.000000 0.000000 0.000000 0.000000 0.000000 0.000000 0.000000 0.000000 0.000000 0.000000 0.000000 0.250420 0.373833 0.000000 0.000000 0.000000 0.000000 0.000005 0.000000 0.375741
 0.000000 0.000000 0.000000 0.000000 0.000000 0.000000 0.000436 0.000000 0.000000 0.000000 0.197038 0.000000 0.255134 0.000000 0.000000 0.179764 0.000000 0.289909 0.000000 0.077718
 0.000000 0.000000 0.000000 0.000000 0.000000 0.000000 0.000000 0.000000 0.000000 0.333273 0.356955 0.309616 0.000000 0.000000 0.000000 0.000000 0.000000 0.000000 0.000000 0.000156
 0.000000 0.000000 0.000000 0.000000 0.000000 0.000000 0.000000 0.000000 0.000000 0.000000 0.000000 0.000000 0.000000 0.000000 0.500000 0.000000 0.000000 0.000000 0.500000 0.000000
 0.000000 0.000011 0.000000 0.000000 0.000000 0.499995 0.000000 0.000000 0.000000 0.000000 0.000000 0.000000 0.000000 0.499995 0.000000 0.000000 0.000000 0.000000 0.000000 0.000000
 0.000000 0.000000 0.000000 0.000000 0.000000 0.000000 0.394440 0.000003 0.000000 0.000000 0.000000 0.238960 0.000000 0.000000 0.000000 0.000000 0.000000 0.366597 0.000000 0.000000
 0.000000 0.000000 0.000000 0.350345 0.354481 0.000000 0.000000 0.000000 0.000000 0.188273 0.000000 0.000000 0.000000 0.000000 0.000000 0.000000 0.000000 0.086943 0.000000 0.019959
 0.000000 0.000000 0.000000 0.000000 0.000000 0.000000 0.000006 0.000000 0.000000 0.000000 0.000004 0.311206 0.000000 0.000000 0.000000 0.296042 0.078027 0.000000 0.000000 0.314716
 0.000000 0.000000 0.500000 0.000000 0.000000 0.000000 0.000000 0.000000 0.000000 0.000000 0.000000 0.000000 0.000000 0.500000 0.000000 0.000000 0.000000 0.000000 0.000000 0.000000
 0.000000 0.000000 0.000000 0.000000 0.000000 0.000000 0.000000 0.000000 0.000000 0.175681 0.356631 0.093750 0.000155 0.000000 0.000000 0.000000 0.020128 0.353656 0.000000 0.000000
the mean of prob-rank is 1.9473684210526316
the number of false negetive edges is 0
the number of probability greater than 0 is 3.7/edge
