20
 0.000000 0.486854 0.000000 0.000000 0.000000 0.000000 0.000000 0.000000 0.000000 0.002665 0.000000 0.000000 0.000000 0.023509 0.000000 0.486972 0.000000 0.000000 0.000000 0.000000
 0.497528 0.000000 0.000000 0.000000 0.000000 0.000000 0.002288 0.000000 0.000000 0.000000 0.000000 0.000014 0.000000 0.497505 0.000000 0.002664 0.000000 0.000000 0.000000 0.000000
 0.000000 0.000000 0.000000 0.000000 0.000000 0.000000 0.000000 0.500000 0.000000 0.500000 0.000000 0.000000 0.000000 0.000000 0.000000 0.000000 0.000000 0.000000 0.000000 0.000000
 0.000000 0.000000 0.000000 0.000000 0.000000 0.000000 0.000000 0.000000 0.000000 0.000000 0.000000 0.000747 0.491759 0.000000 0.000000 0.000000 0.491765 0.015729 0.000000 0.000000
 0.000000 0.000000 0.000000 0.000000 0.000000 0.000000 0.000000 0.000000 0.000000 0.000000 0.500000 0.500000 0.000000 0.000000 0.000000 0.000000 0.000000 0.000000 0.000000 0.000000
 0.000000 0.000000 0.000000 0.000000 0.000000 0.000000 0.000000 0.000000 0.499666 0.000000 0.000000 0.000000 0.000000 0.000000 0.499655 0.000679 0.000000 0.000000 0.000000 0.000000
 0.000000 0.002294 0.000000 0.000000 0.000000 0.000000 0.000000 0.000000 0.000000 0.000000 0.000000 0.498861 0.000000 0.000000 0.000000 0.000000 0.498845 0.000000 0.000000 0.000000
 0.000000 0.000000 0.500001 0.000000 0.000000 0.000000 0.000000 0.000000 0.000000 0.000000 0.499998 0.000000 0.000000 0.000001 0.000000 0.000000 0.000000 0.000000 0.000000 0.000000
 0.000000 0.000000 0.000000 0.000000 0.000000 0.499988 0.000000 0.000000 0.000000 0.000000 0.000000 0.000000 0.000000 0.000000 0.000035 0.499977 0.000000 0.000000 0.000000 0.000000
 0.002730 0.000000 0.498728 0.000000 0.000000 0.000000 0.000000 0.000000 0.000000 0.000000 0.000000 0.000000 0.000000 0.498542 0.000000 0.000000 0.000000 0.000000 0.000000 0.000000
 0.000000 0.000000 0.000000 0.000000 0.500001 0.000000 0.000000 0.499999 0.000000 0.000000 0.000000 0.000000 0.000000 0.000000 0.000000 0.000000 0.000000 0.000000 0.000000 0.000000
 0.000000 0.000014 0.000000 0.000759 0.499437 0.000000 0.499424 0.000000 0.000000 0.000000 0.000000 0.000000 0.000000 0.000000 0.000000 0.000000 0.000367 0.000000 0.000000 0.000000
 0.000000 0.000000 0.000000 0.489305 0.000000 0.000000 0.000000 0.000000 0.000000 0.000000 0.000000 0.000000 0.000000 0.000000 0.000000 0.000000 0.000000 0.489314 0.000000 0.021381
 0.023576 0.488231 0.000000 0.000000 0.000000 0.000000 0.000000 0.000001 0.000000 0.488192 0.000000 0.000000 0.000000 0.000000 0.000000 0.000000 0.000000 0.000000 0.000000 0.000000
 0.000000 0.000000 0.000000 0.000000 0.000000 0.499977 0.000000 0.000000 0.000035 0.000000 0.000000 0.000000 0.000000 0.000000 0.000000 0.000000 0.000000 0.000000 0.499988 0.000000
 0.498326 0.002668 0.000000 0.000000 0.000000 0.000677 0.000000 0.000000 0.498318 0.000000 0.000000 0.000000 0.000000 0.000000 0.000000 0.000000 0.000010 0.000000 0.000000 0.000000
 0.000000 0.000000 0.000000 0.499824 0.000000 0.000000 0.499798 0.000000 0.000000 0.000000 0.000000 0.000367 0.000000 0.000000 0.000000 0.000010 0.000000 0.000000 0.000000 0.000000
 0.000000 0.000000 0.000000 0.015742 0.000000 0.000000 0.000000 0.000000 0.000000 0.000000 0.000000 0.000000 0.492173 0.000000 0.000000 0.000000 0.000000 0.000000 0.000000 0.492085
 0.000000 0.000000 0.000000 0.000000 0.000000 0.000000 0.000000 0.000000 0.000000 0.000000 0.000000 0.000000 0.000000 0.000000 0.500000 0.000000 0.000000 0.000000 0.000000 0.500000
 0.000000 0.000000 0.000000 0.000000 0.000000 0.000000 0.000000 0.000000 0.000000 0.000000 0.000000 0.000000 0.021383 0.000000 0.000000 0.000000 0.000000 0.489265 0.489352 0.000000
the mean of prob-rank is 1.5263157894736843
the number of false negetive edges is 0
the number of probability greater than 0 is 3.2/edge
