20
 0.000000 0.301571 0.000000 0.000000 0.000000 0.000000 0.283817 0.000000 0.000000 0.000000 0.067020 0.000000 0.000000 0.000000 0.000000 0.347592 0.000000 0.000000 0.000000 0.000000
 0.287136 0.000000 0.000000 0.000000 0.000000 0.057724 0.000065 0.000000 0.000000 0.000000 0.326043 0.000000 0.000000 0.000000 0.000000 0.000001 0.000000 0.000000 0.000000 0.329030
 0.000000 0.000000 0.000000 0.000864 0.000000 0.000000 0.000014 0.450663 0.451475 0.000000 0.000000 0.000000 0.000000 0.000000 0.000000 0.000000 0.096984 0.000000 0.000000 0.000000
 0.000000 0.000000 0.000862 0.000000 0.000000 0.000000 0.000000 0.097899 0.000000 0.000000 0.000000 0.000000 0.000000 0.000000 0.000000 0.000000 0.450518 0.000000 0.450720 0.000000
 0.000000 0.000000 0.000000 0.000000 0.000000 0.000000 0.000000 0.000000 0.000000 0.500000 0.000000 0.000000 0.000000 0.000000 0.500000 0.000000 0.000000 0.000000 0.000000 0.000000
 0.000000 0.080255 0.000000 0.000000 0.000000 0.000000 0.000000 0.000000 0.000000 0.000000 0.000000 0.000000 0.459615 0.000000 0.000000 0.000000 0.000000 0.000000 0.000000 0.460131
 0.217285 0.000053 0.000008 0.000000 0.000000 0.000000 0.000000 0.054132 0.239858 0.000000 0.258787 0.000000 0.000000 0.000000 0.000000 0.229877 0.000000 0.000000 0.000000 0.000000
 0.000000 0.000000 0.412680 0.089797 0.000000 0.000000 0.084099 0.000000 0.000000 0.000000 0.000000 0.000000 0.000000 0.000000 0.000000 0.000000 0.413423 0.000000 0.000000 0.000000
 0.000000 0.000000 0.374248 0.000000 0.000000 0.000000 0.337328 0.000000 0.000000 0.000000 0.000000 0.000000 0.000000 0.000000 0.000000 0.288424 0.000000 0.000000 0.000000 0.000000
 0.000000 0.000000 0.000000 0.000000 0.499987 0.000000 0.000000 0.000000 0.000000 0.000000 0.000027 0.000000 0.000000 0.000000 0.000000 0.000000 0.000000 0.499986 0.000000 0.000000
 0.056830 0.290371 0.000000 0.000000 0.000000 0.000000 0.286634 0.000000 0.000000 0.000016 0.000000 0.000000 0.000000 0.206093 0.000000 0.000000 0.000000 0.138739 0.000000 0.021317
 0.000000 0.000000 0.000000 0.000000 0.000000 0.000000 0.000000 0.000000 0.000000 0.000000 0.000000 0.000000 0.000000 0.000000 0.500000 0.000000 0.000000 0.000000 0.500000 0.000000
 0.000000 0.000000 0.000000 0.000000 0.000000 0.466783 0.000000 0.000000 0.000000 0.000000 0.000000 0.000000 0.000000 0.467307 0.000000 0.000000 0.000000 0.000000 0.000000 0.065910
 0.000000 0.000000 0.000000 0.000000 0.000000 0.000000 0.000000 0.000000 0.000000 0.000000 0.260511 0.000000 0.372569 0.000000 0.000000 0.000000 0.000000 0.366834 0.000000 0.000086
 0.000000 0.000000 0.000000 0.000000 0.500000 0.000000 0.000000 0.000000 0.000000 0.000000 0.000000 0.500000 0.000000 0.000000 0.000000 0.000000 0.000000 0.000000 0.000000 0.000000
 0.379576 0.000001 0.000000 0.000000 0.000000 0.000000 0.327893 0.000000 0.292529 0.000000 0.000000 0.000000 0.000000 0.000000 0.000000 0.000000 0.000000 0.000000 0.000000 0.000000
 0.000000 0.000000 0.097010 0.451392 0.000000 0.000000 0.000000 0.451597 0.000000 0.000000 0.000000 0.000000 0.000000 0.000000 0.000000 0.000000 0.000000 0.000000 0.000000 0.000000
 0.000000 0.000000 0.000000 0.000000 0.000000 0.000000 0.000000 0.000000 0.000000 0.407279 0.191711 0.000000 0.000000 0.401010 0.000000 0.000000 0.000000 0.000000 0.000000 0.000000
 0.000000 0.000000 0.000000 0.499999 0.000000 0.000000 0.000000 0.000000 0.000000 0.000000 0.000000 0.500001 0.000000 0.000000 0.000000 0.000000 0.000000 0.000000 0.000000 0.000000
 0.000000 0.450310 0.000000 0.000000 0.000000 0.452943 0.000000 0.000000 0.000000 0.000000 0.032758 0.000000 0.063884 0.000104 0.000000 0.000000 0.000000 0.000000 0.000000 0.000000
the mean of prob-rank is 1.6842105263157894
the number of false negetive edges is 0
the number of probability greater than 0 is 3.8/edge
