20
 0.000000 0.000000 0.016221 0.000000 0.418988 0.000000 0.000000 0.000000 0.013927 0.000000 0.046470 0.000000 0.000000 0.419048 0.000000 0.000000 0.000000 0.000000 0.000000 0.085347
 0.000000 0.000000 0.277728 0.000000 0.000000 0.000000 0.000000 0.000000 0.288290 0.130237 0.000000 0.000000 0.000000 0.000000 0.000000 0.000000 0.303745 0.000000 0.000000 0.000000
 0.010436 0.246605 0.000000 0.000000 0.003363 0.000000 0.000000 0.000000 0.066432 0.239016 0.000000 0.000001 0.000000 0.184998 0.239579 0.000000 0.009206 0.000000 0.000000 0.000364
 0.000000 0.000000 0.000000 0.000000 0.097210 0.088199 0.000000 0.000000 0.000000 0.000000 0.000000 0.000000 0.409118 0.000000 0.000000 0.000000 0.000000 0.000000 0.000000 0.405473
 0.278614 0.000000 0.003476 0.066235 0.000000 0.000000 0.000000 0.000000 0.000001 0.000000 0.241407 0.000000 0.005694 0.184940 0.000000 0.000000 0.000000 0.000000 0.000000 0.219631
 0.000000 0.000000 0.000000 0.073083 0.000000 0.000000 0.000000 0.339014 0.000000 0.000000 0.000000 0.000000 0.253306 0.000000 0.000000 0.000961 0.000000 0.332835 0.000800 0.000000
 0.000000 0.000000 0.000000 0.000000 0.000000 0.000000 0.000000 0.000000 0.000000 0.000000 0.000000 0.372033 0.000000 0.000000 0.000000 0.000000 0.000000 0.300579 0.327389 0.000000
 0.000000 0.000000 0.000000 0.000000 0.000000 0.499751 0.000000 0.000000 0.000000 0.000000 0.000000 0.000000 0.000000 0.000000 0.000126 0.499591 0.000000 0.000512 0.000020 0.000000
 0.010025 0.286409 0.074327 0.000000 0.000001 0.000000 0.000000 0.000000 0.000000 0.000000 0.300172 0.000000 0.000000 0.127199 0.000000 0.000000 0.201867 0.000000 0.000000 0.000000
 0.000000 0.132041 0.272909 0.000000 0.000000 0.000000 0.000000 0.000000 0.000000 0.000000 0.000000 0.307677 0.000000 0.000000 0.000000 0.000000 0.287373 0.000000 0.000000 0.000000
 0.039323 0.000000 0.000000 0.000000 0.307204 0.000000 0.000000 0.000000 0.352870 0.000000 0.000000 0.000000 0.299750 0.000845 0.000000 0.000000 0.000007 0.000000 0.000000 0.000000
 0.000000 0.000000 0.000002 0.000000 0.000000 0.000000 0.481824 0.000000 0.000000 0.481386 0.000000 0.000000 0.000000 0.000000 0.003454 0.000000 0.033329 0.000000 0.000005 0.000000
 0.000000 0.000000 0.000000 0.367001 0.007497 0.274226 0.000000 0.000000 0.000000 0.000000 0.310115 0.000000 0.000000 0.000000 0.000000 0.000000 0.000000 0.000000 0.000000 0.041160
 0.271806 0.000000 0.186510 0.000000 0.180395 0.000000 0.000000 0.000000 0.114615 0.000000 0.000648 0.000000 0.000000 0.000000 0.001682 0.000000 0.000000 0.000000 0.000000 0.244344
 0.000000 0.000000 0.317270 0.000000 0.000000 0.000000 0.000000 0.000090 0.000000 0.000000 0.000000 0.002560 0.000000 0.002209 0.000000 0.356234 0.000000 0.000000 0.321637 0.000000
 0.000000 0.000000 0.000000 0.000000 0.000000 0.001417 0.000000 0.499726 0.000000 0.000000 0.000000 0.000000 0.000000 0.000000 0.498571 0.000000 0.000000 0.000000 0.000286 0.000000
 0.000000 0.369622 0.012616 0.000000 0.000000 0.000000 0.000000 0.000000 0.247263 0.344923 0.000007 0.025568 0.000000 0.000000 0.000000 0.000000 0.000000 0.000000 0.000000 0.000000
 0.000000 0.000000 0.000000 0.000000 0.000000 0.352282 0.289905 0.000368 0.000000 0.000000 0.000000 0.000000 0.000000 0.000000 0.000000 0.000000 0.000000 0.000000 0.357445 0.000000
 0.000000 0.000000 0.000000 0.000000 0.000000 0.000849 0.316586 0.000015 0.000000 0.000000 0.000000 0.000004 0.000000 0.000000 0.323964 0.000206 0.000000 0.358377 0.000000 0.000000
 0.067984 0.000000 0.000451 0.330947 0.263095 0.000000 0.000000 0.000000 0.000000 0.000000 0.000000 0.000000 0.037450 0.300073 0.000000 0.000000 0.000000 0.000000 0.000000 0.000000
the mean of prob-rank is 1.7894736842105263
the number of false negetive edges is 0
the number of probability greater than 0 is 5.7/edge
