20
 0.000000 0.000000 0.017505 0.000000 0.000000 0.000000 0.000000 0.490806 0.000000 0.000000 0.000000 0.000000 0.491689 0.000000 0.000000 0.000000 0.000000 0.000000 0.000000 0.000000
 0.000000 0.000000 0.000000 0.000000 0.000000 0.000000 0.000000 0.000000 0.028992 0.000000 0.000001 0.485596 0.000000 0.000000 0.000000 0.485411 0.000000 0.000000 0.000000 0.000000
 0.017508 0.000000 0.000000 0.000000 0.490733 0.000000 0.000000 0.000000 0.000000 0.491759 0.000000 0.000000 0.000000 0.000000 0.000000 0.000000 0.000000 0.000000 0.000000 0.000000
 0.000000 0.000000 0.000000 0.000000 0.087288 0.000000 0.000000 0.000000 0.000000 0.343980 0.000000 0.000000 0.000000 0.000000 0.000000 0.000000 0.000000 0.000000 0.305799 0.262934
 0.000000 0.000000 0.324273 0.082460 0.000000 0.000000 0.008930 0.000000 0.000000 0.000000 0.007923 0.000000 0.000000 0.000000 0.318807 0.000000 0.000000 0.000000 0.257607 0.000000
 0.000000 0.000000 0.000000 0.000000 0.000000 0.000000 0.000000 0.000000 0.500000 0.000000 0.000000 0.000000 0.000000 0.000000 0.000000 0.000000 0.500000 0.000000 0.000000 0.000000
 0.000000 0.000000 0.000000 0.000000 0.012983 0.000000 0.000000 0.043755 0.000000 0.000000 0.470840 0.000000 0.472422 0.000000 0.000000 0.000000 0.000000 0.000000 0.000000 0.000000
 0.473504 0.000000 0.000000 0.000000 0.000000 0.000000 0.043934 0.000000 0.000000 0.000000 0.001691 0.000000 0.006556 0.000000 0.000000 0.000000 0.000000 0.474315 0.000000 0.000000
 0.000000 0.028995 0.000000 0.000000 0.000000 0.485638 0.000000 0.000000 0.000000 0.000000 0.000000 0.485367 0.000000 0.000000 0.000000 0.000000 0.000000 0.000000 0.000000 0.000000
 0.000000 0.000000 0.499997 0.500003 0.000000 0.000000 0.000000 0.000000 0.000000 0.000000 0.000000 0.000000 0.000000 0.000000 0.000000 0.000000 0.000000 0.000000 0.000000 0.000000
 0.000000 0.000001 0.000000 0.000000 0.011797 0.000000 0.482221 0.001725 0.000000 0.000000 0.000000 0.000000 0.000000 0.000000 0.483845 0.018390 0.000000 0.002022 0.000000 0.000000
 0.000000 0.495062 0.000000 0.000000 0.000000 0.000000 0.000000 0.000000 0.494785 0.000000 0.000000 0.000000 0.000000 0.000000 0.000000 0.010153 0.000000 0.000000 0.000000 0.000000
 0.496570 0.000000 0.000000 0.000000 0.000000 0.000000 0.496566 0.006864 0.000000 0.000000 0.000000 0.000000 0.000000 0.000000 0.000000 0.000000 0.000000 0.000000 0.000000 0.000000
 0.000000 0.000000 0.000000 0.000000 0.000000 0.000000 0.000000 0.000000 0.000000 0.000000 0.000000 0.000000 0.000000 0.000000 0.000000 0.488326 0.000000 0.000000 0.022745 0.488929
 0.000000 0.000000 0.000000 0.000000 0.362570 0.000000 0.000000 0.000000 0.000000 0.000000 0.369561 0.000000 0.000000 0.000000 0.000000 0.000000 0.000000 0.000000 0.267869 0.000000
 0.000000 0.485983 0.000000 0.000000 0.000000 0.000000 0.000000 0.000000 0.000000 0.000000 0.018478 0.009970 0.000000 0.485568 0.000000 0.000000 0.000000 0.000000 0.000000 0.000000
 0.000000 0.000000 0.000000 0.000000 0.000000 0.500000 0.000000 0.000000 0.000000 0.000000 0.000000 0.000000 0.000000 0.000000 0.000000 0.000000 0.000000 0.500000 0.000000 0.000000
 0.000000 0.000000 0.000000 0.000000 0.000000 0.000000 0.000000 0.498937 0.000000 0.000000 0.002085 0.000000 0.000000 0.000000 0.000000 0.000000 0.498978 0.000000 0.000000 0.000000
 0.000000 0.000000 0.000000 0.260985 0.232727 0.000000 0.000000 0.000000 0.000000 0.000000 0.000000 0.000000 0.000000 0.013657 0.212789 0.000000 0.000000 0.000000 0.000000 0.279842
 0.000000 0.000000 0.000000 0.281271 0.000000 0.000000 0.000000 0.000000 0.000000 0.000000 0.000000 0.000000 0.000000 0.367969 0.000000 0.000000 0.000000 0.000000 0.350761 0.000000
the mean of prob-rank is 1.631578947368421
the number of false negetive edges is 0
the number of probability greater than 0 is 3.5/edge
