20
 0.000000 0.499995 0.000009 0.000000 0.000000 0.000000 0.000000 0.000000 0.000000 0.000000 0.000000 0.000000 0.000000 0.499995 0.000000 0.000000 0.000000 0.000000 0.000000 0.000000
 0.499869 0.000000 0.000000 0.000000 0.000000 0.000000 0.000000 0.000000 0.000000 0.000000 0.499869 0.000000 0.000000 0.000003 0.000000 0.000000 0.000000 0.000000 0.000259 0.000000
 0.000008 0.000000 0.000000 0.000000 0.470003 0.000000 0.000000 0.000000 0.000000 0.000000 0.000000 0.000000 0.070696 0.459292 0.000000 0.000000 0.000000 0.000000 0.000000 0.000000
 0.000000 0.000000 0.000000 0.000000 0.000000 0.000000 0.000000 0.000000 0.000000 0.000000 0.000000 0.500013 0.000000 0.000000 0.000000 0.000000 0.000000 0.000000 0.499987 0.000000
 0.000000 0.000000 0.459750 0.000000 0.000000 0.000000 0.000000 0.000000 0.000000 0.000000 0.000000 0.000864 0.456247 0.083138 0.000000 0.000000 0.000000 0.000000 0.000000 0.000000
 0.000000 0.000000 0.000000 0.000000 0.000000 0.000000 0.385941 0.000000 0.000000 0.000000 0.000000 0.000000 0.000000 0.000000 0.181560 0.046717 0.000000 0.000000 0.000000 0.385782
 0.000000 0.000000 0.000000 0.000000 0.000000 0.464835 0.000000 0.000000 0.000000 0.000000 0.000000 0.000000 0.000000 0.000000 0.000003 0.000000 0.000000 0.465238 0.000000 0.069925
 0.000000 0.000000 0.000000 0.000000 0.000000 0.000000 0.000000 0.000000 0.499999 0.000000 0.000000 0.000000 0.500000 0.000001 0.000000 0.000000 0.000000 0.000000 0.000000 0.000000
 0.000000 0.000000 0.000000 0.000000 0.000000 0.000000 0.000000 0.500008 0.000000 0.000000 0.000000 0.000000 0.000007 0.000000 0.000000 0.000000 0.000000 0.499986 0.000000 0.000000
 0.000000 0.000000 0.000000 0.000000 0.000000 0.000000 0.000000 0.000000 0.000000 0.000000 0.000000 0.000000 0.000000 0.000000 0.000000 0.499997 0.500003 0.000000 0.000000 0.000000
 0.000000 0.500000 0.000000 0.000000 0.000000 0.000000 0.000000 0.000000 0.000000 0.000000 0.000000 0.000000 0.000000 0.000000 0.000000 0.000000 0.000000 0.000000 0.500000 0.000000
 0.000000 0.000000 0.000000 0.499794 0.000940 0.000000 0.000000 0.000000 0.000000 0.000000 0.000000 0.000000 0.000000 0.000000 0.499266 0.000000 0.000000 0.000000 0.000000 0.000000
 0.000000 0.000000 0.070175 0.000000 0.462986 0.000000 0.000000 0.466541 0.000006 0.000000 0.000000 0.000000 0.000000 0.000260 0.000000 0.000000 0.000000 0.000031 0.000000 0.000000
 0.463262 0.000003 0.452703 0.000000 0.083773 0.000000 0.000000 0.000001 0.000000 0.000000 0.000000 0.000000 0.000259 0.000000 0.000000 0.000000 0.000000 0.000000 0.000000 0.000000
 0.000000 0.000000 0.000000 0.000000 0.000000 0.190936 0.000002 0.000000 0.000000 0.000000 0.000000 0.405793 0.000000 0.000000 0.000000 0.403269 0.000000 0.000000 0.000000 0.000000
 0.000000 0.000000 0.000000 0.000000 0.000000 0.057220 0.000000 0.000000 0.000000 0.473107 0.000000 0.000000 0.000000 0.000000 0.469672 0.000000 0.000000 0.000000 0.000000 0.000000
 0.000000 0.000000 0.000000 0.000000 0.000000 0.000000 0.000000 0.000000 0.000000 0.500020 0.000000 0.000000 0.000000 0.000000 0.000000 0.000000 0.000000 0.000000 0.000000 0.499980
 0.000000 0.000000 0.000000 0.000000 0.000000 0.000000 0.499995 0.000000 0.499972 0.000000 0.000000 0.000000 0.000033 0.000000 0.000000 0.000000 0.000000 0.000000 0.000000 0.000000
 0.000000 0.000259 0.000000 0.499857 0.000000 0.000000 0.000000 0.000000 0.000000 0.000000 0.499884 0.000000 0.000000 0.000000 0.000000 0.000000 0.000000 0.000000 0.000000 0.000000
 0.000000 0.000000 0.000000 0.000000 0.000000 0.464751 0.069941 0.000000 0.000000 0.000000 0.000000 0.000000 0.000000 0.000000 0.000000 0.000000 0.465308 0.000000 0.000000 0.000000
the mean of prob-rank is 1.5263157894736843
the number of false negetive edges is 0
the number of probability greater than 0 is 3.3/edge
