20
 0.000000 0.500000 0.000000 0.000000 0.000000 0.000000 0.000000 0.000000 0.000000 0.000000 0.000000 0.000000 0.000000 0.000000 0.000000 0.500000 0.000000 0.000000 0.000000 0.000000
 0.500000 0.000000 0.000000 0.000000 0.000000 0.000000 0.000000 0.000000 0.000000 0.000000 0.000000 0.000000 0.000000 0.000000 0.000000 0.000000 0.000000 0.500000 0.000000 0.000000
 0.000000 0.000000 0.000000 0.268415 0.000000 0.000000 0.000000 0.000000 0.193513 0.000000 0.000000 0.000000 0.257341 0.036725 0.000000 0.000000 0.244006 0.000000 0.000000 0.000000
 0.000000 0.000000 0.337101 0.000000 0.000000 0.000000 0.000000 0.000000 0.000000 0.000000 0.000000 0.000000 0.300227 0.340603 0.000000 0.000000 0.022069 0.000000 0.000000 0.000000
 0.000000 0.000000 0.000000 0.000000 0.000000 0.000000 0.375199 0.000000 0.000000 0.000000 0.000000 0.376823 0.001741 0.000000 0.000000 0.000000 0.246090 0.000147 0.000000 0.000000
 0.000000 0.000000 0.000000 0.000000 0.000000 0.000000 0.000000 0.499997 0.000000 0.000000 0.000000 0.000000 0.000000 0.000000 0.000000 0.000000 0.000000 0.000000 0.000000 0.500003
 0.000000 0.000000 0.000000 0.000000 0.437547 0.000000 0.000000 0.000000 0.000000 0.000000 0.000000 0.122981 0.000000 0.000000 0.000000 0.000000 0.000000 0.439471 0.000000 0.000000
 0.000000 0.000000 0.000000 0.000000 0.000000 0.499997 0.000000 0.000000 0.000000 0.500003 0.000000 0.000000 0.000000 0.000000 0.000000 0.000000 0.000000 0.000000 0.000000 0.000000
 0.000000 0.000000 0.263131 0.000000 0.000000 0.000000 0.000000 0.000000 0.000000 0.000000 0.000000 0.000000 0.000000 0.000000 0.371905 0.000000 0.364963 0.000000 0.000000 0.000000
 0.000000 0.000000 0.000000 0.000000 0.000000 0.000000 0.000000 0.500000 0.000000 0.000000 0.000000 0.000000 0.000000 0.000000 0.500000 0.000000 0.000000 0.000000 0.000000 0.000000
 0.000000 0.000000 0.000000 0.000000 0.000000 0.000000 0.000000 0.000000 0.000000 0.000000 0.000000 0.000000 0.000000 0.000000 0.000000 0.000021 0.000000 0.000000 0.500003 0.499976
 0.000000 0.000000 0.000000 0.000000 0.397410 0.000000 0.111219 0.000000 0.000000 0.000000 0.000000 0.000000 0.017254 0.394575 0.000000 0.000000 0.079543 0.000000 0.000000 0.000000
 0.000000 0.000000 0.268743 0.249646 0.001319 0.000000 0.000000 0.000000 0.000000 0.000000 0.000000 0.012398 0.000000 0.182269 0.000000 0.000000 0.285625 0.000000 0.000000 0.000000
 0.000000 0.000000 0.048684 0.359523 0.000000 0.000000 0.000000 0.000000 0.000000 0.000000 0.000000 0.359923 0.231374 0.000000 0.000000 0.000000 0.000495 0.000000 0.000000 0.000000
 0.000000 0.000000 0.000000 0.000000 0.000000 0.000000 0.000000 0.000000 0.499990 0.499990 0.000000 0.000000 0.000000 0.000000 0.000000 0.000000 0.000020 0.000000 0.000000 0.000000
 0.499990 0.000000 0.000000 0.000000 0.000000 0.000000 0.000000 0.000000 0.000000 0.000000 0.000021 0.000000 0.000000 0.000000 0.000000 0.000000 0.000000 0.000000 0.499989 0.000000
 0.000000 0.000000 0.235257 0.016942 0.172181 0.000000 0.000000 0.000000 0.258778 0.000000 0.000000 0.052771 0.263700 0.000360 0.000011 0.000000 0.000000 0.000000 0.000000 0.000000
 0.000000 0.499932 0.000000 0.000000 0.000195 0.000000 0.499873 0.000000 0.000000 0.000000 0.000000 0.000000 0.000000 0.000000 0.000000 0.000000 0.000000 0.000000 0.000000 0.000000
 0.000000 0.000000 0.000000 0.000000 0.000000 0.000000 0.000000 0.000000 0.000000 0.000000 0.499997 0.000000 0.000000 0.000000 0.000000 0.499997 0.000000 0.000000 0.000000 0.000006
 0.000000 0.000000 0.000000 0.000000 0.000000 0.500010 0.000000 0.000000 0.000000 0.000000 0.499984 0.000000 0.000000 0.000000 0.000000 0.000000 0.000000 0.000000 0.000006 0.000000
the mean of prob-rank is 1.6842105263157894
the number of false negetive edges is 0
the number of probability greater than 0 is 3.6/edge
