20
 0.000000 0.000000 0.000000 0.000000 0.000000 0.005252 0.000000 0.000000 0.000000 0.000000 0.497471 0.000000 0.000000 0.000000 0.000007 0.000000 0.497270 0.000000 0.000000 0.000000
 0.000000 0.000000 0.000000 0.497360 0.000000 0.000000 0.000000 0.000000 0.000000 0.005502 0.000000 0.000000 0.000000 0.497138 0.000000 0.000000 0.000000 0.000000 0.000000 0.000000
 0.000000 0.000000 0.000000 0.000000 0.000000 0.494495 0.000000 0.000000 0.000000 0.000000 0.000000 0.000000 0.010867 0.000000 0.494638 0.000000 0.000000 0.000000 0.000000 0.000000
 0.000000 0.336804 0.000000 0.000000 0.000000 0.000000 0.143394 0.000000 0.244330 0.275471 0.000000 0.000000 0.000000 0.000000 0.000000 0.000000 0.000000 0.000000 0.000000 0.000001
 0.000000 0.000000 0.000000 0.000000 0.000000 0.000000 0.000000 0.498977 0.000000 0.000000 0.000000 0.000002 0.000000 0.000000 0.499085 0.000000 0.001936 0.000000 0.000000 0.000000
 0.005251 0.000000 0.497239 0.000000 0.000000 0.000000 0.000000 0.000000 0.000000 0.000306 0.000000 0.000000 0.497201 0.000002 0.000000 0.000000 0.000000 0.000000 0.000000 0.000000
 0.000000 0.000000 0.000000 0.173673 0.000000 0.000000 0.000000 0.000000 0.407162 0.407654 0.000000 0.000000 0.000000 0.000000 0.000000 0.000000 0.000000 0.011511 0.000000 0.000000
 0.000000 0.000000 0.000000 0.000000 0.487664 0.000000 0.000000 0.000000 0.000000 0.000000 0.001839 0.000000 0.000000 0.000000 0.022668 0.000000 0.000000 0.000000 0.487830 0.000000
 0.000000 0.000000 0.000000 0.269550 0.000000 0.000000 0.370877 0.000000 0.000000 0.014694 0.000000 0.000000 0.000000 0.000000 0.000000 0.000000 0.000000 0.341488 0.000000 0.003392
 0.000000 0.003761 0.000000 0.278066 0.000000 0.000209 0.339752 0.000000 0.013444 0.000000 0.000000 0.000000 0.000000 0.060889 0.000000 0.000000 0.000000 0.303878 0.000000 0.000000
 0.498312 0.000000 0.000000 0.000000 0.000000 0.000000 0.000000 0.001878 0.000000 0.000000 0.000000 0.000000 0.000000 0.000000 0.000000 0.000000 0.001494 0.000000 0.498316 0.000000
 0.000000 0.000000 0.000000 0.000000 0.000002 0.000000 0.000000 0.000000 0.000000 0.000000 0.000000 0.000000 0.000000 0.000000 0.000000 0.499998 0.000000 0.000000 0.000000 0.500000
 0.000000 0.000000 0.010867 0.000000 0.000000 0.494466 0.000000 0.000000 0.000000 0.000000 0.000000 0.000000 0.000000 0.494667 0.000000 0.000000 0.000000 0.000000 0.000000 0.000000
 0.000000 0.458794 0.000000 0.000000 0.000000 0.000002 0.000000 0.000000 0.000000 0.082205 0.000000 0.000000 0.458999 0.000000 0.000000 0.000000 0.000000 0.000000 0.000000 0.000000
 0.000007 0.000000 0.488652 0.000000 0.488607 0.000000 0.000000 0.022707 0.000000 0.000000 0.000000 0.000000 0.000000 0.000000 0.000000 0.000000 0.000000 0.000000 0.000028 0.000000
 0.000000 0.000000 0.000000 0.000000 0.000000 0.000000 0.000000 0.000000 0.000000 0.000000 0.000000 0.499979 0.000000 0.000000 0.000000 0.000000 0.499982 0.000039 0.000000 0.000000
 0.498182 0.000000 0.000000 0.000000 0.001933 0.000000 0.000000 0.000000 0.000000 0.000000 0.001494 0.000000 0.000000 0.000000 0.000000 0.498390 0.000000 0.000000 0.000000 0.000000
 0.000000 0.000000 0.000000 0.000000 0.000000 0.000000 0.009933 0.000000 0.323489 0.314613 0.000000 0.000000 0.000000 0.000000 0.000000 0.000027 0.000000 0.000000 0.000000 0.351937
 0.000000 0.000000 0.000000 0.000000 0.000000 0.000000 0.000000 0.499986 0.000000 0.000000 0.499985 0.000000 0.000000 0.000000 0.000029 0.000000 0.000000 0.000000 0.000000 0.000000
 0.000000 0.000000 0.000000 0.000002 0.000000 0.000000 0.000000 0.000000 0.004544 0.000000 0.000000 0.497761 0.000000 0.000000 0.000000 0.000000 0.000000 0.497693 0.000000 0.000000
the mean of prob-rank is 1.5789473684210527
the number of false negetive edges is 0
the number of probability greater than 0 is 4.1/edge
