20
 0.000000 0.250129 0.000000 0.000000 0.000003 0.249755 0.207967 0.000000 0.226294 0.000000 0.000002 0.000000 0.000000 0.000000 0.000000 0.000000 0.065850 0.000001 0.000000 0.000000
 0.331403 0.000000 0.000000 0.000000 0.000000 0.000000 0.333885 0.000000 0.000000 0.000000 0.000000 0.000000 0.000000 0.000000 0.000000 0.000000 0.334712 0.000000 0.000000 0.000000
 0.000000 0.000000 0.000000 0.000000 0.000000 0.000000 0.000000 0.498501 0.000000 0.000000 0.498476 0.000000 0.000000 0.003023 0.000000 0.000000 0.000000 0.000000 0.000000 0.000000
 0.000000 0.000000 0.000000 0.000000 0.000000 0.000000 0.499997 0.500003 0.000000 0.000000 0.000000 0.000000 0.000000 0.000000 0.000000 0.000000 0.000000 0.000000 0.000000 0.000000
 0.000004 0.000000 0.000000 0.000000 0.000000 0.291655 0.000000 0.000000 0.000000 0.330364 0.000000 0.018409 0.000000 0.000000 0.019840 0.000000 0.000000 0.339728 0.000000 0.000000
 0.321264 0.000000 0.000000 0.000000 0.277686 0.000000 0.000000 0.000000 0.000000 0.000000 0.000000 0.333731 0.000000 0.000000 0.000000 0.000000 0.067319 0.000000 0.000000 0.000000
 0.288800 0.349951 0.000000 0.360334 0.000000 0.000000 0.000000 0.000000 0.000000 0.000000 0.000915 0.000000 0.000000 0.000000 0.000000 0.000000 0.000000 0.000000 0.000000 0.000000
 0.000000 0.000000 0.500000 0.500000 0.000000 0.000000 0.000000 0.000000 0.000000 0.000000 0.000000 0.000000 0.000000 0.000000 0.000000 0.000000 0.000000 0.000000 0.000000 0.000000
 0.254143 0.000000 0.000000 0.000000 0.000000 0.000000 0.000000 0.000000 0.000000 0.000000 0.000000 0.000000 0.000000 0.000000 0.000000 0.230733 0.000000 0.281256 0.233867 0.000000
 0.000000 0.000000 0.000000 0.000000 0.333002 0.000000 0.000000 0.000000 0.000000 0.000000 0.000000 0.000000 0.326689 0.000000 0.340309 0.000000 0.000000 0.000000 0.000000 0.000000
 0.000002 0.000000 0.385876 0.000000 0.000000 0.000000 0.000980 0.000000 0.000000 0.000000 0.000000 0.000000 0.000000 0.259160 0.000000 0.000000 0.000000 0.000000 0.353981 0.000000
 0.000000 0.000000 0.000000 0.000000 0.025586 0.487173 0.000000 0.000000 0.000000 0.000000 0.000000 0.000000 0.000000 0.000000 0.000000 0.000000 0.487241 0.000000 0.000000 0.000000
 0.000000 0.000000 0.000000 0.000000 0.000000 0.000000 0.000000 0.000000 0.000000 0.334529 0.000000 0.000000 0.000000 0.000000 0.320138 0.000000 0.000000 0.000000 0.000000 0.345332
 0.000000 0.000000 0.001951 0.000000 0.000000 0.000000 0.000000 0.000000 0.000000 0.000000 0.216073 0.000000 0.000000 0.000000 0.000000 0.284143 0.000000 0.000000 0.321415 0.176419
 0.000000 0.000000 0.000000 0.000000 0.020050 0.000000 0.000000 0.000000 0.000000 0.341188 0.000000 0.000000 0.313443 0.000000 0.000000 0.001240 0.000000 0.324078 0.000000 0.000000
 0.000000 0.000000 0.000000 0.000000 0.000000 0.000000 0.000000 0.000000 0.238997 0.000000 0.000000 0.000000 0.000000 0.266581 0.001057 0.000000 0.000000 0.021650 0.169863 0.301852
 0.104475 0.400808 0.000000 0.000000 0.000000 0.083032 0.000000 0.000000 0.000000 0.000000 0.000000 0.411685 0.000000 0.000000 0.000000 0.000000 0.000000 0.000000 0.000000 0.000000
 0.000001 0.000000 0.000000 0.000000 0.331797 0.000000 0.000000 0.000000 0.330448 0.000000 0.000000 0.000000 0.000000 0.000000 0.313197 0.024558 0.000000 0.000000 0.000000 0.000000
 0.000000 0.000000 0.000000 0.000000 0.000000 0.000000 0.000000 0.000000 0.244556 0.000000 0.279532 0.000000 0.000000 0.304428 0.000000 0.171484 0.000000 0.000000 0.000000 0.000000
 0.000000 0.000000 0.000000 0.000000 0.000000 0.000000 0.000000 0.000000 0.000000 0.000000 0.000000 0.000000 0.381334 0.219097 0.000000 0.399570 0.000000 0.000000 0.000000 0.000000
the mean of prob-rank is 1.5789473684210527
the number of false negetive edges is 0
the number of probability greater than 0 is 4.05/edge
