20
 0.000000 0.000000 0.000000 0.451640 0.000000 0.000000 0.000000 0.000000 0.000000 0.000000 0.000000 0.000000 0.451303 0.097057 0.000000 0.000000 0.000000 0.000000 0.000000 0.000000
 0.000000 0.000000 0.000000 0.000000 0.000000 0.000000 0.000011 0.000000 0.000000 0.499993 0.000000 0.000000 0.000000 0.000000 0.499996 0.000000 0.000000 0.000000 0.000000 0.000000
 0.000000 0.000000 0.000000 0.500000 0.000000 0.000000 0.000000 0.500000 0.000000 0.000000 0.000000 0.000000 0.000000 0.000000 0.000000 0.000000 0.000000 0.000000 0.000000 0.000000
 0.500000 0.000000 0.500000 0.000000 0.000000 0.000000 0.000000 0.000000 0.000000 0.000000 0.000000 0.000000 0.000000 0.000000 0.000000 0.000000 0.000000 0.000000 0.000000 0.000000
 0.000000 0.000000 0.000000 0.000000 0.000000 0.000000 0.000000 0.000000 0.000000 0.000000 0.000000 0.000000 0.000000 0.000000 0.000000 0.000000 0.003652 0.000000 0.498413 0.497936
 0.000000 0.000000 0.000000 0.000000 0.000000 0.000000 0.499398 0.000000 0.499368 0.000000 0.000000 0.000000 0.001235 0.000000 0.000000 0.000000 0.000000 0.000000 0.000000 0.000000
 0.000000 0.000008 0.000000 0.000000 0.000000 0.347807 0.000000 0.000000 0.000000 0.130623 0.000000 0.000000 0.000000 0.000000 0.000000 0.180670 0.000000 0.340892 0.000000 0.000000
 0.000000 0.000000 0.500000 0.000000 0.000000 0.000000 0.000000 0.000000 0.000000 0.000000 0.500000 0.000000 0.000000 0.000000 0.000000 0.000000 0.000000 0.000000 0.000000 0.000000
 0.000000 0.000000 0.000000 0.000000 0.000000 0.499985 0.000000 0.000000 0.000000 0.000000 0.000000 0.000000 0.500015 0.000000 0.000000 0.000000 0.000000 0.000000 0.000000 0.000000
 0.000000 0.421195 0.000000 0.000000 0.000000 0.000000 0.158186 0.000000 0.000000 0.000000 0.000000 0.001588 0.000000 0.000000 0.000000 0.000000 0.419031 0.000000 0.000000 0.000000
 0.000000 0.000000 0.000000 0.000000 0.000000 0.000000 0.000000 0.500001 0.000000 0.000000 0.000000 0.000000 0.000000 0.000000 0.000000 0.000000 0.000000 0.000000 0.000000 0.499999
 0.000000 0.000000 0.000000 0.000000 0.000000 0.000000 0.000000 0.000000 0.000000 0.001345 0.000000 0.000000 0.000000 0.331640 0.000000 0.310281 0.356668 0.000066 0.000000 0.000000
 0.450880 0.000000 0.000000 0.000000 0.000000 0.001115 0.000000 0.000000 0.451216 0.000000 0.000000 0.000000 0.000000 0.016269 0.000000 0.000000 0.000000 0.080520 0.000000 0.000000
 0.072898 0.000000 0.000000 0.000000 0.000000 0.000000 0.000000 0.000000 0.000000 0.000000 0.000000 0.315413 0.012231 0.000000 0.000000 0.208961 0.052180 0.338210 0.000000 0.000106
 0.000000 0.500000 0.000000 0.000000 0.000000 0.000000 0.000000 0.000000 0.000000 0.000000 0.000000 0.000000 0.000000 0.000000 0.000000 0.000000 0.000000 0.000000 0.500000 0.000000
 0.000000 0.000000 0.000000 0.000000 0.000000 0.000000 0.172940 0.000000 0.000000 0.000000 0.000000 0.289624 0.000000 0.205083 0.000000 0.000000 0.000034 0.332320 0.000000 0.000000
 0.000000 0.000000 0.000000 0.000000 0.003266 0.000000 0.000000 0.000000 0.000000 0.443556 0.000000 0.445846 0.000000 0.068582 0.000000 0.000045 0.000000 0.000000 0.000002 0.038702
 0.000000 0.000000 0.000000 0.000000 0.000000 0.000000 0.310758 0.000000 0.000000 0.000000 0.000000 0.000059 0.056580 0.316119 0.000000 0.316485 0.000000 0.000000 0.000000 0.000000
 0.000000 0.000000 0.000000 0.000000 0.499999 0.000000 0.000000 0.000000 0.000000 0.000000 0.000000 0.000000 0.000000 0.000000 0.499999 0.000000 0.000002 0.000000 0.000000 0.000000
 0.000000 0.000000 0.000000 0.000000 0.478891 0.000000 0.000000 0.000000 0.000000 0.000000 0.479348 0.000000 0.000000 0.000150 0.000000 0.000000 0.041610 0.000000 0.000000 0.000000
the mean of prob-rank is 1.631578947368421
the number of false negetive edges is 0
the number of probability greater than 0 is 3.7/edge
