20
 0.000000 0.000000 0.000000 0.000000 0.000000 0.499945 0.000000 0.000000 0.000000 0.000114 0.000000 0.000000 0.000000 0.000000 0.000000 0.000000 0.499941 0.000000 0.000000 0.000000
 0.000000 0.000000 0.000000 0.224270 0.000000 0.000000 0.366203 0.368476 0.037199 0.000000 0.003851 0.000000 0.000000 0.000001 0.000000 0.000000 0.000000 0.000000 0.000000 0.000000
 0.000000 0.000000 0.000000 0.000000 0.000000 0.000077 0.000000 0.000000 0.000000 0.000000 0.000000 0.000000 0.000000 0.328740 0.335116 0.000000 0.000000 0.000000 0.336067 0.000000
 0.000000 0.223678 0.000000 0.000000 0.000031 0.000000 0.000000 0.000002 0.367472 0.000000 0.366199 0.042618 0.000000 0.000000 0.000000 0.000000 0.000000 0.000000 0.000000 0.000000
 0.000000 0.000000 0.000000 0.000042 0.000000 0.000000 0.000000 0.498364 0.003165 0.000000 0.000000 0.000000 0.000000 0.000000 0.000000 0.000000 0.000000 0.000000 0.000000 0.498428
 0.382272 0.000000 0.000087 0.000000 0.000000 0.000000 0.000000 0.000000 0.000000 0.000000 0.000000 0.000000 0.000000 0.000000 0.010150 0.380336 0.006466 0.000000 0.220689 0.000000
 0.000000 0.378486 0.000000 0.000000 0.000000 0.000000 0.000000 0.007392 0.000000 0.000000 0.380826 0.009991 0.000000 0.223306 0.000000 0.000000 0.000000 0.000000 0.000000 0.000000
 0.000000 0.390045 0.000000 0.000002 0.390001 0.000000 0.007571 0.000000 0.000000 0.000000 0.000000 0.000000 0.000000 0.072184 0.000000 0.000000 0.000000 0.000000 0.140197 0.000000
 0.000000 0.047936 0.000000 0.474799 0.003015 0.000000 0.000000 0.000000 0.000000 0.000000 0.000000 0.474249 0.000000 0.000000 0.000000 0.000000 0.000000 0.000000 0.000000 0.000000
 0.000080 0.000000 0.000000 0.000000 0.000000 0.000000 0.000000 0.000000 0.000000 0.000000 0.000000 0.000000 0.000000 0.000000 0.000000 0.352241 0.000000 0.352314 0.295364 0.000000
 0.000000 0.004349 0.000000 0.414663 0.000000 0.000000 0.416129 0.000000 0.000000 0.000000 0.000000 0.164859 0.000000 0.000000 0.000000 0.000000 0.000000 0.000000 0.000000 0.000000
 0.000000 0.000000 0.000000 0.045999 0.000000 0.000000 0.010405 0.000000 0.396161 0.000000 0.157140 0.000000 0.000000 0.385436 0.004247 0.000000 0.000612 0.000000 0.000000 0.000000
 0.000000 0.000000 0.000000 0.000000 0.000000 0.000000 0.000000 0.000000 0.000000 0.000000 0.000000 0.000000 0.000000 0.000000 0.000000 0.000000 0.000000 0.500000 0.000000 0.500000
 0.000000 0.000001 0.267858 0.000000 0.000000 0.000000 0.161081 0.050840 0.000000 0.000000 0.000000 0.266946 0.000000 0.000000 0.000001 0.000000 0.000000 0.000000 0.253273 0.000000
 0.000000 0.000000 0.442102 0.000000 0.000000 0.011810 0.000000 0.000000 0.000000 0.000000 0.000000 0.004762 0.000000 0.000001 0.000000 0.000173 0.444798 0.000000 0.096354 0.000000
 0.000000 0.000000 0.000000 0.000000 0.000000 0.335431 0.000000 0.000000 0.000000 0.337069 0.000000 0.000000 0.000000 0.000000 0.000131 0.000000 0.000000 0.000000 0.327370 0.000000
 0.495426 0.000000 0.000000 0.000000 0.000000 0.008381 0.000000 0.000000 0.000000 0.000000 0.000000 0.000764 0.000000 0.000000 0.495429 0.000000 0.000000 0.000000 0.000000 0.000000
 0.000000 0.000000 0.000000 0.000000 0.000000 0.000000 0.000000 0.000000 0.000000 0.500000 0.000000 0.000000 0.500000 0.000000 0.000000 0.000000 0.000000 0.000000 0.000000 0.000000
 0.000000 0.000000 0.204194 0.000000 0.000000 0.118266 0.000000 0.073633 0.000000 0.171743 0.000000 0.000000 0.000000 0.188866 0.044377 0.198922 0.000000 0.000000 0.000000 0.000000
 0.000000 0.000000 0.000000 0.000000 0.500000 0.000000 0.000000 0.000000 0.000000 0.000000 0.000000 0.000000 0.500000 0.000000 0.000000 0.000000 0.000000 0.000000 0.000000 0.000000
the mean of prob-rank is 1.631578947368421
the number of false negetive edges is 0
the number of probability greater than 0 is 4.6/edge
