20
 0.000000 0.000000 0.000000 0.000000 0.000000 0.000000 0.000000 0.000000 0.000000 0.493385 0.493396 0.000000 0.013219 0.000000 0.000000 0.000000 0.000000 0.000000 0.000000 0.000000
 0.000000 0.000000 0.000000 0.000000 0.000000 0.000000 0.000000 0.499713 0.000000 0.000000 0.000000 0.000000 0.000000 0.000033 0.000000 0.000000 0.000002 0.000000 0.500252 0.000000
 0.000000 0.000000 0.000000 0.000000 0.000000 0.000000 0.000000 0.000000 0.165701 0.000000 0.222090 0.239944 0.247668 0.000000 0.000000 0.124597 0.000000 0.000000 0.000000 0.000000
 0.000000 0.000000 0.000000 0.000000 0.000000 0.000000 0.019018 0.000000 0.274190 0.290060 0.000000 0.000000 0.181699 0.000000 0.000000 0.000000 0.000000 0.235033 0.000000 0.000000
 0.000000 0.000000 0.000000 0.000000 0.000000 0.347027 0.163961 0.010233 0.000000 0.000000 0.000000 0.116078 0.000000 0.024683 0.000000 0.338019 0.000000 0.000000 0.000000 0.000000
 0.000000 0.000000 0.000000 0.000000 0.337425 0.000000 0.274554 0.022229 0.000000 0.000000 0.000000 0.329046 0.000000 0.036744 0.000000 0.000001 0.000000 0.000000 0.000000 0.000000
 0.000000 0.000000 0.000000 0.015544 0.112009 0.192898 0.000000 0.186457 0.076844 0.000000 0.000000 0.046925 0.000000 0.000000 0.000000 0.000000 0.138948 0.230376 0.000000 0.000000
 0.000000 0.354977 0.000000 0.000000 0.010479 0.023411 0.279492 0.000000 0.000000 0.000000 0.000000 0.000000 0.000000 0.000000 0.000000 0.000000 0.331642 0.000000 0.000000 0.000000
 0.000000 0.000000 0.164807 0.234734 0.000000 0.000000 0.080492 0.000000 0.000000 0.000000 0.000000 0.240045 0.210220 0.000000 0.000000 0.000000 0.000000 0.069702 0.000000 0.000000
 0.380664 0.000000 0.000000 0.380670 0.000000 0.000000 0.000000 0.000000 0.000000 0.000000 0.182930 0.000000 0.051068 0.000000 0.000000 0.000000 0.000000 0.004669 0.000000 0.000000
 0.299238 0.000000 0.266184 0.000000 0.000000 0.000000 0.000000 0.000000 0.000000 0.143797 0.000000 0.000000 0.290781 0.000000 0.000000 0.000000 0.000000 0.000000 0.000000 0.000000
 0.000000 0.000000 0.279453 0.000000 0.097264 0.283560 0.057556 0.000000 0.281085 0.000000 0.000000 0.000000 0.000029 0.000000 0.000000 0.000000 0.000000 0.001053 0.000000 0.000000
 0.007447 0.000000 0.275720 0.174109 0.000000 0.000000 0.000000 0.000000 0.235299 0.037287 0.270091 0.000028 0.000000 0.000000 0.000000 0.000000 0.000000 0.000018 0.000000 0.000000
 0.000000 0.000030 0.000000 0.000000 0.032627 0.049952 0.000000 0.000000 0.000000 0.000000 0.000000 0.000000 0.000000 0.000000 0.000000 0.000000 0.000000 0.000000 0.458698 0.458692
 0.000000 0.000000 0.000000 0.000000 0.000000 0.000000 0.000000 0.000000 0.000000 0.000000 0.000000 0.000000 0.000000 0.000000 0.000000 0.500000 0.000000 0.000000 0.000000 0.500000
 0.000000 0.000000 0.201790 0.000000 0.393856 0.000001 0.000000 0.000000 0.000000 0.000000 0.000000 0.000000 0.000000 0.000000 0.404352 0.000000 0.000000 0.000000 0.000000 0.000000
 0.000000 0.000002 0.000000 0.000000 0.000000 0.000000 0.232640 0.370434 0.000000 0.000000 0.000000 0.000000 0.000000 0.000000 0.000000 0.000000 0.000000 0.396924 0.000000 0.000000
 0.000000 0.000000 0.000000 0.263190 0.000000 0.000000 0.315643 0.000000 0.091172 0.003983 0.000000 0.001176 0.000022 0.000000 0.000000 0.000000 0.324814 0.000000 0.000000 0.000000
 0.000000 0.500009 0.000000 0.000000 0.000000 0.000000 0.000000 0.000000 0.000000 0.000000 0.000000 0.000000 0.000000 0.499989 0.000000 0.000000 0.000000 0.000000 0.000000 0.000002
 0.000000 0.000000 0.000000 0.000000 0.000000 0.000000 0.000000 0.000000 0.000000 0.000000 0.000000 0.000000 0.000000 0.499986 0.500012 0.000000 0.000000 0.000000 0.000002 0.000000
the mean of prob-rank is 2.0526315789473686
the number of false negetive edges is 0
the number of probability greater than 0 is 5.0/edge
