20
 0.000000 0.000000 0.000000 0.000000 0.000000 0.000000 0.000000 0.009921 0.000000 0.000006 0.000000 0.000000 0.000000 0.494578 0.000000 0.494351 0.000000 0.000000 0.001144 0.000000
 0.000000 0.000000 0.000000 0.000000 0.000000 0.000000 0.000000 0.000000 0.000000 0.000000 0.000000 0.000000 0.000000 0.363559 0.276354 0.000000 0.360087 0.000000 0.000000 0.000000
 0.000000 0.000000 0.000000 0.000000 0.500000 0.000000 0.500000 0.000000 0.000000 0.000000 0.000000 0.000000 0.000000 0.000000 0.000000 0.000000 0.000000 0.000000 0.000000 0.000000
 0.000000 0.000000 0.000000 0.000000 0.000000 0.499767 0.000000 0.000000 0.000466 0.000000 0.000000 0.000000 0.499767 0.000000 0.000000 0.000000 0.000000 0.000000 0.000000 0.000000
 0.000000 0.000000 0.500000 0.000000 0.000000 0.000000 0.000000 0.000000 0.000000 0.000000 0.000000 0.000000 0.000000 0.000000 0.000000 0.000000 0.000000 0.500000 0.000000 0.000000
 0.000000 0.000000 0.000000 0.370272 0.000000 0.000000 0.000000 0.000000 0.000000 0.000000 0.000000 0.000000 0.000000 0.000000 0.362861 0.000000 0.266867 0.000000 0.000000 0.000000
 0.000000 0.000000 0.500000 0.000000 0.000000 0.000000 0.000000 0.000000 0.500000 0.000000 0.000000 0.000000 0.000000 0.000000 0.000000 0.000000 0.000000 0.000000 0.000000 0.000000
 0.009761 0.000000 0.000000 0.000000 0.000000 0.000000 0.000000 0.000000 0.000000 0.486647 0.000000 0.486271 0.000000 0.000000 0.000000 0.017320 0.000000 0.000000 0.000000 0.000000
 0.000000 0.000000 0.000000 0.000466 0.000000 0.000000 0.499768 0.000000 0.000000 0.000000 0.000000 0.000000 0.499767 0.000000 0.000000 0.000000 0.000000 0.000000 0.000000 0.000000
 0.000006 0.000000 0.000000 0.000000 0.000000 0.000000 0.000000 0.490492 0.000000 0.000000 0.490274 0.015646 0.000000 0.000000 0.000000 0.003241 0.000000 0.000000 0.000000 0.000341
 0.000000 0.000000 0.000000 0.000000 0.000000 0.000000 0.000000 0.000000 0.000000 0.474118 0.000000 0.051554 0.000000 0.000000 0.000000 0.000000 0.000000 0.000000 0.000000 0.474328
 0.000000 0.000000 0.000000 0.000000 0.000000 0.000000 0.000000 0.466828 0.000000 0.014903 0.050778 0.000000 0.000000 0.000000 0.000000 0.000307 0.000000 0.000000 0.467184 0.000000
 0.000000 0.000000 0.000000 0.500000 0.000000 0.000001 0.000000 0.000000 0.499999 0.000000 0.000000 0.000000 0.000000 0.000000 0.000000 0.000000 0.000000 0.000000 0.000000 0.000000
 0.500002 0.499998 0.000000 0.000000 0.000000 0.000000 0.000000 0.000000 0.000000 0.000000 0.000000 0.000000 0.000000 0.000000 0.000000 0.000000 0.000000 0.000000 0.000000 0.000000
 0.000000 0.277437 0.000000 0.000000 0.000000 0.357683 0.000000 0.000000 0.000000 0.000000 0.000000 0.000000 0.000000 0.000000 0.000000 0.000000 0.364880 0.000000 0.000000 0.000000
 0.489401 0.000000 0.000000 0.000000 0.000000 0.000000 0.000000 0.017426 0.000000 0.003236 0.000000 0.000322 0.000000 0.000000 0.000000 0.000000 0.000000 0.000000 0.489616 0.000000
 0.000000 0.365358 0.000000 0.000000 0.000000 0.265867 0.000000 0.000000 0.000000 0.000000 0.000000 0.000000 0.000000 0.000000 0.368775 0.000000 0.000000 0.000000 0.000000 0.000000
 0.000000 0.000000 0.000000 0.000000 0.500000 0.000000 0.000000 0.000000 0.000000 0.000000 0.000000 0.000000 0.000000 0.000000 0.000000 0.000000 0.000000 0.000000 0.000000 0.500000
 0.001155 0.000000 0.000000 0.000000 0.000000 0.000000 0.000000 0.000000 0.000000 0.000000 0.000000 0.499425 0.000000 0.000000 0.000000 0.499420 0.000000 0.000000 0.000000 0.000000
 0.000000 0.000000 0.000000 0.000000 0.000000 0.000000 0.000000 0.000000 0.000000 0.000347 0.499827 0.000000 0.000000 0.000000 0.000000 0.000000 0.000000 0.499826 0.000000 0.000000
the mean of prob-rank is 1.5263157894736843
the number of false negetive edges is 0
the number of probability greater than 0 is 3.2/edge
