20
 0.000000 0.000000 0.000000 0.000000 0.045260 0.334730 0.315954 0.000000 0.000000 0.000000 0.000000 0.000000 0.000000 0.000000 0.296094 0.007962 0.000000 0.000000 0.000001 0.000000
 0.000000 0.000000 0.038637 0.377240 0.000000 0.091002 0.000000 0.116711 0.000000 0.000000 0.000000 0.000000 0.376410 0.000000 0.000000 0.000000 0.000000 0.000000 0.000000 0.000000
 0.000000 0.037864 0.000000 0.369663 0.000000 0.000350 0.000000 0.138873 0.000000 0.000000 0.010155 0.000000 0.012427 0.032702 0.000000 0.000000 0.029890 0.368061 0.000000 0.000016
 0.000000 0.474345 0.474309 0.000000 0.000000 0.000244 0.000000 0.048674 0.000000 0.000000 0.000000 0.000000 0.002427 0.000000 0.000000 0.000000 0.000000 0.000000 0.000000 0.000000
 0.046298 0.000000 0.000000 0.000000 0.000000 0.345621 0.000000 0.277690 0.000000 0.000000 0.000000 0.000000 0.000000 0.000000 0.000000 0.318998 0.000000 0.000000 0.011393 0.000000
 0.312459 0.076320 0.000300 0.000163 0.315388 0.000000 0.000000 0.087905 0.000000 0.000000 0.000000 0.000000 0.000000 0.000000 0.207465 0.000000 0.000000 0.000000 0.000000 0.000000
 0.328168 0.000000 0.000000 0.000000 0.000000 0.000000 0.000000 0.000000 0.000000 0.000000 0.000000 0.000000 0.000000 0.000000 0.321476 0.000000 0.000000 0.000000 0.350356 0.000000
 0.000000 0.084603 0.102724 0.028060 0.219023 0.075979 0.000000 0.000000 0.000000 0.095296 0.000000 0.273330 0.000000 0.006590 0.000000 0.114395 0.000000 0.000000 0.000000 0.000000
 0.000000 0.000000 0.000000 0.000000 0.000000 0.000000 0.000000 0.000000 0.000000 0.434988 0.000000 0.435282 0.000000 0.000048 0.000000 0.000000 0.000000 0.007862 0.000000 0.121820
 0.000000 0.000000 0.000000 0.000000 0.000000 0.000000 0.000000 0.143203 0.410651 0.000000 0.000000 0.037216 0.000000 0.408929 0.000000 0.000000 0.000000 0.000000 0.000000 0.000000
 0.000000 0.000000 0.013548 0.000000 0.000000 0.000000 0.000000 0.000000 0.000000 0.000000 0.000000 0.000000 0.493242 0.000000 0.493209 0.000000 0.000000 0.000000 0.000000 0.000000
 0.000000 0.000000 0.000000 0.000000 0.000000 0.000000 0.000000 0.452281 0.452493 0.040980 0.000000 0.000000 0.000000 0.000000 0.000000 0.054246 0.000000 0.000000 0.000000 0.000000
 0.000000 0.412472 0.013896 0.002115 0.000000 0.000000 0.000000 0.000000 0.000000 0.000000 0.413382 0.000000 0.000000 0.000000 0.000000 0.000000 0.000000 0.158134 0.000000 0.000000
 0.000000 0.000000 0.041559 0.000000 0.000000 0.000000 0.000000 0.011323 0.000052 0.467533 0.000000 0.000000 0.000000 0.000000 0.000000 0.000000 0.469813 0.000008 0.000000 0.009712
 0.253774 0.000000 0.000000 0.000000 0.000000 0.190486 0.265274 0.000000 0.000000 0.000000 0.290466 0.000000 0.000000 0.000000 0.000000 0.000000 0.000000 0.000000 0.000000 0.000000
 0.009466 0.000000 0.000000 0.000000 0.370735 0.000000 0.000000 0.168559 0.000000 0.000000 0.000000 0.048305 0.000000 0.000000 0.000000 0.000000 0.000000 0.000000 0.402935 0.000000
 0.000000 0.000000 0.036335 0.000000 0.000000 0.000000 0.000000 0.000000 0.000000 0.000000 0.000000 0.000000 0.000000 0.449400 0.000000 0.000000 0.000000 0.066649 0.000000 0.447617
 0.000000 0.000000 0.391270 0.000000 0.000000 0.000000 0.000000 0.000000 0.007099 0.000000 0.000000 0.000000 0.150338 0.000006 0.000000 0.000000 0.058284 0.000000 0.000000 0.393002
 0.000001 0.000000 0.000000 0.000000 0.016203 0.000000 0.490726 0.000000 0.000000 0.000000 0.000000 0.000000 0.000000 0.000000 0.000000 0.493070 0.000000 0.000000 0.000000 0.000000
 0.000000 0.000000 0.000019 0.000000 0.000000 0.000000 0.000000 0.000000 0.121860 0.000000 0.000000 0.000000 0.000000 0.009001 0.000000 0.000000 0.433693 0.435426 0.000000 0.000000
the mean of prob-rank is 1.5789473684210527
the number of false negetive edges is 0
the number of probability greater than 0 is 5.25/edge
