20
 0.000000 0.000000 0.000000 0.499999 0.000000 0.000000 0.000000 0.000000 0.500001 0.000000 0.000000 0.000000 0.000000 0.000000 0.000000 0.000000 0.000000 0.000000 0.000000 0.000000
 0.000000 0.000000 0.245313 0.000000 0.000000 0.000000 0.145479 0.003195 0.000000 0.000000 0.000000 0.300096 0.305917 0.000000 0.000000 0.000000 0.000000 0.000000 0.000000 0.000001
 0.000000 0.264129 0.000000 0.000000 0.345991 0.000000 0.023938 0.329656 0.000000 0.000000 0.000000 0.000000 0.036286 0.000000 0.000000 0.000000 0.000000 0.000000 0.000000 0.000000
 0.499999 0.000000 0.000000 0.000000 0.000000 0.000000 0.000000 0.000000 0.000000 0.000000 0.000000 0.000000 0.000000 0.500001 0.000000 0.000000 0.000000 0.000000 0.000000 0.000000
 0.000000 0.000000 0.499991 0.000000 0.000000 0.000000 0.000000 0.000000 0.000000 0.000000 0.000000 0.000000 0.000000 0.000000 0.000000 0.000000 0.000000 0.500009 0.000000 0.000000
 0.000000 0.000000 0.000000 0.000000 0.000000 0.000000 0.000000 0.000000 0.000000 0.000000 0.000000 0.000000 0.000000 0.000000 0.000004 0.401823 0.408481 0.189691 0.000000 0.000000
 0.000000 0.180892 0.027644 0.000000 0.000000 0.000000 0.000000 0.392590 0.000000 0.000000 0.000000 0.000000 0.398873 0.000000 0.000000 0.000000 0.000000 0.000000 0.000000 0.000000
 0.000000 0.002584 0.247578 0.000000 0.000000 0.000000 0.255309 0.000000 0.000000 0.000000 0.000000 0.000000 0.198466 0.000000 0.000000 0.000000 0.109561 0.186502 0.000000 0.000000
 0.500000 0.000000 0.000000 0.000000 0.000000 0.000000 0.000000 0.000000 0.000000 0.000000 0.000000 0.000000 0.000000 0.000000 0.500000 0.000000 0.000000 0.000000 0.000000 0.000000
 0.000000 0.000000 0.000000 0.000000 0.000000 0.000000 0.000000 0.000000 0.000000 0.000000 0.475684 0.000000 0.000000 0.000000 0.000000 0.000000 0.000000 0.000000 0.047445 0.476872
 0.000000 0.000000 0.000000 0.000000 0.000000 0.000000 0.000000 0.000000 0.000000 0.499382 0.000000 0.000000 0.000000 0.000000 0.000000 0.000000 0.000000 0.000000 0.500618 0.000000
 0.000000 0.338826 0.000000 0.000000 0.000000 0.000000 0.000000 0.000001 0.000000 0.000000 0.000000 0.000000 0.298345 0.000000 0.000000 0.000000 0.000000 0.000000 0.000000 0.362828
 0.000000 0.261449 0.028802 0.000000 0.000000 0.000000 0.274156 0.209760 0.000000 0.000000 0.000000 0.225832 0.000000 0.000000 0.000000 0.000000 0.000000 0.000000 0.000000 0.000000
 0.000000 0.000000 0.000000 0.500025 0.000000 0.000000 0.000000 0.000000 0.000000 0.000000 0.000000 0.000000 0.000000 0.000000 0.000000 0.000000 0.000000 0.000000 0.499975 0.000000
 0.000000 0.000000 0.000000 0.000000 0.000000 0.000005 0.000000 0.000000 0.499333 0.000000 0.000000 0.000000 0.000000 0.000000 0.000000 0.499259 0.001402 0.000000 0.000000 0.000000
 0.000000 0.000000 0.000000 0.000000 0.000000 0.420268 0.000000 0.000000 0.000000 0.000000 0.000000 0.000000 0.000000 0.000000 0.427171 0.000000 0.152561 0.000000 0.000000 0.000000
 0.000000 0.000000 0.000000 0.000000 0.000000 0.362901 0.000000 0.153008 0.000000 0.000000 0.000000 0.000000 0.000000 0.000000 0.001019 0.129589 0.000000 0.353483 0.000000 0.000000
 0.000000 0.000000 0.000000 0.000000 0.316843 0.147135 0.000000 0.227403 0.000000 0.000000 0.000000 0.000000 0.000000 0.000000 0.000000 0.000000 0.308619 0.000000 0.000000 0.000000
 0.000000 0.000000 0.000000 0.000000 0.000000 0.000000 0.000000 0.000000 0.000000 0.047391 0.476322 0.000000 0.000000 0.476286 0.000000 0.000000 0.000000 0.000000 0.000000 0.000000
 0.000000 0.000001 0.000000 0.000000 0.000000 0.000000 0.000000 0.000000 0.000000 0.499999 0.000000 0.499999 0.000000 0.000000 0.000000 0.000000 0.000000 0.000000 0.000000 0.000000
the mean of prob-rank is 1.631578947368421
the number of false negetive edges is 0
the number of probability greater than 0 is 3.45/edge
