20
 0.000000 0.000000 0.000000 0.000000 0.000000 0.000000 0.000000 0.000000 0.000000 0.000000 0.000000 0.353666 0.000000 0.000000 0.000000 0.322432 0.000000 0.000000 0.323902 0.000000
 0.000000 0.000000 0.000000 0.000000 0.000000 0.000000 0.000000 0.000000 0.000000 0.000000 0.000000 0.000000 0.000000 0.000000 0.500001 0.000000 0.499999 0.000000 0.000000 0.000000
 0.000000 0.000000 0.000000 0.000000 0.000000 0.407643 0.000000 0.000000 0.000000 0.000000 0.000000 0.000000 0.000000 0.000000 0.000000 0.184261 0.000000 0.000000 0.000000 0.408096
 0.000000 0.000000 0.000000 0.000000 0.000000 0.000000 0.000000 0.500000 0.000000 0.000000 0.000000 0.000000 0.000000 0.000000 0.000000 0.000000 0.000000 0.500000 0.000000 0.000000
 0.000000 0.000000 0.000000 0.000000 0.000000 0.000000 0.000000 0.000000 0.000000 0.000000 0.000006 0.000000 0.499988 0.000000 0.499974 0.000000 0.000000 0.000000 0.000000 0.000031
 0.000000 0.000000 0.359154 0.000000 0.000000 0.000000 0.000000 0.000000 0.000000 0.000000 0.359564 0.000000 0.000000 0.000000 0.000000 0.281281 0.000000 0.000000 0.000000 0.000000
 0.000000 0.000000 0.000000 0.000000 0.000000 0.000000 0.000000 0.000000 0.500000 0.000000 0.000000 0.000000 0.000000 0.000000 0.000000 0.000000 0.000000 0.500000 0.000000 0.000000
 0.000000 0.000000 0.000000 0.412541 0.000000 0.000000 0.000000 0.000000 0.000000 0.193174 0.000000 0.000000 0.000000 0.394285 0.000000 0.000000 0.000000 0.000000 0.000000 0.000000
 0.000000 0.000000 0.000000 0.000000 0.000000 0.000000 0.500000 0.000000 0.000000 0.000000 0.000000 0.000000 0.000000 0.000000 0.000000 0.000000 0.000000 0.000000 0.000000 0.500000
 0.000000 0.000000 0.000000 0.000000 0.000000 0.000000 0.000000 0.190154 0.000000 0.000000 0.000000 0.000000 0.000000 0.405938 0.000000 0.000001 0.000000 0.000000 0.403907 0.000000
 0.000000 0.000000 0.000001 0.000000 0.000006 0.499672 0.000000 0.000000 0.000000 0.000000 0.000000 0.000000 0.499682 0.000000 0.000000 0.000637 0.000000 0.000000 0.000000 0.000002
 0.500000 0.000000 0.000000 0.000000 0.000000 0.000000 0.000000 0.000000 0.000000 0.000000 0.000000 0.000000 0.000000 0.000000 0.000000 0.000000 0.500000 0.000000 0.000000 0.000000
 0.000000 0.000000 0.000000 0.000000 0.499990 0.000000 0.000000 0.000000 0.000000 0.000000 0.499987 0.000000 0.000000 0.000000 0.000024 0.000000 0.000000 0.000000 0.000000 0.000000
 0.000000 0.000000 0.000000 0.000000 0.000000 0.000000 0.000000 0.348196 0.000000 0.364179 0.000000 0.000000 0.000000 0.000000 0.000000 0.287625 0.000000 0.000000 0.000000 0.000000
 0.000000 0.499995 0.000000 0.000000 0.499981 0.000000 0.000000 0.000000 0.000000 0.000000 0.000000 0.000000 0.000024 0.000000 0.000000 0.000000 0.000000 0.000000 0.000000 0.000000
 0.236363 0.000000 0.117053 0.000000 0.000000 0.202810 0.000000 0.000000 0.000000 0.000001 0.000330 0.000000 0.000000 0.204684 0.000000 0.000000 0.000000 0.000000 0.238759 0.000000
 0.000000 0.499999 0.000000 0.000000 0.000000 0.000000 0.000000 0.000000 0.000000 0.000000 0.000000 0.500001 0.000000 0.000000 0.000000 0.000000 0.000000 0.000000 0.000000 0.000000
 0.000000 0.000000 0.000000 0.500000 0.000000 0.000000 0.500000 0.000000 0.000000 0.000000 0.000000 0.000000 0.000000 0.000000 0.000000 0.000000 0.000000 0.000000 0.000000 0.000000
 0.323461 0.000000 0.000000 0.000000 0.000000 0.000000 0.000000 0.000000 0.000000 0.351284 0.000000 0.000000 0.000000 0.000000 0.000000 0.325255 0.000000 0.000000 0.000000 0.000000
 0.000000 0.000000 0.499969 0.000000 0.000031 0.000000 0.000000 0.000000 0.499998 0.000000 0.000002 0.000000 0.000000 0.000000 0.000000 0.000000 0.000000 0.000000 0.000000 0.000000
the mean of prob-rank is 1.4736842105263157
the number of false negetive edges is 0
the number of probability greater than 0 is 3.05/edge
