20
 0.000000 0.000000 0.000000 0.000000 0.000000 0.000000 0.000000 0.000000 0.000000 0.000000 0.000000 0.000000 0.500002 0.000000 0.000000 0.000000 0.000000 0.000000 0.000000 0.499998
 0.000000 0.000000 0.000000 0.000000 0.000000 0.000000 0.000000 0.000000 0.000000 0.499997 0.000000 0.000000 0.000000 0.000000 0.000000 0.500002 0.000000 0.000000 0.000000 0.000000
 0.000000 0.000000 0.000000 0.000000 0.000000 0.000000 0.000000 0.347408 0.000000 0.000000 0.000000 0.000000 0.000000 0.000000 0.000000 0.000000 0.372658 0.000000 0.000000 0.279935
 0.000000 0.000000 0.000000 0.000000 0.000000 0.000000 0.000000 0.000000 0.499970 0.000000 0.000000 0.500021 0.000009 0.000000 0.000000 0.000000 0.000000 0.000000 0.000000 0.000000
 0.000000 0.000000 0.000000 0.000000 0.000000 0.000000 0.000000 0.179737 0.000000 0.000000 0.000000 0.000000 0.000000 0.295038 0.000000 0.221266 0.000000 0.000000 0.303958 0.000000
 0.000000 0.000000 0.000000 0.000000 0.000000 0.000000 0.000004 0.000000 0.000000 0.500001 0.000000 0.000000 0.000000 0.000000 0.499995 0.000000 0.000000 0.000000 0.000000 0.000000
 0.000000 0.000000 0.000000 0.000000 0.000000 0.000004 0.000000 0.000000 0.000000 0.000000 0.000000 0.000000 0.000000 0.000000 0.499998 0.000000 0.000000 0.499998 0.000000 0.000000
 0.000000 0.000000 0.277651 0.000000 0.176052 0.000000 0.000000 0.000000 0.000000 0.000000 0.000000 0.000000 0.000000 0.000825 0.000000 0.000000 0.247647 0.000000 0.297825 0.000000
 0.000000 0.000000 0.000000 0.497444 0.000000 0.000000 0.000000 0.000000 0.000000 0.000000 0.497494 0.005062 0.000000 0.000000 0.000000 0.000000 0.000000 0.000000 0.000000 0.000000
 0.000000 0.499997 0.000000 0.000000 0.000000 0.500003 0.000000 0.000000 0.000000 0.000000 0.000000 0.000000 0.000000 0.000000 0.000000 0.000000 0.000000 0.000000 0.000000 0.000000
 0.000000 0.000000 0.000000 0.000000 0.000000 0.000000 0.000000 0.000000 0.500000 0.000000 0.000000 0.000000 0.000000 0.000000 0.000000 0.000000 0.000000 0.500000 0.000000 0.000000
 0.000000 0.000000 0.000000 0.497471 0.000000 0.000000 0.000000 0.000000 0.005062 0.000000 0.000000 0.000000 0.497467 0.000000 0.000000 0.000000 0.000000 0.000000 0.000000 0.000000
 0.499997 0.000000 0.000000 0.000009 0.000000 0.000000 0.000000 0.000000 0.000000 0.000000 0.000000 0.499994 0.000000 0.000000 0.000000 0.000000 0.000000 0.000000 0.000000 0.000000
 0.000000 0.000000 0.000000 0.000000 0.373078 0.000000 0.000000 0.001065 0.000000 0.000000 0.000000 0.000000 0.000000 0.000000 0.000000 0.380509 0.000000 0.000000 0.245348 0.000000
 0.000000 0.000000 0.000000 0.000000 0.000000 0.499997 0.500003 0.000000 0.000000 0.000000 0.000000 0.000000 0.000000 0.000000 0.000000 0.000000 0.000000 0.000000 0.000000 0.000000
 0.000000 0.368008 0.000000 0.000000 0.267797 0.000000 0.000000 0.000000 0.000000 0.000000 0.000000 0.000000 0.000000 0.364195 0.000000 0.000000 0.000000 0.000000 0.000000 0.000000
 0.000000 0.000000 0.355521 0.000000 0.000000 0.000000 0.000000 0.295617 0.000000 0.000000 0.000000 0.000000 0.000000 0.000000 0.000000 0.000000 0.000000 0.000000 0.000000 0.348862
 0.000000 0.000000 0.000000 0.000000 0.000000 0.000000 0.500000 0.000000 0.000000 0.000000 0.500000 0.000000 0.000000 0.000000 0.000000 0.000000 0.000000 0.000000 0.000000 0.000000
 0.000000 0.000000 0.000000 0.000000 0.378980 0.000000 0.000000 0.379106 0.000000 0.000000 0.000000 0.000000 0.000000 0.241915 0.000000 0.000000 0.000000 0.000000 0.000000 0.000000
 0.365969 0.000000 0.274913 0.000000 0.000000 0.000000 0.000000 0.000000 0.000000 0.000000 0.000000 0.000000 0.000000 0.000000 0.000000 0.000000 0.359118 0.000000 0.000000 0.000000
the mean of prob-rank is 1.5263157894736843
the number of false negetive edges is 0
the number of probability greater than 0 is 2.9/edge
