20
 0.000000 0.000000 0.000000 0.000000 0.000000 0.172689 0.000007 0.000000 0.053646 0.000000 0.135006 0.069247 0.219036 0.000639 0.000000 0.000000 0.000000 0.000000 0.117067 0.232662
 0.000000 0.000000 0.000000 0.201057 0.216675 0.194473 0.000000 0.000000 0.000271 0.221104 0.000000 0.000000 0.000000 0.000000 0.166403 0.000000 0.000017 0.000000 0.000000 0.000000
 0.000000 0.000000 0.000000 0.000000 0.000000 0.000000 0.000532 0.000000 0.000000 0.000000 0.000000 0.355472 0.000000 0.000000 0.000000 0.279503 0.000000 0.000000 0.364493 0.000000
 0.000000 0.260610 0.000000 0.000000 0.000000 0.284255 0.000000 0.000000 0.000000 0.180391 0.000000 0.000000 0.000000 0.000000 0.000000 0.274744 0.000000 0.000000 0.000000 0.000000
 0.000000 0.303460 0.000000 0.000000 0.000000 0.000000 0.000000 0.000000 0.000000 0.310363 0.000000 0.000000 0.000000 0.000000 0.297442 0.000000 0.088735 0.000000 0.000000 0.000000
 0.194006 0.229436 0.000000 0.258725 0.000000 0.000000 0.000000 0.000000 0.000001 0.000087 0.000000 0.112893 0.000000 0.000000 0.000000 0.195582 0.000000 0.000000 0.000212 0.009059
 0.000015 0.000000 0.000686 0.000000 0.000000 0.000000 0.000000 0.000000 0.000000 0.000000 0.002141 0.000000 0.470402 0.000000 0.000000 0.000000 0.000000 0.469134 0.057621 0.000001
 0.000000 0.000000 0.000000 0.000000 0.000000 0.000000 0.000000 0.000000 0.000000 0.000000 0.400560 0.000000 0.000000 0.407309 0.000000 0.000000 0.000000 0.192131 0.000000 0.000000
 0.073164 0.000388 0.000000 0.000000 0.000000 0.000001 0.000000 0.000000 0.000000 0.000000 0.000000 0.000000 0.000000 0.313737 0.295864 0.000000 0.316846 0.000000 0.000000 0.000000
 0.000000 0.292565 0.000000 0.184149 0.293227 0.000097 0.000000 0.000000 0.000000 0.000000 0.000000 0.000000 0.000000 0.000000 0.008844 0.000135 0.220983 0.000000 0.000000 0.000000
 0.225895 0.000000 0.000000 0.000000 0.000000 0.000000 0.001772 0.382941 0.000000 0.000000 0.000000 0.000000 0.000000 0.000000 0.000000 0.000000 0.000000 0.389393 0.000000 0.000000
 0.081549 0.000000 0.267276 0.000000 0.000000 0.118340 0.000000 0.000000 0.000000 0.000000 0.000000 0.000000 0.000000 0.000000 0.000000 0.269940 0.000000 0.000000 0.226913 0.035982
 0.328537 0.000000 0.000000 0.000000 0.000000 0.000000 0.349062 0.000000 0.000000 0.000000 0.000000 0.000000 0.000000 0.000000 0.000000 0.000000 0.000000 0.000000 0.000000 0.322401
 0.001329 0.000000 0.000000 0.000000 0.000000 0.000000 0.000000 0.483930 0.478356 0.000000 0.000000 0.000000 0.000000 0.000000 0.000000 0.000000 0.036385 0.000000 0.000000 0.000000
 0.000000 0.204518 0.000000 0.000000 0.261022 0.000000 0.000000 0.000000 0.253891 0.008215 0.000000 0.000000 0.000000 0.000000 0.000000 0.000000 0.272354 0.000000 0.000000 0.000000
 0.000000 0.000000 0.221829 0.276695 0.000000 0.216407 0.000000 0.000000 0.000000 0.000133 0.000000 0.284935 0.000000 0.000000 0.000000 0.000000 0.000000 0.000000 0.000001 0.000000
 0.000000 0.000025 0.000000 0.000000 0.091841 0.000000 0.000000 0.000000 0.320678 0.242085 0.000000 0.000000 0.000000 0.024152 0.321219 0.000000 0.000000 0.000000 0.000000 0.000000
 0.000000 0.000000 0.000000 0.000000 0.000000 0.000000 0.403928 0.191051 0.000000 0.000000 0.405021 0.000000 0.000000 0.000000 0.000000 0.000000 0.000000 0.000000 0.000000 0.000000
 0.153278 0.000000 0.304701 0.000000 0.000000 0.000247 0.037324 0.000000 0.000000 0.000000 0.000000 0.252284 0.000000 0.000000 0.000000 0.000001 0.000000 0.000000 0.000000 0.252165
 0.342746 0.000000 0.000000 0.000000 0.000000 0.011878 0.000000 0.000000 0.000000 0.000000 0.000000 0.045011 0.316647 0.000000 0.000000 0.000000 0.000000 0.000000 0.283717 0.000000
the mean of prob-rank is 1.5789473684210527
the number of false negetive edges is 0
the number of probability greater than 0 is 5.2/edge
