20
 0.000000 0.000000 0.000000 0.000000 0.000005 0.000000 0.214269 0.000000 0.128640 0.000006 0.000000 0.000000 0.000000 0.000000 0.000000 0.332586 0.000000 0.000531 0.323963 0.000000
 0.000000 0.000000 0.000000 0.000000 0.000000 0.000000 0.000000 0.000000 0.000000 0.000000 0.457589 0.084309 0.458102 0.000000 0.000000 0.000000 0.000000 0.000000 0.000000 0.000000
 0.000000 0.000000 0.000000 0.000000 0.000000 0.000000 0.000000 0.321930 0.000000 0.000000 0.000003 0.353269 0.000000 0.000000 0.324798 0.000000 0.000000 0.000000 0.000000 0.000000
 0.000000 0.000000 0.000000 0.000000 0.193766 0.000003 0.228698 0.000000 0.000000 0.000000 0.000000 0.000000 0.000000 0.000000 0.000000 0.283015 0.000000 0.294518 0.000000 0.000000
 0.000005 0.000000 0.000000 0.250048 0.000000 0.348293 0.013251 0.000000 0.000000 0.000000 0.000000 0.000000 0.000000 0.000000 0.000000 0.000904 0.000000 0.387498 0.000000 0.000000
 0.000000 0.000000 0.000000 0.000003 0.317519 0.000000 0.329219 0.000000 0.000000 0.000000 0.000000 0.000000 0.000000 0.353259 0.000000 0.000000 0.000000 0.000000 0.000000 0.000000
 0.146017 0.000000 0.000000 0.174178 0.007820 0.213130 0.000000 0.000000 0.124179 0.000000 0.000000 0.000000 0.000000 0.000010 0.000000 0.118394 0.000953 0.000010 0.000000 0.215309
 0.000000 0.000000 0.318417 0.000000 0.000000 0.000000 0.000000 0.000000 0.000000 0.333962 0.000000 0.000000 0.000000 0.000000 0.330308 0.000000 0.000000 0.000000 0.017313 0.000000
 0.090646 0.000000 0.000000 0.000000 0.000000 0.000000 0.128403 0.000000 0.000000 0.209276 0.000000 0.000000 0.000000 0.000000 0.000716 0.000000 0.226992 0.000000 0.218351 0.125618
 0.000007 0.000000 0.000000 0.000000 0.000000 0.000000 0.000000 0.336324 0.311585 0.000000 0.000000 0.000000 0.000000 0.000000 0.000000 0.000000 0.000008 0.000000 0.352076 0.000000
 0.000000 0.367393 0.000003 0.000000 0.000000 0.000000 0.000000 0.000000 0.000000 0.000000 0.000000 0.361586 0.000000 0.000000 0.271018 0.000000 0.000000 0.000000 0.000000 0.000000
 0.000000 0.083466 0.453297 0.000000 0.000000 0.000000 0.000000 0.000000 0.000000 0.000000 0.445851 0.000000 0.017386 0.000000 0.000000 0.000000 0.000000 0.000000 0.000000 0.000000
 0.000000 0.490583 0.000000 0.000000 0.000000 0.000000 0.000000 0.000000 0.000000 0.000000 0.000000 0.018807 0.000000 0.490610 0.000000 0.000000 0.000000 0.000000 0.000000 0.000000
 0.000000 0.000000 0.000000 0.000000 0.000000 0.499988 0.000021 0.000000 0.000000 0.000000 0.000000 0.000000 0.499990 0.000000 0.000000 0.000000 0.000000 0.000000 0.000000 0.000000
 0.000000 0.000000 0.260734 0.000000 0.000000 0.000000 0.000000 0.268083 0.000859 0.000000 0.209066 0.000000 0.000000 0.000000 0.000000 0.000000 0.223820 0.000000 0.000000 0.037438
 0.308890 0.000000 0.000000 0.293761 0.000727 0.000000 0.161355 0.000000 0.000000 0.000000 0.000000 0.000000 0.000000 0.000000 0.000000 0.000000 0.000000 0.235267 0.000000 0.000000
 0.000000 0.000000 0.000000 0.000000 0.000000 0.000000 0.001514 0.000000 0.348730 0.000009 0.000000 0.000000 0.000000 0.000000 0.286570 0.000000 0.000000 0.000000 0.000000 0.363177
 0.000578 0.000000 0.000000 0.358318 0.365326 0.000000 0.000017 0.000000 0.000000 0.000000 0.000000 0.000000 0.000000 0.000000 0.000000 0.275762 0.000000 0.000000 0.000000 0.000000
 0.328548 0.000000 0.000000 0.000000 0.000000 0.000000 0.000000 0.016854 0.314259 0.340339 0.000000 0.000000 0.000000 0.000000 0.000000 0.000000 0.000000 0.000000 0.000000 0.000000
 0.000000 0.000000 0.000000 0.000000 0.000000 0.000000 0.361506 0.000000 0.203976 0.000000 0.000000 0.000000 0.000000 0.000000 0.050664 0.000000 0.383855 0.000000 0.000000 0.000000
the mean of prob-rank is 1.7894736842105263
the number of false negetive edges is 0
the number of probability greater than 0 is 4.9/edge
