20
 0.000000 0.000000 0.000000 0.000000 0.000000 0.000000 0.052379 0.000000 0.008925 0.000000 0.000000 0.000000 0.000000 0.000000 0.000000 0.453627 0.453708 0.000000 0.031361 0.000000
 0.000000 0.000000 0.000000 0.000000 0.000000 0.000000 0.000000 0.000000 0.000000 0.000000 0.000000 0.426019 0.000000 0.361255 0.000000 0.000000 0.212726 0.000000 0.000000 0.000000
 0.000000 0.000000 0.000000 0.000000 0.500000 0.000000 0.000000 0.000000 0.000000 0.500000 0.000000 0.000000 0.000000 0.000000 0.000000 0.000000 0.000000 0.000000 0.000000 0.000000
 0.000000 0.000000 0.000000 0.000000 0.000000 0.000000 0.000000 0.105284 0.000000 0.000000 0.448502 0.000000 0.000000 0.000000 0.000000 0.000000 0.000000 0.000000 0.000000 0.446214
 0.000000 0.000000 0.497546 0.000000 0.000000 0.000000 0.000000 0.497353 0.000000 0.000000 0.000000 0.000000 0.000000 0.000000 0.000000 0.000000 0.000000 0.000000 0.000000 0.005101
 0.000000 0.000000 0.000000 0.000000 0.000000 0.000000 0.000681 0.000000 0.000000 0.499690 0.000000 0.000000 0.000000 0.000000 0.499629 0.000000 0.000000 0.000000 0.000000 0.000000
 0.036872 0.000000 0.000000 0.000000 0.000000 0.000435 0.000000 0.000000 0.190836 0.000000 0.000000 0.000000 0.002836 0.309653 0.000000 0.151108 0.000054 0.304005 0.004202 0.000000
 0.000000 0.000000 0.000000 0.105252 0.448194 0.000000 0.000000 0.000000 0.000000 0.000000 0.000000 0.000000 0.000000 0.000000 0.000000 0.000000 0.000000 0.000000 0.000000 0.446555
 0.007634 0.000000 0.000000 0.000000 0.000000 0.000000 0.231877 0.000000 0.000000 0.000000 0.000000 0.000000 0.000000 0.001409 0.000000 0.000000 0.005270 0.365738 0.388071 0.000000
 0.000000 0.000000 0.500000 0.000000 0.000000 0.500000 0.000000 0.000000 0.000000 0.000000 0.000000 0.000000 0.000000 0.000000 0.000000 0.000000 0.000000 0.000000 0.000000 0.000000
 0.000000 0.000000 0.000000 0.500000 0.000000 0.000000 0.000000 0.000000 0.000000 0.000000 0.000000 0.500000 0.000000 0.000000 0.000000 0.000000 0.000000 0.000000 0.000000 0.000000
 0.000000 0.500000 0.000000 0.000000 0.000000 0.000000 0.000000 0.000000 0.000000 0.000000 0.500000 0.000000 0.000000 0.000000 0.000000 0.000000 0.000000 0.000000 0.000000 0.000000
 0.000000 0.000000 0.000000 0.000000 0.000000 0.000000 0.004195 0.000000 0.000000 0.000000 0.000000 0.000000 0.000000 0.000000 0.472029 0.472535 0.000000 0.000000 0.000000 0.051241
 0.000000 0.307823 0.000000 0.000000 0.000000 0.000000 0.351947 0.000000 0.001318 0.000000 0.000000 0.000000 0.000000 0.000000 0.000000 0.000000 0.000000 0.338848 0.000064 0.000000
 0.000000 0.000000 0.000000 0.000000 0.000000 0.482636 0.000000 0.000000 0.000000 0.000000 0.000000 0.000000 0.482173 0.000000 0.000000 0.000000 0.000000 0.000000 0.000000 0.035191
 0.397685 0.000000 0.000000 0.000000 0.000000 0.000000 0.188187 0.000000 0.000000 0.000000 0.000000 0.000000 0.397754 0.000000 0.000000 0.000000 0.016374 0.000000 0.000000 0.000000
 0.392142 0.195810 0.000000 0.000000 0.000000 0.000000 0.000067 0.000000 0.005326 0.000000 0.000000 0.000000 0.000000 0.000000 0.000000 0.016143 0.000000 0.000000 0.390512 0.000000
 0.000000 0.000000 0.000000 0.000000 0.000000 0.000000 0.329398 0.000000 0.326148 0.000000 0.000000 0.000000 0.000000 0.323031 0.000000 0.000000 0.000000 0.000000 0.021423 0.000000
 0.032297 0.000000 0.000000 0.000000 0.000000 0.000000 0.006147 0.000000 0.467247 0.000000 0.000000 0.000000 0.000000 0.000082 0.000000 0.000000 0.465303 0.028924 0.000000 0.000000
 0.000000 0.000000 0.000000 0.455863 0.004698 0.000000 0.000000 0.456348 0.000000 0.000000 0.000000 0.000000 0.049686 0.000000 0.033405 0.000000 0.000000 0.000000 0.000000 0.000000
the mean of prob-rank is 1.631578947368421
the number of false negetive edges is 0
the number of probability greater than 0 is 4.0/edge
