20
 0.000000 0.000000 0.000000 0.000000 0.000000 0.000000 0.000000 0.000000 0.000000 0.500000 0.000000 0.000000 0.000000 0.000000 0.500000 0.000000 0.000000 0.000000 0.000000 0.000000
 0.000000 0.000000 0.000000 0.000000 0.000000 0.000000 0.000000 0.000000 0.500000 0.000000 0.000000 0.499999 0.000000 0.000000 0.000000 0.000000 0.000000 0.000000 0.000000 0.000000
 0.000000 0.000000 0.000000 0.000000 0.082579 0.000024 0.000000 0.000000 0.000000 0.000000 0.000000 0.000000 0.000000 0.458753 0.458643 0.000000 0.000000 0.000000 0.000000 0.000000
 0.000000 0.000000 0.000000 0.000000 0.000000 0.000000 0.000000 0.000000 0.500004 0.000000 0.000000 0.000000 0.000000 0.000000 0.000000 0.499996 0.000000 0.000000 0.000000 0.000000
 0.000000 0.000000 0.084373 0.000000 0.000000 0.003318 0.000092 0.000000 0.000000 0.000000 0.468735 0.000000 0.000000 0.443294 0.000184 0.000000 0.000000 0.000003 0.000000 0.000000
 0.000000 0.000000 0.000022 0.000000 0.002939 0.000000 0.000000 0.000000 0.000000 0.000000 0.415075 0.000000 0.415108 0.166856 0.000000 0.000000 0.000000 0.000000 0.000000 0.000000
 0.000000 0.000000 0.000000 0.000000 0.000088 0.000000 0.000000 0.449275 0.000000 0.449446 0.000000 0.000000 0.000000 0.000000 0.000000 0.000000 0.000000 0.101172 0.000019 0.000000
 0.000000 0.000000 0.000000 0.000000 0.000000 0.000000 0.460686 0.000000 0.000000 0.000000 0.000000 0.000000 0.000000 0.000000 0.000000 0.000000 0.000000 0.000000 0.460862 0.078452
 0.000000 0.500000 0.000000 0.500000 0.000000 0.000000 0.000000 0.000000 0.000000 0.000000 0.000000 0.000000 0.000000 0.000000 0.000000 0.000000 0.000000 0.000000 0.000000 0.000000
 0.499909 0.000000 0.000000 0.000000 0.000000 0.000000 0.499909 0.000000 0.000000 0.000000 0.000000 0.000000 0.000000 0.000000 0.000182 0.000000 0.000000 0.000000 0.000000 0.000000
 0.000000 0.000000 0.000000 0.000000 0.500073 0.499925 0.000000 0.000000 0.000000 0.000000 0.000000 0.000000 0.000002 0.000000 0.000000 0.000000 0.000000 0.000000 0.000000 0.000000
 0.000000 0.500000 0.000000 0.000000 0.000000 0.000000 0.000000 0.000000 0.000000 0.000000 0.000000 0.000000 0.000008 0.000000 0.000000 0.000000 0.499993 0.000000 0.000000 0.000000
 0.000000 0.000000 0.000000 0.000000 0.000000 0.493619 0.000000 0.000000 0.000000 0.000000 0.000002 0.000008 0.000000 0.012647 0.000000 0.000000 0.493724 0.000000 0.000000 0.000000
 0.000000 0.000000 0.381435 0.000000 0.360746 0.153294 0.000000 0.000000 0.000000 0.000000 0.000000 0.000000 0.009771 0.000000 0.094753 0.000000 0.000001 0.000000 0.000000 0.000000
 0.444649 0.000000 0.444527 0.000000 0.000175 0.000000 0.000000 0.000000 0.000000 0.000162 0.000000 0.000000 0.000000 0.110453 0.000000 0.000000 0.000034 0.000000 0.000000 0.000000
 0.000000 0.000000 0.000000 0.499996 0.000000 0.000000 0.000000 0.000000 0.000000 0.000000 0.000000 0.000000 0.000000 0.000000 0.000000 0.000000 0.000000 0.000000 0.000000 0.500004
 0.000000 0.000000 0.000000 0.000000 0.000000 0.000000 0.000000 0.000000 0.000000 0.000000 0.000000 0.499976 0.499984 0.000002 0.000038 0.000000 0.000000 0.000000 0.000000 0.000000
 0.000000 0.000000 0.000000 0.000000 0.000003 0.000000 0.101285 0.000000 0.000000 0.000000 0.000000 0.000000 0.000000 0.000000 0.000000 0.000000 0.000000 0.000000 0.449950 0.448761
 0.000000 0.000000 0.000000 0.000000 0.000000 0.000000 0.000021 0.499989 0.000000 0.000000 0.000000 0.000000 0.000000 0.000000 0.000000 0.000000 0.000000 0.499990 0.000000 0.000000
 0.000000 0.000000 0.000000 0.000000 0.000000 0.000000 0.000000 0.078534 0.000000 0.000000 0.000000 0.000000 0.000000 0.000000 0.000000 0.461342 0.000000 0.460124 0.000000 0.000000
the mean of prob-rank is 1.5789473684210527
the number of false negetive edges is 0
the number of probability greater than 0 is 3.7/edge
