20
 0.000000 0.254837 0.000000 0.000000 0.000000 0.000000 0.000000 0.000000 0.000000 0.000000 0.000000 0.000000 0.000000 0.372761 0.000000 0.372402 0.000000 0.000000 0.000000 0.000000
 0.218938 0.000000 0.000000 0.000000 0.000000 0.324399 0.313823 0.000000 0.000000 0.000000 0.000000 0.000000 0.000142 0.142698 0.000000 0.000000 0.000000 0.000000 0.000000 0.000000
 0.000000 0.000000 0.000000 0.000000 0.211255 0.000000 0.000000 0.000000 0.000000 0.332428 0.115268 0.000000 0.000000 0.000000 0.331093 0.000000 0.000000 0.009955 0.000000 0.000000
 0.000000 0.000000 0.000000 0.000000 0.000000 0.000000 0.000000 0.255699 0.000000 0.000000 0.367016 0.000000 0.000000 0.000000 0.368869 0.000000 0.008416 0.000000 0.000000 0.000000
 0.000000 0.000000 0.185591 0.000000 0.000000 0.000000 0.000000 0.000000 0.000000 0.289104 0.000000 0.000000 0.000000 0.000000 0.012282 0.000000 0.231227 0.281796 0.000000 0.000000
 0.000000 0.499942 0.000000 0.000000 0.000000 0.000000 0.000229 0.000000 0.000000 0.000000 0.000000 0.000000 0.499830 0.000000 0.000000 0.000000 0.000000 0.000000 0.000000 0.000000
 0.000000 0.251893 0.000000 0.000000 0.000000 0.000119 0.000000 0.000000 0.000000 0.000000 0.000000 0.257170 0.218405 0.073538 0.000000 0.000000 0.000000 0.000000 0.198875 0.000000
 0.000000 0.000000 0.000000 0.250981 0.000000 0.000000 0.000000 0.000000 0.347838 0.000000 0.362272 0.011309 0.027600 0.000000 0.000000 0.000000 0.000000 0.000000 0.000000 0.000000
 0.000000 0.000000 0.000000 0.000000 0.000000 0.000000 0.000000 0.282727 0.000000 0.000000 0.000000 0.161810 0.000037 0.264967 0.000000 0.000000 0.000000 0.000000 0.290458 0.000000
 0.000000 0.000000 0.396275 0.000000 0.392286 0.000000 0.000000 0.000000 0.000000 0.000000 0.000000 0.000000 0.000000 0.000000 0.000000 0.000000 0.000000 0.211438 0.000000 0.000000
 0.000000 0.000000 0.133151 0.381855 0.000000 0.000000 0.000000 0.384006 0.000000 0.000000 0.000000 0.000000 0.000000 0.000000 0.100987 0.000000 0.000000 0.000000 0.000000 0.000000
 0.000000 0.000000 0.000000 0.000000 0.000000 0.000000 0.326527 0.010321 0.181672 0.000000 0.000000 0.000000 0.151906 0.000162 0.000000 0.000000 0.000000 0.000000 0.329413 0.000000
 0.000000 0.000184 0.000000 0.000000 0.000000 0.420995 0.353204 0.032081 0.000052 0.000000 0.000000 0.193482 0.000000 0.000000 0.000000 0.000000 0.000000 0.000000 0.000001 0.000000
 0.225311 0.100395 0.000000 0.000000 0.000000 0.000000 0.064458 0.000000 0.205371 0.000000 0.000000 0.000112 0.000000 0.000000 0.000000 0.000000 0.203516 0.000000 0.200837 0.000000
 0.000000 0.000000 0.344347 0.345539 0.014540 0.000000 0.000000 0.000000 0.000000 0.000000 0.090924 0.000000 0.000000 0.000000 0.000000 0.000000 0.204650 0.000000 0.000000 0.000000
 0.406964 0.000000 0.000000 0.000000 0.000000 0.000000 0.000000 0.000000 0.000000 0.000000 0.000000 0.000000 0.000000 0.000000 0.000000 0.000000 0.180401 0.000000 0.000000 0.412635
 0.000000 0.000000 0.000000 0.004975 0.172756 0.000000 0.000000 0.000000 0.000000 0.000000 0.000000 0.000000 0.000000 0.194569 0.129155 0.095394 0.000000 0.203148 0.000000 0.200003
 0.000000 0.000000 0.009153 0.000000 0.294934 0.000000 0.000000 0.000000 0.000000 0.163089 0.000000 0.000000 0.000000 0.000000 0.000000 0.000000 0.284582 0.000000 0.000000 0.248243
 0.000000 0.000000 0.000000 0.000000 0.000000 0.000000 0.210608 0.000000 0.271995 0.000000 0.000000 0.274750 0.000001 0.242646 0.000000 0.000000 0.000000 0.000000 0.000000 0.000000
 0.000000 0.000000 0.000000 0.000000 0.000000 0.000000 0.000000 0.000000 0.000000 0.000000 0.000000 0.000000 0.000000 0.000000 0.000000 0.366467 0.335909 0.297624 0.000000 0.000000
the mean of prob-rank is 2.1052631578947367
the number of false negetive edges is 0
the number of probability greater than 0 is 4.75/edge
