20
 0.000000 0.013502 0.000000 0.000000 0.000000 0.000000 0.000000 0.000000 0.000000 0.493534 0.000000 0.000000 0.000000 0.000000 0.492964 0.000000 0.000000 0.000000 0.000000 0.000000
 0.012564 0.000000 0.058721 0.000000 0.459172 0.000000 0.000000 0.000000 0.000000 0.000002 0.458195 0.000000 0.000000 0.000000 0.000000 0.000000 0.000000 0.000000 0.000000 0.011345
 0.000000 0.059979 0.000000 0.000000 0.000050 0.000000 0.000000 0.000000 0.000000 0.000000 0.469091 0.000000 0.000000 0.000000 0.468727 0.000000 0.002153 0.000000 0.000000 0.000000
 0.000000 0.000000 0.000000 0.000000 0.000000 0.348445 0.303529 0.000000 0.000000 0.000000 0.000000 0.000000 0.000000 0.000000 0.000000 0.348026 0.000000 0.000000 0.000000 0.000000
 0.000000 0.489966 0.000052 0.000000 0.000000 0.000000 0.000000 0.000000 0.000000 0.000000 0.000000 0.000000 0.000000 0.019928 0.000000 0.000000 0.000000 0.000000 0.000000 0.490053
 0.000000 0.000000 0.000000 0.500008 0.000000 0.000000 0.499990 0.000000 0.000000 0.000000 0.000000 0.000000 0.000000 0.000000 0.000000 0.000000 0.000000 0.000000 0.000002 0.000000
 0.000000 0.000000 0.000000 0.301124 0.000000 0.345671 0.000000 0.007981 0.000000 0.000000 0.000000 0.000000 0.000000 0.000000 0.000000 0.000000 0.000000 0.000000 0.345225 0.000000
 0.000000 0.000000 0.000000 0.000000 0.000000 0.000000 0.011276 0.000000 0.000000 0.000000 0.000000 0.000000 0.000000 0.000000 0.000000 0.488395 0.487375 0.012954 0.000000 0.000000
 0.000000 0.000000 0.000000 0.000000 0.000000 0.000000 0.000000 0.000000 0.000000 0.000830 0.000000 0.000000 0.000000 0.000000 0.000000 0.000000 0.499582 0.499588 0.000000 0.000000
 0.495820 0.000003 0.000000 0.000000 0.000000 0.000000 0.000000 0.000000 0.000824 0.000000 0.000000 0.000000 0.000000 0.000000 0.000000 0.000000 0.000000 0.495738 0.000000 0.007615
 0.000000 0.455713 0.456766 0.000000 0.000000 0.000000 0.000000 0.000000 0.000000 0.000000 0.000000 0.000000 0.000000 0.000000 0.087521 0.000000 0.000000 0.000000 0.000000 0.000000
 0.000000 0.000000 0.000000 0.000000 0.000000 0.000000 0.000000 0.000000 0.000000 0.000000 0.000000 0.000000 0.500000 0.500000 0.000000 0.000000 0.000000 0.000000 0.000000 0.000000
 0.000000 0.000000 0.000000 0.000000 0.000000 0.000000 0.000000 0.000000 0.000000 0.000000 0.000000 0.500000 0.000000 0.000000 0.000000 0.000000 0.000000 0.000000 0.500000 0.000000
 0.000000 0.000000 0.000000 0.000000 0.019929 0.000000 0.000000 0.000000 0.000000 0.000000 0.000000 0.490062 0.000000 0.000000 0.000000 0.000000 0.000000 0.000000 0.000000 0.490009
 0.454174 0.000000 0.454350 0.000000 0.000000 0.000000 0.000000 0.000000 0.000000 0.000000 0.087126 0.000000 0.000000 0.000000 0.000000 0.000000 0.004350 0.000000 0.000000 0.000000
 0.000000 0.000000 0.000000 0.493215 0.000000 0.000000 0.000000 0.493795 0.000000 0.000000 0.000000 0.000000 0.000000 0.000000 0.000000 0.000000 0.012990 0.000000 0.000000 0.000000
 0.000000 0.000000 0.002252 0.000000 0.000000 0.000000 0.000000 0.489557 0.490588 0.000000 0.000000 0.000000 0.000000 0.000000 0.004693 0.012906 0.000000 0.000004 0.000000 0.000000
 0.000000 0.000000 0.000000 0.000000 0.000000 0.000000 0.000000 0.013089 0.493496 0.493412 0.000000 0.000000 0.000000 0.000000 0.000000 0.000000 0.000004 0.000000 0.000000 0.000000
 0.000000 0.000000 0.000000 0.000000 0.000000 0.000002 0.499666 0.000000 0.000000 0.000000 0.000000 0.000000 0.500332 0.000000 0.000000 0.000000 0.000000 0.000000 0.000000 0.000000
 0.000000 0.012109 0.000000 0.000000 0.490208 0.000000 0.000000 0.000000 0.000000 0.007529 0.000000 0.000000 0.000000 0.490154 0.000000 0.000000 0.000000 0.000000 0.000000 0.000000
the mean of prob-rank is 1.5789473684210527
the number of false negetive edges is 0
the number of probability greater than 0 is 3.7/edge
