20
 0.000000 0.058016 0.000000 0.000000 0.000000 0.000000 0.000000 0.000000 0.471208 0.000000 0.000000 0.000026 0.000000 0.470739 0.000000 0.000000 0.000000 0.000000 0.000000 0.000011
 0.040053 0.000000 0.000000 0.000000 0.000000 0.322619 0.000000 0.000000 0.006795 0.000000 0.000002 0.306836 0.000000 0.000001 0.000000 0.000000 0.000000 0.000000 0.000000 0.323696
 0.000000 0.000000 0.000000 0.000000 0.367194 0.000000 0.000000 0.000000 0.000000 0.000000 0.000000 0.000000 0.352831 0.000000 0.000000 0.000000 0.227222 0.052753 0.000000 0.000000
 0.000000 0.000000 0.000000 0.000000 0.000000 0.000000 0.498523 0.000000 0.000000 0.002966 0.000000 0.000000 0.000000 0.000000 0.000000 0.498511 0.000000 0.000000 0.000000 0.000000
 0.000000 0.000000 0.426155 0.000000 0.000000 0.000000 0.000000 0.000000 0.000000 0.000000 0.000000 0.000000 0.147753 0.000000 0.000000 0.000000 0.000001 0.426090 0.000000 0.000000
 0.000000 0.314309 0.000000 0.000000 0.000000 0.000000 0.024270 0.003881 0.000000 0.000000 0.315478 0.000007 0.000018 0.000000 0.000000 0.000000 0.029083 0.000000 0.000000 0.312953
 0.000000 0.000000 0.000000 0.474962 0.000000 0.036370 0.000000 0.000007 0.000000 0.474368 0.000000 0.000000 0.000000 0.000000 0.000000 0.000003 0.000000 0.000000 0.014289 0.000000
 0.000000 0.000000 0.000000 0.000000 0.000000 0.006086 0.000008 0.000000 0.000000 0.000000 0.000000 0.000000 0.000000 0.000000 0.000003 0.000000 0.000000 0.497022 0.496881 0.000000
 0.482707 0.010083 0.000000 0.000000 0.000000 0.000000 0.000000 0.000000 0.000000 0.024495 0.000000 0.000000 0.000000 0.000000 0.000000 0.482715 0.000000 0.000000 0.000000 0.000000
 0.000000 0.000000 0.000000 0.002853 0.000000 0.000000 0.478834 0.000000 0.024328 0.000000 0.000000 0.000000 0.000000 0.000000 0.479435 0.014106 0.000000 0.000000 0.000445 0.000000
 0.000000 0.000002 0.000000 0.000000 0.000000 0.362529 0.000000 0.000000 0.000000 0.000000 0.000000 0.077304 0.160295 0.002250 0.000000 0.000000 0.362683 0.000000 0.000000 0.034936
 0.000018 0.303136 0.000000 0.000000 0.000000 0.000008 0.000000 0.000000 0.000000 0.000000 0.068217 0.000000 0.000000 0.321398 0.000000 0.000000 0.000000 0.000000 0.000000 0.307224
 0.000000 0.000000 0.349695 0.000000 0.126180 0.000021 0.000000 0.000000 0.000000 0.000000 0.160172 0.000000 0.000000 0.000000 0.000000 0.000000 0.363932 0.000000 0.000000 0.000000
 0.497395 0.000001 0.000000 0.000000 0.000000 0.000000 0.000000 0.000000 0.000000 0.000000 0.003077 0.497913 0.000000 0.000000 0.000000 0.000000 0.000000 0.000000 0.000000 0.001614
 0.000000 0.000000 0.000000 0.000000 0.000000 0.000000 0.000000 0.000003 0.000000 0.500042 0.000000 0.000000 0.000000 0.000000 0.000000 0.000000 0.000000 0.000000 0.499954 0.000000
 0.000000 0.000000 0.000000 0.492748 0.000000 0.000000 0.000003 0.000000 0.492751 0.014498 0.000000 0.000000 0.000000 0.000000 0.000000 0.000000 0.000000 0.000000 0.000000 0.000000
 0.000000 0.000000 0.228648 0.000000 0.000001 0.033906 0.000000 0.000000 0.000000 0.000000 0.367948 0.000000 0.369498 0.000000 0.000000 0.000000 0.000000 0.000000 0.000000 0.000000
 0.000000 0.000000 0.067023 0.000000 0.466453 0.000000 0.000000 0.466524 0.000000 0.000000 0.000000 0.000000 0.000000 0.000000 0.000000 0.000000 0.000000 0.000000 0.000000 0.000000
 0.000000 0.000000 0.000000 0.000000 0.000000 0.000000 0.014816 0.492338 0.000000 0.000457 0.000000 0.000000 0.000000 0.000000 0.492389 0.000000 0.000000 0.000000 0.000000 0.000000
 0.000008 0.327573 0.000000 0.000000 0.000000 0.325074 0.000000 0.000000 0.000000 0.000000 0.031580 0.314699 0.000000 0.001067 0.000000 0.000000 0.000000 0.000000 0.000000 0.000000
the mean of prob-rank is 1.4210526315789473
the number of false negetive edges is 0
the number of probability greater than 0 is 4.9/edge
