20
 0.000000 0.000000 0.000000 0.000000 0.000000 0.000000 0.000000 0.000000 0.000000 0.500000 0.000000 0.000000 0.000000 0.500000 0.000000 0.000000 0.000000 0.000000 0.000000 0.000000
 0.000000 0.000000 0.000000 0.499999 0.000000 0.000000 0.000000 0.000000 0.000000 0.000002 0.000000 0.000000 0.000000 0.000000 0.000000 0.499999 0.000000 0.000000 0.000000 0.000000
 0.000000 0.000000 0.000000 0.000000 0.499145 0.000000 0.001698 0.000000 0.000000 0.000000 0.000000 0.000000 0.000000 0.000000 0.000000 0.000000 0.499155 0.000002 0.000000 0.000000
 0.000000 0.500000 0.000000 0.000000 0.000000 0.000000 0.000000 0.000000 0.000000 0.000000 0.000000 0.000000 0.000000 0.000000 0.000000 0.000000 0.000000 0.500000 0.000000 0.000000
 0.000000 0.000000 0.490934 0.000000 0.000000 0.000827 0.017303 0.000000 0.000000 0.000000 0.000000 0.000000 0.000000 0.000000 0.490936 0.000000 0.000000 0.000000 0.000000 0.000000
 0.000000 0.000000 0.000000 0.000000 0.000802 0.000000 0.000000 0.000000 0.476166 0.000000 0.000000 0.000000 0.472494 0.000000 0.000000 0.000011 0.000000 0.000000 0.000037 0.050490
 0.000000 0.000000 0.001544 0.000000 0.015992 0.000000 0.000000 0.000000 0.000000 0.000000 0.000000 0.452535 0.000000 0.000000 0.076752 0.000000 0.000000 0.453177 0.000000 0.000000
 0.000000 0.000000 0.000000 0.000000 0.000000 0.000000 0.000000 0.000000 0.000000 0.000000 0.000000 0.500000 0.000000 0.000000 0.500000 0.000000 0.000000 0.000000 0.000000 0.000000
 0.000000 0.000000 0.000000 0.000000 0.000000 0.479829 0.000000 0.000000 0.000000 0.000000 0.000000 0.000000 0.043328 0.000000 0.000000 0.000001 0.000000 0.000000 0.000000 0.476842
 0.500001 0.000002 0.000000 0.000000 0.000000 0.000000 0.000000 0.000000 0.000000 0.000000 0.000000 0.000000 0.000000 0.000000 0.000000 0.499998 0.000000 0.000000 0.000000 0.000000
 0.000000 0.000000 0.000000 0.000000 0.000000 0.000000 0.000000 0.000000 0.000000 0.000000 0.000000 0.000000 0.001756 0.499129 0.000000 0.000000 0.000000 0.000000 0.499115 0.000000
 0.000000 0.000000 0.000000 0.000000 0.000000 0.000000 0.442535 0.443738 0.000000 0.000000 0.000000 0.000000 0.000000 0.000000 0.000000 0.000000 0.000000 0.113727 0.000000 0.000000
 0.000000 0.000000 0.000000 0.000000 0.000000 0.475647 0.000000 0.000000 0.043284 0.000000 0.001687 0.000000 0.000000 0.000000 0.000000 0.000039 0.000000 0.000000 0.479344 0.000000
 0.500000 0.000000 0.000000 0.000000 0.000000 0.000000 0.000000 0.000000 0.000000 0.000000 0.500000 0.000000 0.000000 0.000000 0.000000 0.000000 0.000000 0.000000 0.000000 0.000000
 0.000000 0.000000 0.000000 0.000000 0.461007 0.000000 0.077979 0.461015 0.000000 0.000000 0.000000 0.000000 0.000000 0.000000 0.000000 0.000000 0.000000 0.000000 0.000000 0.000000
 0.000000 0.499975 0.000000 0.000000 0.000000 0.000012 0.000000 0.000000 0.000001 0.499971 0.000000 0.000000 0.000041 0.000000 0.000000 0.000000 0.000000 0.000000 0.000000 0.000000
 0.000000 0.000000 0.500000 0.000000 0.000000 0.000000 0.000000 0.000000 0.000000 0.000000 0.000000 0.000000 0.000000 0.000000 0.000000 0.000000 0.000000 0.000000 0.000000 0.500000
 0.000000 0.000000 0.000002 0.443459 0.000000 0.000000 0.442884 0.000000 0.000000 0.000000 0.000000 0.113655 0.000000 0.000000 0.000000 0.000000 0.000000 0.000000 0.000000 0.000000
 0.000000 0.000000 0.000000 0.000000 0.000000 0.000038 0.000000 0.000000 0.000000 0.000000 0.499973 0.000000 0.499989 0.000000 0.000000 0.000000 0.000000 0.000000 0.000000 0.000000
 0.000000 0.000000 0.000000 0.000000 0.000000 0.050497 0.000000 0.000000 0.473269 0.000000 0.000000 0.000000 0.000000 0.000000 0.000000 0.000000 0.476234 0.000000 0.000000 0.000000
the mean of prob-rank is 1.4736842105263157
the number of false negetive edges is 0
the number of probability greater than 0 is 3.4/edge
