20
 0.000000 0.135132 0.000000 0.248372 0.000000 0.000000 0.000000 0.000000 0.000000 0.000000 0.000000 0.000000 0.000000 0.000000 0.000000 0.000000 0.317901 0.000000 0.298596 0.000000
 0.127310 0.000000 0.000000 0.255394 0.000000 0.000000 0.000000 0.000000 0.000000 0.000000 0.000000 0.000000 0.000000 0.000000 0.011570 0.000000 0.304185 0.000000 0.296919 0.004623
 0.000000 0.000000 0.000000 0.002201 0.000000 0.000000 0.000000 0.000000 0.000000 0.000000 0.000000 0.000000 0.498908 0.000000 0.000000 0.000000 0.000000 0.498890 0.000000 0.000000
 0.227854 0.248690 0.001314 0.000000 0.000000 0.000000 0.000000 0.000000 0.000000 0.000000 0.000000 0.000000 0.000000 0.000000 0.000000 0.000000 0.224370 0.297772 0.000000 0.000000
 0.000000 0.000000 0.000000 0.000000 0.000000 0.000000 0.000000 0.000000 0.000000 0.000000 0.000000 0.000000 0.500000 0.500000 0.000000 0.000000 0.000000 0.000000 0.000000 0.000000
 0.000000 0.000000 0.000000 0.000000 0.000000 0.000000 0.000000 0.000000 0.000000 0.499674 0.000000 0.000640 0.000000 0.000000 0.000000 0.499686 0.000000 0.000000 0.000000 0.000000
 0.000000 0.000000 0.000000 0.000000 0.000000 0.000000 0.000000 0.000000 0.000000 0.000000 0.107753 0.000000 0.000000 0.000000 0.445246 0.000000 0.000000 0.000000 0.000000 0.447001
 0.000000 0.000000 0.000000 0.000000 0.000000 0.000000 0.000000 0.000000 0.500000 0.000000 0.000000 0.000000 0.000000 0.000000 0.500000 0.000000 0.000000 0.000000 0.000000 0.000000
 0.000000 0.000000 0.000000 0.000000 0.000000 0.000000 0.000000 0.500000 0.000000 0.000000 0.000000 0.000000 0.000000 0.000000 0.000000 0.000000 0.000000 0.000000 0.500000 0.000000
 0.000000 0.000000 0.000000 0.000000 0.000000 0.487183 0.000000 0.000000 0.000000 0.000000 0.487195 0.000000 0.000000 0.000000 0.000000 0.025622 0.000000 0.000000 0.000000 0.000000
 0.000000 0.000000 0.000000 0.000000 0.000000 0.000000 0.107631 0.000000 0.000000 0.446504 0.000000 0.000000 0.000000 0.000000 0.000000 0.000000 0.000000 0.000000 0.000000 0.445865
 0.000000 0.000000 0.000000 0.000000 0.000000 0.000640 0.000000 0.000000 0.000000 0.000000 0.000000 0.000000 0.000000 0.499779 0.000000 0.499581 0.000000 0.000000 0.000000 0.000000
 0.000000 0.000000 0.500000 0.000000 0.500000 0.000000 0.000000 0.000000 0.000000 0.000000 0.000000 0.000000 0.000000 0.000000 0.000000 0.000000 0.000000 0.000000 0.000000 0.000000
 0.000000 0.000000 0.000000 0.000000 0.500000 0.000000 0.000000 0.000000 0.000000 0.000000 0.000000 0.500000 0.000000 0.000000 0.000000 0.000000 0.000000 0.000000 0.000000 0.000000
 0.000000 0.018602 0.000000 0.000000 0.000000 0.000000 0.489731 0.491667 0.000000 0.000000 0.000000 0.000000 0.000000 0.000000 0.000000 0.000000 0.000000 0.000000 0.000000 0.000000
 0.000000 0.000000 0.000000 0.000000 0.000000 0.487284 0.000000 0.000000 0.000000 0.025627 0.000000 0.487090 0.000000 0.000000 0.000000 0.000000 0.000000 0.000000 0.000000 0.000000
 0.359068 0.364685 0.000000 0.276246 0.000000 0.000000 0.000000 0.000000 0.000000 0.000000 0.000000 0.000000 0.000000 0.000000 0.000000 0.000000 0.000000 0.000000 0.000000 0.000000
 0.000000 0.000000 0.499991 0.500009 0.000000 0.000000 0.000000 0.000000 0.000000 0.000000 0.000000 0.000000 0.000000 0.000000 0.000000 0.000000 0.000000 0.000000 0.000000 0.000000
 0.318216 0.335871 0.000000 0.000000 0.000000 0.000000 0.000000 0.000000 0.345913 0.000000 0.000000 0.000000 0.000000 0.000000 0.000000 0.000000 0.000000 0.000000 0.000000 0.000000
 0.000000 0.007507 0.000000 0.000000 0.000000 0.000000 0.496598 0.000000 0.000000 0.000000 0.495895 0.000000 0.000000 0.000000 0.000000 0.000000 0.000000 0.000000 0.000000 0.000000
the mean of prob-rank is 1.631578947368421
the number of false negetive edges is 0
the number of probability greater than 0 is 3.0/edge
