20
 0.000000 0.000000 0.000000 0.000000 0.000000 0.472080 0.000000 0.472503 0.000000 0.000000 0.054317 0.000000 0.001100 0.000000 0.000000 0.000000 0.000000 0.000000 0.000000 0.000000
 0.000000 0.000000 0.000000 0.000000 0.000000 0.000000 0.000000 0.000000 0.083675 0.000000 0.000000 0.000723 0.224908 0.000000 0.342676 0.000000 0.000000 0.348018 0.000000 0.000000
 0.000000 0.000000 0.000000 0.000000 0.000000 0.000000 0.000000 0.000000 0.000002 0.000000 0.000000 0.000000 0.000000 0.000000 0.000000 0.359418 0.000000 0.300060 0.000000 0.340520
 0.000000 0.000000 0.000000 0.000000 0.306457 0.000000 0.338238 0.000000 0.000000 0.000000 0.000000 0.000000 0.000000 0.000000 0.000000 0.000000 0.355305 0.000000 0.000000 0.000000
 0.000000 0.000000 0.000000 0.311989 0.000000 0.000000 0.000000 0.000000 0.000000 0.000000 0.000000 0.000000 0.000000 0.361725 0.000000 0.000000 0.326286 0.000000 0.000000 0.000000
 0.436646 0.000000 0.000000 0.000000 0.000000 0.000000 0.000000 0.000000 0.000000 0.081515 0.437041 0.000000 0.000240 0.000000 0.044557 0.000000 0.000000 0.000000 0.000000 0.000000
 0.000000 0.000000 0.000000 0.335948 0.000000 0.000000 0.000000 0.000000 0.000000 0.000000 0.000000 0.000000 0.000000 0.000000 0.000000 0.000000 0.311149 0.000000 0.352903 0.000000
 0.499998 0.000000 0.000000 0.000000 0.000000 0.000000 0.000000 0.000000 0.000000 0.000000 0.000000 0.000000 0.000000 0.000000 0.000000 0.000000 0.000000 0.000000 0.500002 0.000000
 0.000000 0.088809 0.000002 0.000000 0.000000 0.000000 0.000000 0.000000 0.000000 0.000000 0.000000 0.000000 0.369027 0.000000 0.000000 0.365155 0.000000 0.177007 0.000000 0.000000
 0.000000 0.000000 0.000000 0.000000 0.000000 0.079456 0.000000 0.000000 0.000000 0.000000 0.422016 0.425851 0.000000 0.000000 0.072678 0.000000 0.000000 0.000000 0.000000 0.000000
 0.054595 0.000000 0.000000 0.000000 0.000000 0.474924 0.000000 0.000000 0.000000 0.470481 0.000000 0.000000 0.000000 0.000000 0.000000 0.000000 0.000000 0.000000 0.000000 0.000000
 0.000000 0.000968 0.000000 0.000000 0.000000 0.000000 0.000000 0.000000 0.000000 0.465825 0.000000 0.000000 0.000000 0.000000 0.465990 0.000000 0.000000 0.067217 0.000000 0.000000
 0.000925 0.256696 0.000000 0.000000 0.000000 0.000218 0.000000 0.000000 0.396836 0.000000 0.000000 0.000000 0.000000 0.000000 0.003178 0.008390 0.000000 0.333757 0.000000 0.000000
 0.000000 0.000000 0.000000 0.000000 0.500001 0.000000 0.000000 0.000000 0.000000 0.000000 0.000000 0.000000 0.000000 0.000000 0.000000 0.000000 0.000000 0.000000 0.000000 0.499999
 0.000000 0.394825 0.000000 0.000000 0.000000 0.040881 0.000000 0.000000 0.000000 0.068409 0.000000 0.400980 0.003208 0.000000 0.000000 0.000000 0.000000 0.091697 0.000000 0.000000
 0.000000 0.000000 0.380211 0.000000 0.000000 0.000000 0.000000 0.000000 0.375873 0.000000 0.000000 0.000000 0.008031 0.000000 0.000000 0.000000 0.000000 0.000003 0.000000 0.235882
 0.000000 0.000000 0.000000 0.359229 0.324041 0.000000 0.316729 0.000000 0.000000 0.000000 0.000000 0.000000 0.000000 0.000000 0.000000 0.000000 0.000000 0.000000 0.000000 0.000000
 0.000000 0.283506 0.236685 0.000000 0.000000 0.000000 0.000000 0.000000 0.135860 0.000000 0.000000 0.040894 0.238219 0.000000 0.064833 0.000002 0.000000 0.000000 0.000000 0.000000
 0.000000 0.000000 0.000000 0.000000 0.000000 0.000000 0.499997 0.500003 0.000000 0.000000 0.000000 0.000000 0.000000 0.000000 0.000000 0.000000 0.000000 0.000000 0.000000 0.000000
 0.000000 0.000000 0.368959 0.000000 0.000000 0.000000 0.000000 0.000000 0.000000 0.000000 0.000000 0.000000 0.000000 0.389436 0.000000 0.241605 0.000000 0.000000 0.000000 0.000000
the mean of prob-rank is 1.8421052631578947
the number of false negetive edges is 0
the number of probability greater than 0 is 4.0/edge
