20
 0.000000 0.058995 0.000000 0.000000 0.000000 0.000000 0.000000 0.000000 0.000000 0.000000 0.000000 0.000000 0.470678 0.000000 0.000000 0.000000 0.000000 0.000000 0.470327 0.000000
 0.048572 0.000000 0.000000 0.000000 0.000000 0.000000 0.000000 0.000000 0.002368 0.000000 0.000000 0.000000 0.000000 0.381442 0.180113 0.000000 0.000000 0.000000 0.387505 0.000000
 0.000000 0.000000 0.000000 0.000000 0.000000 0.499989 0.000000 0.000000 0.499988 0.000000 0.000000 0.000000 0.000000 0.000000 0.000008 0.000000 0.000000 0.000014 0.000000 0.000000
 0.000000 0.000000 0.000000 0.000000 0.000000 0.000000 0.000000 0.000000 0.000000 0.000000 0.000000 0.500001 0.000000 0.000000 0.000000 0.499999 0.000000 0.000000 0.000000 0.000000
 0.000000 0.000000 0.000000 0.000000 0.000000 0.000000 0.008543 0.495749 0.000000 0.000000 0.000000 0.000000 0.000000 0.000000 0.000000 0.495708 0.000000 0.000000 0.000000 0.000000
 0.000000 0.000000 0.351807 0.000000 0.000000 0.000000 0.000000 0.000000 0.000001 0.001202 0.000000 0.000000 0.000000 0.000000 0.344956 0.000000 0.010381 0.291653 0.000000 0.000000
 0.000000 0.000000 0.000000 0.000000 0.006196 0.000000 0.000000 0.358218 0.000000 0.000000 0.000000 0.000000 0.000000 0.000000 0.000000 0.000000 0.355666 0.279920 0.000000 0.000000
 0.000000 0.000000 0.000000 0.000000 0.466300 0.000000 0.464548 0.000000 0.000000 0.000000 0.000000 0.000000 0.000000 0.000000 0.000000 0.051557 0.017594 0.000000 0.000000 0.000000
 0.000000 0.003046 0.498337 0.000000 0.000000 0.000001 0.000000 0.000000 0.000000 0.498323 0.000000 0.000000 0.000000 0.000000 0.000001 0.000000 0.000000 0.000000 0.000293 0.000000
 0.000000 0.000000 0.000000 0.000000 0.000000 0.001706 0.000000 0.000000 0.499140 0.000000 0.000000 0.000000 0.000000 0.000000 0.000000 0.000000 0.499155 0.000000 0.000000 0.000000
 0.000000 0.000000 0.000000 0.000000 0.000000 0.000000 0.000000 0.000000 0.000000 0.000000 0.000000 0.000000 0.286846 0.355804 0.000005 0.000000 0.000000 0.000000 0.000000 0.357345
 0.000000 0.000000 0.000000 0.469076 0.000000 0.000000 0.000000 0.000000 0.000000 0.000000 0.000000 0.000000 0.000001 0.000000 0.000000 0.000000 0.000000 0.062013 0.000000 0.468910
 0.334053 0.000000 0.000000 0.000000 0.000000 0.000000 0.000000 0.000000 0.000000 0.000000 0.267935 0.000001 0.000000 0.269791 0.000000 0.000000 0.000000 0.000000 0.000000 0.128220
 0.000000 0.306759 0.000000 0.000000 0.000000 0.000000 0.000000 0.000000 0.000000 0.000000 0.310056 0.000000 0.251696 0.000000 0.129758 0.000000 0.000000 0.000000 0.000049 0.001683
 0.000000 0.161772 0.000005 0.000000 0.000000 0.341282 0.000000 0.000000 0.000000 0.000000 0.000005 0.000000 0.000000 0.144919 0.000000 0.000000 0.000000 0.347900 0.002661 0.001454
 0.000000 0.000000 0.000000 0.473824 0.473786 0.000000 0.000000 0.052389 0.000000 0.000000 0.000000 0.000000 0.000000 0.000000 0.000000 0.000000 0.000000 0.000000 0.000000 0.000000
 0.000000 0.000000 0.000000 0.000000 0.000000 0.012058 0.404226 0.015420 0.000000 0.408662 0.000000 0.000000 0.000000 0.000000 0.000000 0.000000 0.000000 0.159634 0.000000 0.000000
 0.000000 0.000000 0.000009 0.000000 0.000000 0.264870 0.248726 0.000000 0.000000 0.000000 0.000000 0.042238 0.000000 0.000000 0.319352 0.000000 0.124805 0.000000 0.000000 0.000000
 0.497735 0.498085 0.000000 0.000000 0.000000 0.000000 0.000000 0.000000 0.000293 0.000000 0.000000 0.000000 0.000000 0.000078 0.003809 0.000000 0.000000 0.000000 0.000000 0.000000
 0.000000 0.000000 0.000000 0.000000 0.000000 0.000000 0.000000 0.000000 0.000000 0.000000 0.417680 0.417868 0.160448 0.002257 0.001747 0.000000 0.000000 0.000000 0.000000 0.000000
the mean of prob-rank is 1.6842105263157894
the number of false negetive edges is 0
the number of probability greater than 0 is 4.45/edge
