20
 0.000000 0.000000 0.000000 0.000000 0.034063 0.296185 0.000000 0.000000 0.000000 0.000000 0.150071 0.308814 0.210867 0.000000 0.000000 0.000000 0.000000 0.000000 0.000000 0.000000
 0.000000 0.000000 0.195647 0.000000 0.000000 0.000000 0.000000 0.381473 0.000000 0.000000 0.000000 0.000000 0.000000 0.000000 0.000000 0.000000 0.000000 0.041335 0.000000 0.381545
 0.000000 0.199573 0.000000 0.000000 0.389201 0.000000 0.000000 0.000000 0.000000 0.000000 0.000000 0.000000 0.000000 0.000000 0.000000 0.000000 0.000000 0.040873 0.000000 0.370354
 0.000000 0.000000 0.000000 0.000000 0.000000 0.186315 0.000000 0.000000 0.000000 0.000000 0.000000 0.102716 0.357220 0.000000 0.000000 0.353737 0.000000 0.000000 0.000012 0.000000
 0.052300 0.000000 0.474154 0.000000 0.000000 0.000000 0.000000 0.000000 0.000000 0.000000 0.000019 0.000000 0.000000 0.000000 0.000000 0.000000 0.000000 0.473527 0.000000 0.000000
 0.271426 0.000000 0.000000 0.147591 0.000000 0.000000 0.000000 0.000000 0.000000 0.000000 0.281161 0.232678 0.000024 0.000000 0.000000 0.000000 0.000000 0.000000 0.067121 0.000000
 0.000000 0.000000 0.000000 0.000000 0.000000 0.000000 0.000000 0.500048 0.499941 0.000000 0.000000 0.000000 0.000000 0.000000 0.000000 0.000000 0.000000 0.000000 0.000000 0.000010
 0.000000 0.476873 0.000000 0.000000 0.000000 0.000000 0.476963 0.000000 0.000000 0.000000 0.000000 0.000000 0.000000 0.000000 0.000002 0.000000 0.000000 0.000000 0.000000 0.046162
 0.000000 0.000000 0.000000 0.000000 0.000000 0.000000 0.499947 0.000000 0.000000 0.000000 0.000000 0.000000 0.000000 0.500053 0.000000 0.000000 0.000000 0.000000 0.000000 0.000000
 0.000000 0.000000 0.000000 0.000000 0.000000 0.000000 0.000000 0.000000 0.000000 0.000000 0.000000 0.000000 0.265290 0.371526 0.000000 0.363184 0.000000 0.000000 0.000000 0.000000
 0.196598 0.000000 0.000000 0.000000 0.000017 0.401927 0.000000 0.000000 0.000000 0.000000 0.000000 0.000000 0.000000 0.000000 0.000000 0.000000 0.000000 0.000000 0.401458 0.000000
 0.330179 0.000000 0.000000 0.094932 0.000000 0.271467 0.000000 0.000000 0.000000 0.000000 0.000000 0.000000 0.303422 0.000000 0.000000 0.000000 0.000000 0.000000 0.000000 0.000000
 0.164271 0.000000 0.000000 0.240552 0.000000 0.000020 0.000000 0.000000 0.000000 0.171783 0.000000 0.221078 0.000000 0.000000 0.000000 0.202296 0.000000 0.000000 0.000000 0.000000
 0.000000 0.000000 0.000000 0.000000 0.000000 0.000000 0.000000 0.000000 0.500000 0.499999 0.000000 0.000000 0.000000 0.000000 0.000000 0.000000 0.000000 0.000000 0.000000 0.000000
 0.000000 0.000000 0.000000 0.000000 0.000000 0.000000 0.000000 0.000002 0.000000 0.000000 0.000000 0.000000 0.000000 0.000000 0.000000 0.000000 0.500021 0.000002 0.499975 0.000000
 0.000000 0.000000 0.000000 0.352545 0.000000 0.000000 0.000000 0.000000 0.000000 0.348053 0.000000 0.000000 0.299398 0.000000 0.000000 0.000000 0.000000 0.000000 0.000004 0.000000
 0.000000 0.000000 0.000000 0.000000 0.000000 0.000000 0.000000 0.000000 0.000000 0.000000 0.000000 0.000000 0.000000 0.000000 0.499169 0.000000 0.000000 0.499028 0.001803 0.000000
 0.000000 0.048982 0.047482 0.000000 0.451542 0.000000 0.000000 0.000000 0.000000 0.000000 0.000000 0.000000 0.000000 0.000000 0.000002 0.000000 0.451991 0.000000 0.000000 0.000000
 0.000000 0.000000 0.000000 0.000015 0.000000 0.106212 0.000000 0.000000 0.000000 0.000000 0.444391 0.000000 0.000000 0.000000 0.447758 0.000006 0.001617 0.000000 0.000000 0.000000
 0.000000 0.488191 0.464550 0.000000 0.000000 0.000000 0.000010 0.047248 0.000000 0.000000 0.000000 0.000000 0.000000 0.000000 0.000000 0.000000 0.000000 0.000000 0.000000 0.000000
the mean of prob-rank is 1.4736842105263157
the number of false negetive edges is 0
the number of probability greater than 0 is 4.1/edge
