20
 0.000000 0.000000 0.000000 0.000000 0.500000 0.500000 0.000000 0.000000 0.000000 0.000000 0.000000 0.000000 0.000000 0.000000 0.000000 0.000000 0.000000 0.000000 0.000000 0.000000
 0.000000 0.000000 0.000000 0.000000 0.494666 0.000000 0.000000 0.000000 0.000000 0.000000 0.000000 0.000000 0.000000 0.000000 0.000000 0.000000 0.000000 0.010102 0.495232 0.000000
 0.000000 0.000000 0.000000 0.000000 0.000000 0.000000 0.000000 0.000000 0.498517 0.000000 0.000000 0.000000 0.000000 0.000000 0.000000 0.000000 0.498539 0.002944 0.000000 0.000000
 0.000000 0.000000 0.000000 0.000000 0.000000 0.000000 0.000000 0.000000 0.000000 0.000004 0.000000 0.094591 0.452079 0.000190 0.453136 0.000000 0.000000 0.000000 0.000000 0.000000
 0.493480 0.492916 0.000000 0.000000 0.000000 0.000000 0.000004 0.000000 0.000000 0.000000 0.000000 0.000000 0.000138 0.000015 0.000000 0.000000 0.000000 0.000000 0.013447 0.000000
 0.497871 0.000000 0.000000 0.000000 0.000000 0.000000 0.497871 0.000000 0.000000 0.000000 0.000000 0.000000 0.000000 0.004258 0.000000 0.000000 0.000000 0.000000 0.000000 0.000000
 0.000000 0.000000 0.000000 0.000000 0.000004 0.448676 0.000000 0.000000 0.000000 0.000000 0.000000 0.000000 0.103161 0.448159 0.000000 0.000000 0.000000 0.000000 0.000000 0.000000
 0.000000 0.000000 0.000000 0.000000 0.000000 0.000000 0.000000 0.000000 0.000000 0.000000 0.448072 0.103502 0.000000 0.000000 0.000000 0.448426 0.000000 0.000000 0.000000 0.000000
 0.000000 0.000000 0.499159 0.000000 0.000000 0.000000 0.000000 0.000000 0.000000 0.000000 0.000000 0.000000 0.000000 0.000000 0.000000 0.000000 0.001619 0.000040 0.000000 0.499182
 0.000000 0.000000 0.000000 0.000004 0.000000 0.000000 0.000000 0.000000 0.000000 0.000000 0.034422 0.472930 0.000000 0.000000 0.492644 0.000000 0.000000 0.000000 0.000000 0.000000
 0.000000 0.000000 0.000000 0.000000 0.000000 0.000000 0.000000 0.482924 0.000000 0.033769 0.000000 0.483306 0.000000 0.000000 0.000000 0.000000 0.000000 0.000000 0.000000 0.000000
 0.000000 0.000000 0.000000 0.086995 0.000000 0.000000 0.000000 0.096191 0.000000 0.400067 0.416748 0.000000 0.000000 0.000000 0.000000 0.000000 0.000000 0.000000 0.000000 0.000000
 0.000000 0.000000 0.000000 0.447812 0.000125 0.000000 0.103203 0.000000 0.000000 0.000000 0.000000 0.000000 0.000000 0.448859 0.000000 0.000000 0.000000 0.000000 0.000000 0.000000
 0.000000 0.000000 0.000000 0.000209 0.000015 0.004260 0.497471 0.000000 0.000000 0.000000 0.000000 0.000000 0.498045 0.000000 0.000000 0.000000 0.000000 0.000000 0.000000 0.000000
 0.000000 0.000000 0.000000 0.500002 0.000000 0.000000 0.000000 0.000000 0.000000 0.499998 0.000000 0.000000 0.000000 0.000000 0.000000 0.000000 0.000000 0.000000 0.000000 0.000000
 0.000000 0.000000 0.000000 0.000000 0.000000 0.000000 0.000000 0.500000 0.000000 0.000000 0.000000 0.000000 0.000000 0.000000 0.000000 0.000000 0.000000 0.000000 0.000000 0.500000
 0.000000 0.000000 0.499191 0.000000 0.000000 0.000000 0.000000 0.000000 0.001619 0.000000 0.000000 0.000000 0.000000 0.000000 0.000000 0.000000 0.000000 0.499190 0.000000 0.000000
 0.000000 0.010067 0.002914 0.000000 0.000000 0.000000 0.000000 0.000000 0.000040 0.000000 0.000000 0.000000 0.000000 0.000000 0.000000 0.000000 0.493550 0.000000 0.493429 0.000000
 0.000000 0.493339 0.000000 0.000000 0.013443 0.000000 0.000000 0.000000 0.000000 0.000000 0.000000 0.000000 0.000000 0.000000 0.000000 0.000000 0.000000 0.493218 0.000000 0.000000
 0.000000 0.000000 0.000000 0.000000 0.000000 0.000000 0.000000 0.000000 0.500000 0.000000 0.000000 0.000000 0.000000 0.000000 0.000000 0.500000 0.000000 0.000000 0.000000 0.000000
the mean of prob-rank is 1.5789473684210527
the number of false negetive edges is 0
the number of probability greater than 0 is 3.5/edge
