20
 0.000000 0.000000 0.000000 0.000000 0.000000 0.000000 0.500004 0.000000 0.000000 0.000000 0.000000 0.000000 0.000000 0.000000 0.000000 0.000000 0.499996 0.000000 0.000000 0.000000
 0.000000 0.000000 0.000000 0.480298 0.000000 0.000000 0.000000 0.000000 0.000000 0.036260 0.000000 0.000000 0.000000 0.483442 0.000000 0.000000 0.000000 0.000000 0.000000 0.000000
 0.000000 0.000000 0.000000 0.000000 0.000000 0.000000 0.000000 0.000000 0.000000 0.000000 0.000000 0.000000 0.477255 0.000000 0.000000 0.477447 0.000000 0.000000 0.000000 0.045298
 0.000000 0.387348 0.000000 0.000000 0.000000 0.000000 0.000000 0.000000 0.388801 0.000326 0.000000 0.000000 0.069430 0.000000 0.005181 0.000000 0.000000 0.000000 0.000000 0.148915
 0.000000 0.000000 0.000000 0.000000 0.000000 0.000000 0.000000 0.000000 0.500000 0.000000 0.500000 0.000000 0.000000 0.000000 0.000000 0.000000 0.000000 0.000000 0.000000 0.000000
 0.000000 0.000000 0.000000 0.000000 0.000000 0.000000 0.000000 0.499232 0.000000 0.000000 0.000000 0.000000 0.000000 0.000000 0.001209 0.499469 0.000000 0.000000 0.000000 0.000090
 0.500001 0.000000 0.000000 0.000000 0.000000 0.000000 0.000000 0.000000 0.000000 0.000000 0.000000 0.499999 0.000000 0.000000 0.000000 0.000000 0.000000 0.000000 0.000000 0.000000
 0.000000 0.000000 0.000000 0.000000 0.000000 0.454013 0.000000 0.000000 0.000000 0.000000 0.000000 0.000000 0.000000 0.000000 0.001050 0.000000 0.000000 0.090708 0.454228 0.000000
 0.000000 0.000000 0.000000 0.473501 0.474818 0.000000 0.000000 0.000000 0.000000 0.000000 0.000000 0.000000 0.051681 0.000000 0.000000 0.000000 0.000000 0.000000 0.000000 0.000000
 0.000000 0.035368 0.000000 0.000395 0.000000 0.000000 0.000000 0.000000 0.000000 0.000000 0.000000 0.000000 0.000000 0.000000 0.471544 0.000000 0.000000 0.470682 0.000000 0.022011
 0.000000 0.000000 0.000000 0.000000 0.500000 0.000000 0.000000 0.000000 0.000000 0.000000 0.000000 0.500000 0.000000 0.000000 0.000000 0.000000 0.000000 0.000000 0.000000 0.000000
 0.000000 0.000000 0.000000 0.000000 0.000000 0.000000 0.499999 0.000000 0.000000 0.000000 0.500001 0.000000 0.000000 0.000000 0.000000 0.000000 0.000000 0.000000 0.000000 0.000000
 0.000000 0.000000 0.437924 0.078016 0.000000 0.000000 0.000000 0.000000 0.047684 0.000000 0.000000 0.000000 0.000000 0.000000 0.000000 0.000000 0.000000 0.000000 0.000000 0.436376
 0.000000 0.500033 0.000000 0.000000 0.000000 0.000000 0.000000 0.000000 0.000000 0.000000 0.000000 0.000000 0.000000 0.000000 0.000000 0.000000 0.000000 0.499967 0.000000 0.000000
 0.000000 0.000000 0.000000 0.006591 0.000000 0.001201 0.000000 0.001147 0.000000 0.496037 0.000000 0.000000 0.000000 0.000000 0.000000 0.000000 0.000000 0.000008 0.000000 0.495016
 0.000000 0.000000 0.499821 0.000000 0.000000 0.499822 0.000000 0.000000 0.000000 0.000000 0.000000 0.000000 0.000000 0.000000 0.000000 0.000000 0.000000 0.000000 0.000000 0.000357
 0.499996 0.000000 0.000000 0.000000 0.000000 0.000000 0.000000 0.000000 0.000000 0.000000 0.000000 0.000000 0.000000 0.000000 0.000000 0.000000 0.000000 0.000000 0.500004 0.000000
 0.000000 0.000000 0.000000 0.000000 0.000000 0.000000 0.000000 0.090864 0.000000 0.454179 0.000000 0.000000 0.000000 0.454949 0.000008 0.000000 0.000000 0.000000 0.000000 0.000000
 0.000000 0.000000 0.000000 0.000000 0.000000 0.000000 0.000000 0.500000 0.000000 0.000000 0.000000 0.000000 0.000000 0.000000 0.000000 0.000000 0.500000 0.000000 0.000000 0.000000
 0.000000 0.000000 0.037673 0.151662 0.000000 0.000072 0.000000 0.000000 0.000000 0.018535 0.000000 0.000000 0.395513 0.000000 0.396261 0.000284 0.000000 0.000000 0.000000 0.000000
the mean of prob-rank is 1.4736842105263157
the number of false negetive edges is 0
the number of probability greater than 0 is 3.4/edge
