20
 0.000000 0.391926 0.000000 0.000000 0.000000 0.000000 0.000000 0.000007 0.000000 0.000000 0.000000 0.000001 0.019005 0.000000 0.214462 0.000000 0.001215 0.373384 0.000000 0.000000
 0.350855 0.000000 0.000000 0.000000 0.000000 0.205894 0.000000 0.122472 0.000000 0.000000 0.000000 0.000000 0.002116 0.000000 0.318661 0.000000 0.000002 0.000000 0.000000 0.000000
 0.000000 0.000000 0.000000 0.000000 0.000000 0.000000 0.000000 0.000000 0.000000 0.000000 0.497647 0.000000 0.497655 0.000000 0.000000 0.000000 0.000000 0.004699 0.000000 0.000000
 0.000000 0.000000 0.000000 0.000000 0.017016 0.000000 0.000000 0.000000 0.000000 0.491488 0.000000 0.000000 0.000000 0.000000 0.000000 0.000000 0.000000 0.000000 0.491492 0.000004
 0.000000 0.000000 0.000000 0.010364 0.000000 0.000000 0.274178 0.000000 0.000000 0.000009 0.000000 0.243961 0.000000 0.022749 0.000000 0.000000 0.145610 0.000000 0.029854 0.273274
 0.000000 0.222272 0.000000 0.000000 0.000000 0.000000 0.000000 0.022108 0.378764 0.000000 0.000000 0.000000 0.000000 0.000000 0.000000 0.000000 0.000000 0.000000 0.376855 0.000000
 0.000000 0.000000 0.000000 0.000000 0.336761 0.000000 0.000000 0.000000 0.000000 0.000000 0.000000 0.000094 0.000000 0.362956 0.000000 0.000000 0.000013 0.000000 0.000000 0.300176
 0.000008 0.145454 0.000000 0.000000 0.000000 0.024322 0.000000 0.000000 0.416286 0.000000 0.000000 0.000004 0.000000 0.000000 0.413902 0.000000 0.000022 0.000000 0.000000 0.000000
 0.000000 0.000000 0.000000 0.000000 0.000000 0.462010 0.000000 0.461557 0.000000 0.000000 0.000000 0.045595 0.000000 0.000000 0.000001 0.000000 0.030837 0.000000 0.000000 0.000000
 0.000000 0.000000 0.000000 0.499991 0.000015 0.000000 0.000000 0.000000 0.000000 0.000000 0.000000 0.000000 0.000000 0.000000 0.000000 0.000000 0.000000 0.000000 0.000003 0.499992
 0.000000 0.000000 0.499993 0.000000 0.000000 0.000000 0.000000 0.000000 0.000000 0.000000 0.000000 0.000000 0.000000 0.000001 0.000000 0.500006 0.000000 0.000000 0.000000 0.000000
 0.000001 0.000000 0.000000 0.000000 0.233363 0.000000 0.000073 0.000003 0.028259 0.000000 0.000000 0.000000 0.000000 0.070946 0.253260 0.000000 0.286348 0.127747 0.000000 0.000000
 0.023603 0.002936 0.486740 0.000000 0.000000 0.000000 0.000000 0.000000 0.000000 0.000000 0.000000 0.000000 0.000000 0.000000 0.000000 0.000000 0.000000 0.486721 0.000000 0.000000
 0.000000 0.000000 0.000000 0.000000 0.029605 0.000000 0.384562 0.000000 0.000000 0.000000 0.000001 0.096520 0.000000 0.000000 0.000000 0.389566 0.099746 0.000000 0.000000 0.000000
 0.128300 0.212952 0.000000 0.000000 0.000000 0.000000 0.000000 0.232895 0.000000 0.000000 0.000000 0.207373 0.000000 0.000000 0.000000 0.000000 0.218479 0.000000 0.000000 0.000000
 0.000000 0.000000 0.000000 0.000000 0.000000 0.000000 0.000000 0.000000 0.000000 0.000000 0.500002 0.000000 0.000000 0.499998 0.000000 0.000000 0.000000 0.000000 0.000000 0.000000
 0.000866 0.000001 0.000000 0.000000 0.135810 0.000000 0.000010 0.000015 0.018635 0.000000 0.000000 0.279206 0.000000 0.071489 0.260167 0.000000 0.000000 0.233801 0.000000 0.000000
 0.293534 0.000000 0.002909 0.000000 0.000000 0.000000 0.000000 0.000000 0.000000 0.000000 0.000000 0.137456 0.308096 0.000000 0.000000 0.000000 0.258005 0.000000 0.000000 0.000000
 0.000000 0.000000 0.000000 0.477395 0.047610 0.474991 0.000000 0.000000 0.000000 0.000003 0.000000 0.000000 0.000000 0.000000 0.000000 0.000000 0.000000 0.000000 0.000000 0.000000
 0.000000 0.000000 0.000000 0.000003 0.334477 0.000000 0.299127 0.000000 0.000000 0.366393 0.000000 0.000000 0.000000 0.000000 0.000000 0.000000 0.000000 0.000000 0.000000 0.000000
the mean of prob-rank is 1.5789473684210527
the number of false negetive edges is 0
the number of probability greater than 0 is 5.1/edge
