20
 0.000000 0.000000 0.000000 0.499686 0.000000 0.000629 0.499685 0.000000 0.000000 0.000000 0.000000 0.000000 0.000000 0.000000 0.000000 0.000000 0.000000 0.000000 0.000000 0.000000
 0.000000 0.000000 0.000000 0.000000 0.000000 0.000000 0.000000 0.000000 0.000000 0.000000 0.384175 0.000000 0.000000 0.000000 0.384461 0.000000 0.231356 0.000008 0.000000 0.000000
 0.000000 0.000000 0.000000 0.000000 0.000000 0.000000 0.000000 0.000000 0.281360 0.356334 0.000000 0.000000 0.000000 0.000000 0.000000 0.000000 0.000000 0.000000 0.000000 0.362306
 0.500001 0.000000 0.000000 0.000000 0.000000 0.499999 0.000000 0.000000 0.000000 0.000000 0.000000 0.000000 0.000000 0.000000 0.000000 0.000000 0.000000 0.000000 0.000000 0.000000
 0.000000 0.000000 0.000000 0.000000 0.000000 0.500000 0.000000 0.000000 0.000000 0.000000 0.000000 0.000000 0.000000 0.000000 0.000000 0.000000 0.000000 0.000000 0.500000 0.000000
 0.000628 0.000000 0.000000 0.499142 0.499144 0.000000 0.000000 0.000000 0.000000 0.000000 0.000000 0.000000 0.000000 0.000000 0.000000 0.000000 0.000000 0.001085 0.000000 0.000000
 0.500000 0.000000 0.000000 0.000000 0.000000 0.000000 0.000000 0.000000 0.000000 0.000000 0.000000 0.500000 0.000000 0.000000 0.000000 0.000000 0.000000 0.000000 0.000000 0.000000
 0.000000 0.000000 0.000000 0.000000 0.000000 0.000000 0.000000 0.000000 0.000000 0.000000 0.000000 0.000000 0.492314 0.491964 0.015723 0.000000 0.000000 0.000000 0.000000 0.000000
 0.000000 0.000000 0.286337 0.000000 0.000000 0.000000 0.000000 0.000000 0.000000 0.000000 0.000000 0.000000 0.368715 0.000000 0.344947 0.000000 0.000000 0.000000 0.000000 0.000000
 0.000000 0.000000 0.391446 0.000000 0.000000 0.000000 0.000000 0.000000 0.000000 0.000000 0.000000 0.397999 0.000000 0.000000 0.000000 0.000000 0.000000 0.000000 0.000000 0.210555
 0.000000 0.378780 0.000000 0.000000 0.000000 0.000000 0.000000 0.000000 0.000000 0.000000 0.000000 0.000000 0.000000 0.000000 0.013000 0.232904 0.000752 0.374564 0.000000 0.000000
 0.000000 0.000000 0.000000 0.000000 0.000000 0.000000 0.500005 0.000000 0.000000 0.499995 0.000000 0.000000 0.000000 0.000000 0.000000 0.000000 0.000000 0.000000 0.000000 0.000000
 0.000000 0.000000 0.000000 0.000000 0.000000 0.000000 0.000000 0.500000 0.500000 0.000000 0.000000 0.000000 0.000000 0.000000 0.000000 0.000000 0.000000 0.000000 0.000000 0.000000
 0.000000 0.000000 0.000000 0.000000 0.000000 0.000000 0.000000 0.463579 0.000000 0.000000 0.000000 0.000000 0.000000 0.000000 0.076001 0.000000 0.460419 0.000000 0.000000 0.000000
 0.000000 0.329177 0.000000 0.000000 0.000000 0.000000 0.000000 0.010514 0.307998 0.000000 0.011289 0.000000 0.000000 0.053935 0.000000 0.000000 0.000016 0.287071 0.000000 0.000000
 0.000000 0.000000 0.000000 0.000000 0.000000 0.000000 0.000000 0.000000 0.000000 0.000000 0.191942 0.000000 0.000000 0.000000 0.000000 0.000000 0.306474 0.189147 0.312437 0.000000
 0.000000 0.233473 0.000000 0.000000 0.000000 0.000000 0.000000 0.000000 0.000000 0.000000 0.000770 0.000000 0.000000 0.385112 0.000019 0.380626 0.000000 0.000000 0.000000 0.000000
 0.000000 0.000006 0.000000 0.000000 0.000000 0.000639 0.000000 0.000000 0.000000 0.000000 0.290252 0.000000 0.000000 0.000000 0.256165 0.177851 0.000000 0.000000 0.000002 0.275085
 0.000000 0.000000 0.000000 0.000000 0.499999 0.000000 0.000000 0.000000 0.000000 0.000000 0.000000 0.000000 0.000000 0.000000 0.000000 0.499999 0.000000 0.000003 0.000000 0.000000
 0.000000 0.000000 0.405614 0.000000 0.000000 0.000000 0.000000 0.000000 0.000000 0.214580 0.000000 0.000000 0.000000 0.000000 0.000000 0.000000 0.000000 0.379806 0.000000 0.000000
the mean of prob-rank is 1.4210526315789473
the number of false negetive edges is 0
the number of probability greater than 0 is 3.5/edge
