20
 0.000000 0.000000 0.000000 0.319323 0.026091 0.000000 0.000000 0.000000 0.340881 0.000000 0.000000 0.040255 0.000000 0.000000 0.000000 0.000000 0.000000 0.000000 0.273449 0.000000
 0.000000 0.000000 0.339615 0.000000 0.000000 0.000000 0.000000 0.304713 0.000000 0.000279 0.000000 0.000000 0.000000 0.000001 0.000000 0.000000 0.000000 0.355393 0.000000 0.000000
 0.000000 0.376375 0.000000 0.000000 0.000000 0.000000 0.000000 0.000000 0.000000 0.000000 0.012075 0.000000 0.000001 0.391837 0.000000 0.099748 0.000000 0.119963 0.000000 0.000000
 0.298106 0.000000 0.000000 0.000000 0.000000 0.000000 0.000000 0.128885 0.000003 0.312089 0.000000 0.255653 0.000000 0.000032 0.000000 0.000000 0.000000 0.000000 0.005222 0.000010
 0.028500 0.000000 0.000000 0.000000 0.000000 0.000000 0.000000 0.000000 0.233715 0.000000 0.000000 0.000000 0.000000 0.000000 0.000000 0.000000 0.363233 0.000000 0.000000 0.374552
 0.000000 0.000000 0.000000 0.000000 0.000000 0.000000 0.000000 0.000000 0.000000 0.000000 0.000000 0.169311 0.277876 0.000000 0.000000 0.253842 0.000000 0.000000 0.298971 0.000000
 0.000000 0.000000 0.000000 0.000000 0.000000 0.000000 0.000000 0.000000 0.000000 0.000000 0.000000 0.000000 0.000000 0.000000 0.475205 0.000000 0.475299 0.000000 0.000000 0.049497
 0.000000 0.270401 0.000000 0.127023 0.000000 0.000000 0.000000 0.000000 0.000000 0.296519 0.000001 0.000000 0.000000 0.000000 0.000000 0.000000 0.000000 0.000705 0.000000 0.305352
 0.387881 0.000000 0.000000 0.000003 0.243461 0.000000 0.000000 0.000000 0.000000 0.000000 0.000000 0.000000 0.000000 0.000000 0.000000 0.000000 0.000859 0.000000 0.367796 0.000000
 0.000000 0.000286 0.000000 0.355240 0.000000 0.000000 0.000000 0.342465 0.000000 0.000000 0.000000 0.000161 0.000000 0.301847 0.000000 0.000000 0.000000 0.000000 0.000000 0.000000
 0.000000 0.000000 0.015113 0.000000 0.000000 0.000000 0.000000 0.000002 0.000000 0.000000 0.000000 0.000000 0.000000 0.000000 0.493141 0.000000 0.000000 0.491744 0.000000 0.000000
 0.026391 0.000000 0.000000 0.179534 0.000000 0.125732 0.000000 0.000000 0.000000 0.000100 0.000000 0.000000 0.204200 0.188675 0.000000 0.208221 0.000000 0.000000 0.067147 0.000000
 0.000000 0.000000 0.000001 0.000000 0.000000 0.324773 0.000000 0.000000 0.000000 0.000000 0.000000 0.321386 0.000000 0.000002 0.000000 0.353838 0.000000 0.000000 0.000000 0.000000
 0.000000 0.000001 0.371367 0.000038 0.000000 0.000000 0.000000 0.000000 0.000000 0.309340 0.000000 0.313409 0.000002 0.000000 0.000000 0.005844 0.000000 0.000000 0.000000 0.000000
 0.000000 0.000000 0.000000 0.000000 0.000000 0.000000 0.483695 0.000000 0.000000 0.000000 0.483787 0.000000 0.000000 0.000000 0.000000 0.000000 0.032518 0.000000 0.000000 0.000000
 0.000000 0.000000 0.083452 0.000000 0.000000 0.276410 0.000000 0.000000 0.000000 0.000000 0.000000 0.305320 0.329659 0.005159 0.000000 0.000000 0.000000 0.000000 0.000000 0.000000
 0.000000 0.000000 0.000000 0.000000 0.355395 0.000000 0.366501 0.000000 0.000807 0.000000 0.000000 0.000000 0.000000 0.000000 0.024634 0.000000 0.000000 0.000000 0.000000 0.252663
 0.000000 0.433950 0.132174 0.000000 0.000000 0.000000 0.000000 0.000970 0.000000 0.000000 0.432907 0.000000 0.000000 0.000000 0.000000 0.000000 0.000000 0.000000 0.000000 0.000000
 0.262089 0.000000 0.000000 0.005362 0.000000 0.324581 0.000000 0.000000 0.309802 0.000000 0.000000 0.098167 0.000000 0.000000 0.000000 0.000000 0.000000 0.000000 0.000000 0.000000
 0.000000 0.000000 0.000000 0.000011 0.362121 0.000000 0.037714 0.350489 0.000000 0.000000 0.000000 0.000000 0.000000 0.000000 0.000000 0.000000 0.249665 0.000000 0.000000 0.000000
the mean of prob-rank is 1.5789473684210527
the number of false negetive edges is 0
the number of probability greater than 0 is 5.0/edge
