20
 0.000000 0.448447 0.000001 0.000000 0.000000 0.000000 0.016139 0.000000 0.000000 0.000000 0.000000 0.000000 0.000000 0.000000 0.000000 0.000000 0.000017 0.000000 0.436976 0.098420
 0.376571 0.000000 0.000000 0.000000 0.000000 0.000000 0.001994 0.000000 0.000000 0.000000 0.000000 0.000000 0.000000 0.000000 0.251511 0.000000 0.000000 0.000000 0.000000 0.369924
 0.000001 0.000000 0.000000 0.000000 0.000000 0.000000 0.000000 0.000000 0.000000 0.000000 0.000000 0.000000 0.499999 0.000000 0.000000 0.000000 0.000000 0.000000 0.500000 0.000000
 0.000000 0.000000 0.000000 0.000000 0.000000 0.049205 0.017450 0.000000 0.000000 0.000000 0.467236 0.000012 0.000000 0.000000 0.000000 0.000000 0.466096 0.000000 0.000000 0.000000
 0.000000 0.000000 0.000000 0.000000 0.000000 0.000000 0.000000 0.000000 0.013717 0.000000 0.000000 0.000000 0.000000 0.000156 0.000000 0.493527 0.000000 0.492600 0.000000 0.000000
 0.000000 0.000000 0.000000 0.047715 0.000000 0.000000 0.452902 0.000000 0.000000 0.000000 0.000000 0.000000 0.000000 0.000000 0.452916 0.000000 0.046466 0.000000 0.000000 0.000000
 0.016383 0.002410 0.000000 0.017001 0.000000 0.455033 0.000000 0.000000 0.000000 0.000000 0.000000 0.000000 0.000000 0.000000 0.053939 0.000000 0.455233 0.000000 0.000000 0.000000
 0.000000 0.000000 0.000000 0.000000 0.000000 0.000000 0.000000 0.000000 0.000000 0.500000 0.000000 0.000000 0.000000 0.000000 0.000000 0.500000 0.000000 0.000000 0.000000 0.000000
 0.000000 0.000000 0.000000 0.000000 0.013707 0.000000 0.000000 0.000000 0.000000 0.000000 0.000000 0.000000 0.000000 0.493143 0.000000 0.000000 0.000000 0.493151 0.000000 0.000000
 0.000000 0.000000 0.000000 0.000000 0.000000 0.000000 0.000000 0.500000 0.000000 0.000000 0.000000 0.500000 0.000000 0.000000 0.000000 0.000000 0.000000 0.000000 0.000000 0.000000
 0.000000 0.000000 0.000000 0.497007 0.000000 0.000000 0.000000 0.000000 0.000000 0.000000 0.000000 0.497004 0.000000 0.000000 0.000000 0.000000 0.005989 0.000000 0.000000 0.000000
 0.000000 0.000000 0.000000 0.000013 0.000000 0.000000 0.000000 0.000000 0.000000 0.499852 0.499837 0.000000 0.000000 0.000000 0.000297 0.000000 0.000000 0.000000 0.000000 0.000000
 0.000000 0.000000 0.500002 0.000000 0.000000 0.000000 0.000000 0.000000 0.000000 0.000000 0.000000 0.000000 0.000000 0.499998 0.000000 0.000000 0.000000 0.000000 0.000000 0.000000
 0.000000 0.000000 0.000000 0.000000 0.000157 0.000000 0.000000 0.000000 0.497240 0.000000 0.000000 0.000000 0.497244 0.000000 0.000000 0.000000 0.000000 0.005359 0.000000 0.000000
 0.000000 0.239994 0.000000 0.000000 0.000000 0.359183 0.042576 0.000000 0.000000 0.000000 0.000000 0.000214 0.000000 0.000000 0.000000 0.000000 0.000000 0.000000 0.000000 0.358034
 0.000000 0.000000 0.000000 0.000000 0.499999 0.000000 0.000000 0.500001 0.000000 0.000000 0.000000 0.000000 0.000000 0.000000 0.000000 0.000000 0.000000 0.000000 0.000000 0.000000
 0.000018 0.000000 0.000000 0.472279 0.000000 0.048552 0.473446 0.000000 0.000000 0.000000 0.005705 0.000000 0.000000 0.000000 0.000000 0.000000 0.000000 0.000000 0.000000 0.000000
 0.000000 0.000000 0.000000 0.000000 0.496846 0.000000 0.000000 0.000000 0.497782 0.000000 0.000000 0.000000 0.000000 0.005365 0.000000 0.000000 0.000000 0.000000 0.000000 0.000007
 0.433715 0.000000 0.445103 0.000000 0.000000 0.000000 0.000000 0.000000 0.000000 0.000000 0.000000 0.000000 0.000000 0.000000 0.000000 0.000000 0.000000 0.000000 0.000000 0.121181
 0.088836 0.397633 0.000000 0.000000 0.000000 0.000000 0.000000 0.000000 0.000000 0.000000 0.000000 0.000000 0.000000 0.000000 0.403321 0.000000 0.000000 0.000006 0.110203 0.000000
the mean of prob-rank is 1.5789473684210527
the number of false negetive edges is 0
the number of probability greater than 0 is 3.8/edge
