20
 0.000000 0.000000 0.000000 0.000003 0.000000 0.000000 0.499997 0.000000 0.000000 0.000000 0.000000 0.000000 0.000000 0.000000 0.000000 0.000000 0.000000 0.000000 0.500000 0.000000
 0.000000 0.000000 0.000000 0.000000 0.000000 0.000000 0.000000 0.000000 0.000000 0.000000 0.000000 0.000029 0.407889 0.000000 0.181097 0.000000 0.000000 0.410985 0.000000 0.000000
 0.000000 0.000000 0.000000 0.000000 0.000000 0.000000 0.000000 0.000000 0.286562 0.000000 0.000000 0.273325 0.000000 0.000000 0.136052 0.000000 0.000000 0.000000 0.000000 0.304061
 0.000003 0.000000 0.000000 0.000000 0.000000 0.000000 0.499999 0.000000 0.000000 0.000000 0.000000 0.000000 0.000000 0.499999 0.000000 0.000000 0.000000 0.000000 0.000000 0.000000
 0.000000 0.000000 0.000000 0.000000 0.000000 0.000000 0.000000 0.000000 0.499149 0.499149 0.000000 0.000000 0.000000 0.000000 0.000000 0.000000 0.000000 0.001702 0.000000 0.000000
 0.000000 0.000000 0.000000 0.000000 0.000000 0.000000 0.000000 0.000000 0.000000 0.000000 0.317389 0.000000 0.000000 0.000000 0.000000 0.352612 0.000000 0.000000 0.329998 0.000000
 0.499999 0.000000 0.000000 0.500001 0.000000 0.000000 0.000000 0.000000 0.000000 0.000000 0.000000 0.000000 0.000000 0.000000 0.000000 0.000000 0.000000 0.000000 0.000000 0.000000
 0.000000 0.000000 0.000000 0.000000 0.000000 0.000000 0.000000 0.000000 0.000000 0.499983 0.000000 0.000000 0.000000 0.000000 0.000000 0.000000 0.500017 0.000000 0.000000 0.000000
 0.000000 0.000000 0.325141 0.000000 0.346778 0.000000 0.000000 0.000000 0.000000 0.000003 0.000000 0.327936 0.000000 0.000000 0.000000 0.000000 0.000000 0.000142 0.000000 0.000000
 0.000000 0.000000 0.000000 0.000000 0.500014 0.000000 0.000000 0.499981 0.000005 0.000000 0.000000 0.000000 0.000000 0.000000 0.000000 0.000000 0.000000 0.000000 0.000000 0.000000
 0.000000 0.000000 0.000000 0.000000 0.000000 0.315656 0.000000 0.000000 0.000000 0.000000 0.000000 0.000000 0.350318 0.000000 0.005311 0.326217 0.000000 0.000000 0.000000 0.002498
 0.000000 0.000019 0.240187 0.000000 0.000000 0.000000 0.000000 0.000000 0.253983 0.000000 0.000000 0.000000 0.000000 0.000000 0.215052 0.000000 0.000000 0.224082 0.000000 0.066677
 0.000000 0.416961 0.000000 0.000000 0.000000 0.000000 0.000000 0.000000 0.000000 0.000000 0.419686 0.000000 0.000000 0.000000 0.000079 0.000000 0.000000 0.163274 0.000000 0.000000
 0.000000 0.000000 0.000000 0.500002 0.000000 0.000000 0.000000 0.000000 0.000000 0.000000 0.000000 0.000000 0.000000 0.000000 0.000000 0.000000 0.499998 0.000000 0.000000 0.000000
 0.000000 0.121550 0.122795 0.000000 0.000000 0.000000 0.000000 0.000000 0.000000 0.000000 0.004177 0.220877 0.000052 0.000000 0.000000 0.000000 0.000000 0.254701 0.000000 0.275850
 0.000000 0.000000 0.000000 0.000000 0.000000 0.346625 0.000000 0.000000 0.000000 0.000000 0.322438 0.000000 0.000000 0.000000 0.000000 0.000000 0.000000 0.000000 0.330937 0.000000
 0.000000 0.000000 0.000000 0.000000 0.000000 0.000000 0.000000 0.500002 0.000000 0.000000 0.000000 0.000000 0.000000 0.499998 0.000000 0.000000 0.000000 0.000000 0.000000 0.000000
 0.000000 0.317447 0.000000 0.000000 0.001083 0.000000 0.000000 0.000000 0.000130 0.000000 0.000000 0.264859 0.123370 0.000000 0.293111 0.000000 0.000000 0.000000 0.000000 0.000000
 0.345948 0.000000 0.000000 0.000000 0.000000 0.323761 0.000000 0.000000 0.000000 0.000000 0.000000 0.000000 0.000000 0.000000 0.000000 0.330291 0.000000 0.000000 0.000000 0.000000
 0.000000 0.000000 0.442113 0.000000 0.000000 0.000000 0.000000 0.000000 0.000000 0.000000 0.003165 0.110326 0.000000 0.000000 0.444396 0.000000 0.000000 0.000000 0.000000 0.000000
the mean of prob-rank is 1.736842105263158
the number of false negetive edges is 0
the number of probability greater than 0 is 3.7/edge
