20
 0.000000 0.000000 0.215802 0.000000 0.000000 0.000000 0.000000 0.000000 0.101979 0.000000 0.000000 0.000000 0.000000 0.000024 0.014770 0.000000 0.341249 0.326176 0.000000 0.000000
 0.000000 0.000000 0.000000 0.000000 0.329191 0.000000 0.000000 0.000000 0.000004 0.000000 0.120890 0.000000 0.193042 0.006638 0.350228 0.000006 0.000000 0.000000 0.000000 0.000000
 0.206125 0.000000 0.000000 0.000000 0.000000 0.000000 0.000000 0.000000 0.311662 0.000000 0.000000 0.000000 0.000000 0.017299 0.000112 0.000000 0.000000 0.325421 0.139381 0.000000
 0.000000 0.000000 0.000000 0.000000 0.000000 0.000002 0.000000 0.000000 0.000000 0.000000 0.000000 0.000000 0.000000 0.000000 0.000000 0.499997 0.000000 0.000000 0.000000 0.500001
 0.000000 0.342496 0.000000 0.000000 0.000000 0.000000 0.000000 0.000000 0.000000 0.000000 0.002396 0.000000 0.364537 0.000000 0.000000 0.000162 0.000000 0.000000 0.000000 0.290407
 0.000000 0.000000 0.000000 0.000002 0.000000 0.000000 0.000000 0.499999 0.000000 0.499999 0.000000 0.000000 0.000000 0.000000 0.000000 0.000000 0.000000 0.000000 0.000000 0.000000
 0.000000 0.000000 0.000000 0.000000 0.000000 0.000000 0.000000 0.000000 0.000000 0.500000 0.000000 0.500000 0.000000 0.000000 0.000000 0.000000 0.000000 0.000000 0.000000 0.000000
 0.000000 0.000000 0.000000 0.000000 0.000000 0.499993 0.000000 0.000000 0.000000 0.000016 0.000000 0.000000 0.000000 0.000000 0.000000 0.499991 0.000000 0.000000 0.000000 0.000000
 0.071845 0.000003 0.229877 0.000000 0.000000 0.000000 0.000000 0.000000 0.000000 0.000000 0.060795 0.000000 0.000000 0.235405 0.002473 0.000000 0.000000 0.160254 0.239349 0.000000
 0.000000 0.000000 0.000000 0.000000 0.000000 0.499992 0.499992 0.000016 0.000000 0.000000 0.000000 0.000000 0.000000 0.000000 0.000000 0.000000 0.000000 0.000000 0.000000 0.000000
 0.000000 0.134672 0.000000 0.000000 0.002566 0.000000 0.000000 0.000000 0.098737 0.000000 0.000000 0.000000 0.000000 0.372039 0.001526 0.000000 0.000000 0.000000 0.390459 0.000000
 0.000000 0.000000 0.000000 0.000000 0.000000 0.000000 0.500120 0.000000 0.000000 0.000000 0.000000 0.000000 0.000000 0.000000 0.000000 0.000000 0.499880 0.000000 0.000000 0.000000
 0.000000 0.211363 0.000000 0.000000 0.383628 0.000000 0.000000 0.000000 0.000000 0.000000 0.000000 0.000000 0.000000 0.000000 0.000000 0.032411 0.000000 0.000000 0.000000 0.372598
 0.000023 0.006222 0.017438 0.000000 0.000000 0.000000 0.000000 0.000000 0.321710 0.000000 0.313056 0.000000 0.000000 0.000000 0.327543 0.000000 0.000000 0.014008 0.000000 0.000000
 0.021073 0.486486 0.000167 0.000000 0.000000 0.000000 0.000000 0.000000 0.005007 0.000000 0.001902 0.000000 0.000000 0.485364 0.000000 0.000000 0.000000 0.000000 0.000000 0.000000
 0.000000 0.000009 0.000000 0.479634 0.000214 0.000000 0.000000 0.479636 0.000000 0.000000 0.000000 0.000000 0.040508 0.000000 0.000000 0.000000 0.000000 0.000000 0.000000 0.000000
 0.500120 0.000000 0.000000 0.000000 0.000000 0.000000 0.000000 0.000000 0.000000 0.000000 0.000000 0.499880 0.000000 0.000000 0.000000 0.000000 0.000000 0.000000 0.000000 0.000000
 0.338710 0.000000 0.353789 0.000000 0.000000 0.000000 0.000000 0.000000 0.236208 0.000000 0.000000 0.000000 0.000000 0.015109 0.000000 0.000000 0.000000 0.000000 0.056183 0.000000
 0.000000 0.000000 0.165632 0.000000 0.000000 0.000000 0.000000 0.000000 0.385621 0.000000 0.387336 0.000000 0.000000 0.000000 0.000000 0.000000 0.000000 0.061412 0.000000 0.000000
 0.000000 0.000000 0.000000 0.361368 0.287779 0.000000 0.000000 0.000000 0.000000 0.000000 0.000000 0.000000 0.350852 0.000000 0.000000 0.000000 0.000000 0.000000 0.000000 0.000000
the mean of prob-rank is 1.5789473684210527
the number of false negetive edges is 0
the number of probability greater than 0 is 4.5/edge
