20
 0.000000 0.000000 0.000000 0.000000 0.000000 0.000000 0.000000 0.000000 0.000000 0.351374 0.000000 0.000000 0.000000 0.298833 0.000000 0.000000 0.000000 0.349793 0.000000 0.000000
 0.000000 0.000000 0.496443 0.000000 0.496421 0.000000 0.000000 0.000000 0.000000 0.000000 0.000000 0.000000 0.000000 0.000000 0.000000 0.000000 0.006812 0.000000 0.000324 0.000000
 0.000000 0.367878 0.000000 0.000000 0.014573 0.000000 0.000000 0.000000 0.000000 0.000000 0.000000 0.000000 0.000000 0.000000 0.000000 0.000000 0.254293 0.000000 0.363256 0.000000
 0.000000 0.000000 0.000000 0.000000 0.000000 0.040664 0.000000 0.000000 0.479846 0.000000 0.479490 0.000000 0.000000 0.000000 0.000000 0.000000 0.000000 0.000000 0.000000 0.000000
 0.000000 0.490277 0.019422 0.000000 0.000000 0.000000 0.000000 0.000000 0.000000 0.000000 0.000000 0.490301 0.000000 0.000000 0.000000 0.000000 0.000000 0.000000 0.000000 0.000000
 0.000000 0.000000 0.000000 0.040678 0.000000 0.000000 0.479318 0.000000 0.000000 0.000000 0.480005 0.000000 0.000000 0.000000 0.000000 0.000000 0.000000 0.000000 0.000000 0.000000
 0.000000 0.000000 0.000000 0.000000 0.000000 0.492599 0.000000 0.000000 0.000000 0.000000 0.014056 0.000000 0.493305 0.000000 0.000000 0.000000 0.000040 0.000000 0.000000 0.000000
 0.000000 0.000000 0.000000 0.000000 0.000000 0.000000 0.000000 0.000000 0.000000 0.000000 0.000000 0.000000 0.000000 0.500000 0.500000 0.000000 0.000000 0.000000 0.000000 0.000000
 0.000000 0.000000 0.000000 0.500000 0.000000 0.000000 0.000000 0.000000 0.000000 0.000000 0.000000 0.000000 0.000000 0.000000 0.000000 0.500000 0.000000 0.000000 0.000000 0.000000
 0.447557 0.000000 0.000000 0.000000 0.000000 0.000000 0.000000 0.000000 0.000000 0.000000 0.000000 0.000000 0.000000 0.446976 0.000000 0.000010 0.000000 0.105458 0.000000 0.000000
 0.000000 0.000000 0.000000 0.492791 0.000000 0.493157 0.014052 0.000000 0.000000 0.000000 0.000000 0.000000 0.000000 0.000000 0.000000 0.000000 0.000000 0.000000 0.000000 0.000000
 0.000000 0.000000 0.000000 0.000000 0.500005 0.000000 0.000000 0.000000 0.000000 0.000000 0.000000 0.000000 0.000000 0.000000 0.000000 0.000000 0.000000 0.000000 0.000000 0.499995
 0.000000 0.000000 0.000000 0.000000 0.000000 0.000000 0.359633 0.000000 0.000000 0.000000 0.000000 0.000000 0.000000 0.000000 0.000000 0.000000 0.357034 0.000000 0.283333 0.000000
 0.296388 0.000000 0.000000 0.000000 0.000000 0.000000 0.000000 0.348504 0.000000 0.348047 0.000000 0.000000 0.000000 0.000000 0.000000 0.000000 0.000000 0.007062 0.000000 0.000000
 0.000000 0.000000 0.000000 0.000000 0.000000 0.000000 0.000000 0.500000 0.000000 0.000000 0.000000 0.000000 0.000000 0.000000 0.000000 0.000000 0.000000 0.000000 0.000000 0.500000
 0.000000 0.000000 0.000000 0.000000 0.000000 0.000000 0.000000 0.000000 0.499997 0.000011 0.000000 0.000000 0.000000 0.000000 0.000000 0.000000 0.000000 0.499992 0.000000 0.000000
 0.000000 0.005087 0.256257 0.000000 0.000000 0.000000 0.000030 0.000000 0.000000 0.000000 0.000000 0.000000 0.368041 0.000000 0.000000 0.000000 0.000000 0.000000 0.370585 0.000000
 0.442171 0.000000 0.000000 0.000000 0.000000 0.000000 0.000000 0.000000 0.000000 0.104659 0.000000 0.000000 0.000000 0.009000 0.000000 0.444170 0.000000 0.000000 0.000000 0.000000
 0.000000 0.000235 0.355759 0.000000 0.000000 0.000000 0.000000 0.000000 0.000000 0.000000 0.000000 0.000000 0.283849 0.000000 0.000000 0.000000 0.360157 0.000000 0.000000 0.000000
 0.000000 0.000000 0.000000 0.000000 0.000000 0.000000 0.000000 0.000000 0.000000 0.000000 0.000000 0.499995 0.000000 0.000000 0.500005 0.000000 0.000000 0.000000 0.000000 0.000000
the mean of prob-rank is 1.4736842105263157
the number of false negetive edges is 0
the number of probability greater than 0 is 3.2/edge
