20
 0.000000 0.000000 0.000000 0.000000 0.000000 0.000000 0.000000 0.000000 0.000000 0.000000 0.013938 0.000000 0.492410 0.000000 0.000000 0.000000 0.493652 0.000000 0.000000 0.000000
 0.000000 0.000000 0.000000 0.000000 0.000000 0.070367 0.000000 0.000000 0.239022 0.000000 0.000000 0.000000 0.000000 0.000000 0.332900 0.000000 0.000000 0.357711 0.000000 0.000000
 0.000000 0.000000 0.000000 0.000000 0.000000 0.000000 0.500000 0.000000 0.000000 0.000000 0.000000 0.000000 0.000000 0.000000 0.000000 0.000000 0.000000 0.000000 0.000000 0.500000
 0.000000 0.000000 0.000000 0.000000 0.500000 0.000000 0.000000 0.000000 0.000000 0.000000 0.000000 0.500000 0.000000 0.000000 0.000000 0.000000 0.000000 0.000000 0.000000 0.000000
 0.000000 0.000000 0.000000 0.500001 0.000000 0.000000 0.000000 0.000000 0.000000 0.000000 0.000000 0.000000 0.000000 0.000000 0.000000 0.499999 0.000000 0.000000 0.000000 0.000000
 0.000000 0.090080 0.000000 0.000000 0.000000 0.000000 0.000000 0.000000 0.000000 0.457920 0.000000 0.000000 0.000000 0.000000 0.002342 0.000000 0.000000 0.449658 0.000000 0.000000
 0.000000 0.000000 0.499998 0.000000 0.000000 0.000000 0.000000 0.000000 0.000000 0.500001 0.000000 0.000000 0.000000 0.000000 0.000000 0.000000 0.000000 0.000000 0.000000 0.000000
 0.000000 0.000000 0.000000 0.000000 0.000000 0.000000 0.000000 0.000000 0.000000 0.000000 0.486201 0.000000 0.000000 0.000000 0.027603 0.000000 0.000000 0.000000 0.486196 0.000000
 0.000000 0.251936 0.000000 0.000000 0.000000 0.000000 0.000000 0.000000 0.000000 0.000000 0.000000 0.000000 0.377037 0.000000 0.371027 0.000000 0.000000 0.000000 0.000000 0.000000
 0.000000 0.000000 0.000000 0.000000 0.000000 0.499998 0.500002 0.000000 0.000000 0.000000 0.000000 0.000000 0.000000 0.000000 0.000000 0.000000 0.000000 0.000000 0.000000 0.000000
 0.013897 0.000000 0.000000 0.000000 0.000000 0.000000 0.000000 0.492084 0.000000 0.000000 0.000000 0.000000 0.000000 0.000000 0.000000 0.000000 0.491742 0.000000 0.002277 0.000000
 0.000000 0.000000 0.000000 0.500000 0.000000 0.000000 0.000000 0.000000 0.000000 0.000000 0.000000 0.000000 0.000000 0.500000 0.000000 0.000000 0.000000 0.000000 0.000000 0.000000
 0.490446 0.000000 0.000000 0.000000 0.000000 0.000000 0.000000 0.000000 0.491683 0.000000 0.000000 0.000000 0.000000 0.000000 0.000000 0.000000 0.017872 0.000000 0.000000 0.000000
 0.000000 0.000000 0.000000 0.000000 0.000000 0.000000 0.000000 0.000000 0.000000 0.000000 0.000000 0.500000 0.000000 0.000000 0.000000 0.000000 0.000000 0.000000 0.000000 0.500000
 0.000000 0.345245 0.000000 0.000000 0.000000 0.001897 0.000000 0.021056 0.365062 0.000000 0.000000 0.000000 0.000000 0.000000 0.000000 0.000000 0.000000 0.266707 0.000033 0.000000
 0.000000 0.000000 0.000000 0.000000 0.499999 0.000000 0.000000 0.000000 0.000000 0.000000 0.000000 0.000000 0.000000 0.000000 0.000000 0.000000 0.000000 0.000000 0.500001 0.000000
 0.491301 0.000000 0.000000 0.000000 0.000000 0.000000 0.000000 0.000000 0.000000 0.000000 0.490842 0.000000 0.017858 0.000000 0.000000 0.000000 0.000000 0.000000 0.000000 0.000000
 0.000000 0.370249 0.000000 0.000000 0.000000 0.363566 0.000000 0.000000 0.000000 0.000000 0.000000 0.000000 0.000000 0.000000 0.266184 0.000000 0.000000 0.000000 0.000000 0.000000
 0.000000 0.000000 0.000000 0.000000 0.000000 0.000000 0.000000 0.498762 0.000000 0.000000 0.002308 0.000000 0.000000 0.000000 0.000044 0.498886 0.000000 0.000000 0.000000 0.000000
 0.000000 0.000000 0.499998 0.000000 0.000000 0.000000 0.000000 0.000000 0.000000 0.000000 0.000000 0.000000 0.000000 0.500001 0.000000 0.000000 0.000000 0.000000 0.000000 0.000000
the mean of prob-rank is 1.5789473684210527
the number of false negetive edges is 0
the number of probability greater than 0 is 2.9/edge
