20
 0.000000 0.000000 0.000000 0.000000 0.000000 0.000000 0.000000 0.000000 0.000000 0.000000 0.000000 0.500000 0.000000 0.000000 0.500000 0.000000 0.000000 0.000000 0.000000 0.000000
 0.000000 0.000000 0.000000 0.499999 0.000000 0.000000 0.000000 0.000000 0.000000 0.000000 0.000000 0.000000 0.500001 0.000000 0.000000 0.000000 0.000000 0.000000 0.000000 0.000000
 0.000000 0.000000 0.000000 0.000000 0.425642 0.000000 0.422823 0.000000 0.000000 0.000000 0.000000 0.000000 0.000000 0.000000 0.000000 0.000000 0.151535 0.000000 0.000000 0.000000
 0.000000 0.499994 0.000000 0.000000 0.000000 0.500006 0.000000 0.000000 0.000000 0.000000 0.000000 0.000000 0.000000 0.000000 0.000000 0.000000 0.000000 0.000000 0.000000 0.000000
 0.000000 0.000000 0.488167 0.000000 0.000000 0.000000 0.036221 0.000000 0.000000 0.000000 0.000000 0.000000 0.000000 0.000000 0.000000 0.000000 0.475612 0.000000 0.000000 0.000000
 0.000000 0.000000 0.000000 0.500135 0.000000 0.000000 0.000000 0.000000 0.000000 0.000000 0.000000 0.000000 0.000000 0.000000 0.000000 0.000003 0.000000 0.000000 0.000000 0.499862
 0.000000 0.000000 0.438577 0.000000 0.032758 0.000000 0.000000 0.000000 0.000000 0.441025 0.000000 0.000000 0.000000 0.000000 0.000000 0.000000 0.000000 0.000000 0.087639 0.000000
 0.000000 0.000000 0.000000 0.000000 0.000000 0.000000 0.000000 0.000000 0.000000 0.452338 0.000000 0.000000 0.000000 0.000000 0.000000 0.000000 0.000000 0.095597 0.452065 0.000000
 0.000000 0.000000 0.000000 0.000000 0.000000 0.000000 0.000000 0.000000 0.000000 0.000000 0.002720 0.000000 0.000000 0.000000 0.498636 0.498636 0.000000 0.000000 0.000000 0.000008
 0.000000 0.000000 0.000000 0.000000 0.000000 0.000000 0.458430 0.458924 0.000000 0.000000 0.000000 0.000000 0.000000 0.000000 0.000000 0.000000 0.000000 0.000000 0.082646 0.000000
 0.000000 0.000000 0.000000 0.000000 0.000000 0.000000 0.000000 0.000000 0.002721 0.000000 0.000000 0.000000 0.000000 0.000000 0.000000 0.498621 0.000000 0.000000 0.000000 0.498659
 0.500000 0.000000 0.000000 0.000000 0.000000 0.000000 0.000000 0.000000 0.000000 0.000000 0.000000 0.000000 0.000000 0.500000 0.000000 0.000000 0.000000 0.000000 0.000000 0.000000
 0.000000 0.499995 0.000000 0.000000 0.000000 0.000000 0.000000 0.000000 0.000000 0.000000 0.000000 0.000000 0.000000 0.000000 0.000000 0.000000 0.500005 0.000000 0.000000 0.000000
 0.000000 0.000000 0.000000 0.000000 0.000000 0.000000 0.000000 0.000000 0.000000 0.000000 0.000000 0.500000 0.000000 0.000000 0.000000 0.000000 0.000000 0.500000 0.000000 0.000000
 0.500000 0.000000 0.000000 0.000000 0.000000 0.000000 0.000000 0.000000 0.500000 0.000000 0.000000 0.000000 0.000000 0.000000 0.000000 0.000000 0.000000 0.000000 0.000000 0.000000
 0.000000 0.000000 0.000000 0.000000 0.000000 0.000003 0.000000 0.000000 0.498944 0.000000 0.498906 0.000000 0.000000 0.000000 0.000000 0.000000 0.000000 0.000000 0.000000 0.002148
 0.000000 0.000000 0.152777 0.000000 0.418093 0.000000 0.000000 0.000000 0.000000 0.000000 0.000000 0.000000 0.429130 0.000000 0.000000 0.000000 0.000000 0.000000 0.000000 0.000000
 0.000000 0.000000 0.000000 0.000000 0.000000 0.000000 0.000000 0.095614 0.000000 0.000000 0.000000 0.000000 0.000000 0.452421 0.000000 0.000000 0.000000 0.000000 0.451965 0.000000
 0.000000 0.000000 0.000000 0.000000 0.000000 0.000000 0.083511 0.420448 0.000000 0.075763 0.000000 0.000000 0.000000 0.000000 0.000000 0.000000 0.000000 0.420279 0.000000 0.000000
 0.000000 0.000000 0.000000 0.000000 0.000000 0.498786 0.000000 0.000000 0.000008 0.000000 0.499058 0.000000 0.000000 0.000000 0.000000 0.002148 0.000000 0.000000 0.000000 0.000000
the mean of prob-rank is 1.5263157894736843
the number of false negetive edges is 0
the number of probability greater than 0 is 2.9/edge
