20
 0.000000 0.000000 0.000000 0.000000 0.000000 0.000000 0.498922 0.002024 0.000000 0.000000 0.000000 0.000000 0.000000 0.499054 0.000000 0.000000 0.000000 0.000000 0.000000 0.000000
 0.000000 0.000000 0.481020 0.000000 0.000000 0.000000 0.000000 0.000000 0.000000 0.000000 0.000000 0.000000 0.000000 0.479285 0.000000 0.025042 0.000000 0.000000 0.010265 0.004388
 0.000000 0.493488 0.000000 0.000000 0.000000 0.000000 0.000000 0.000000 0.000000 0.000000 0.000000 0.000000 0.000000 0.013081 0.000000 0.000000 0.000000 0.000000 0.493429 0.000002
 0.000000 0.000000 0.000000 0.000000 0.000000 0.484598 0.000000 0.000000 0.000000 0.015336 0.000000 0.000000 0.000000 0.000000 0.485615 0.000000 0.014451 0.000000 0.000000 0.000000
 0.000000 0.000000 0.000000 0.000000 0.000000 0.000000 0.498593 0.498587 0.000000 0.000825 0.000000 0.001995 0.000000 0.000000 0.000000 0.000000 0.000000 0.000000 0.000000 0.000000
 0.000000 0.000000 0.000000 0.461654 0.000000 0.000000 0.000000 0.000000 0.462623 0.000000 0.000000 0.000000 0.000000 0.000000 0.075723 0.000000 0.000000 0.000000 0.000000 0.000000
 0.498829 0.000000 0.000000 0.000000 0.498962 0.000000 0.000000 0.000000 0.000000 0.000000 0.000000 0.000000 0.000000 0.002210 0.000000 0.000000 0.000000 0.000000 0.000000 0.000000
 0.002001 0.000000 0.000000 0.000000 0.493429 0.000000 0.000000 0.000000 0.000000 0.000000 0.000000 0.492293 0.000000 0.000000 0.000000 0.000000 0.000000 0.000000 0.012170 0.000106
 0.000000 0.000000 0.000000 0.000000 0.000000 0.500000 0.000000 0.000000 0.000000 0.000000 0.500000 0.000000 0.000000 0.000000 0.000000 0.000000 0.000000 0.000000 0.000000 0.000000
 0.000000 0.000000 0.000000 0.015333 0.000803 0.000000 0.000000 0.000000 0.000000 0.000000 0.000000 0.485034 0.000000 0.000000 0.013297 0.000000 0.485533 0.000000 0.000000 0.000000
 0.000000 0.000000 0.000000 0.000000 0.000000 0.000000 0.000000 0.000000 0.479267 0.000000 0.000000 0.000000 0.000000 0.000000 0.000000 0.478493 0.000000 0.042240 0.000000 0.000000
 0.000000 0.000000 0.000000 0.000000 0.001823 0.000000 0.000000 0.454582 0.000000 0.455173 0.000000 0.000000 0.046730 0.000000 0.000000 0.000000 0.041691 0.000000 0.000000 0.000001
 0.000000 0.000000 0.000000 0.000000 0.000000 0.000000 0.000000 0.000000 0.000000 0.000000 0.000000 0.048797 0.000000 0.000000 0.000000 0.000000 0.000000 0.475408 0.000000 0.475795
 0.464857 0.463187 0.012322 0.000000 0.000000 0.000000 0.002059 0.000000 0.000000 0.000000 0.000000 0.000000 0.000000 0.000000 0.000000 0.000000 0.000000 0.000000 0.057575 0.000000
 0.000000 0.000000 0.000000 0.457061 0.000000 0.074813 0.000000 0.000000 0.000000 0.012518 0.000000 0.000000 0.000000 0.000000 0.000000 0.000000 0.455609 0.000000 0.000000 0.000000
 0.000000 0.025390 0.000000 0.000000 0.000000 0.000000 0.000000 0.000000 0.000000 0.000000 0.486912 0.000000 0.000000 0.000000 0.000000 0.000000 0.000000 0.487698 0.000000 0.000000
 0.000000 0.000000 0.000000 0.014050 0.000000 0.000000 0.000000 0.000000 0.000000 0.472125 0.000000 0.043199 0.000000 0.000000 0.470625 0.000000 0.000000 0.000000 0.000000 0.000000
 0.000000 0.000000 0.000000 0.000000 0.000000 0.000000 0.000000 0.000000 0.000000 0.000000 0.042224 0.000000 0.478693 0.000000 0.000000 0.479084 0.000000 0.000000 0.000000 0.000000
 0.000000 0.009839 0.460989 0.000000 0.000000 0.000000 0.000000 0.011371 0.000000 0.000000 0.000000 0.000000 0.000000 0.057102 0.000000 0.000000 0.000000 0.000000 0.000000 0.460699
 0.000000 0.004541 0.000002 0.000000 0.000000 0.000000 0.000000 0.000107 0.000000 0.000000 0.000000 0.000001 0.497860 0.000000 0.000000 0.000000 0.000000 0.000000 0.497489 0.000000
the mean of prob-rank is 1.5263157894736843
the number of false negetive edges is 0
the number of probability greater than 0 is 3.9/edge
