20
 0.000000 0.000000 0.000000 0.000000 0.000000 0.000000 0.406771 0.000000 0.000000 0.188592 0.000000 0.404637 0.000000 0.000000 0.000000 0.000000 0.000000 0.000000 0.000000 0.000000
 0.000000 0.000000 0.359344 0.000000 0.001903 0.000000 0.000000 0.339197 0.000000 0.000000 0.000000 0.000000 0.000000 0.000000 0.000000 0.000000 0.299556 0.000000 0.000000 0.000000
 0.000000 0.499301 0.000000 0.000000 0.499274 0.000000 0.000000 0.000000 0.000000 0.000000 0.000000 0.000000 0.000000 0.000000 0.000000 0.000000 0.000183 0.000000 0.000000 0.001242
 0.000000 0.000000 0.000000 0.000000 0.000000 0.000000 0.000000 0.029493 0.393172 0.000000 0.394836 0.000000 0.000000 0.000000 0.000009 0.000000 0.182490 0.000000 0.000000 0.000000
 0.000000 0.002641 0.498666 0.000000 0.000000 0.000000 0.000000 0.000000 0.000000 0.000000 0.000000 0.000000 0.000000 0.000000 0.000000 0.000000 0.000000 0.000000 0.000000 0.498693
 0.000000 0.000000 0.000000 0.000000 0.000000 0.000000 0.000000 0.000000 0.000000 0.000000 0.000000 0.000000 0.000000 0.499999 0.000000 0.000000 0.000000 0.000000 0.000000 0.500001
 0.386785 0.000000 0.000000 0.000000 0.000000 0.000000 0.000000 0.000000 0.000000 0.385046 0.000000 0.225526 0.000000 0.002643 0.000000 0.000000 0.000000 0.000000 0.000000 0.000000
 0.000000 0.324846 0.000000 0.025706 0.000000 0.000000 0.000000 0.000000 0.000013 0.000000 0.305294 0.000000 0.000000 0.000000 0.000000 0.000000 0.344141 0.000000 0.000000 0.000000
 0.000000 0.000000 0.000000 0.339059 0.000000 0.000000 0.000000 0.000013 0.000000 0.000000 0.031131 0.000000 0.000000 0.000000 0.339396 0.000000 0.290401 0.000000 0.000000 0.000000
 0.188227 0.000000 0.000000 0.000000 0.000000 0.000000 0.404157 0.000000 0.000000 0.000000 0.000000 0.000000 0.000000 0.405980 0.001635 0.000000 0.000000 0.000000 0.000000 0.000000
 0.000000 0.000000 0.000000 0.353423 0.000000 0.000000 0.000000 0.313529 0.032313 0.000000 0.000000 0.000000 0.000000 0.000000 0.048608 0.000000 0.249905 0.000000 0.002222 0.000000
 0.385890 0.000000 0.000000 0.000000 0.000000 0.000000 0.226191 0.000000 0.000000 0.000000 0.000000 0.000000 0.000000 0.000000 0.000000 0.000000 0.000000 0.387920 0.000000 0.000000
 0.000000 0.000000 0.000000 0.000000 0.000000 0.000000 0.000000 0.000000 0.000000 0.000000 0.000000 0.000000 0.000000 0.000000 0.000000 0.500000 0.000000 0.000000 0.500000 0.000000
 0.000000 0.000000 0.000000 0.000000 0.000000 0.498299 0.003405 0.000000 0.000000 0.498296 0.000000 0.000000 0.000000 0.000000 0.000000 0.000000 0.000000 0.000000 0.000000 0.000000
 0.000000 0.000000 0.000000 0.000011 0.000000 0.000000 0.000000 0.000000 0.466144 0.001884 0.064318 0.000000 0.000000 0.000000 0.000000 0.000000 0.000000 0.000000 0.467644 0.000000
 0.000000 0.000000 0.000000 0.000000 0.000000 0.000000 0.000000 0.000000 0.000000 0.000000 0.000000 0.000000 0.500000 0.000000 0.000000 0.000000 0.000000 0.500000 0.000000 0.000000
 0.000000 0.216178 0.000095 0.119858 0.000000 0.000000 0.000000 0.259326 0.221174 0.000000 0.183368 0.000000 0.000000 0.000000 0.000000 0.000000 0.000000 0.000000 0.000000 0.000000
 0.000000 0.000000 0.000000 0.000000 0.000000 0.000000 0.000000 0.000000 0.000000 0.000000 0.000000 0.499995 0.000000 0.000000 0.000000 0.500005 0.000000 0.000000 0.000000 0.000000
 0.000000 0.000000 0.000000 0.000000 0.000000 0.000000 0.000000 0.000000 0.000000 0.000000 0.003134 0.000000 0.498437 0.000000 0.498429 0.000000 0.000000 0.000000 0.000000 0.000000
 0.000000 0.000000 0.001242 0.000000 0.499379 0.499379 0.000000 0.000000 0.000000 0.000000 0.000000 0.000000 0.000000 0.000000 0.000000 0.000000 0.000000 0.000000 0.000000 0.000000
the mean of prob-rank is 1.5263157894736843
the number of false negetive edges is 0
the number of probability greater than 0 is 3.7/edge
