20
 0.000000 0.000000 0.422329 0.414017 0.000000 0.000000 0.163654 0.000000 0.000000 0.000000 0.000000 0.000000 0.000000 0.000000 0.000000 0.000000 0.000000 0.000000 0.000000 0.000000
 0.000000 0.000000 0.000000 0.000000 0.000000 0.063909 0.000000 0.000000 0.000000 0.000000 0.000000 0.000000 0.000000 0.000000 0.468074 0.000000 0.468017 0.000000 0.000000 0.000000
 0.490897 0.000000 0.000000 0.000000 0.000000 0.000000 0.015088 0.000000 0.000000 0.000000 0.000000 0.000000 0.000000 0.000000 0.000000 0.494014 0.000000 0.000000 0.000000 0.000000
 0.337202 0.000000 0.000000 0.000000 0.000000 0.000000 0.334846 0.000000 0.000000 0.000000 0.000000 0.000000 0.000000 0.000000 0.000000 0.000000 0.000000 0.000000 0.327952 0.000000
 0.000000 0.000000 0.000000 0.000000 0.000000 0.000000 0.000000 0.000000 0.000000 0.000000 0.000000 0.339123 0.302374 0.000000 0.000000 0.358503 0.000000 0.000000 0.000000 0.000000
 0.000000 0.063916 0.000000 0.000000 0.000000 0.000000 0.000000 0.000000 0.000000 0.000000 0.000000 0.000000 0.000000 0.000000 0.467961 0.000000 0.000000 0.468123 0.000000 0.000000
 0.148817 0.000000 0.011804 0.373851 0.000000 0.000000 0.000000 0.000000 0.000000 0.081388 0.000000 0.000000 0.000000 0.000000 0.000000 0.000000 0.000000 0.000000 0.384141 0.000000
 0.000000 0.000000 0.000000 0.000000 0.000000 0.000000 0.000000 0.000000 0.500000 0.000000 0.500000 0.000000 0.000000 0.000000 0.000000 0.000000 0.000000 0.000000 0.000000 0.000000
 0.000000 0.000000 0.000000 0.000000 0.000000 0.000000 0.000000 0.500000 0.000000 0.000000 0.000000 0.000000 0.000000 0.500000 0.000000 0.000000 0.000000 0.000000 0.000000 0.000000
 0.000000 0.000000 0.000000 0.000000 0.000000 0.000000 0.095941 0.000000 0.000000 0.000000 0.455578 0.000000 0.000000 0.000000 0.000000 0.000000 0.000000 0.000000 0.448480 0.000000
 0.000000 0.000000 0.000000 0.000000 0.000000 0.000000 0.000000 0.500005 0.000000 0.499995 0.000000 0.000000 0.000000 0.000000 0.000000 0.000000 0.000000 0.000000 0.000000 0.000000
 0.000000 0.000000 0.000000 0.000000 0.334902 0.000000 0.000000 0.000000 0.000000 0.000000 0.000000 0.000000 0.354041 0.000000 0.000000 0.000000 0.311057 0.000000 0.000000 0.000000
 0.000000 0.000000 0.000000 0.000000 0.306321 0.000000 0.000000 0.000000 0.000000 0.000000 0.000000 0.363183 0.000000 0.000000 0.000000 0.000000 0.330495 0.000000 0.000000 0.000000
 0.000000 0.000000 0.000000 0.000000 0.000000 0.000000 0.000000 0.000000 0.500001 0.000000 0.000000 0.000000 0.000000 0.000000 0.000000 0.000000 0.000000 0.000000 0.000000 0.499999
 0.000000 0.491237 0.000000 0.000000 0.000000 0.491067 0.000000 0.000000 0.000000 0.000000 0.000000 0.000000 0.000000 0.000000 0.000000 0.000000 0.001198 0.016497 0.000000 0.000000
 0.000000 0.000000 0.500000 0.000000 0.500000 0.000000 0.000000 0.000000 0.000000 0.000000 0.000000 0.000000 0.000000 0.000000 0.000000 0.000000 0.000000 0.000000 0.000000 0.000000
 0.000000 0.358264 0.000000 0.000000 0.000000 0.000000 0.000000 0.000000 0.000000 0.000000 0.000000 0.314805 0.326058 0.000000 0.000874 0.000000 0.000000 0.000000 0.000000 0.000000
 0.000000 0.000000 0.000000 0.000000 0.000000 0.491753 0.000000 0.000000 0.000000 0.000000 0.000000 0.000000 0.000000 0.000000 0.016515 0.000000 0.000000 0.000000 0.000000 0.491732
 0.000000 0.000000 0.000000 0.323816 0.000000 0.000000 0.339723 0.000000 0.000000 0.336460 0.000000 0.000000 0.000000 0.000000 0.000000 0.000000 0.000000 0.000000 0.000000 0.000000
 0.000000 0.000000 0.000000 0.000000 0.000000 0.000000 0.000000 0.000000 0.000000 0.000000 0.000000 0.000000 0.000000 0.500010 0.000000 0.000000 0.000000 0.499990 0.000000 0.000000
the mean of prob-rank is 1.5789473684210527
the number of false negetive edges is 0
the number of probability greater than 0 is 2.9/edge
