20
 0.000000 0.320309 0.000000 0.325226 0.000000 0.000000 0.000000 0.312988 0.000000 0.000000 0.017351 0.009245 0.000000 0.000000 0.000000 0.000000 0.014852 0.000000 0.000000 0.000029
 0.375536 0.000000 0.000000 0.001651 0.000000 0.000000 0.000000 0.015867 0.000000 0.092662 0.013701 0.381554 0.000000 0.000000 0.000000 0.000000 0.119029 0.000000 0.000000 0.000000
 0.000000 0.000000 0.000000 0.000000 0.000000 0.000000 0.000000 0.000000 0.000000 0.000000 0.000000 0.000000 0.442577 0.442970 0.000000 0.000000 0.000000 0.000016 0.114437 0.000000
 0.322400 0.001396 0.000000 0.000000 0.000000 0.000000 0.000000 0.321356 0.000000 0.000003 0.000000 0.000000 0.000000 0.000000 0.000000 0.133616 0.221228 0.000000 0.000000 0.000000
 0.000000 0.000000 0.000000 0.000000 0.000000 0.499999 0.000000 0.000000 0.000000 0.000000 0.000000 0.000000 0.000000 0.000000 0.500000 0.000000 0.000000 0.000000 0.000000 0.000000
 0.000000 0.000000 0.000000 0.000000 0.477043 0.000000 0.000000 0.000000 0.000000 0.000000 0.000000 0.000000 0.046014 0.000000 0.000000 0.000000 0.000000 0.000000 0.476943 0.000000
 0.000000 0.000000 0.000000 0.000000 0.000000 0.000000 0.000000 0.000000 0.500000 0.000000 0.000000 0.000000 0.000000 0.000000 0.500000 0.000000 0.000000 0.000000 0.000000 0.000000
 0.321194 0.013889 0.000000 0.332672 0.000000 0.000000 0.000000 0.000000 0.000000 0.000010 0.000000 0.000000 0.000000 0.000000 0.000000 0.000000 0.332235 0.000000 0.000000 0.000000
 0.000000 0.000000 0.000000 0.000000 0.000000 0.000000 0.500000 0.000000 0.000000 0.000000 0.000000 0.000000 0.000000 0.000000 0.000000 0.500000 0.000000 0.000000 0.000000 0.000000
 0.000000 0.108625 0.000000 0.000004 0.000000 0.000000 0.000000 0.000013 0.000000 0.000000 0.000000 0.000000 0.000000 0.447249 0.000000 0.000000 0.444109 0.000000 0.000000 0.000000
 0.024385 0.016423 0.000000 0.000000 0.000000 0.000000 0.000000 0.000000 0.000000 0.000000 0.000000 0.457383 0.000000 0.000000 0.000000 0.000000 0.000000 0.456792 0.000000 0.045016
 0.014005 0.492989 0.000000 0.000000 0.000000 0.000000 0.000000 0.000000 0.000000 0.000000 0.493002 0.000000 0.000000 0.000000 0.000000 0.000000 0.000003 0.000001 0.000000 0.000000
 0.000000 0.000000 0.476774 0.000000 0.000000 0.046029 0.000000 0.000000 0.000000 0.000000 0.000000 0.000000 0.000000 0.000000 0.000000 0.000000 0.000000 0.000000 0.477197 0.000000
 0.000000 0.000000 0.477965 0.000000 0.000000 0.000000 0.000000 0.000000 0.000000 0.477913 0.000000 0.000000 0.000000 0.000000 0.000000 0.000000 0.000000 0.044122 0.000000 0.000000
 0.000000 0.000000 0.000000 0.000000 0.500000 0.000000 0.500000 0.000000 0.000000 0.000000 0.000000 0.000000 0.000000 0.000000 0.000000 0.000000 0.000000 0.000000 0.000000 0.000000
 0.000000 0.000000 0.000000 0.171814 0.000000 0.000000 0.000000 0.000000 0.414852 0.000000 0.000000 0.000000 0.000000 0.000000 0.000000 0.000000 0.000000 0.000000 0.000000 0.413335
 0.015056 0.102922 0.000000 0.226239 0.000000 0.000000 0.000000 0.328203 0.000000 0.327579 0.000000 0.000002 0.000000 0.000000 0.000000 0.000000 0.000000 0.000000 0.000000 0.000000
 0.000000 0.000000 0.000017 0.000000 0.000000 0.000000 0.000000 0.000000 0.000000 0.000000 0.477609 0.000001 0.000000 0.044146 0.000000 0.000000 0.000000 0.000000 0.000000 0.478227
 0.000000 0.000000 0.114404 0.000000 0.000000 0.442751 0.000000 0.000000 0.000000 0.000000 0.000000 0.000000 0.442845 0.000000 0.000000 0.000000 0.000000 0.000000 0.000000 0.000000
 0.000042 0.000000 0.000000 0.000000 0.000000 0.000000 0.000000 0.000000 0.000000 0.000000 0.046982 0.000000 0.000000 0.000000 0.000000 0.475615 0.000000 0.477361 0.000000 0.000000
the mean of prob-rank is 1.5263157894736843
the number of false negetive edges is 0
the number of probability greater than 0 is 4.1/edge
