20
 0.000000 0.000000 0.000000 0.000000 0.000000 0.268408 0.000000 0.000000 0.000000 0.000000 0.000000 0.000000 0.000000 0.000000 0.292683 0.087920 0.033106 0.000000 0.317883 0.000000
 0.000000 0.000000 0.500052 0.000000 0.000000 0.000000 0.000000 0.000000 0.000000 0.000000 0.499948 0.000000 0.000000 0.000000 0.000000 0.000000 0.000000 0.000000 0.000000 0.000000
 0.000000 0.499122 0.000000 0.000000 0.000000 0.000000 0.000000 0.498746 0.000000 0.000000 0.000000 0.000000 0.000000 0.002132 0.000000 0.000000 0.000000 0.000000 0.000000 0.000000
 0.000000 0.000000 0.000000 0.000000 0.000000 0.000000 0.500000 0.000000 0.000000 0.000000 0.000000 0.000000 0.000000 0.000000 0.000000 0.000000 0.000000 0.500000 0.000000 0.000000
 0.000000 0.000000 0.000000 0.000000 0.000000 0.000000 0.000000 0.000000 0.000000 0.000000 0.000000 0.421037 0.000000 0.000000 0.000000 0.000000 0.000000 0.417026 0.161938 0.000000
 0.230309 0.000000 0.000000 0.000000 0.000000 0.000000 0.000000 0.000000 0.269524 0.000000 0.000000 0.000000 0.098695 0.000000 0.152551 0.000000 0.248921 0.000000 0.000000 0.000000
 0.000000 0.000000 0.000000 0.500000 0.000000 0.000000 0.000000 0.500000 0.000000 0.000000 0.000000 0.000000 0.000000 0.000000 0.000000 0.000000 0.000000 0.000000 0.000000 0.000000
 0.000000 0.000000 0.498640 0.000000 0.000000 0.000000 0.499016 0.000000 0.000000 0.000297 0.000000 0.000000 0.000000 0.000000 0.000032 0.000000 0.002015 0.000000 0.000000 0.000000
 0.000000 0.000000 0.000000 0.000000 0.000000 0.495800 0.000000 0.000000 0.000000 0.000000 0.000000 0.000000 0.504158 0.000000 0.000000 0.000000 0.000009 0.000000 0.000033 0.000000
 0.000000 0.000000 0.000000 0.000000 0.000000 0.000000 0.000000 0.000249 0.000000 0.000000 0.000000 0.417330 0.000000 0.000000 0.103588 0.417360 0.061473 0.000000 0.000000 0.000000
 0.000000 0.354944 0.000000 0.000000 0.000000 0.000000 0.000000 0.000000 0.000000 0.000000 0.000000 0.000000 0.000000 0.331036 0.000000 0.000000 0.000000 0.000000 0.000000 0.314020
 0.000000 0.000000 0.000000 0.000000 0.419510 0.000000 0.000000 0.000000 0.000000 0.419159 0.000000 0.000000 0.000000 0.000000 0.000000 0.000000 0.000000 0.161331 0.000000 0.000000
 0.000000 0.000000 0.000000 0.000000 0.000000 0.102453 0.000000 0.000000 0.284504 0.000000 0.000000 0.000000 0.000000 0.000000 0.222219 0.000000 0.128642 0.000000 0.000000 0.262182
 0.000000 0.000000 0.001288 0.000000 0.000000 0.000000 0.000000 0.000000 0.000000 0.000000 0.281308 0.000000 0.000000 0.000000 0.150222 0.000000 0.265566 0.000000 0.000000 0.301615
 0.229014 0.000000 0.000000 0.000000 0.000000 0.139112 0.000000 0.000016 0.000000 0.061986 0.000000 0.000000 0.195209 0.124454 0.000000 0.000271 0.249938 0.000000 0.000000 0.000000
 0.119519 0.000000 0.000000 0.000000 0.000000 0.000000 0.000000 0.000000 0.000000 0.433896 0.000000 0.000000 0.000000 0.000000 0.000472 0.000000 0.011924 0.000000 0.434189 0.000000
 0.029419 0.000000 0.000000 0.000000 0.000000 0.257794 0.000000 0.001146 0.000005 0.041777 0.000000 0.000000 0.128341 0.249868 0.283854 0.007795 0.000000 0.000000 0.000000 0.000000
 0.000000 0.000000 0.000000 0.421045 0.417034 0.000000 0.000000 0.000000 0.000000 0.000000 0.000000 0.161922 0.000000 0.000000 0.000000 0.000000 0.000000 0.000000 0.000000 0.000000
 0.418181 0.000000 0.000000 0.000000 0.161619 0.000000 0.000000 0.000000 0.000028 0.000000 0.000000 0.000000 0.000000 0.000000 0.000000 0.420172 0.000000 0.000000 0.000000 0.000000
 0.000000 0.000000 0.000000 0.000000 0.000000 0.000000 0.000000 0.000000 0.000000 0.000000 0.315251 0.000000 0.328425 0.356324 0.000000 0.000000 0.000000 0.000000 0.000000 0.000000
the mean of prob-rank is 1.6842105263157894
the number of false negetive edges is 0
the number of probability greater than 0 is 4.2/edge
