20
 0.000000 0.000000 0.000000 0.000000 0.499341 0.000000 0.000000 0.000000 0.000000 0.000000 0.000000 0.499341 0.001319 0.000000 0.000000 0.000000 0.000000 0.000000 0.000000 0.000000
 0.000000 0.000000 0.000000 0.000000 0.000000 0.000000 0.000000 0.000427 0.000000 0.000000 0.000000 0.000000 0.000000 0.000000 0.499787 0.499786 0.000000 0.000000 0.000000 0.000000
 0.000000 0.000000 0.000000 0.115359 0.000000 0.000000 0.222969 0.000000 0.000000 0.000000 0.148026 0.000000 0.010878 0.255413 0.000000 0.000000 0.000000 0.000000 0.000000 0.247356
 0.000000 0.000000 0.160485 0.000000 0.035686 0.000000 0.352409 0.000000 0.000000 0.000000 0.000000 0.000000 0.355341 0.096075 0.000000 0.000000 0.000000 0.000000 0.000000 0.000005
 0.374846 0.000000 0.000000 0.037640 0.000000 0.000000 0.018151 0.000000 0.000000 0.000000 0.000000 0.000000 0.374571 0.194792 0.000000 0.000000 0.000000 0.000000 0.000000 0.000000
 0.000000 0.000000 0.000000 0.000000 0.000000 0.000000 0.000000 0.499962 0.500037 0.000000 0.000000 0.000000 0.000000 0.000000 0.000000 0.000000 0.000000 0.000000 0.000000 0.000001
 0.000000 0.000000 0.286509 0.325506 0.015895 0.000000 0.000000 0.000000 0.000000 0.000000 0.000000 0.000000 0.045515 0.326575 0.000000 0.000000 0.000000 0.000000 0.000000 0.000000
 0.000000 0.000427 0.000000 0.000000 0.000000 0.499748 0.000000 0.000000 0.000000 0.000000 0.000000 0.000000 0.000000 0.000000 0.499825 0.000000 0.000000 0.000000 0.000000 0.000000
 0.000000 0.000000 0.000000 0.000000 0.000000 0.405354 0.000000 0.000000 0.000000 0.000000 0.399166 0.000000 0.000000 0.000022 0.000000 0.000000 0.000000 0.000000 0.000000 0.195459
 0.000000 0.000000 0.000000 0.000000 0.000000 0.000000 0.000000 0.000000 0.000000 0.000000 0.000000 0.465062 0.000000 0.000000 0.000000 0.000000 0.070649 0.000000 0.464289 0.000000
 0.000000 0.000000 0.208151 0.000000 0.000000 0.000000 0.000000 0.000000 0.353734 0.000000 0.000000 0.000000 0.000004 0.078981 0.000000 0.000000 0.000000 0.000000 0.000000 0.359130
 0.500000 0.000000 0.000000 0.000000 0.000000 0.000000 0.000000 0.000000 0.000000 0.500000 0.000000 0.000000 0.000000 0.000000 0.000000 0.000000 0.000000 0.000000 0.000000 0.000000
 0.001170 0.000000 0.018872 0.443139 0.442872 0.000000 0.061453 0.000000 0.000000 0.000000 0.000005 0.000000 0.000000 0.018096 0.000000 0.000000 0.000000 0.000000 0.000000 0.014394
 0.000000 0.000000 0.314341 0.084993 0.163379 0.000000 0.312785 0.000000 0.000017 0.000000 0.069126 0.000000 0.012837 0.000000 0.000000 0.000000 0.000000 0.000000 0.000000 0.042522
 0.000000 0.499998 0.000000 0.000000 0.000000 0.000000 0.000000 0.500000 0.000000 0.000000 0.000000 0.000000 0.000000 0.000000 0.000000 0.000003 0.000000 0.000000 0.000000 0.000000
 0.000000 0.499997 0.000000 0.000000 0.000000 0.000000 0.000000 0.000000 0.000000 0.000000 0.000000 0.000000 0.000000 0.000000 0.000003 0.000000 0.000000 0.500000 0.000000 0.000000
 0.000000 0.000000 0.000000 0.000000 0.000000 0.000000 0.000000 0.000000 0.000000 0.070600 0.000000 0.000000 0.000000 0.000000 0.000000 0.000000 0.000000 0.464660 0.464740 0.000000
 0.000000 0.000000 0.000000 0.000000 0.000000 0.000000 0.000000 0.000000 0.000000 0.000000 0.000000 0.000000 0.000000 0.000000 0.000000 0.499921 0.499835 0.000000 0.000244 0.000000
 0.000000 0.000000 0.000000 0.000000 0.000000 0.000000 0.000000 0.000000 0.000000 0.499462 0.000000 0.000000 0.000000 0.000000 0.000000 0.000000 0.500294 0.000244 0.000000 0.000000
 0.000000 0.000000 0.369861 0.000005 0.000000 0.000001 0.000000 0.000000 0.184185 0.000000 0.381879 0.000000 0.012406 0.051662 0.000000 0.000000 0.000000 0.000000 0.000000 0.000000
the mean of prob-rank is 1.5789473684210527
the number of false negetive edges is 0
the number of probability greater than 0 is 4.25/edge
