20
 0.000000 0.000000 0.000000 0.000000 0.000000 0.000000 0.489795 0.000000 0.000000 0.000000 0.000000 0.000000 0.000000 0.000000 0.020131 0.000000 0.000000 0.490074 0.000000 0.000000
 0.000000 0.000000 0.000001 0.000000 0.000056 0.000000 0.000000 0.499942 0.000000 0.000000 0.000000 0.000000 0.000000 0.000000 0.000000 0.000000 0.000000 0.000000 0.000000 0.500000
 0.000000 0.000001 0.000000 0.000000 0.384556 0.000000 0.000000 0.000000 0.000000 0.376350 0.238845 0.000000 0.000000 0.000198 0.000052 0.000000 0.000000 0.000000 0.000000 0.000000
 0.000000 0.000000 0.000000 0.000000 0.000000 0.000003 0.000000 0.000000 0.000000 0.000000 0.000000 0.000000 0.500012 0.000000 0.000000 0.000000 0.499985 0.000000 0.000000 0.000001
 0.000000 0.000041 0.367633 0.000000 0.000000 0.000000 0.000000 0.000000 0.000000 0.264281 0.367125 0.000000 0.000000 0.000826 0.000094 0.000000 0.000000 0.000000 0.000000 0.000000
 0.000000 0.000000 0.000000 0.000003 0.000000 0.000000 0.000000 0.488435 0.000000 0.000000 0.000000 0.023381 0.000000 0.000000 0.488182 0.000000 0.000000 0.000000 0.000000 0.000000
 0.491571 0.000000 0.000000 0.000000 0.000000 0.000000 0.000000 0.000000 0.000000 0.000000 0.000000 0.491841 0.000000 0.000000 0.016588 0.000000 0.000000 0.000000 0.000000 0.000000
 0.000000 0.493432 0.000000 0.000000 0.000000 0.493489 0.000000 0.000000 0.000000 0.000000 0.000000 0.000000 0.000000 0.000000 0.013079 0.000000 0.000000 0.000000 0.000000 0.000000
 0.000000 0.000000 0.000000 0.000000 0.000000 0.000000 0.000000 0.000000 0.000000 0.000000 0.000000 0.000000 0.000000 0.006301 0.000000 0.496845 0.000000 0.000000 0.496854 0.000000
 0.000000 0.000000 0.334313 0.000000 0.245569 0.000000 0.000000 0.000000 0.000000 0.000000 0.012467 0.000000 0.000000 0.000000 0.066048 0.000000 0.000000 0.341603 0.000000 0.000000
 0.000000 0.000000 0.231043 0.000000 0.371480 0.000000 0.000000 0.000000 0.000000 0.013576 0.000000 0.000000 0.000000 0.371859 0.000000 0.012042 0.000000 0.000000 0.000000 0.000000
 0.000000 0.000000 0.000000 0.000000 0.000000 0.023384 0.488491 0.000000 0.000000 0.000000 0.000000 0.000000 0.000000 0.000000 0.488125 0.000000 0.000000 0.000000 0.000000 0.000000
 0.000000 0.000000 0.000000 0.499875 0.000000 0.000000 0.000000 0.000000 0.000000 0.000000 0.000000 0.000000 0.000000 0.000000 0.000000 0.000000 0.000268 0.000000 0.000000 0.499858
 0.000000 0.000000 0.000255 0.000000 0.001115 0.000000 0.000000 0.000000 0.006293 0.000000 0.496078 0.000000 0.000000 0.000000 0.000000 0.496258 0.000000 0.000000 0.000000 0.000000
 0.017908 0.000000 0.000059 0.000000 0.000111 0.435741 0.014703 0.011554 0.000000 0.084293 0.000000 0.435631 0.000000 0.000000 0.000000 0.000000 0.000000 0.000000 0.000000 0.000000
 0.000000 0.000000 0.000000 0.000000 0.000000 0.000000 0.000000 0.000000 0.492032 0.000000 0.015927 0.000000 0.000000 0.492040 0.000000 0.000000 0.000000 0.000000 0.000000 0.000000
 0.000000 0.000000 0.000000 0.499853 0.000000 0.000000 0.000000 0.000000 0.000000 0.000000 0.000000 0.000000 0.000268 0.000000 0.000000 0.000000 0.000000 0.000000 0.499880 0.000000
 0.500000 0.000000 0.000000 0.000000 0.000000 0.000000 0.000000 0.000000 0.000000 0.500000 0.000000 0.000000 0.000000 0.000000 0.000000 0.000000 0.000000 0.000000 0.000000 0.000000
 0.000000 0.000000 0.000000 0.000000 0.000000 0.000000 0.000000 0.000000 0.500000 0.000000 0.000000 0.000000 0.000000 0.000000 0.000000 0.000000 0.500000 0.000000 0.000000 0.000000
 0.000000 0.500008 0.000000 0.000001 0.000000 0.000000 0.000000 0.000000 0.000000 0.000000 0.000000 0.000000 0.499991 0.000000 0.000000 0.000000 0.000000 0.000000 0.000000 0.000000
the mean of prob-rank is 1.5263157894736843
the number of false negetive edges is 0
the number of probability greater than 0 is 3.75/edge
