20
 0.000000 0.008845 0.000000 0.000000 0.000000 0.256406 0.000000 0.375658 0.000000 0.359092 0.000000 0.000000 0.000000 0.000000 0.000000 0.000000 0.000000 0.000000 0.000000 0.000000
 0.011636 0.000000 0.000000 0.000000 0.000000 0.494181 0.000000 0.000000 0.000000 0.000000 0.000000 0.000000 0.000000 0.000000 0.000000 0.000000 0.000000 0.000000 0.494183 0.000000
 0.000000 0.000000 0.000000 0.000000 0.000000 0.000000 0.000000 0.000000 0.000000 0.000000 0.000000 0.000000 0.000000 0.494818 0.000000 0.000000 0.495357 0.000000 0.000000 0.009825
 0.000000 0.000000 0.000000 0.000000 0.000000 0.000001 0.000000 0.000000 0.000000 0.000000 0.000000 0.000000 0.000000 0.000000 0.000000 0.491024 0.000000 0.016302 0.492674 0.000000
 0.000000 0.000000 0.000000 0.000000 0.000000 0.000000 0.000000 0.000000 0.000000 0.000000 0.000000 0.225568 0.000000 0.389810 0.000000 0.000000 0.000000 0.384621 0.000000 0.000000
 0.197570 0.289457 0.000000 0.000000 0.000000 0.000000 0.000000 0.000000 0.283215 0.218478 0.000000 0.000000 0.000000 0.000000 0.000000 0.000000 0.000000 0.000000 0.011280 0.000000
 0.000000 0.000000 0.000000 0.000000 0.000000 0.000000 0.000000 0.500000 0.000000 0.000000 0.500000 0.000000 0.000000 0.000000 0.000000 0.000000 0.000000 0.000000 0.000000 0.000000
 0.500000 0.000000 0.000000 0.000000 0.000000 0.000000 0.500000 0.000000 0.000000 0.000000 0.000000 0.000000 0.000000 0.000000 0.000000 0.000000 0.000000 0.000000 0.000000 0.000000
 0.000000 0.000000 0.000000 0.000000 0.000000 0.263396 0.000000 0.000000 0.000000 0.245920 0.263873 0.226811 0.000000 0.000000 0.000000 0.000000 0.000000 0.000000 0.000000 0.000000
 0.272519 0.000000 0.000000 0.000000 0.000000 0.215182 0.000000 0.000000 0.260435 0.000000 0.251864 0.000000 0.000000 0.000000 0.000000 0.000000 0.000000 0.000000 0.000000 0.000000
 0.000000 0.000000 0.000000 0.000000 0.000000 0.000000 0.327175 0.000000 0.320698 0.289042 0.000000 0.000000 0.023457 0.000000 0.000002 0.000000 0.000000 0.000000 0.000000 0.039626
 0.000000 0.000000 0.000000 0.000000 0.182055 0.000000 0.000000 0.000000 0.265071 0.000000 0.000000 0.000000 0.000000 0.009904 0.000000 0.032990 0.000000 0.195522 0.000000 0.314458
 0.000000 0.000000 0.000000 0.000000 0.000000 0.000000 0.000000 0.000000 0.000000 0.000000 0.034621 0.000000 0.000000 0.000000 0.482873 0.000000 0.482506 0.000000 0.000000 0.000000
 0.000000 0.000000 0.491980 0.000000 0.492516 0.000000 0.000000 0.000000 0.000000 0.000000 0.000000 0.015504 0.000000 0.000000 0.000000 0.000000 0.000000 0.000000 0.000000 0.000000
 0.000000 0.000000 0.000000 0.000000 0.000000 0.000000 0.000000 0.000000 0.000000 0.000000 0.000003 0.000000 0.500007 0.000000 0.000000 0.000000 0.000017 0.000000 0.000000 0.499972
 0.000000 0.000000 0.000000 0.474255 0.000000 0.000000 0.000000 0.000000 0.000000 0.000000 0.000000 0.049897 0.000000 0.000000 0.000000 0.000000 0.000000 0.475848 0.000000 0.000000
 0.000000 0.000000 0.492318 0.000000 0.000000 0.000000 0.000000 0.000000 0.000000 0.000000 0.000000 0.000000 0.491935 0.000000 0.000017 0.000000 0.000000 0.000000 0.000000 0.015730
 0.000000 0.000000 0.000000 0.012527 0.373569 0.000000 0.000000 0.000000 0.000000 0.000000 0.000000 0.235294 0.000000 0.000000 0.000000 0.378609 0.000000 0.000000 0.000000 0.000000
 0.000000 0.490443 0.000000 0.490444 0.000000 0.019113 0.000000 0.000000 0.000000 0.000000 0.000000 0.000000 0.000000 0.000000 0.000000 0.000000 0.000000 0.000000 0.000000 0.000000
 0.000000 0.000000 0.009130 0.000000 0.000000 0.000000 0.000000 0.000000 0.000000 0.000000 0.055754 0.460110 0.000000 0.000000 0.460298 0.000000 0.014708 0.000000 0.000000 0.000000
the mean of prob-rank is 1.6842105263157894
the number of false negetive edges is 0
the number of probability greater than 0 is 3.7/edge
