20
 0.000000 0.000000 0.256342 0.000000 0.280377 0.000000 0.000000 0.000000 0.000000 0.000000 0.196585 0.000000 0.000000 0.000000 0.262651 0.000000 0.004046 0.000000 0.000000 0.000000
 0.000000 0.000000 0.000000 0.000000 0.000000 0.000000 0.499999 0.000000 0.000000 0.000000 0.000000 0.000000 0.000000 0.000000 0.000000 0.000000 0.500001 0.000000 0.000000 0.000000
 0.324837 0.000000 0.000000 0.000002 0.000000 0.000000 0.000000 0.000000 0.002365 0.000000 0.000000 0.000000 0.000000 0.357277 0.315229 0.000000 0.000000 0.000290 0.000000 0.000000
 0.000000 0.000000 0.000003 0.000000 0.000000 0.000000 0.000000 0.000000 0.000000 0.499986 0.000000 0.000000 0.000000 0.000000 0.000000 0.500011 0.000000 0.000000 0.000000 0.000000
 0.344369 0.000000 0.000000 0.000000 0.000000 0.000000 0.000000 0.007971 0.000000 0.000000 0.276747 0.000000 0.000000 0.000000 0.000000 0.000000 0.000000 0.000000 0.338221 0.032691
 0.000000 0.000000 0.000000 0.000000 0.000000 0.000000 0.000000 0.000000 0.466672 0.000000 0.466658 0.000000 0.000000 0.000000 0.019390 0.000000 0.000000 0.047280 0.000000 0.000000
 0.000000 0.499999 0.000000 0.000000 0.000000 0.000000 0.000000 0.500001 0.000000 0.000000 0.000000 0.000000 0.000000 0.000000 0.000000 0.000000 0.000000 0.000000 0.000000 0.000000
 0.000000 0.000000 0.000000 0.000000 0.010713 0.000000 0.465686 0.000000 0.000000 0.000000 0.000000 0.000000 0.000000 0.000000 0.000000 0.000000 0.000000 0.000000 0.059269 0.464332
 0.000000 0.000000 0.002435 0.000000 0.000000 0.368163 0.000000 0.000000 0.000000 0.000000 0.000000 0.000000 0.000000 0.000000 0.359580 0.000000 0.000000 0.269821 0.000000 0.000000
 0.000000 0.000000 0.000000 0.499987 0.000000 0.000000 0.000000 0.000000 0.000000 0.000000 0.000000 0.500013 0.000000 0.000000 0.000000 0.000000 0.000000 0.000000 0.000000 0.000000
 0.216196 0.000000 0.000000 0.000000 0.247799 0.310264 0.000000 0.000000 0.000000 0.000000 0.000000 0.000000 0.000000 0.000000 0.225741 0.000000 0.000000 0.000000 0.000000 0.000000
 0.000000 0.000000 0.000000 0.000000 0.000000 0.000000 0.000000 0.000000 0.000000 0.500000 0.000000 0.000000 0.000000 0.000000 0.000000 0.000000 0.500000 0.000000 0.000000 0.000000
 0.000000 0.000000 0.000000 0.000000 0.000000 0.000000 0.000000 0.000000 0.000000 0.000000 0.000000 0.000000 0.000000 0.171605 0.000000 0.415397 0.000000 0.412997 0.000000 0.000000
 0.000000 0.000000 0.414578 0.000000 0.000000 0.000000 0.000000 0.000000 0.000000 0.000000 0.000000 0.000000 0.171373 0.000000 0.000000 0.000000 0.000000 0.414048 0.000000 0.000000
 0.261619 0.000000 0.247782 0.000000 0.000000 0.011676 0.000000 0.000000 0.274467 0.000000 0.204456 0.000000 0.000000 0.000000 0.000000 0.000000 0.000000 0.000000 0.000000 0.000000
 0.000000 0.000000 0.000000 0.499979 0.000000 0.000000 0.000000 0.000000 0.000000 0.000000 0.000000 0.000000 0.499962 0.000000 0.000000 0.000000 0.000000 0.000059 0.000000 0.000000
 0.007119 0.496441 0.000000 0.000000 0.000000 0.000000 0.000000 0.000000 0.000000 0.000000 0.000000 0.496440 0.000000 0.000000 0.000000 0.000000 0.000000 0.000000 0.000000 0.000000
 0.000000 0.000000 0.000287 0.000000 0.000000 0.035833 0.000000 0.000000 0.259210 0.000000 0.000000 0.000000 0.351629 0.353000 0.000000 0.000042 0.000000 0.000000 0.000000 0.000000
 0.000000 0.000000 0.000000 0.000000 0.464053 0.000000 0.000000 0.060510 0.000000 0.000000 0.000000 0.000000 0.000000 0.000000 0.000000 0.000000 0.000000 0.000000 0.000000 0.475437
 0.000000 0.000000 0.000000 0.000000 0.045109 0.000000 0.000000 0.476751 0.000000 0.000000 0.000000 0.000000 0.000000 0.000000 0.000000 0.000000 0.000000 0.000000 0.478140 0.000000
the mean of prob-rank is 1.6842105263157894
the number of false negetive edges is 0
the number of probability greater than 0 is 3.6/edge
