20
 0.000000 0.000000 0.492959 0.000000 0.000000 0.000000 0.000000 0.000000 0.000000 0.000000 0.492957 0.000000 0.000000 0.000000 0.000000 0.000000 0.000000 0.000000 0.000000 0.014084
 0.000000 0.000000 0.000000 0.000000 0.000009 0.499991 0.000000 0.000001 0.000000 0.000000 0.000000 0.000000 0.000000 0.000000 0.000005 0.000000 0.000000 0.000000 0.499995 0.000000
 0.500000 0.000000 0.000000 0.000000 0.000000 0.000000 0.000000 0.000000 0.000000 0.000000 0.000000 0.500000 0.000000 0.000000 0.000000 0.000000 0.000000 0.000000 0.000000 0.000000
 0.000000 0.000000 0.000000 0.000000 0.000000 0.000000 0.176037 0.194242 0.000000 0.000000 0.000000 0.182345 0.000000 0.227406 0.000000 0.000000 0.000000 0.219970 0.000000 0.000000
 0.000000 0.000009 0.000000 0.000000 0.000000 0.000005 0.000000 0.000000 0.000000 0.000071 0.000000 0.000000 0.000000 0.000000 0.499956 0.000000 0.000000 0.000000 0.499959 0.000000
 0.000000 0.496452 0.000000 0.000000 0.000005 0.000000 0.007168 0.496370 0.000000 0.000000 0.000000 0.000000 0.000000 0.000000 0.000000 0.000000 0.000005 0.000000 0.000000 0.000000
 0.000000 0.000000 0.000000 0.244927 0.000000 0.004727 0.000000 0.312533 0.000000 0.000000 0.000000 0.000000 0.000000 0.110415 0.000000 0.000000 0.000000 0.327398 0.000000 0.000000
 0.000000 0.000000 0.000000 0.296905 0.000000 0.359620 0.343351 0.000000 0.000000 0.000000 0.000000 0.000000 0.000000 0.000000 0.000000 0.000000 0.000000 0.000124 0.000000 0.000000
 0.000000 0.000000 0.000000 0.000000 0.000000 0.000000 0.000000 0.000000 0.000000 0.000000 0.000000 0.000000 0.493112 0.000000 0.000000 0.013587 0.000000 0.000000 0.000000 0.493301
 0.000000 0.000000 0.000000 0.000000 0.000066 0.000000 0.000000 0.000000 0.000000 0.000000 0.000000 0.000000 0.000000 0.000000 0.458907 0.075444 0.465570 0.000000 0.000013 0.000000
 0.486203 0.000000 0.000000 0.000000 0.000000 0.000000 0.000000 0.000000 0.000000 0.000000 0.000000 0.000000 0.027812 0.000000 0.000000 0.000000 0.000000 0.000000 0.000000 0.485985
 0.000000 0.000000 0.362741 0.281091 0.000000 0.000000 0.000000 0.000000 0.000000 0.000000 0.000000 0.000000 0.000000 0.356168 0.000000 0.000000 0.000000 0.000000 0.000000 0.000000
 0.000000 0.000000 0.000000 0.000000 0.000000 0.000000 0.000000 0.000000 0.436511 0.000000 0.024985 0.000000 0.000000 0.000000 0.000000 0.435298 0.000002 0.000000 0.000000 0.103205
 0.000000 0.000000 0.000000 0.296098 0.000000 0.000000 0.103331 0.000000 0.000000 0.000000 0.000000 0.300841 0.000000 0.000000 0.000000 0.000000 0.000000 0.299731 0.000000 0.000000
 0.000000 0.000005 0.000000 0.000000 0.497026 0.000000 0.000000 0.000000 0.000000 0.488808 0.000000 0.000000 0.000000 0.000000 0.000000 0.008929 0.003849 0.000000 0.001384 0.000000
 0.000000 0.000000 0.000000 0.000000 0.000000 0.000000 0.000000 0.000000 0.012496 0.073366 0.000000 0.000000 0.452249 0.000000 0.008152 0.000000 0.453737 0.000000 0.000000 0.000000
 0.000000 0.000000 0.000000 0.000000 0.000000 0.000005 0.000000 0.000000 0.000000 0.497522 0.000000 0.000000 0.000002 0.000000 0.003861 0.498610 0.000000 0.000000 0.000000 0.000000
 0.000000 0.000000 0.000000 0.320863 0.000000 0.000000 0.343240 0.000119 0.000000 0.000000 0.000000 0.000000 0.000000 0.335779 0.000000 0.000000 0.000000 0.000000 0.000000 0.000000
 0.000000 0.499307 0.000000 0.000000 0.499289 0.000000 0.000000 0.000000 0.000000 0.000014 0.000000 0.000000 0.000000 0.000000 0.001390 0.000000 0.000000 0.000000 0.000000 0.000000
 0.012619 0.000000 0.000000 0.000000 0.000000 0.000000 0.000000 0.000000 0.441559 0.000000 0.441464 0.000000 0.104358 0.000000 0.000000 0.000000 0.000000 0.000000 0.000000 0.000000
the mean of prob-rank is 1.5789473684210527
the number of false negetive edges is 0
the number of probability greater than 0 is 4.2/edge
