20
 0.000000 0.000000 0.000000 0.375018 0.000000 0.000000 0.000000 0.000000 0.247647 0.000000 0.000000 0.377335 0.000000 0.000000 0.000000 0.000000 0.000000 0.000000 0.000000 0.000000
 0.000000 0.000000 0.000000 0.000000 0.000000 0.000000 0.499193 0.000000 0.000000 0.498195 0.000000 0.000000 0.000000 0.000222 0.002389 0.000000 0.000000 0.000000 0.000000 0.000000
 0.000000 0.000000 0.000000 0.000000 0.000000 0.000000 0.000000 0.000000 0.000000 0.000000 0.000000 0.000000 0.001962 0.000000 0.000000 0.000000 0.000000 0.498983 0.000000 0.499054
 0.367110 0.000000 0.000000 0.000000 0.000000 0.000000 0.000000 0.000000 0.000000 0.000000 0.369378 0.263512 0.000000 0.000000 0.000000 0.000000 0.000000 0.000000 0.000000 0.000000
 0.000000 0.000000 0.000000 0.000000 0.000000 0.000023 0.000000 0.000000 0.000000 0.000000 0.000000 0.000000 0.003484 0.494344 0.493770 0.000000 0.000000 0.008379 0.000000 0.000000
 0.000000 0.000000 0.000000 0.000000 0.000024 0.000000 0.000000 0.000000 0.000000 0.000000 0.000000 0.000000 0.499986 0.499990 0.000000 0.000000 0.000000 0.000000 0.000000 0.000000
 0.000000 0.477450 0.000000 0.000000 0.000000 0.000000 0.000000 0.000000 0.000000 0.045155 0.000000 0.000000 0.000000 0.000000 0.000000 0.000000 0.000000 0.000000 0.477395 0.000000
 0.000000 0.000000 0.000000 0.000000 0.000000 0.000000 0.000000 0.000000 0.000000 0.000000 0.000000 0.000000 0.000000 0.000000 0.000000 0.000000 0.500000 0.000000 0.000000 0.500000
 0.249209 0.000000 0.000000 0.000000 0.000000 0.000000 0.000000 0.000000 0.000000 0.000000 0.000000 0.371079 0.000000 0.000000 0.000000 0.379712 0.000000 0.000000 0.000000 0.000000
 0.000000 0.476928 0.000000 0.000000 0.000000 0.000000 0.045196 0.000000 0.000000 0.000000 0.000000 0.000000 0.000000 0.000000 0.477876 0.000000 0.000000 0.000000 0.000000 0.000000
 0.000000 0.000000 0.000000 0.500000 0.000000 0.000000 0.000000 0.000000 0.000000 0.000000 0.000000 0.000000 0.000000 0.000000 0.000000 0.000000 0.000000 0.000000 0.500000 0.000000
 0.371657 0.000000 0.000000 0.265138 0.000000 0.000000 0.000000 0.000000 0.363205 0.000000 0.000000 0.000000 0.000000 0.000000 0.000000 0.000000 0.000000 0.000000 0.000000 0.000000
 0.000000 0.000000 0.001955 0.000000 0.003504 0.497274 0.000000 0.000000 0.000000 0.000000 0.000000 0.000000 0.000000 0.000000 0.000000 0.000000 0.000000 0.497266 0.000000 0.000000
 0.000000 0.000221 0.000000 0.000000 0.498597 0.498596 0.000000 0.000000 0.000000 0.000000 0.000000 0.000000 0.000000 0.000000 0.002585 0.000000 0.000000 0.000000 0.000000 0.000000
 0.000000 0.002365 0.000000 0.000000 0.493575 0.000000 0.000000 0.000000 0.000000 0.494147 0.000000 0.000000 0.000000 0.002562 0.000000 0.000000 0.000000 0.007351 0.000000 0.000000
 0.000000 0.000000 0.000000 0.000000 0.000000 0.000000 0.000000 0.000000 0.499998 0.000000 0.000000 0.000000 0.000000 0.000000 0.000000 0.000000 0.500002 0.000000 0.000000 0.000000
 0.000000 0.000000 0.000000 0.000000 0.000000 0.000000 0.000000 0.500000 0.000000 0.000000 0.000000 0.000000 0.000000 0.000000 0.000000 0.500000 0.000000 0.000000 0.000000 0.000000
 0.000000 0.000000 0.492142 0.000000 0.008343 0.000000 0.000000 0.000000 0.000000 0.000000 0.000000 0.000000 0.492193 0.000000 0.007322 0.000000 0.000000 0.000000 0.000000 0.000000
 0.000000 0.000000 0.000000 0.000000 0.000000 0.000000 0.499971 0.000000 0.000000 0.000000 0.500029 0.000000 0.000000 0.000000 0.000000 0.000000 0.000000 0.000000 0.000000 0.000000
 0.000000 0.000000 0.500000 0.000000 0.000000 0.000000 0.000000 0.500000 0.000000 0.000000 0.000000 0.000000 0.000000 0.000000 0.000000 0.000000 0.000000 0.000000 0.000000 0.000000
the mean of prob-rank is 1.736842105263158
the number of false negetive edges is 0
the number of probability greater than 0 is 3.1/edge
