20
 0.000000 0.000000 0.499999 0.000000 0.000003 0.000000 0.000000 0.000000 0.000000 0.499997 0.000000 0.000000 0.000000 0.000000 0.000000 0.000000 0.000000 0.000000 0.000000 0.000000
 0.000000 0.000000 0.000000 0.000000 0.400396 0.000000 0.000000 0.000000 0.000000 0.000000 0.200024 0.000000 0.000000 0.000000 0.000000 0.000000 0.000000 0.000000 0.399579 0.000000
 0.500000 0.000000 0.000000 0.000000 0.000000 0.500000 0.000000 0.000000 0.000000 0.000000 0.000000 0.000000 0.000000 0.000000 0.000000 0.000000 0.000000 0.000000 0.000000 0.000000
 0.000000 0.000000 0.000000 0.000000 0.005557 0.001293 0.000000 0.000004 0.478578 0.000000 0.000000 0.000000 0.000000 0.003799 0.000000 0.032079 0.000000 0.000000 0.000000 0.478691
 0.000002 0.345162 0.000000 0.004019 0.000000 0.000000 0.000000 0.000000 0.000000 0.007224 0.092567 0.342218 0.000000 0.039645 0.000000 0.000012 0.000010 0.000000 0.167099 0.002041
 0.000000 0.000000 0.498173 0.001345 0.000000 0.000000 0.000000 0.498152 0.002330 0.000000 0.000000 0.000000 0.000000 0.000000 0.000000 0.000000 0.000000 0.000000 0.000000 0.000000
 0.000000 0.000000 0.000000 0.000000 0.000000 0.000000 0.000000 0.000000 0.000000 0.000000 0.000000 0.000000 0.000000 0.000000 0.500012 0.000000 0.000000 0.499988 0.000000 0.000000
 0.000000 0.000000 0.000000 0.000004 0.000000 0.499771 0.000000 0.000000 0.499793 0.000000 0.000000 0.000000 0.000000 0.000000 0.000429 0.000003 0.000000 0.000000 0.000000 0.000000
 0.000000 0.000000 0.000000 0.497957 0.000000 0.002330 0.000000 0.498165 0.000000 0.000000 0.000000 0.000000 0.000000 0.000000 0.000658 0.000890 0.000000 0.000000 0.000000 0.000000
 0.494839 0.000000 0.000000 0.000000 0.010322 0.000000 0.000000 0.000000 0.000000 0.000000 0.000000 0.000000 0.000000 0.000000 0.000000 0.000000 0.494839 0.000000 0.000000 0.000000
 0.000000 0.181823 0.000000 0.000000 0.097609 0.000000 0.000000 0.000000 0.000000 0.000000 0.000000 0.365163 0.000000 0.000000 0.000000 0.000000 0.000000 0.355405 0.000000 0.000000
 0.000000 0.000000 0.000000 0.000000 0.403658 0.000000 0.000000 0.000000 0.000000 0.000000 0.408474 0.000000 0.000000 0.000000 0.010698 0.000272 0.000000 0.176898 0.000000 0.000000
 0.000000 0.000000 0.000000 0.000000 0.000000 0.000000 0.000000 0.000000 0.000000 0.000000 0.000000 0.000000 0.000000 0.000000 0.000000 0.000000 0.500000 0.000000 0.500000 0.000000
 0.000000 0.000000 0.000000 0.003738 0.053941 0.000000 0.000000 0.000000 0.000000 0.000000 0.000000 0.000000 0.000000 0.000000 0.000000 0.471140 0.000000 0.000000 0.000000 0.471180
 0.000000 0.000000 0.000000 0.000000 0.000000 0.000000 0.493048 0.000424 0.000651 0.000000 0.000000 0.012913 0.000000 0.000000 0.000000 0.492964 0.000000 0.000000 0.000000 0.000000
 0.000000 0.000000 0.000000 0.031586 0.000017 0.000000 0.000000 0.000002 0.000842 0.000000 0.000000 0.000314 0.000000 0.471372 0.471332 0.000000 0.000000 0.000000 0.000000 0.024534
 0.000000 0.000000 0.000000 0.000000 0.000015 0.000000 0.000000 0.000000 0.000000 0.499992 0.000000 0.000000 0.499993 0.000000 0.000000 0.000000 0.000000 0.000000 0.000000 0.000000
 0.000000 0.000000 0.000000 0.000000 0.000000 0.000000 0.415558 0.000000 0.000000 0.000000 0.404469 0.179973 0.000000 0.000000 0.000000 0.000000 0.000000 0.000000 0.000000 0.000000
 0.000000 0.401531 0.000000 0.000000 0.194786 0.000000 0.000000 0.000000 0.000000 0.000000 0.000000 0.000000 0.403683 0.000000 0.000000 0.000000 0.000000 0.000000 0.000000 0.000000
 0.000000 0.000000 0.000000 0.485878 0.002863 0.000000 0.000000 0.000000 0.000000 0.000000 0.000000 0.000000 0.000000 0.485967 0.000000 0.025292 0.000000 0.000000 0.000000 0.000000
the mean of prob-rank is 1.4736842105263157
the number of false negetive edges is 0
the number of probability greater than 0 is 4.3/edge
