20
 0.000000 0.000000 0.313166 0.002316 0.000000 0.000000 0.000322 0.000000 0.000000 0.000000 0.000000 0.000481 0.000000 0.000000 0.000000 0.273242 0.108095 0.000000 0.000000 0.302378
 0.000000 0.000000 0.000000 0.000000 0.459980 0.000000 0.000000 0.463813 0.000000 0.000000 0.000000 0.076207 0.000000 0.000000 0.000000 0.000000 0.000000 0.000000 0.000000 0.000000
 0.368389 0.000000 0.000000 0.294542 0.000000 0.000000 0.000000 0.000000 0.000000 0.000000 0.000000 0.335051 0.000000 0.000000 0.000000 0.000000 0.002018 0.000000 0.000000 0.000001
 0.002046 0.000000 0.221261 0.000000 0.000000 0.000000 0.000009 0.000000 0.000000 0.000000 0.269181 0.153339 0.000000 0.247218 0.001773 0.000000 0.105172 0.000000 0.000000 0.000000
 0.000000 0.339344 0.000000 0.000000 0.000000 0.000000 0.000000 0.104732 0.337384 0.000000 0.000000 0.000000 0.218540 0.000000 0.000000 0.000000 0.000000 0.000000 0.000000 0.000000
 0.000000 0.000000 0.000000 0.000000 0.000000 0.000000 0.000022 0.000000 0.000000 0.000000 0.391646 0.000000 0.223179 0.000000 0.385154 0.000000 0.000000 0.000000 0.000000 0.000000
 0.000374 0.000000 0.000000 0.000012 0.000000 0.000020 0.000000 0.000000 0.000000 0.000000 0.000000 0.000000 0.000000 0.097707 0.192414 0.345628 0.363844 0.000000 0.000000 0.000000
 0.000000 0.343885 0.000000 0.000000 0.105256 0.000000 0.000000 0.000000 0.218887 0.000000 0.000000 0.000000 0.000000 0.000000 0.000000 0.000000 0.000000 0.000000 0.000000 0.331972
 0.000000 0.000000 0.000000 0.000000 0.295964 0.000000 0.000000 0.191058 0.000000 0.000000 0.000000 0.000000 0.000000 0.000000 0.000000 0.000000 0.000000 0.000000 0.295639 0.217339
 0.000000 0.000000 0.000000 0.000000 0.000000 0.000000 0.000000 0.000000 0.000000 0.000000 0.000000 0.000000 0.000000 0.000000 0.000000 0.031642 0.000000 0.487130 0.481228 0.000000
 0.000000 0.000000 0.000000 0.315055 0.000000 0.323877 0.000000 0.000000 0.000000 0.000000 0.000000 0.000000 0.284092 0.000000 0.076976 0.000000 0.000000 0.000000 0.000000 0.000000
 0.000585 0.062526 0.346114 0.210863 0.000000 0.000000 0.000000 0.000000 0.000000 0.000000 0.000000 0.000000 0.379912 0.000000 0.000000 0.000000 0.000000 0.000000 0.000000 0.000000
 0.000000 0.000000 0.000000 0.000000 0.207101 0.184769 0.000000 0.000000 0.000000 0.000000 0.284412 0.323718 0.000000 0.000000 0.000000 0.000000 0.000000 0.000000 0.000000 0.000000
 0.000000 0.000000 0.000000 0.289990 0.000000 0.000000 0.087173 0.000000 0.000000 0.000000 0.000000 0.000000 0.000000 0.000000 0.307973 0.000000 0.314863 0.000000 0.000000 0.000000
 0.000000 0.000000 0.000000 0.002246 0.000000 0.344818 0.185440 0.000000 0.000000 0.000000 0.083334 0.000000 0.000000 0.332676 0.000000 0.000000 0.051486 0.000000 0.000000 0.000000
 0.302178 0.000000 0.000000 0.000000 0.000000 0.000000 0.328993 0.000000 0.000000 0.022496 0.000000 0.000000 0.000000 0.000000 0.000000 0.000000 0.000000 0.346180 0.000000 0.000153
 0.121219 0.000000 0.001923 0.133467 0.000000 0.000000 0.351190 0.000000 0.000000 0.000000 0.000000 0.000000 0.000000 0.340637 0.051565 0.000000 0.000000 0.000000 0.000000 0.000000
 0.000000 0.000000 0.000000 0.000000 0.000000 0.000000 0.000000 0.000000 0.000000 0.373342 0.000000 0.000000 0.000000 0.000000 0.000000 0.373177 0.000000 0.000000 0.253481 0.000000
 0.000000 0.000000 0.000000 0.000000 0.000000 0.000000 0.000000 0.000000 0.288489 0.289361 0.000000 0.000000 0.000000 0.000000 0.000000 0.000000 0.000000 0.198872 0.000000 0.223278
 0.282516 0.000000 0.000000 0.000000 0.000000 0.000000 0.000000 0.282457 0.211857 0.000000 0.000000 0.000000 0.000000 0.000000 0.000000 0.000129 0.000000 0.000000 0.223041 0.000000
the mean of prob-rank is 1.894736842105263
the number of false negetive edges is 0
the number of probability greater than 0 is 4.7/edge
