20
 0.000000 0.000000 0.000000 0.004059 0.000000 0.000000 0.000000 0.000000 0.000000 0.000000 0.000000 0.000000 0.000000 0.000000 0.000000 0.000000 0.497887 0.498053 0.000000 0.000000
 0.000000 0.000000 0.000000 0.000000 0.000000 0.000000 0.000000 0.000000 0.007136 0.000000 0.000000 0.057228 0.000000 0.466046 0.000000 0.469590 0.000000 0.000000 0.000000 0.000000
 0.000000 0.000000 0.000000 0.000000 0.000000 0.000000 0.000000 0.471224 0.000000 0.000000 0.062865 0.000000 0.000000 0.000000 0.465911 0.000000 0.000000 0.000000 0.000000 0.000000
 0.004064 0.000000 0.000000 0.000000 0.497261 0.000000 0.000000 0.000000 0.000000 0.000000 0.000000 0.000000 0.000000 0.000000 0.000000 0.000000 0.498675 0.000000 0.000000 0.000000
 0.000000 0.000000 0.000000 0.401513 0.000000 0.000000 0.000000 0.000000 0.000000 0.400267 0.000000 0.000000 0.000000 0.000000 0.000000 0.000000 0.031089 0.000000 0.167132 0.000000
 0.000000 0.000000 0.000000 0.000000 0.000000 0.000000 0.000000 0.000000 0.081054 0.000000 0.224744 0.015509 0.000000 0.341033 0.000000 0.000000 0.000000 0.000000 0.000000 0.337661
 0.000000 0.000000 0.000000 0.000000 0.000000 0.000000 0.000000 0.499991 0.000000 0.000000 0.000000 0.000000 0.500009 0.000000 0.000000 0.000000 0.000000 0.000000 0.000000 0.000000
 0.000000 0.000000 0.500009 0.000000 0.000000 0.000000 0.499991 0.000000 0.000000 0.000000 0.000000 0.000000 0.000000 0.000000 0.000000 0.000000 0.000000 0.000000 0.000000 0.000000
 0.000000 0.006729 0.000000 0.000000 0.000000 0.104050 0.000000 0.000000 0.000000 0.000000 0.000000 0.443295 0.000000 0.005696 0.000000 0.000000 0.000000 0.000000 0.000000 0.440231
 0.000000 0.000000 0.000000 0.000000 0.474040 0.000000 0.000000 0.000000 0.000000 0.000000 0.000000 0.000000 0.000000 0.000000 0.000000 0.049092 0.000000 0.000000 0.476867 0.000000
 0.000000 0.000000 0.049263 0.000000 0.000000 0.240327 0.000000 0.000000 0.000000 0.000000 0.000000 0.341152 0.000000 0.000000 0.369257 0.000000 0.000000 0.000000 0.000000 0.000000
 0.000000 0.040403 0.000000 0.000000 0.000000 0.014908 0.000000 0.000000 0.331934 0.000000 0.306662 0.000000 0.000000 0.006481 0.189279 0.000000 0.000000 0.000000 0.000000 0.110333
 0.000000 0.000000 0.000000 0.000000 0.000000 0.000000 0.500000 0.000000 0.000000 0.000000 0.000000 0.000000 0.000000 0.000000 0.000000 0.000000 0.000000 0.500000 0.000000 0.000000
 0.000000 0.364957 0.000000 0.000000 0.000000 0.363609 0.000000 0.000000 0.004731 0.000000 0.000000 0.007189 0.000000 0.000000 0.000000 0.000000 0.000000 0.000000 0.000000 0.259514
 0.000000 0.000000 0.386382 0.000000 0.000000 0.000000 0.000000 0.000000 0.000000 0.000000 0.390778 0.222840 0.000000 0.000000 0.000000 0.000000 0.000000 0.000000 0.000000 0.000000
 0.000000 0.475371 0.000000 0.000000 0.000000 0.000000 0.000000 0.000000 0.000000 0.048998 0.000000 0.000000 0.000000 0.000000 0.000000 0.000000 0.000000 0.000000 0.475631 0.000000
 0.481331 0.000000 0.000000 0.481494 0.037176 0.000000 0.000000 0.000000 0.000000 0.000000 0.000000 0.000000 0.000000 0.000000 0.000000 0.000000 0.000000 0.000000 0.000000 0.000000
 0.499999 0.000000 0.000000 0.000000 0.000000 0.000000 0.000000 0.000000 0.000000 0.000000 0.000000 0.000000 0.500001 0.000000 0.000000 0.000000 0.000000 0.000000 0.000000 0.000000
 0.000000 0.000000 0.000000 0.000000 0.171916 0.000000 0.000000 0.000000 0.000000 0.414181 0.000000 0.000000 0.000000 0.000000 0.000000 0.413902 0.000000 0.000000 0.000000 0.000000
 0.000000 0.000000 0.000000 0.000000 0.000000 0.325056 0.000000 0.000000 0.330132 0.000000 0.000000 0.110498 0.000000 0.234314 0.000000 0.000000 0.000000 0.000000 0.000000 0.000000
the mean of prob-rank is 1.368421052631579
the number of false negetive edges is 0
the number of probability greater than 0 is 3.5/edge
