20
 0.000000 0.000000 0.000000 0.000000 0.499999 0.000002 0.000000 0.000000 0.000000 0.000000 0.000000 0.000000 0.000000 0.000000 0.000000 0.000000 0.000000 0.000000 0.499999 0.000000
 0.000000 0.000000 0.000000 0.000000 0.000000 0.000000 0.000000 0.000000 0.000000 0.000000 0.000000 0.000000 0.000000 0.000000 0.000000 0.000000 0.500000 0.500000 0.000000 0.000000
 0.000000 0.000000 0.000000 0.000000 0.000000 0.000000 0.499013 0.000000 0.000000 0.000000 0.000000 0.000000 0.000000 0.000000 0.499064 0.000000 0.000000 0.000000 0.000000 0.001923
 0.000000 0.000000 0.000000 0.000000 0.000000 0.000001 0.000000 0.000000 0.499611 0.000000 0.000000 0.000699 0.000050 0.000000 0.000000 0.000000 0.000000 0.000000 0.499638 0.000000
 0.500000 0.000000 0.000000 0.000000 0.000000 0.000000 0.000000 0.000000 0.000000 0.000000 0.000000 0.000000 0.000000 0.000000 0.000000 0.000000 0.500000 0.000000 0.000000 0.000000
 0.000002 0.000000 0.000000 0.000001 0.000000 0.000000 0.000000 0.000000 0.000000 0.000000 0.000000 0.000000 0.499889 0.000000 0.500108 0.000000 0.000000 0.000000 0.000000 0.000000
 0.000000 0.000000 0.494178 0.000000 0.000000 0.000000 0.000000 0.000000 0.000000 0.000000 0.000000 0.000000 0.011695 0.000000 0.000000 0.494127 0.000000 0.000000 0.000000 0.000000
 0.000000 0.000000 0.000000 0.000000 0.000000 0.000000 0.000000 0.000000 0.000000 0.498443 0.003085 0.000000 0.000000 0.000000 0.000000 0.000000 0.000000 0.498472 0.000000 0.000000
 0.000000 0.000000 0.000000 0.494786 0.000000 0.000000 0.000000 0.000000 0.000000 0.000000 0.000000 0.494813 0.010401 0.000000 0.000000 0.000000 0.000000 0.000000 0.000001 0.000000
 0.000000 0.000000 0.000000 0.000000 0.000000 0.000000 0.000000 0.484976 0.000000 0.000000 0.484783 0.000678 0.000000 0.029564 0.000000 0.000000 0.000000 0.000000 0.000000 0.000000
 0.000000 0.000000 0.000000 0.000000 0.000000 0.000000 0.000000 0.003086 0.000000 0.498346 0.000000 0.000000 0.000000 0.000000 0.000000 0.000000 0.000000 0.000000 0.000000 0.498569
 0.000000 0.000000 0.000000 0.000557 0.000000 0.000000 0.000000 0.000000 0.397769 0.000556 0.000000 0.000000 0.395660 0.158691 0.000000 0.046766 0.000000 0.000000 0.000002 0.000000
 0.000000 0.000000 0.000000 0.000048 0.000000 0.473631 0.011212 0.000000 0.009960 0.000000 0.000000 0.471326 0.000000 0.000000 0.000000 0.033823 0.000000 0.000000 0.000000 0.000000
 0.000000 0.000000 0.000000 0.000000 0.000000 0.000000 0.000000 0.000000 0.000000 0.024815 0.000000 0.162411 0.000000 0.000000 0.000000 0.405692 0.000000 0.000000 0.000000 0.407082
 0.000000 0.000000 0.500000 0.000000 0.000000 0.500000 0.000000 0.000000 0.000000 0.000000 0.000000 0.000000 0.000000 0.000000 0.000000 0.000000 0.000000 0.000000 0.000000 0.000000
 0.000000 0.000000 0.000000 0.000000 0.000000 0.000000 0.457507 0.000000 0.000000 0.000000 0.000000 0.053800 0.032664 0.456029 0.000000 0.000000 0.000000 0.000000 0.000000 0.000000
 0.000000 0.500000 0.000000 0.000000 0.500000 0.000000 0.000000 0.000000 0.000000 0.000000 0.000000 0.000000 0.000000 0.000000 0.000000 0.000000 0.000000 0.000000 0.000000 0.000000
 0.000000 0.500000 0.000000 0.000000 0.000000 0.000000 0.000000 0.500000 0.000000 0.000000 0.000000 0.000000 0.000000 0.000000 0.000000 0.000000 0.000000 0.000000 0.000000 0.000000
 0.499999 0.000000 0.000000 0.499999 0.000000 0.000000 0.000000 0.000000 0.000001 0.000000 0.000000 0.000002 0.000000 0.000000 0.000000 0.000000 0.000000 0.000000 0.000000 0.000000
 0.000000 0.000000 0.001923 0.000000 0.000000 0.000000 0.000000 0.000000 0.000000 0.000000 0.499043 0.000000 0.000000 0.499034 0.000000 0.000000 0.000000 0.000000 0.000000 0.000000
the mean of prob-rank is 1.5263157894736843
the number of false negetive edges is 0
the number of probability greater than 0 is 3.3/edge
