20
 0.000000 0.000000 0.000000 0.000000 0.000000 0.000000 0.000000 0.000000 0.000000 0.500000 0.000000 0.000000 0.000000 0.000000 0.000000 0.500000 0.000000 0.000000 0.000000 0.000000
 0.000000 0.000000 0.498158 0.000000 0.000000 0.000000 0.498241 0.000000 0.000525 0.000000 0.000000 0.000000 0.000000 0.000000 0.000000 0.000000 0.000000 0.000001 0.000000 0.003074
 0.000000 0.497756 0.000000 0.000000 0.000001 0.000000 0.000000 0.000000 0.000180 0.004157 0.000000 0.000000 0.000067 0.000000 0.000000 0.000000 0.000000 0.000000 0.000000 0.497840
 0.000000 0.000000 0.000000 0.000000 0.000000 0.499998 0.000000 0.500002 0.000000 0.000000 0.000000 0.000000 0.000000 0.000000 0.000000 0.000000 0.000000 0.000000 0.000000 0.000000
 0.000000 0.000000 0.000001 0.000000 0.000000 0.000028 0.000000 0.000000 0.000000 0.000015 0.000000 0.000000 0.000000 0.000000 0.496090 0.000000 0.496054 0.000000 0.000000 0.007813
 0.000000 0.000000 0.000000 0.368648 0.000021 0.000000 0.000000 0.000000 0.000000 0.000000 0.000000 0.345796 0.285536 0.000000 0.000000 0.000000 0.000000 0.000000 0.000000 0.000000
 0.000000 0.500025 0.000000 0.000000 0.000000 0.000000 0.000000 0.000000 0.000000 0.000000 0.000000 0.000000 0.000000 0.000000 0.000000 0.000000 0.000000 0.499975 0.000000 0.000000
 0.000000 0.000000 0.000000 0.500000 0.000000 0.000000 0.000000 0.000000 0.000000 0.000000 0.000000 0.000000 0.000000 0.500000 0.000000 0.000000 0.000000 0.000000 0.000000 0.000000
 0.000000 0.000393 0.000135 0.000000 0.000000 0.000000 0.000000 0.000000 0.000000 0.000000 0.347767 0.000000 0.278706 0.000000 0.000000 0.000000 0.000000 0.372995 0.000000 0.000005
 0.490239 0.000000 0.004093 0.000000 0.000015 0.000000 0.000000 0.000000 0.000000 0.000000 0.000000 0.000000 0.000000 0.000000 0.015624 0.000000 0.000000 0.000000 0.000000 0.490029
 0.000000 0.000000 0.000000 0.000000 0.000000 0.000000 0.000000 0.000000 0.338743 0.000000 0.000000 0.363363 0.289284 0.000000 0.000000 0.000000 0.000000 0.008610 0.000000 0.000000
 0.000000 0.000000 0.000000 0.000000 0.000000 0.323342 0.000000 0.000000 0.000000 0.000000 0.344713 0.000000 0.331945 0.000000 0.000000 0.000000 0.000000 0.000000 0.000000 0.000000
 0.000000 0.000000 0.000041 0.000000 0.000000 0.236048 0.000000 0.000000 0.227689 0.000000 0.242626 0.293469 0.000000 0.000000 0.000000 0.000000 0.000000 0.000000 0.000000 0.000127
 0.000000 0.000000 0.000000 0.000000 0.000000 0.000000 0.000000 0.500000 0.000000 0.000000 0.000000 0.000000 0.000000 0.000000 0.000000 0.000000 0.500000 0.000000 0.000000 0.000000
 0.000000 0.000000 0.000000 0.000000 0.492159 0.000000 0.000000 0.000000 0.000000 0.015685 0.000000 0.000000 0.000000 0.000000 0.000000 0.000000 0.000002 0.000000 0.492154 0.000000
 0.500000 0.000000 0.000000 0.000000 0.000000 0.000000 0.000000 0.000000 0.000000 0.000000 0.000000 0.000000 0.000000 0.000000 0.000000 0.000000 0.000000 0.000000 0.500000 0.000000
 0.000000 0.000000 0.000000 0.000000 0.497963 0.000000 0.000000 0.000000 0.000000 0.000000 0.000000 0.000000 0.000000 0.498000 0.000002 0.000000 0.000000 0.000000 0.004035 0.000000
 0.000000 0.000001 0.000000 0.000000 0.000000 0.000000 0.494152 0.000000 0.494137 0.000000 0.011710 0.000000 0.000000 0.000000 0.000000 0.000000 0.000000 0.000000 0.000000 0.000000
 0.000000 0.000000 0.000000 0.000000 0.000000 0.000000 0.000000 0.000000 0.000000 0.000000 0.000000 0.000000 0.000000 0.000000 0.497979 0.497986 0.004035 0.000000 0.000000 0.000000
 0.000000 0.003051 0.494580 0.000000 0.007789 0.000000 0.000000 0.000000 0.000006 0.494368 0.000000 0.000000 0.000206 0.000000 0.000000 0.000000 0.000000 0.000000 0.000000 0.000000
the mean of prob-rank is 1.6842105263157894
the number of false negetive edges is 0
the number of probability greater than 0 is 3.7/edge
