20
 0.000000 0.500001 0.000000 0.000000 0.000000 0.000000 0.000000 0.000001 0.000000 0.000000 0.000000 0.499998 0.000000 0.000000 0.000000 0.000000 0.000000 0.000000 0.000000 0.000000
 0.499999 0.000000 0.000000 0.000000 0.000000 0.000000 0.000000 0.500001 0.000000 0.000000 0.000000 0.000000 0.000000 0.000000 0.000000 0.000000 0.000000 0.000000 0.000000 0.000000
 0.000000 0.000000 0.000000 0.000000 0.052092 0.000000 0.362861 0.000000 0.000000 0.006187 0.000000 0.000000 0.360680 0.218172 0.000000 0.000007 0.000000 0.000001 0.000000 0.000000
 0.000000 0.000000 0.000000 0.000000 0.000000 0.000000 0.000000 0.000000 0.309493 0.081713 0.000000 0.000000 0.000000 0.000000 0.282303 0.000000 0.000000 0.000000 0.074420 0.252071
 0.000000 0.000000 0.040426 0.000000 0.000000 0.000000 0.228022 0.000000 0.000000 0.000000 0.000000 0.000000 0.280266 0.000000 0.000000 0.187133 0.264154 0.000000 0.000000 0.000000
 0.000000 0.000000 0.000000 0.000000 0.000000 0.000000 0.000000 0.000000 0.335709 0.000000 0.362532 0.000000 0.000000 0.000000 0.301759 0.000000 0.000000 0.000000 0.000000 0.000000
 0.000000 0.000000 0.318659 0.000000 0.258033 0.000000 0.000000 0.000000 0.000000 0.100044 0.000000 0.000000 0.020025 0.000000 0.000000 0.000000 0.003011 0.000000 0.003614 0.296615
 0.000001 0.371844 0.000000 0.000000 0.000000 0.000000 0.000000 0.000000 0.000000 0.000000 0.000000 0.000000 0.000000 0.000000 0.000000 0.257640 0.370515 0.000000 0.000000 0.000000
 0.000000 0.000000 0.000000 0.352594 0.000000 0.326505 0.000000 0.000000 0.000000 0.000000 0.000000 0.000000 0.000000 0.000000 0.320901 0.000000 0.000000 0.000000 0.000000 0.000000
 0.000000 0.000000 0.006518 0.101041 0.000000 0.000000 0.120014 0.000000 0.000000 0.000000 0.000000 0.000000 0.000000 0.380437 0.000000 0.000000 0.000000 0.000000 0.382700 0.009290
 0.000000 0.000000 0.000000 0.000000 0.000000 0.500000 0.000000 0.000000 0.000000 0.000000 0.000000 0.500000 0.000000 0.000000 0.000000 0.000000 0.000000 0.000000 0.000000 0.000000
 0.499998 0.000000 0.000000 0.000000 0.000000 0.000000 0.000000 0.000000 0.000000 0.000000 0.500002 0.000000 0.000000 0.000000 0.000000 0.000000 0.000000 0.000000 0.000000 0.000000
 0.000000 0.000000 0.325648 0.000000 0.326069 0.000000 0.020588 0.000000 0.000000 0.000000 0.000000 0.000000 0.000000 0.000000 0.000000 0.293388 0.000000 0.034307 0.000000 0.000000
 0.000000 0.000000 0.231503 0.000000 0.000000 0.000000 0.000000 0.000000 0.000000 0.383189 0.000000 0.000000 0.000000 0.000000 0.000000 0.000000 0.000000 0.385308 0.000000 0.000000
 0.000000 0.000000 0.000000 0.262560 0.000000 0.239595 0.000000 0.000000 0.261975 0.000000 0.000000 0.000000 0.000000 0.000000 0.000000 0.000000 0.217076 0.000000 0.000000 0.018793
 0.000000 0.000000 0.000005 0.000000 0.167129 0.000000 0.000000 0.174450 0.000000 0.000000 0.000000 0.000000 0.225219 0.000000 0.000000 0.000000 0.181418 0.251779 0.000000 0.000000
 0.000000 0.000000 0.000000 0.000000 0.273752 0.000000 0.002757 0.291114 0.000000 0.000000 0.000000 0.000000 0.000000 0.000000 0.220326 0.210514 0.000000 0.000000 0.000000 0.001536
 0.000000 0.000000 0.000002 0.000000 0.000000 0.000000 0.000000 0.000000 0.000000 0.000000 0.000000 0.000000 0.049710 0.475045 0.000000 0.475243 0.000000 0.000000 0.000000 0.000000
 0.000000 0.000000 0.000000 0.106797 0.000000 0.000000 0.005031 0.000000 0.000000 0.444137 0.000000 0.000000 0.000000 0.000000 0.000000 0.000000 0.000000 0.000000 0.000000 0.444035
 0.000000 0.000000 0.000000 0.286902 0.000000 0.000000 0.327519 0.000000 0.000000 0.008551 0.000000 0.000000 0.000000 0.000000 0.022998 0.000000 0.001852 0.000000 0.352178 0.000000
the mean of prob-rank is 1.631578947368421
the number of false negetive edges is 0
the number of probability greater than 0 is 4.3/edge
