20
 0.000000 0.000000 0.486430 0.000000 0.000000 0.000000 0.000000 0.000000 0.000000 0.000000 0.000000 0.486912 0.000000 0.000000 0.000000 0.000000 0.026658 0.000000 0.000000 0.000000
 0.000000 0.000000 0.000000 0.000000 0.000000 0.000000 0.004437 0.000000 0.000000 0.000000 0.000004 0.000000 0.494758 0.000000 0.495017 0.000005 0.000000 0.000000 0.005779 0.000000
 0.491560 0.000000 0.000000 0.000000 0.492042 0.000000 0.000000 0.000000 0.000000 0.000000 0.000000 0.000000 0.000000 0.000000 0.000000 0.000000 0.000000 0.016398 0.000000 0.000000
 0.000000 0.000000 0.000000 0.000000 0.000000 0.000000 0.000000 0.000000 0.000000 0.500000 0.000000 0.000000 0.000000 0.000000 0.000000 0.000000 0.000000 0.000000 0.000000 0.500000
 0.000000 0.000000 0.499995 0.000000 0.000000 0.000000 0.000000 0.500001 0.000000 0.000000 0.000000 0.000000 0.000000 0.000000 0.000000 0.000000 0.000000 0.000004 0.000000 0.000000
 0.000000 0.000000 0.000000 0.000000 0.000000 0.000000 0.000000 0.000000 0.000000 0.000000 0.000000 0.004483 0.000000 0.000000 0.000000 0.000000 0.000000 0.497760 0.497757 0.000000
 0.000000 0.004286 0.000000 0.000000 0.000000 0.000000 0.000000 0.000000 0.000000 0.000000 0.477776 0.000000 0.039820 0.000000 0.000000 0.000000 0.000000 0.000000 0.478118 0.000000
 0.000000 0.000000 0.000000 0.000000 0.484500 0.000000 0.000000 0.000000 0.000000 0.000000 0.031118 0.000000 0.000000 0.000000 0.000000 0.000000 0.000000 0.484382 0.000000 0.000000
 0.000000 0.000000 0.000000 0.000000 0.000000 0.000000 0.000000 0.000000 0.000000 0.481148 0.000000 0.000000 0.000000 0.037772 0.000000 0.481080 0.000000 0.000000 0.000000 0.000000
 0.000000 0.000000 0.000000 0.500000 0.000000 0.000000 0.000000 0.000000 0.500000 0.000000 0.000000 0.000000 0.000000 0.000000 0.000000 0.000000 0.000000 0.000000 0.000000 0.000000
 0.000000 0.000004 0.000000 0.000000 0.000000 0.000000 0.484262 0.031125 0.000000 0.000000 0.000000 0.000000 0.484609 0.000000 0.000000 0.000000 0.000000 0.000000 0.000000 0.000000
 0.498022 0.000000 0.000000 0.000000 0.000000 0.004485 0.000000 0.000000 0.000000 0.000000 0.000000 0.000000 0.000000 0.000000 0.000000 0.000000 0.497493 0.000000 0.000000 0.000000
 0.000000 0.479873 0.000000 0.000000 0.000000 0.000000 0.039988 0.000000 0.000000 0.000000 0.480136 0.000000 0.000000 0.000000 0.000001 0.000000 0.000000 0.000000 0.000001 0.000000
 0.000000 0.000000 0.000000 0.000000 0.000000 0.000000 0.000000 0.000000 0.037775 0.000000 0.000000 0.000000 0.000000 0.000000 0.481040 0.481185 0.000000 0.000000 0.000000 0.000000
 0.000000 0.493728 0.000000 0.000000 0.000000 0.000000 0.000000 0.000000 0.000000 0.000000 0.000000 0.000000 0.000001 0.493586 0.000000 0.012685 0.000000 0.000000 0.000000 0.000000
 0.000000 0.000005 0.000000 0.000000 0.000000 0.000000 0.000000 0.000000 0.493624 0.000000 0.000000 0.000000 0.000000 0.493688 0.012683 0.000000 0.000000 0.000000 0.000000 0.000000
 0.026659 0.000000 0.000000 0.000000 0.000000 0.000000 0.000000 0.000000 0.000000 0.000000 0.000000 0.486413 0.000000 0.000000 0.000000 0.000000 0.000000 0.000000 0.000000 0.486928
 0.000000 0.000000 0.016392 0.000000 0.000004 0.491862 0.000000 0.491742 0.000000 0.000000 0.000000 0.000000 0.000000 0.000000 0.000000 0.000000 0.000000 0.000000 0.000000 0.000000
 0.000000 0.005803 0.000000 0.000000 0.000000 0.497097 0.497099 0.000000 0.000000 0.000000 0.000000 0.000000 0.000001 0.000000 0.000000 0.000000 0.000000 0.000000 0.000000 0.000000
 0.000000 0.000000 0.000000 0.500001 0.000000 0.000000 0.000000 0.000000 0.000000 0.000000 0.000000 0.000000 0.000000 0.000000 0.000000 0.000000 0.499999 0.000000 0.000000 0.000000
the mean of prob-rank is 1.4736842105263157
the number of false negetive edges is 0
the number of probability greater than 0 is 3.2/edge
