20
 0.000000 0.000000 0.000000 0.000000 0.257043 0.000000 0.000050 0.252105 0.000000 0.236508 0.000000 0.000000 0.251297 0.000000 0.000000 0.000000 0.000000 0.000000 0.002997 0.000000
 0.000000 0.000000 0.353047 0.000000 0.000477 0.000000 0.000000 0.000000 0.000002 0.000000 0.000000 0.327497 0.000000 0.000000 0.000000 0.000000 0.318977 0.000000 0.000000 0.000000
 0.000000 0.346362 0.000000 0.000000 0.000000 0.000000 0.000000 0.000000 0.000000 0.000000 0.000000 0.314548 0.000000 0.000000 0.000000 0.000000 0.339090 0.000000 0.000000 0.000000
 0.000000 0.000000 0.000000 0.000000 0.337280 0.000000 0.305299 0.000000 0.000000 0.000000 0.000000 0.000000 0.000000 0.000000 0.000000 0.000000 0.357421 0.000000 0.000000 0.000000
 0.297029 0.000419 0.000000 0.293050 0.000000 0.000000 0.000000 0.000000 0.000000 0.000000 0.219835 0.000000 0.000000 0.000000 0.000000 0.000000 0.000000 0.000000 0.002001 0.187666
 0.000000 0.000000 0.000000 0.000000 0.000000 0.000000 0.000000 0.000000 0.000000 0.000000 0.000000 0.000000 0.000000 0.500000 0.000000 0.000000 0.000000 0.500000 0.000000 0.000000
 0.000067 0.000000 0.000000 0.307253 0.000000 0.000000 0.000000 0.359709 0.000000 0.316060 0.000000 0.000000 0.000000 0.000000 0.000000 0.000000 0.016911 0.000000 0.000000 0.000000
 0.321848 0.000000 0.000000 0.000000 0.000000 0.000000 0.343089 0.000000 0.000000 0.335063 0.000000 0.000000 0.000000 0.000000 0.000000 0.000000 0.000000 0.000000 0.000000 0.000000
 0.000000 0.000003 0.000000 0.000000 0.000000 0.000000 0.000000 0.000000 0.000000 0.000000 0.000000 0.000000 0.000000 0.000000 0.499997 0.500000 0.000000 0.000000 0.000000 0.000000
 0.244957 0.000000 0.000000 0.000000 0.000000 0.000000 0.244568 0.271832 0.000000 0.000000 0.000000 0.000000 0.238642 0.000000 0.000000 0.000000 0.000000 0.000000 0.000000 0.000000
 0.000000 0.000000 0.000000 0.000000 0.268033 0.000000 0.000000 0.000000 0.000000 0.000000 0.000000 0.000000 0.000726 0.000000 0.000000 0.000000 0.000000 0.000000 0.378630 0.352610
 0.000000 0.326763 0.319900 0.000000 0.000000 0.000000 0.000000 0.000000 0.000000 0.000000 0.000000 0.000000 0.000000 0.000000 0.353337 0.000000 0.000000 0.000000 0.000000 0.000000
 0.334639 0.000000 0.000000 0.000000 0.000000 0.000000 0.000000 0.000000 0.000000 0.306827 0.000687 0.000000 0.000000 0.000000 0.000000 0.000000 0.000000 0.000000 0.357848 0.000000
 0.000000 0.000000 0.000000 0.000000 0.000000 0.500000 0.000000 0.000000 0.000000 0.000000 0.000000 0.000000 0.000000 0.000000 0.000000 0.000000 0.000000 0.000000 0.000000 0.500000
 0.000000 0.000000 0.000000 0.000000 0.000000 0.000000 0.000000 0.000000 0.499998 0.000000 0.000000 0.500002 0.000000 0.000000 0.000000 0.000000 0.000000 0.000000 0.000000 0.000000
 0.000000 0.000000 0.000000 0.000000 0.000000 0.000000 0.000000 0.000000 0.500000 0.000000 0.000000 0.000000 0.000000 0.000000 0.000000 0.000000 0.000000 0.500000 0.000000 0.000000
 0.000000 0.308074 0.333820 0.342026 0.000000 0.000000 0.016080 0.000000 0.000000 0.000000 0.000000 0.000000 0.000000 0.000000 0.000000 0.000000 0.000000 0.000000 0.000000 0.000000
 0.000000 0.000000 0.000000 0.000000 0.000000 0.500000 0.000000 0.000000 0.000000 0.000000 0.000000 0.000000 0.000000 0.000000 0.000000 0.500000 0.000000 0.000000 0.000000 0.000000
 0.005527 0.000000 0.000000 0.000000 0.003194 0.000000 0.000000 0.000000 0.000000 0.000000 0.495652 0.000000 0.495626 0.000000 0.000000 0.000000 0.000000 0.000000 0.000000 0.000000
 0.000000 0.000000 0.000000 0.000000 0.238330 0.000000 0.000000 0.000000 0.000000 0.000000 0.367281 0.000000 0.000000 0.394389 0.000000 0.000000 0.000000 0.000000 0.000000 0.000000
the mean of prob-rank is 1.7894736842105263
the number of false negetive edges is 0
the number of probability greater than 0 is 3.5/edge
