20
 0.000000 0.000000 0.000000 0.000000 0.000000 0.000000 0.000000 0.000004 0.164079 0.000000 0.000005 0.311747 0.000000 0.000000 0.230661 0.000000 0.293504 0.000000 0.000000 0.000000
 0.000000 0.000000 0.338833 0.000000 0.000000 0.210452 0.000000 0.113629 0.000000 0.000000 0.000000 0.000000 0.000000 0.000000 0.337086 0.000000 0.000000 0.000000 0.000000 0.000000
 0.000000 0.374003 0.000000 0.000000 0.000000 0.000000 0.000000 0.379077 0.000000 0.000000 0.000000 0.000000 0.000000 0.000000 0.246919 0.000000 0.000000 0.000000 0.000000 0.000000
 0.000000 0.000000 0.000000 0.000000 0.000000 0.000000 0.000000 0.000000 0.000000 0.382158 0.000000 0.000000 0.000000 0.000000 0.000000 0.240462 0.000000 0.000000 0.000000 0.377380
 0.000000 0.000000 0.000000 0.000000 0.000000 0.000000 0.000000 0.000000 0.000000 0.000000 0.000000 0.000000 0.500000 0.000000 0.000000 0.500000 0.000000 0.000000 0.000000 0.000000
 0.000000 0.233695 0.000000 0.000000 0.000000 0.000000 0.000000 0.000000 0.000000 0.000000 0.000000 0.000000 0.000000 0.370411 0.000000 0.000000 0.379439 0.016456 0.000000 0.000000
 0.000000 0.000000 0.000000 0.000000 0.000000 0.000000 0.000000 0.401029 0.407879 0.000000 0.191092 0.000000 0.000000 0.000000 0.000000 0.000000 0.000000 0.000000 0.000000 0.000000
 0.000006 0.132936 0.401781 0.000000 0.000000 0.000000 0.395034 0.000000 0.028582 0.000000 0.000000 0.000000 0.000000 0.000000 0.041662 0.000000 0.000000 0.000000 0.000000 0.000000
 0.202987 0.000000 0.000000 0.000000 0.000000 0.000000 0.385672 0.027436 0.000000 0.000000 0.382278 0.001628 0.000000 0.000000 0.000000 0.000000 0.000000 0.000000 0.000000 0.000000
 0.000000 0.000000 0.000000 0.377256 0.000000 0.000000 0.000000 0.000000 0.000000 0.000000 0.367382 0.000000 0.000000 0.000000 0.000000 0.128925 0.000000 0.000000 0.000000 0.126437
 0.000005 0.000000 0.000000 0.000000 0.000000 0.000000 0.144101 0.000000 0.304871 0.299527 0.000000 0.000000 0.000000 0.000000 0.000000 0.000000 0.000000 0.000000 0.000000 0.251496
 0.397685 0.000000 0.000000 0.000000 0.000000 0.000000 0.000000 0.000000 0.001679 0.000000 0.000000 0.000000 0.000000 0.000000 0.394060 0.000000 0.206576 0.000000 0.000000 0.000000
 0.000000 0.000000 0.000000 0.000000 0.500000 0.000000 0.000000 0.000000 0.000000 0.000000 0.000000 0.000000 0.000000 0.000000 0.000000 0.000000 0.000000 0.000000 0.500000 0.000000
 0.000000 0.000000 0.000000 0.000000 0.000000 0.407476 0.000000 0.000000 0.000000 0.000000 0.000000 0.000000 0.000000 0.000000 0.000000 0.000000 0.170544 0.419518 0.002462 0.000000
 0.209656 0.278124 0.184571 0.000000 0.000000 0.000000 0.000000 0.029382 0.000000 0.000000 0.000000 0.280776 0.000000 0.000000 0.000000 0.000000 0.017491 0.000000 0.000000 0.000000
 0.000000 0.000000 0.000000 0.215079 0.341818 0.000000 0.000000 0.000000 0.000000 0.116814 0.000000 0.000000 0.000000 0.000000 0.000000 0.000000 0.000000 0.000000 0.000000 0.326289
 0.321968 0.000000 0.000000 0.000000 0.000000 0.340259 0.000000 0.000000 0.000000 0.000000 0.000000 0.177641 0.000000 0.139023 0.021109 0.000000 0.000000 0.000000 0.000000 0.000000
 0.000000 0.000000 0.000000 0.000000 0.000000 0.021123 0.000000 0.000000 0.000000 0.000000 0.000000 0.000000 0.000000 0.489521 0.000000 0.000000 0.000000 0.000000 0.489356 0.000000
 0.000000 0.000000 0.000000 0.000000 0.000000 0.000000 0.000000 0.000000 0.000000 0.000000 0.000000 0.000000 0.498623 0.002926 0.000000 0.000000 0.000000 0.498452 0.000000 0.000000
 0.000000 0.000000 0.000000 0.319074 0.000000 0.000000 0.000000 0.000000 0.000000 0.108292 0.264200 0.000000 0.000000 0.000000 0.000000 0.308434 0.000000 0.000000 0.000000 0.000000
the mean of prob-rank is 1.4736842105263157
the number of false negetive edges is 0
the number of probability greater than 0 is 4.0/edge
