20
 0.000000 0.000000 0.000000 0.000000 0.000000 0.000001 0.000000 0.000000 0.000000 0.303749 0.000000 0.241162 0.039945 0.000000 0.000000 0.000000 0.000013 0.098901 0.000000 0.316229
 0.000000 0.000000 0.000000 0.103743 0.341944 0.000000 0.000000 0.000000 0.000000 0.000000 0.000000 0.000000 0.000000 0.351204 0.166245 0.036863 0.000000 0.000000 0.000000 0.000000
 0.000000 0.000000 0.000000 0.000000 0.000000 0.000000 0.000000 0.000000 0.306922 0.000000 0.000000 0.358133 0.000000 0.000000 0.334945 0.000000 0.000000 0.000000 0.000000 0.000000
 0.000000 0.092843 0.000000 0.000000 0.000000 0.000000 0.000000 0.000000 0.000000 0.000000 0.312844 0.000000 0.000000 0.247796 0.000000 0.314302 0.000000 0.000000 0.032215 0.000000
 0.000000 0.346059 0.000000 0.000000 0.000000 0.000000 0.000000 0.000000 0.350677 0.000000 0.000000 0.000000 0.000000 0.008944 0.000000 0.294321 0.000000 0.000000 0.000000 0.000000
 0.000002 0.000000 0.000000 0.000000 0.000000 0.000000 0.499298 0.000000 0.000000 0.000000 0.000000 0.000000 0.000000 0.000000 0.000000 0.000000 0.000000 0.499401 0.000000 0.001300
 0.000000 0.000000 0.000000 0.000000 0.000000 0.407152 0.000000 0.000000 0.000000 0.000000 0.187485 0.000000 0.000000 0.000000 0.000000 0.000000 0.000000 0.000000 0.405363 0.000000
 0.000000 0.000000 0.000000 0.000000 0.000000 0.000000 0.000000 0.000000 0.000000 0.327549 0.000000 0.271697 0.000000 0.005112 0.110816 0.000000 0.284826 0.000000 0.000000 0.000000
 0.000000 0.000000 0.301743 0.000000 0.347388 0.000000 0.000000 0.000000 0.000000 0.000000 0.000000 0.000000 0.000000 0.000000 0.327885 0.022985 0.000000 0.000000 0.000000 0.000000
 0.299536 0.000000 0.000000 0.000000 0.000000 0.000000 0.000000 0.322221 0.000000 0.000000 0.000000 0.152806 0.000024 0.000003 0.181902 0.000000 0.043508 0.000000 0.000000 0.000000
 0.000000 0.000000 0.000000 0.405365 0.000000 0.000000 0.187494 0.000000 0.000000 0.000000 0.000000 0.000000 0.000000 0.000000 0.000000 0.000000 0.000000 0.000000 0.407141 0.000000
 0.189591 0.000000 0.256914 0.000000 0.000000 0.000000 0.000000 0.213077 0.000000 0.121819 0.000000 0.000000 0.000000 0.000000 0.218598 0.000000 0.000000 0.000000 0.000000 0.000000
 0.045474 0.000000 0.000000 0.000000 0.000000 0.000000 0.000000 0.000000 0.000000 0.000027 0.000000 0.000000 0.000000 0.000000 0.000000 0.000000 0.355956 0.231551 0.000000 0.366992
 0.000000 0.259765 0.000000 0.204798 0.006536 0.000000 0.000000 0.004054 0.000000 0.000002 0.000000 0.000000 0.000000 0.000000 0.003819 0.247614 0.126840 0.000000 0.146571 0.000000
 0.000000 0.115226 0.227657 0.000000 0.000000 0.000000 0.000000 0.082341 0.226684 0.137397 0.000000 0.207115 0.000000 0.003579 0.000000 0.000000 0.000000 0.000000 0.000000 0.000000
 0.000000 0.035562 0.000000 0.338806 0.280556 0.000000 0.000000 0.000000 0.022117 0.000000 0.000000 0.000000 0.000000 0.322958 0.000000 0.000000 0.000000 0.000000 0.000000 0.000000
 0.000012 0.000000 0.000000 0.000000 0.000000 0.000000 0.000000 0.257385 0.000000 0.039966 0.000000 0.000000 0.283244 0.144552 0.000000 0.000000 0.000000 0.263755 0.006653 0.004432
 0.085793 0.000000 0.000000 0.000000 0.000000 0.283491 0.000000 0.000000 0.000000 0.000000 0.000000 0.000000 0.176442 0.000000 0.000000 0.000000 0.252576 0.000000 0.011608 0.190089
 0.000000 0.000000 0.000000 0.037610 0.000000 0.000000 0.365247 0.000000 0.000000 0.000000 0.366831 0.000000 0.000000 0.207041 0.000000 0.000000 0.008246 0.015025 0.000000 0.000000
 0.366227 0.000000 0.000000 0.000000 0.000000 0.000985 0.000000 0.000000 0.000000 0.000000 0.000000 0.000000 0.373344 0.000000 0.000000 0.000000 0.005667 0.253777 0.000000 0.000000
the mean of prob-rank is 1.5263157894736843
the number of false negetive edges is 0
the number of probability greater than 0 is 5.3/edge
