20
 0.000000 0.000000 0.000000 0.000000 0.000000 0.000000 0.000000 0.500000 0.000000 0.500000 0.000000 0.000000 0.000000 0.000000 0.000000 0.000000 0.000000 0.000000 0.000000 0.000000
 0.000000 0.000000 0.009581 0.000000 0.000000 0.000000 0.000000 0.000000 0.000000 0.000000 0.003370 0.000000 0.000000 0.000000 0.000000 0.000000 0.493588 0.000000 0.493461 0.000000
 0.000000 0.009613 0.000000 0.000000 0.000000 0.495229 0.000000 0.000000 0.000000 0.000000 0.000002 0.000000 0.000000 0.000000 0.000000 0.000000 0.000000 0.000000 0.495156 0.000000
 0.000000 0.000000 0.000000 0.000000 0.000000 0.000000 0.000000 0.000000 0.000000 0.000000 0.000000 0.000000 0.000000 0.000000 0.000000 0.496280 0.496323 0.000000 0.007396 0.000000
 0.000000 0.000000 0.000000 0.000000 0.000000 0.000000 0.009857 0.000000 0.000000 0.294262 0.000000 0.000000 0.000000 0.139749 0.299075 0.257049 0.000000 0.000000 0.000000 0.000007
 0.000000 0.000000 0.499994 0.000000 0.000000 0.000000 0.000000 0.000000 0.000000 0.000000 0.499998 0.000000 0.000000 0.000000 0.000000 0.000000 0.000000 0.000008 0.000000 0.000000
 0.000000 0.000000 0.000000 0.000000 0.015721 0.000000 0.000000 0.000000 0.000000 0.021536 0.000000 0.000000 0.000000 0.000000 0.481367 0.000000 0.000000 0.000000 0.000000 0.481376
 0.498108 0.000000 0.000000 0.000000 0.000000 0.000000 0.000000 0.000000 0.000000 0.003737 0.000000 0.000000 0.498109 0.000046 0.000000 0.000000 0.000000 0.000000 0.000000 0.000000
 0.000000 0.000000 0.000000 0.000000 0.000000 0.000000 0.000000 0.000000 0.000000 0.000000 0.000000 0.500000 0.000000 0.000000 0.000000 0.000000 0.000000 0.000000 0.000000 0.500000
 0.430485 0.000000 0.000000 0.000000 0.419687 0.000000 0.019259 0.003229 0.000000 0.000000 0.000000 0.000000 0.000075 0.049351 0.077914 0.000000 0.000000 0.000000 0.000000 0.000000
 0.000000 0.003402 0.000002 0.000000 0.000000 0.498309 0.000000 0.000000 0.000000 0.000000 0.000000 0.000000 0.000000 0.000000 0.000000 0.000000 0.000000 0.498287 0.000000 0.000000
 0.000000 0.000000 0.000000 0.000000 0.000000 0.000000 0.000000 0.000000 0.500000 0.000000 0.000000 0.000000 0.000000 0.000000 0.000000 0.000000 0.000000 0.500000 0.000000 0.000000
 0.000000 0.000000 0.000000 0.000000 0.000000 0.000000 0.000000 0.472566 0.000000 0.000082 0.000000 0.000000 0.000000 0.472549 0.000000 0.054803 0.000000 0.000000 0.000000 0.000000
 0.000000 0.000000 0.000000 0.000000 0.180058 0.000000 0.000000 0.000036 0.000000 0.044583 0.000000 0.000000 0.388880 0.000000 0.000001 0.386442 0.000000 0.000000 0.000000 0.000000
 0.000000 0.000000 0.000000 0.000000 0.456231 0.000000 0.460430 0.000000 0.000000 0.083336 0.000000 0.000000 0.000000 0.000001 0.000000 0.000000 0.000000 0.000000 0.000000 0.000002
 0.000000 0.000000 0.000000 0.289570 0.246628 0.000000 0.000000 0.000000 0.000000 0.000000 0.000000 0.000000 0.033584 0.287771 0.000000 0.000000 0.000000 0.000000 0.142447 0.000000
 0.000000 0.500002 0.000000 0.499998 0.000000 0.000000 0.000000 0.000000 0.000000 0.000000 0.000000 0.000000 0.000000 0.000000 0.000000 0.000000 0.000000 0.000000 0.000000 0.000000
 0.000000 0.000000 0.000000 0.000000 0.000000 0.000008 0.000000 0.000000 0.000000 0.000000 0.499985 0.500007 0.000000 0.000000 0.000000 0.000000 0.000000 0.000000 0.000000 0.000000
 0.000000 0.398881 0.398921 0.005946 0.000000 0.000000 0.000000 0.000000 0.000000 0.000000 0.000000 0.000000 0.000000 0.000000 0.000000 0.196252 0.000000 0.000000 0.000000 0.000000
 0.000000 0.000000 0.000000 0.000000 0.000011 0.000000 0.499993 0.000000 0.499994 0.000000 0.000000 0.000000 0.000000 0.000000 0.000002 0.000000 0.000000 0.000000 0.000000 0.000000
the mean of prob-rank is 1.5263157894736843
the number of false negetive edges is 0
the number of probability greater than 0 is 3.85/edge
