20
 0.000000 0.000000 0.000000 0.000000 0.000000 0.368515 0.000000 0.000000 0.141093 0.000000 0.000000 0.115657 0.000000 0.370051 0.000000 0.000000 0.004685 0.000000 0.000000 0.000000
 0.000000 0.000000 0.000000 0.000000 0.000000 0.000000 0.000000 0.082150 0.000000 0.456702 0.000000 0.000000 0.000000 0.000107 0.459811 0.000000 0.000000 0.000000 0.001231 0.000000
 0.000000 0.000000 0.000000 0.000000 0.000000 0.000000 0.000000 0.000000 0.000000 0.000000 0.500000 0.000000 0.000000 0.000000 0.000000 0.000000 0.000000 0.500000 0.000000 0.000000
 0.000000 0.000000 0.000000 0.000000 0.000000 0.000000 0.000000 0.419165 0.000000 0.000000 0.000000 0.000000 0.000000 0.000000 0.000000 0.000000 0.165318 0.415517 0.000000 0.000000
 0.000000 0.000000 0.000000 0.000000 0.000000 0.000000 0.499998 0.000000 0.000000 0.000000 0.000000 0.000000 0.000000 0.000000 0.000000 0.000000 0.000000 0.000000 0.000000 0.500002
 0.399885 0.000000 0.000000 0.000000 0.000000 0.000000 0.000000 0.000000 0.402305 0.008688 0.000000 0.175183 0.000000 0.012641 0.000000 0.000000 0.000559 0.000738 0.000000 0.000000
 0.000000 0.000000 0.000000 0.000000 0.499999 0.000000 0.000000 0.000000 0.000000 0.000000 0.000000 0.000000 0.500001 0.000000 0.000000 0.000000 0.000000 0.000000 0.000000 0.000000
 0.000000 0.080514 0.000000 0.450655 0.000000 0.000000 0.000000 0.000000 0.000000 0.000000 0.000000 0.000001 0.000000 0.000737 0.021435 0.000000 0.446659 0.000000 0.000000 0.000000
 0.130454 0.000000 0.000000 0.000000 0.000000 0.342790 0.000000 0.000000 0.000000 0.064762 0.000148 0.330135 0.000000 0.002502 0.000000 0.000083 0.000164 0.128961 0.000000 0.000000
 0.000000 0.404639 0.000000 0.000000 0.000000 0.008798 0.000000 0.000000 0.076968 0.000000 0.000000 0.000000 0.000000 0.102198 0.000000 0.000000 0.000000 0.000000 0.407396 0.000000
 0.000000 0.000000 0.499898 0.000000 0.000000 0.000000 0.000000 0.000000 0.000216 0.000000 0.000000 0.000000 0.000000 0.000000 0.000000 0.499886 0.000000 0.000000 0.000000 0.000000
 0.111397 0.000000 0.000000 0.000000 0.000000 0.155494 0.000000 0.000000 0.343908 0.000000 0.000000 0.000000 0.000000 0.019110 0.000000 0.000000 0.357091 0.013000 0.000000 0.000000
 0.000000 0.000000 0.000000 0.000000 0.000000 0.000000 0.499999 0.000000 0.000000 0.000000 0.000000 0.000000 0.000000 0.000000 0.000000 0.500001 0.000000 0.000000 0.000000 0.000000
 0.406716 0.000095 0.000000 0.000000 0.000000 0.012804 0.000000 0.000667 0.002974 0.102219 0.000000 0.021806 0.000000 0.000000 0.407417 0.000000 0.045302 0.000000 0.000000 0.000000
 0.000000 0.488420 0.000000 0.000000 0.000000 0.000000 0.000000 0.023231 0.000000 0.000000 0.000000 0.000000 0.000000 0.488349 0.000000 0.000000 0.000000 0.000000 0.000000 0.000000
 0.000000 0.000000 0.000000 0.000000 0.000000 0.000000 0.000000 0.000000 0.000121 0.000000 0.499933 0.000000 0.499945 0.000000 0.000000 0.000000 0.000000 0.000000 0.000000 0.000000
 0.005022 0.000000 0.000000 0.156745 0.000000 0.000552 0.000000 0.393904 0.000190 0.000000 0.000000 0.397428 0.000000 0.044184 0.000000 0.000000 0.000000 0.001974 0.000000 0.000000
 0.000000 0.000000 0.414815 0.411205 0.000000 0.000761 0.000000 0.000000 0.156057 0.000000 0.000000 0.015101 0.000000 0.000000 0.000000 0.000000 0.002061 0.000000 0.000000 0.000000
 0.000000 0.001337 0.000000 0.000000 0.000000 0.000000 0.000000 0.000000 0.000000 0.499331 0.000000 0.000000 0.000000 0.000000 0.000000 0.000000 0.000000 0.000000 0.000000 0.499332
 0.000000 0.000000 0.000000 0.000000 0.500000 0.000000 0.000000 0.000000 0.000000 0.000000 0.000000 0.000000 0.000000 0.000000 0.000000 0.000000 0.000000 0.000000 0.500000 0.000000
the mean of prob-rank is 1.368421052631579
the number of false negetive edges is 0
the number of probability greater than 0 is 4.5/edge
