20
 0.000000 0.000000 0.000000 0.313305 0.285295 0.000001 0.279636 0.000000 0.000000 0.000000 0.000000 0.000000 0.000000 0.000000 0.000000 0.000000 0.000000 0.000000 0.121764 0.000000
 0.000000 0.000000 0.000000 0.000000 0.000000 0.164551 0.000000 0.000000 0.000000 0.002830 0.000000 0.000000 0.000000 0.000000 0.276117 0.274298 0.000000 0.282204 0.000000 0.000000
 0.000000 0.000000 0.000000 0.000000 0.000000 0.000000 0.000000 0.000000 0.000000 0.000000 0.006238 0.205432 0.393945 0.000000 0.000000 0.000000 0.000000 0.000000 0.000000 0.394384
 0.293739 0.000000 0.000000 0.000000 0.000000 0.125687 0.197679 0.000000 0.000000 0.000000 0.000000 0.000000 0.000000 0.000000 0.081689 0.000000 0.000000 0.000000 0.301206 0.000000
 0.321472 0.000000 0.000000 0.000000 0.000000 0.000000 0.316495 0.000000 0.362032 0.000000 0.000000 0.000000 0.000000 0.000000 0.000000 0.000000 0.000000 0.000000 0.000000 0.000000
 0.000001 0.168092 0.000000 0.120936 0.000000 0.000000 0.261444 0.000000 0.000000 0.000404 0.000000 0.000000 0.000000 0.000000 0.289801 0.000000 0.000000 0.008725 0.150597 0.000000
 0.202343 0.000000 0.000000 0.152567 0.203241 0.209707 0.000000 0.000000 0.000000 0.024239 0.000000 0.000000 0.000000 0.000000 0.000484 0.000000 0.000000 0.000000 0.207418 0.000000
 0.000000 0.000000 0.000000 0.000000 0.000000 0.000000 0.000000 0.000000 0.500000 0.000000 0.000000 0.000000 0.000000 0.500000 0.000000 0.000000 0.000000 0.000000 0.000000 0.000000
 0.000000 0.000000 0.000000 0.000000 0.499999 0.000000 0.000000 0.500001 0.000000 0.000000 0.000000 0.000000 0.000000 0.000000 0.000000 0.000000 0.000000 0.000000 0.000000 0.000000
 0.000000 0.003902 0.000000 0.000000 0.000000 0.000545 0.040788 0.000000 0.000000 0.000000 0.176551 0.383496 0.000000 0.000000 0.000019 0.006459 0.388240 0.000000 0.000000 0.000000
 0.000000 0.000000 0.006049 0.000000 0.000000 0.000000 0.000000 0.000000 0.000000 0.172589 0.000000 0.382423 0.000000 0.000000 0.000000 0.000000 0.059258 0.000000 0.000000 0.379680
 0.000000 0.000000 0.179301 0.000000 0.000000 0.000000 0.000000 0.000000 0.000000 0.337435 0.344215 0.000000 0.000000 0.000000 0.000000 0.000000 0.000000 0.000000 0.000000 0.139050
 0.000000 0.000000 0.477498 0.000000 0.000000 0.000000 0.000000 0.000000 0.000000 0.000000 0.000000 0.000000 0.000000 0.478029 0.000000 0.000000 0.000000 0.000000 0.000000 0.044473
 0.000000 0.000000 0.000000 0.000000 0.000000 0.000000 0.000000 0.500000 0.000000 0.000000 0.000000 0.000000 0.500000 0.000000 0.000000 0.000000 0.000000 0.000000 0.000000 0.000000
 0.000000 0.308076 0.000000 0.085851 0.000000 0.316532 0.000659 0.000000 0.000000 0.000016 0.000000 0.000000 0.000000 0.000000 0.000000 0.000000 0.000000 0.288841 0.000025 0.000000
 0.000000 0.338820 0.000000 0.000000 0.000000 0.000000 0.000000 0.000000 0.000000 0.005787 0.000000 0.000000 0.000000 0.000000 0.000000 0.000000 0.350449 0.304944 0.000000 0.000000
 0.000000 0.000000 0.000000 0.000000 0.000000 0.000000 0.000000 0.000000 0.000000 0.462173 0.072162 0.000000 0.000000 0.000000 0.000000 0.465666 0.000000 0.000000 0.000000 0.000000
 0.000000 0.276274 0.000000 0.000000 0.000000 0.008362 0.000000 0.000000 0.000000 0.000000 0.000000 0.000000 0.000000 0.000000 0.253438 0.241686 0.000000 0.000000 0.220240 0.000000
 0.105753 0.000000 0.000000 0.279027 0.000000 0.144989 0.248959 0.000000 0.000000 0.000000 0.000000 0.000000 0.000000 0.000000 0.000022 0.000000 0.000000 0.221249 0.000000 0.000000
 0.000000 0.000000 0.401636 0.000000 0.000000 0.000000 0.000000 0.000000 0.000000 0.000000 0.398753 0.162245 0.037366 0.000000 0.000000 0.000000 0.000000 0.000000 0.000000 0.000000
the mean of prob-rank is 1.736842105263158
the number of false negetive edges is 0
the number of probability greater than 0 is 4.5/edge
