20
 0.000000 0.000000 0.000000 0.344815 0.000000 0.000000 0.000000 0.000000 0.000000 0.000000 0.357677 0.000000 0.000000 0.297508 0.000000 0.000000 0.000000 0.000000 0.000000 0.000000
 0.000000 0.000000 0.000000 0.000000 0.000000 0.000000 0.000000 0.000000 0.000000 0.000000 0.000000 0.000000 0.500000 0.000000 0.000000 0.000000 0.500000 0.000000 0.000000 0.000000
 0.000000 0.000000 0.000000 0.000000 0.000000 0.000000 0.000000 0.034927 0.000000 0.482645 0.000000 0.000000 0.000000 0.000000 0.000000 0.482428 0.000000 0.000000 0.000000 0.000000
 0.332069 0.000000 0.000000 0.000000 0.000000 0.000000 0.000000 0.000000 0.344442 0.000000 0.323489 0.000000 0.000000 0.000000 0.000000 0.000000 0.000000 0.000000 0.000000 0.000000
 0.000000 0.000000 0.000000 0.000000 0.000000 0.499330 0.001249 0.000000 0.000001 0.000000 0.000000 0.000000 0.000000 0.000000 0.000000 0.000000 0.000000 0.000000 0.499420 0.000000
 0.000000 0.000000 0.000000 0.000000 0.495050 0.000000 0.000000 0.000000 0.495073 0.000000 0.000000 0.000000 0.000000 0.000000 0.000000 0.000000 0.004284 0.000000 0.000000 0.005593
 0.000000 0.000000 0.000000 0.000000 0.001249 0.000000 0.000000 0.000000 0.000000 0.000000 0.000000 0.000000 0.000000 0.000000 0.000000 0.000000 0.000000 0.000000 0.499368 0.499383
 0.000000 0.000000 0.034929 0.000000 0.000000 0.000000 0.000000 0.000000 0.000000 0.000000 0.000000 0.000000 0.000000 0.000000 0.000001 0.482674 0.000000 0.482397 0.000000 0.000000
 0.000000 0.000000 0.000000 0.484056 0.000001 0.484009 0.000000 0.000000 0.000000 0.000000 0.000000 0.000000 0.000000 0.000000 0.031934 0.000000 0.000000 0.000000 0.000000 0.000000
 0.000000 0.000000 0.500002 0.000000 0.000000 0.000000 0.000000 0.000000 0.000000 0.000000 0.000000 0.000000 0.000000 0.499998 0.000000 0.000000 0.000000 0.000000 0.000000 0.000000
 0.349831 0.000000 0.000000 0.328538 0.000000 0.000000 0.000000 0.000000 0.000000 0.000000 0.000000 0.000000 0.000000 0.321631 0.000000 0.000000 0.000000 0.000000 0.000000 0.000000
 0.000000 0.000000 0.000000 0.000000 0.000000 0.000000 0.000000 0.000000 0.000000 0.000000 0.000000 0.000000 0.461393 0.000000 0.460513 0.000000 0.000000 0.078094 0.000000 0.000000
 0.000000 0.500000 0.000000 0.000000 0.000000 0.000000 0.000000 0.000000 0.000000 0.000000 0.000000 0.500000 0.000000 0.000000 0.000000 0.000000 0.000000 0.000000 0.000000 0.000000
 0.302337 0.000000 0.000000 0.000000 0.000000 0.000000 0.000000 0.000000 0.000000 0.363480 0.334182 0.000000 0.000000 0.000000 0.000000 0.000000 0.000000 0.000000 0.000000 0.000000
 0.000000 0.000000 0.000000 0.000000 0.000000 0.000000 0.000000 0.000001 0.032022 0.000000 0.000000 0.484473 0.000000 0.000000 0.000000 0.000000 0.000000 0.483505 0.000000 0.000000
 0.000000 0.000000 0.489210 0.000000 0.000000 0.000000 0.000000 0.489428 0.000000 0.000000 0.000000 0.000000 0.000000 0.000000 0.000000 0.000000 0.000000 0.021362 0.000000 0.000000
 0.000000 0.498420 0.000000 0.000000 0.000000 0.004312 0.000000 0.000000 0.000000 0.000000 0.000000 0.000000 0.000000 0.000000 0.000000 0.000000 0.000000 0.000000 0.000000 0.497268
 0.000000 0.000000 0.000000 0.000000 0.000000 0.000000 0.000000 0.452550 0.000000 0.000000 0.000000 0.076641 0.000000 0.000000 0.451045 0.019763 0.000000 0.000000 0.000000 0.000000
 0.000000 0.000000 0.000000 0.000000 0.500007 0.000000 0.499993 0.000000 0.000000 0.000000 0.000000 0.000000 0.000000 0.000000 0.000000 0.000000 0.000000 0.000000 0.000000 0.000000
 0.000000 0.000000 0.000000 0.000000 0.000000 0.005623 0.497764 0.000000 0.000000 0.000000 0.000000 0.000000 0.000000 0.000000 0.000000 0.000000 0.496613 0.000000 0.000000 0.000000
the mean of prob-rank is 1.4736842105263157
the number of false negetive edges is 0
the number of probability greater than 0 is 3.0/edge
