20
 0.000000 0.000000 0.000000 0.000000 0.000000 0.000000 0.000019 0.000000 0.499990 0.000000 0.000000 0.000000 0.000000 0.000000 0.000000 0.000000 0.000000 0.499990 0.000000 0.000000
 0.000000 0.000000 0.000000 0.000000 0.499873 0.000000 0.000003 0.000000 0.000000 0.000000 0.000000 0.000000 0.500124 0.000000 0.000000 0.000000 0.000000 0.000000 0.000000 0.000000
 0.000000 0.000000 0.000000 0.450838 0.000000 0.097932 0.000000 0.000000 0.000000 0.000000 0.000395 0.000000 0.000000 0.000001 0.450834 0.000000 0.000000 0.000000 0.000000 0.000000
 0.000000 0.000000 0.500000 0.000000 0.000000 0.000000 0.000000 0.000000 0.000000 0.000000 0.000000 0.000000 0.000000 0.000000 0.000000 0.000000 0.500000 0.000000 0.000000 0.000000
 0.000000 0.499869 0.000000 0.000000 0.000000 0.000000 0.500119 0.000000 0.000000 0.000000 0.000000 0.000000 0.000012 0.000000 0.000000 0.000000 0.000000 0.000000 0.000000 0.000000
 0.000000 0.000000 0.072725 0.000000 0.000000 0.000000 0.000000 0.000000 0.000000 0.000000 0.000000 0.000000 0.000000 0.326058 0.000000 0.334705 0.000000 0.000000 0.266513 0.000000
 0.000019 0.000003 0.000000 0.000000 0.499989 0.000000 0.000000 0.000000 0.000000 0.000000 0.000000 0.000000 0.000000 0.000000 0.000000 0.000000 0.000000 0.499989 0.000000 0.000000
 0.000000 0.000000 0.000000 0.000000 0.000000 0.000000 0.000000 0.000000 0.000000 0.000000 0.000000 0.000000 0.500000 0.000000 0.000000 0.000000 0.000000 0.000000 0.000000 0.500000
 0.500001 0.000000 0.000000 0.000000 0.000000 0.000000 0.000000 0.000000 0.000000 0.000000 0.000000 0.000000 0.000000 0.000000 0.000000 0.499999 0.000000 0.000000 0.000000 0.000000
 0.000000 0.000000 0.000000 0.000000 0.000000 0.000000 0.000000 0.000000 0.000000 0.000000 0.030727 0.482801 0.000000 0.000001 0.000194 0.000000 0.000000 0.000000 0.486277 0.000000
 0.000000 0.000000 0.000346 0.000000 0.000000 0.000000 0.000000 0.000000 0.000000 0.024982 0.000000 0.364617 0.000000 0.209401 0.395362 0.000000 0.000000 0.000000 0.005291 0.000000
 0.000000 0.000000 0.000000 0.000000 0.000000 0.000000 0.000000 0.000000 0.000000 0.289538 0.268951 0.000000 0.000000 0.276798 0.007775 0.000000 0.000000 0.000000 0.156937 0.000000
 0.000000 0.499994 0.000000 0.000000 0.000012 0.000000 0.000000 0.499994 0.000000 0.000000 0.000000 0.000000 0.000000 0.000000 0.000000 0.000000 0.000000 0.000000 0.000000 0.000000
 0.000000 0.000000 0.000001 0.000000 0.000000 0.296887 0.000000 0.000000 0.000000 0.000000 0.161458 0.289339 0.000000 0.000000 0.000000 0.000000 0.000000 0.000000 0.252315 0.000000
 0.000000 0.000000 0.493057 0.000000 0.000000 0.000000 0.000000 0.000000 0.000000 0.000197 0.493058 0.013145 0.000000 0.000000 0.000000 0.000000 0.000000 0.000000 0.000542 0.000000
 0.000000 0.000000 0.000000 0.000000 0.000000 0.490495 0.000000 0.000000 0.490627 0.000000 0.000000 0.000000 0.000000 0.000000 0.000000 0.000000 0.000000 0.000000 0.018878 0.000000
 0.000000 0.000000 0.000000 0.500000 0.000000 0.000000 0.000000 0.000000 0.000000 0.000000 0.000000 0.000000 0.000000 0.000000 0.000000 0.000000 0.000000 0.000000 0.000000 0.500000
 0.500000 0.000000 0.000000 0.000000 0.000000 0.000000 0.500000 0.000000 0.000000 0.000000 0.000000 0.000000 0.000000 0.000000 0.000000 0.000000 0.000000 0.000000 0.000000 0.000000
 0.000000 0.000000 0.000000 0.000000 0.000000 0.247618 0.000000 0.000000 0.000000 0.311053 0.004163 0.167394 0.000000 0.257461 0.000342 0.011969 0.000000 0.000000 0.000000 0.000000
 0.000000 0.000000 0.000000 0.000000 0.000000 0.000000 0.000000 0.500000 0.000000 0.000000 0.000000 0.000000 0.000000 0.000000 0.000000 0.000000 0.500000 0.000000 0.000000 0.000000
the mean of prob-rank is 1.5263157894736843
the number of false negetive edges is 0
the number of probability greater than 0 is 3.5/edge
