20
 0.000000 0.000000 0.000000 0.000000 0.000000 0.000000 0.000000 0.050288 0.000000 0.000000 0.001110 0.000000 0.000000 0.000000 0.474277 0.000000 0.000000 0.000000 0.474325 0.000000
 0.000000 0.000000 0.000000 0.000000 0.000000 0.487578 0.000000 0.000000 0.487441 0.000000 0.000000 0.024981 0.000000 0.000000 0.000000 0.000000 0.000000 0.000000 0.000000 0.000000
 0.000000 0.000000 0.000000 0.482006 0.000000 0.004779 0.000000 0.000000 0.000000 0.000002 0.000133 0.000000 0.000000 0.016541 0.000000 0.000000 0.014127 0.000000 0.000000 0.482412
 0.000000 0.000000 0.370175 0.000000 0.000000 0.000000 0.000000 0.000000 0.000000 0.370268 0.000744 0.000000 0.000000 0.000000 0.000000 0.000048 0.000000 0.000000 0.000000 0.258766
 0.000000 0.000000 0.000000 0.000000 0.000000 0.000000 0.005763 0.000000 0.000210 0.497008 0.000000 0.000000 0.000000 0.000000 0.000000 0.497019 0.000000 0.000000 0.000000 0.000000
 0.000000 0.441828 0.004377 0.000000 0.000000 0.000000 0.000000 0.000000 0.007657 0.000000 0.000000 0.439585 0.000000 0.106553 0.000000 0.000000 0.000000 0.000000 0.000000 0.000000
 0.000000 0.000000 0.000000 0.000000 0.005767 0.000000 0.000000 0.000000 0.496830 0.000000 0.000000 0.000000 0.000000 0.000000 0.000000 0.497403 0.000000 0.000000 0.000000 0.000000
 0.032345 0.000000 0.000000 0.000000 0.000000 0.000000 0.000000 0.000000 0.000000 0.000000 0.000001 0.063567 0.294558 0.000031 0.014843 0.000000 0.000000 0.302905 0.291750 0.000000
 0.000000 0.495814 0.000000 0.000000 0.000210 0.008595 0.495382 0.000000 0.000000 0.000000 0.000000 0.000000 0.000000 0.000000 0.000000 0.000000 0.000000 0.000000 0.000000 0.000000
 0.000000 0.000000 0.000002 0.499423 0.499668 0.000000 0.000000 0.000000 0.000000 0.000000 0.000000 0.000000 0.000000 0.000000 0.000000 0.000885 0.000000 0.000000 0.000000 0.000022
 0.000886 0.000000 0.000104 0.000760 0.000000 0.000000 0.000000 0.000002 0.000000 0.000000 0.000000 0.000000 0.000000 0.332332 0.196150 0.000000 0.378534 0.000000 0.002366 0.088867
 0.000000 0.022780 0.000000 0.000000 0.000000 0.442364 0.000000 0.092640 0.000000 0.000000 0.000000 0.000000 0.442214 0.000002 0.000000 0.000000 0.000000 0.000000 0.000000 0.000000
 0.000000 0.000000 0.000000 0.000000 0.000000 0.000000 0.000000 0.334743 0.000000 0.000000 0.000000 0.344836 0.000000 0.000000 0.000000 0.000000 0.000000 0.320418 0.000003 0.000000
 0.000000 0.000000 0.011285 0.000000 0.000000 0.079370 0.000000 0.000034 0.000000 0.000000 0.288934 0.000002 0.000000 0.000000 0.297823 0.000000 0.311754 0.000000 0.000000 0.010799
 0.403906 0.000000 0.000000 0.000000 0.000000 0.000000 0.000000 0.019653 0.000000 0.000000 0.209318 0.000000 0.000000 0.365553 0.000000 0.000000 0.001471 0.000000 0.000000 0.000099
 0.000000 0.000000 0.000000 0.000064 0.499505 0.000000 0.499545 0.000000 0.000000 0.000885 0.000000 0.000000 0.000000 0.000000 0.000000 0.000000 0.000000 0.000000 0.000000 0.000000
 0.000000 0.000000 0.010680 0.000000 0.000000 0.000000 0.000000 0.000000 0.000000 0.000000 0.364691 0.000000 0.000000 0.345467 0.001328 0.000000 0.000000 0.000000 0.000000 0.277833
 0.000000 0.000000 0.000000 0.000000 0.000000 0.000000 0.000000 0.440571 0.000000 0.000000 0.000000 0.000000 0.410096 0.000000 0.000000 0.000000 0.000000 0.000000 0.149333 0.000000
 0.434951 0.000000 0.000000 0.000000 0.000000 0.000000 0.000000 0.415948 0.000000 0.000000 0.002719 0.000000 0.000003 0.000000 0.000000 0.000000 0.000000 0.146378 0.000000 0.000000
 0.000000 0.000000 0.366555 0.256020 0.000000 0.000000 0.000000 0.000000 0.000000 0.000016 0.086051 0.000000 0.000000 0.012027 0.000089 0.000000 0.279242 0.000000 0.000000 0.000000
the mean of prob-rank is 1.631578947368421
the number of false negetive edges is 0
the number of probability greater than 0 is 5.2/edge
