20
 0.000000 0.000000 0.000000 0.000000 0.000000 0.341135 0.349825 0.000132 0.000000 0.308908 0.000000 0.000000 0.000000 0.000000 0.000000 0.000000 0.000000 0.000000 0.000000 0.000000
 0.000000 0.000000 0.000000 0.001042 0.000000 0.000000 0.000000 0.000000 0.000000 0.000000 0.000000 0.000000 0.000000 0.000032 0.000000 0.117695 0.440808 0.000000 0.000000 0.440423
 0.000000 0.000000 0.000000 0.000000 0.000001 0.000000 0.000000 0.000000 0.500094 0.000000 0.000000 0.499745 0.000000 0.000000 0.000000 0.000000 0.000000 0.000000 0.000160 0.000000
 0.000000 0.001157 0.000000 0.000000 0.000000 0.000000 0.000000 0.000000 0.000000 0.000000 0.000000 0.000000 0.000000 0.000000 0.000000 0.000000 0.020660 0.000000 0.489482 0.488701
 0.000000 0.000000 0.000001 0.000000 0.000000 0.000000 0.183142 0.409639 0.000000 0.000000 0.000000 0.407218 0.000000 0.000000 0.000000 0.000000 0.000000 0.000000 0.000000 0.000000
 0.339625 0.000000 0.000000 0.000000 0.000000 0.000000 0.000000 0.000000 0.000000 0.348301 0.000000 0.009497 0.000000 0.302577 0.000000 0.000000 0.000000 0.000000 0.000000 0.000000
 0.410283 0.000000 0.000000 0.000000 0.183442 0.000000 0.000000 0.406274 0.000000 0.000000 0.000000 0.000000 0.000000 0.000000 0.000000 0.000000 0.000000 0.000000 0.000000 0.000000
 0.000147 0.000000 0.000000 0.000000 0.389950 0.000000 0.386114 0.000000 0.000000 0.000000 0.000000 0.223788 0.000000 0.000000 0.000000 0.000000 0.000000 0.000000 0.000000 0.000000
 0.000000 0.000000 0.490064 0.000000 0.000000 0.000000 0.000000 0.000000 0.000000 0.000000 0.000000 0.002028 0.000000 0.000000 0.000000 0.000000 0.000000 0.000000 0.489956 0.017952
 0.349680 0.000000 0.000000 0.000000 0.000000 0.396024 0.000000 0.000000 0.000000 0.000000 0.000000 0.000000 0.000000 0.254289 0.000007 0.000000 0.000000 0.000000 0.000000 0.000000
 0.000000 0.000000 0.000000 0.000000 0.000000 0.000000 0.000000 0.000000 0.000000 0.000000 0.000000 0.000000 0.000000 0.000000 0.499969 0.500029 0.000000 0.000001 0.000000 0.000000
 0.000000 0.000000 0.384536 0.000000 0.382530 0.010493 0.000000 0.220835 0.001592 0.000000 0.000000 0.000000 0.000000 0.000014 0.000000 0.000000 0.000000 0.000000 0.000000 0.000000
 0.000000 0.000000 0.000000 0.000000 0.000000 0.000000 0.000000 0.000000 0.000000 0.000000 0.000000 0.000000 0.000000 0.000000 0.500000 0.000000 0.000000 0.500000 0.000000 0.000000
 0.000000 0.000029 0.000000 0.000000 0.000000 0.345977 0.000000 0.000000 0.000000 0.255724 0.000000 0.000014 0.000000 0.000000 0.000000 0.000000 0.000000 0.398256 0.000000 0.000000
 0.000000 0.000000 0.000000 0.000000 0.000000 0.000000 0.000000 0.000000 0.000000 0.000009 0.499965 0.000000 0.500026 0.000000 0.000000 0.000000 0.000000 0.000000 0.000000 0.000000
 0.000000 0.118232 0.000000 0.000000 0.000000 0.000000 0.000000 0.000000 0.000000 0.000000 0.442819 0.000000 0.000000 0.000000 0.000000 0.000000 0.438949 0.000000 0.000000 0.000000
 0.000000 0.486577 0.000000 0.020537 0.000000 0.000000 0.000000 0.000000 0.000000 0.000000 0.000000 0.000000 0.000000 0.000000 0.000000 0.482324 0.000000 0.000000 0.000038 0.010524
 0.000000 0.000000 0.000000 0.000000 0.000000 0.000000 0.000000 0.000000 0.000000 0.000000 0.000001 0.000000 0.500001 0.499997 0.000000 0.000000 0.000000 0.000000 0.000000 0.000000
 0.000000 0.000000 0.000158 0.495622 0.000000 0.000000 0.000000 0.000000 0.495524 0.000000 0.000000 0.000000 0.000000 0.000000 0.000000 0.000000 0.000038 0.000000 0.000000 0.008658
 0.000000 0.481917 0.000000 0.481557 0.000000 0.000000 0.000000 0.000000 0.017669 0.000000 0.000000 0.000000 0.000000 0.000000 0.000000 0.000000 0.010432 0.000000 0.008426 0.000000
the mean of prob-rank is 1.4736842105263157
the number of false negetive edges is 0
the number of probability greater than 0 is 4.0/edge
