20
 0.000000 0.000000 0.000000 0.000000 0.000000 0.496817 0.000000 0.000000 0.496711 0.000000 0.000000 0.001113 0.000000 0.000000 0.000000 0.000000 0.000000 0.005359 0.000000 0.000000
 0.000000 0.000000 0.000000 0.000000 0.326222 0.000000 0.000000 0.000000 0.000000 0.303865 0.000000 0.000000 0.000000 0.284984 0.000000 0.000000 0.084929 0.000000 0.000000 0.000000
 0.000000 0.000000 0.000000 0.000000 0.000000 0.000000 0.282036 0.000000 0.000000 0.249771 0.000000 0.000000 0.287697 0.180496 0.000000 0.000000 0.000000 0.000000 0.000000 0.000000
 0.000000 0.000000 0.000000 0.000000 0.000000 0.500001 0.000000 0.499999 0.000000 0.000000 0.000000 0.000000 0.000000 0.000000 0.000000 0.000000 0.000000 0.000000 0.000000 0.000000
 0.000000 0.417068 0.000000 0.000000 0.000000 0.000000 0.000000 0.000000 0.000000 0.000000 0.000000 0.162063 0.000000 0.000000 0.000000 0.000000 0.420869 0.000000 0.000000 0.000000
 0.500000 0.000000 0.000000 0.500000 0.000000 0.000000 0.000000 0.000000 0.000000 0.000000 0.000000 0.000000 0.000000 0.000000 0.000000 0.000000 0.000000 0.000000 0.000000 0.000000
 0.000000 0.000000 0.274941 0.000000 0.000000 0.000000 0.000000 0.000000 0.000000 0.236485 0.000000 0.000002 0.204557 0.000000 0.000000 0.000000 0.000000 0.000000 0.000000 0.284014
 0.000000 0.000000 0.000000 0.499999 0.000000 0.000000 0.000000 0.000000 0.000000 0.000000 0.000000 0.000000 0.000000 0.000000 0.500001 0.000000 0.000000 0.000000 0.000000 0.000000
 0.459257 0.000000 0.000000 0.000000 0.000000 0.000000 0.000000 0.000000 0.000000 0.000000 0.000000 0.459335 0.000000 0.000000 0.000000 0.000000 0.000000 0.081408 0.000000 0.000000
 0.000000 0.256850 0.238560 0.000000 0.000000 0.000000 0.231698 0.000000 0.000000 0.000000 0.000000 0.000000 0.001003 0.271889 0.000000 0.000000 0.000000 0.000000 0.000000 0.000000
 0.000000 0.000000 0.000000 0.000000 0.000000 0.000000 0.000000 0.000000 0.000000 0.000000 0.000000 0.000000 0.000055 0.000001 0.000000 0.000000 0.000000 0.000000 0.499991 0.499953
 0.000938 0.000000 0.000000 0.000000 0.161339 0.000000 0.000003 0.000000 0.418978 0.000000 0.000000 0.000000 0.000000 0.000000 0.000000 0.000000 0.000064 0.418677 0.000000 0.000000
 0.000000 0.000000 0.364193 0.000000 0.000000 0.000000 0.265629 0.000000 0.000000 0.001329 0.000041 0.000000 0.000000 0.368809 0.000000 0.000000 0.000000 0.000000 0.000000 0.000000
 0.000000 0.250031 0.178936 0.000000 0.000000 0.000000 0.000000 0.000000 0.000000 0.282207 0.000000 0.000000 0.288825 0.000000 0.000000 0.000000 0.000000 0.000000 0.000000 0.000000
 0.000000 0.000000 0.000000 0.000000 0.000000 0.000000 0.000000 0.500000 0.000000 0.000000 0.000000 0.000000 0.000000 0.000000 0.000000 0.500000 0.000000 0.000000 0.000000 0.000000
 0.000000 0.000000 0.000000 0.000000 0.000000 0.000000 0.000000 0.000000 0.000000 0.000000 0.000000 0.000000 0.000000 0.000000 0.500007 0.000000 0.000000 0.000000 0.499993 0.000000
 0.000000 0.114301 0.000000 0.000000 0.443043 0.000000 0.000000 0.000000 0.000000 0.000000 0.000000 0.000067 0.000000 0.000000 0.000000 0.000000 0.000000 0.442589 0.000000 0.000000
 0.004934 0.000000 0.000000 0.000000 0.000000 0.000000 0.000000 0.000000 0.081064 0.000000 0.000000 0.457065 0.000000 0.000000 0.000000 0.000000 0.456937 0.000000 0.000000 0.000000
 0.000000 0.000000 0.000000 0.000000 0.000000 0.000000 0.000000 0.000000 0.000000 0.000000 0.495597 0.000000 0.000000 0.000000 0.000000 0.495583 0.000000 0.000000 0.000000 0.008821
 0.000000 0.000000 0.000000 0.000000 0.000000 0.000000 0.495608 0.000000 0.000000 0.000000 0.495571 0.000000 0.000000 0.000000 0.000000 0.000000 0.000000 0.000000 0.008821 0.000000
the mean of prob-rank is 1.5789473684210527
the number of false negetive edges is 0
the number of probability greater than 0 is 3.5/edge
