20
 0.000000 0.050016 0.000000 0.000000 0.401950 0.000000 0.000000 0.000000 0.144377 0.000000 0.000000 0.000000 0.000000 0.000000 0.000000 0.000000 0.000000 0.403656 0.000000 0.000000
 0.057088 0.000000 0.000000 0.000000 0.021722 0.000000 0.460674 0.000000 0.000000 0.460501 0.000000 0.000000 0.000016 0.000000 0.000000 0.000000 0.000000 0.000000 0.000000 0.000000
 0.000000 0.000000 0.000000 0.000000 0.146537 0.000000 0.000000 0.000000 0.000000 0.011652 0.000000 0.000000 0.000000 0.000000 0.418681 0.000000 0.000000 0.000000 0.001092 0.422039
 0.000000 0.000000 0.000000 0.000000 0.000000 0.000000 0.000000 0.000000 0.000000 0.000000 0.000000 0.398966 0.000000 0.000000 0.201848 0.000000 0.399187 0.000000 0.000000 0.000000
 0.416619 0.019725 0.145269 0.000000 0.000000 0.000000 0.000000 0.000000 0.000000 0.418387 0.000000 0.000000 0.000000 0.000000 0.000000 0.000000 0.000000 0.000000 0.000000 0.000000
 0.000000 0.000000 0.000000 0.000000 0.000000 0.000000 0.000000 0.000000 0.000000 0.000002 0.499999 0.000000 0.000000 0.499999 0.000000 0.000000 0.000000 0.000000 0.000000 0.000000
 0.000000 0.499956 0.000000 0.000000 0.000000 0.000000 0.000000 0.000000 0.000000 0.000000 0.000000 0.000000 0.500019 0.000025 0.000000 0.000000 0.000000 0.000000 0.000000 0.000000
 0.000000 0.000000 0.000000 0.000000 0.000000 0.000000 0.000000 0.000000 0.500000 0.000000 0.000000 0.000000 0.000000 0.000000 0.000000 0.500000 0.000000 0.000000 0.000000 0.000000
 0.151759 0.000000 0.000000 0.000000 0.000000 0.000000 0.000000 0.424295 0.000000 0.000000 0.000000 0.000000 0.000000 0.000000 0.000000 0.000000 0.000000 0.000001 0.423944 0.000000
 0.000000 0.492594 0.013606 0.000000 0.492842 0.000002 0.000000 0.000000 0.000000 0.000000 0.000000 0.000000 0.000000 0.000955 0.000000 0.000000 0.000000 0.000000 0.000000 0.000000
 0.000000 0.000000 0.000000 0.000000 0.000000 0.500000 0.000000 0.000000 0.000000 0.000000 0.000000 0.000000 0.000000 0.000000 0.000000 0.000000 0.500000 0.000000 0.000000 0.000000
 0.000000 0.000000 0.000000 0.462151 0.000000 0.000000 0.000000 0.000000 0.000000 0.000000 0.000000 0.000000 0.000000 0.000000 0.462407 0.075441 0.000000 0.000000 0.000000 0.000000
 0.000000 0.000017 0.000000 0.000000 0.000000 0.000000 0.499991 0.000000 0.000000 0.000000 0.000000 0.000000 0.000000 0.499991 0.000000 0.000000 0.000000 0.000000 0.000000 0.000000
 0.000000 0.000000 0.000000 0.000000 0.000000 0.499504 0.000025 0.000000 0.000000 0.000968 0.000000 0.000000 0.499503 0.000000 0.000000 0.000000 0.000000 0.000000 0.000000 0.000000
 0.000000 0.000000 0.395897 0.201790 0.000000 0.000000 0.000000 0.000000 0.000000 0.000000 0.000000 0.399072 0.000000 0.000000 0.000000 0.003241 0.000000 0.000000 0.000000 0.000000
 0.000000 0.000000 0.000000 0.000000 0.000000 0.000000 0.000000 0.460299 0.000000 0.000000 0.000000 0.075097 0.000000 0.000000 0.003738 0.000000 0.000000 0.000000 0.000795 0.460070
 0.000000 0.000000 0.000000 0.500000 0.000000 0.000000 0.000000 0.000000 0.000000 0.000000 0.500000 0.000000 0.000000 0.000000 0.000000 0.000000 0.000000 0.000000 0.000000 0.000000
 0.500000 0.000000 0.000000 0.000000 0.000000 0.000000 0.000000 0.000000 0.000002 0.000000 0.000000 0.000000 0.000000 0.000000 0.000000 0.000000 0.000000 0.000000 0.499999 0.000000
 0.000000 0.000000 0.001242 0.000000 0.000000 0.000000 0.000000 0.000000 0.479845 0.000000 0.000000 0.000000 0.000000 0.000000 0.000000 0.000830 0.000000 0.480242 0.000000 0.037841
 0.000000 0.000000 0.481163 0.000000 0.000000 0.000000 0.000000 0.000000 0.000000 0.000000 0.000000 0.000000 0.000000 0.000000 0.000000 0.480923 0.000000 0.000000 0.037914 0.000000
the mean of prob-rank is 1.5789473684210527
the number of false negetive edges is 0
the number of probability greater than 0 is 3.6/edge
