20
 0.000000 0.000000 0.000000 0.000000 0.499995 0.000009 0.000000 0.499997 0.000000 0.000000 0.000000 0.000000 0.000000 0.000000 0.000000 0.000000 0.000000 0.000000 0.000000 0.000000
 0.000000 0.000000 0.064693 0.000000 0.000006 0.234477 0.173866 0.000000 0.000000 0.000004 0.000000 0.206036 0.000259 0.000000 0.193298 0.127361 0.000000 0.000000 0.000000 0.000000
 0.000000 0.090713 0.000000 0.000000 0.000000 0.000327 0.314771 0.000000 0.000000 0.000000 0.002476 0.000000 0.316921 0.000000 0.000000 0.274793 0.000000 0.000000 0.000000 0.000000
 0.000000 0.000000 0.000000 0.000000 0.000000 0.000000 0.000000 0.499997 0.000000 0.000000 0.000000 0.000000 0.000000 0.000000 0.000000 0.000000 0.000000 0.000000 0.000000 0.500003
 0.499982 0.000013 0.000000 0.000000 0.000000 0.000023 0.000000 0.000000 0.000000 0.000000 0.000000 0.000000 0.000000 0.000000 0.499982 0.000000 0.000000 0.000000 0.000000 0.000000
 0.000005 0.293449 0.000291 0.000000 0.000013 0.000000 0.230942 0.000000 0.000000 0.000000 0.000000 0.231314 0.000000 0.000000 0.240644 0.003341 0.000000 0.000000 0.000000 0.000000
 0.000000 0.198896 0.256802 0.000000 0.000000 0.211097 0.000000 0.000000 0.000117 0.000002 0.000009 0.176522 0.153113 0.000000 0.000000 0.003441 0.000000 0.000000 0.000000 0.000000
 0.500004 0.000000 0.000000 0.499996 0.000000 0.000000 0.000000 0.000000 0.000000 0.000000 0.000000 0.000000 0.000000 0.000000 0.000000 0.000000 0.000000 0.000000 0.000000 0.000000
 0.000000 0.000000 0.000000 0.000000 0.000000 0.000000 0.000219 0.000000 0.000000 0.000000 0.000000 0.000000 0.000000 0.499897 0.000000 0.000000 0.000000 0.000000 0.499885 0.000000
 0.000000 0.000006 0.000000 0.000000 0.000000 0.000000 0.000003 0.000000 0.000000 0.000000 0.362683 0.353973 0.000000 0.000000 0.010512 0.272823 0.000000 0.000000 0.000000 0.000000
 0.000000 0.000000 0.003700 0.000000 0.000000 0.000000 0.000017 0.000000 0.000000 0.489285 0.000000 0.015601 0.000000 0.000000 0.000001 0.491397 0.000000 0.000000 0.000000 0.000000
 0.000000 0.201451 0.000000 0.000000 0.000000 0.180716 0.150873 0.000000 0.000000 0.222798 0.007279 0.000000 0.000000 0.000000 0.201576 0.035308 0.000000 0.000000 0.000000 0.000000
 0.000000 0.000427 0.372831 0.000000 0.000000 0.000000 0.220785 0.000000 0.000000 0.000000 0.000000 0.000000 0.000000 0.000000 0.000000 0.019161 0.000000 0.000000 0.386795 0.000000
 0.000000 0.000000 0.000000 0.000000 0.000000 0.000000 0.000000 0.000000 0.500000 0.000000 0.000000 0.000000 0.000000 0.000000 0.000000 0.000000 0.000000 0.500000 0.000000 0.000000
 0.000000 0.231957 0.000000 0.000000 0.281378 0.230739 0.000000 0.000000 0.000000 0.008121 0.000000 0.247396 0.000000 0.000000 0.000000 0.000410 0.000000 0.000000 0.000000 0.000000
 0.000000 0.160611 0.247135 0.000000 0.000000 0.003366 0.003793 0.000000 0.000000 0.221480 0.295700 0.045539 0.014648 0.000000 0.000431 0.000000 0.000000 0.000000 0.007297 0.000000
 0.000000 0.000000 0.000000 0.000000 0.000000 0.000000 0.000000 0.000000 0.000000 0.000000 0.000000 0.000000 0.000000 0.000000 0.000000 0.000000 0.000000 0.500000 0.000000 0.500000
 0.000000 0.000000 0.000000 0.000000 0.000000 0.000000 0.000000 0.000000 0.000000 0.000000 0.000000 0.000000 0.000000 0.500000 0.000000 0.000000 0.500000 0.000000 0.000000 0.000000
 0.000000 0.000000 0.000000 0.000000 0.000000 0.000000 0.000000 0.000000 0.493900 0.000000 0.000000 0.000000 0.493911 0.000000 0.000000 0.012188 0.000000 0.000000 0.000000 0.000000
 0.000000 0.000000 0.000000 0.500000 0.000000 0.000000 0.000000 0.000000 0.000000 0.000000 0.000000 0.000000 0.000000 0.000000 0.000000 0.000000 0.500000 0.000000 0.000000 0.000000
the mean of prob-rank is 1.8421052631578947
the number of false negetive edges is 0
the number of probability greater than 0 is 4.8/edge
