20
 0.000000 0.000000 0.354466 0.000000 0.000000 0.000000 0.000000 0.000000 0.000000 0.000000 0.000000 0.000000 0.000000 0.000000 0.000000 0.319547 0.318230 0.000000 0.000000 0.007757
 0.000000 0.000000 0.000000 0.314330 0.000000 0.000000 0.000000 0.000000 0.000000 0.000000 0.001107 0.203837 0.000000 0.000000 0.219773 0.260953 0.000000 0.000000 0.000000 0.000000
 0.382439 0.000000 0.000000 0.000000 0.000000 0.000000 0.000000 0.000000 0.000000 0.000000 0.046335 0.000000 0.000000 0.381241 0.000000 0.001411 0.000000 0.023214 0.000000 0.165360
 0.000000 0.391993 0.000000 0.000000 0.391904 0.000000 0.000000 0.000000 0.000000 0.000000 0.000000 0.001899 0.000000 0.000000 0.000000 0.214203 0.000000 0.000000 0.000000 0.000000
 0.000000 0.000000 0.000000 0.499744 0.000000 0.000000 0.500216 0.000000 0.000000 0.000000 0.000040 0.000000 0.000000 0.000000 0.000000 0.000000 0.000000 0.000000 0.000000 0.000000
 0.000000 0.000000 0.000000 0.000000 0.000000 0.000000 0.499999 0.500001 0.000000 0.000000 0.000000 0.000000 0.000000 0.000000 0.000000 0.000000 0.000000 0.000000 0.000000 0.000000
 0.000000 0.000000 0.000000 0.000000 0.485781 0.485798 0.000000 0.000000 0.000000 0.000000 0.028421 0.000000 0.000000 0.000000 0.000000 0.000000 0.000000 0.000000 0.000000 0.000000
 0.000000 0.000000 0.000000 0.000000 0.000000 0.499717 0.000000 0.000000 0.000582 0.499701 0.000000 0.000000 0.000000 0.000000 0.000000 0.000000 0.000000 0.000000 0.000000 0.000000
 0.000000 0.000000 0.000000 0.000000 0.000000 0.000000 0.000000 0.000441 0.000000 0.378362 0.000000 0.000000 0.000000 0.000000 0.000000 0.000000 0.000000 0.261920 0.346027 0.013250
 0.000000 0.000000 0.000000 0.000000 0.000000 0.000000 0.000000 0.499992 0.499973 0.000000 0.000029 0.000000 0.000000 0.000000 0.000000 0.000000 0.000000 0.000006 0.000000 0.000000
 0.000000 0.001319 0.045389 0.000000 0.000030 0.000000 0.021941 0.000000 0.000000 0.000022 0.000000 0.020327 0.000000 0.375029 0.350180 0.021843 0.000000 0.162359 0.000000 0.001562
 0.000000 0.241502 0.000000 0.001805 0.000000 0.000000 0.000000 0.000000 0.000000 0.000000 0.020200 0.000000 0.000000 0.000005 0.367345 0.369143 0.000000 0.000000 0.000000 0.000000
 0.000000 0.000000 0.000000 0.000000 0.000000 0.000000 0.000000 0.000000 0.000000 0.000000 0.000000 0.000000 0.000000 0.000000 0.000000 0.000000 0.500001 0.000000 0.499999 0.000000
 0.000000 0.000000 0.407077 0.000000 0.000000 0.000000 0.000000 0.000000 0.000000 0.000000 0.408790 0.000005 0.000000 0.000000 0.017358 0.000692 0.000000 0.164025 0.000000 0.002053
 0.000000 0.208674 0.000000 0.000000 0.000000 0.000000 0.000000 0.000000 0.000000 0.000000 0.278889 0.294394 0.000000 0.012682 0.000000 0.205361 0.000000 0.000000 0.000000 0.000000
 0.224135 0.206473 0.000917 0.135905 0.000000 0.000000 0.000000 0.000000 0.000000 0.000000 0.014496 0.246522 0.000000 0.000421 0.171130 0.000000 0.000001 0.000000 0.000000 0.000000
 0.248584 0.000000 0.000000 0.000000 0.000000 0.000000 0.000000 0.000000 0.000000 0.000000 0.000000 0.000000 0.277181 0.000000 0.000000 0.000001 0.000000 0.215925 0.000000 0.258309
 0.000000 0.000000 0.015670 0.000000 0.000000 0.000000 0.000000 0.000000 0.178885 0.000003 0.111880 0.000000 0.000000 0.103693 0.000000 0.000000 0.201315 0.000000 0.130125 0.258428
 0.000000 0.000000 0.000000 0.000000 0.000000 0.000000 0.000000 0.000000 0.276547 0.000000 0.000000 0.000000 0.302404 0.000000 0.000000 0.000000 0.000000 0.152270 0.000000 0.268779
 0.006587 0.000000 0.130149 0.000000 0.000000 0.000000 0.000000 0.000000 0.010551 0.000000 0.001255 0.000000 0.000000 0.001514 0.000000 0.000000 0.280806 0.301323 0.267815 0.000000
the mean of prob-rank is 1.9473684210526316
the number of false negetive edges is 0
the number of probability greater than 0 is 5.2/edge
