20
 0.000000 0.000000 0.000000 0.000000 0.496185 0.000000 0.496121 0.000000 0.000000 0.000000 0.000000 0.000000 0.007694 0.000000 0.000000 0.000000 0.000000 0.000000 0.000000 0.000000
 0.000000 0.000000 0.000000 0.000085 0.000000 0.000000 0.000000 0.003453 0.000000 0.486915 0.023143 0.000000 0.000000 0.000000 0.000000 0.486404 0.000000 0.000000 0.000000 0.000000
 0.000000 0.000000 0.000000 0.000000 0.000000 0.000000 0.000000 0.500001 0.000000 0.000000 0.000000 0.000000 0.000000 0.000000 0.000000 0.000000 0.499999 0.000000 0.000000 0.000000
 0.000000 0.000073 0.000000 0.000000 0.000000 0.000000 0.000000 0.169284 0.414794 0.415848 0.000000 0.000000 0.000000 0.000000 0.000000 0.000000 0.000000 0.000000 0.000000 0.000000
 0.499999 0.000000 0.000000 0.000000 0.000000 0.000000 0.000001 0.000000 0.000000 0.000000 0.000000 0.000000 0.000000 0.000000 0.500000 0.000000 0.000000 0.000000 0.000000 0.000000
 0.000000 0.000000 0.000000 0.000000 0.000000 0.000000 0.000000 0.000000 0.000000 0.000000 0.019228 0.476924 0.000000 0.000000 0.000000 0.000000 0.000000 0.476911 0.026936 0.000000
 0.457541 0.000000 0.000000 0.000000 0.000001 0.000000 0.000000 0.000000 0.000013 0.000000 0.000000 0.000002 0.452693 0.064666 0.000000 0.000000 0.000000 0.025085 0.000000 0.000000
 0.000000 0.002942 0.414887 0.168893 0.000000 0.000000 0.000000 0.000000 0.413278 0.000000 0.000000 0.000000 0.000000 0.000000 0.000000 0.000000 0.000000 0.000000 0.000000 0.000000
 0.000000 0.000000 0.000000 0.438809 0.000000 0.000000 0.000012 0.438219 0.000000 0.000000 0.000000 0.000000 0.054094 0.000038 0.000000 0.000000 0.000000 0.000000 0.068829 0.000000
 0.000000 0.498068 0.000000 0.498066 0.000000 0.000000 0.000000 0.000000 0.000000 0.000000 0.000000 0.000000 0.000000 0.000000 0.000000 0.003866 0.000000 0.000000 0.000000 0.000000
 0.000000 0.022778 0.000000 0.000000 0.000000 0.019315 0.000000 0.000000 0.000000 0.000000 0.000000 0.000000 0.000000 0.000000 0.000000 0.479227 0.000000 0.000000 0.478680 0.000000
 0.000000 0.000000 0.000000 0.000000 0.000000 0.496669 0.000002 0.000000 0.000000 0.000000 0.000000 0.000000 0.000000 0.000000 0.496819 0.000000 0.000000 0.006510 0.000000 0.000000
 0.007288 0.000000 0.000000 0.000000 0.000000 0.000000 0.464944 0.000000 0.057790 0.000000 0.000000 0.000000 0.000000 0.000000 0.000000 0.000000 0.000000 0.000000 0.000000 0.469978
 0.000000 0.000000 0.000000 0.000000 0.000000 0.000000 0.066035 0.000000 0.000040 0.000000 0.000000 0.000000 0.000000 0.000000 0.000000 0.000000 0.000000 0.467282 0.466643 0.000000
 0.000000 0.000000 0.000000 0.000000 0.500000 0.000000 0.000000 0.000000 0.000000 0.000000 0.000000 0.500000 0.000000 0.000000 0.000000 0.000000 0.000000 0.000000 0.000000 0.000000
 0.000000 0.496357 0.000000 0.000000 0.000000 0.000000 0.000000 0.000000 0.000000 0.003857 0.496878 0.000000 0.000000 0.000000 0.000000 0.000000 0.000000 0.000000 0.002908 0.000000
 0.000000 0.000000 0.499999 0.000000 0.000000 0.000000 0.000000 0.000000 0.000000 0.000000 0.000000 0.000000 0.000000 0.000000 0.000000 0.000000 0.000000 0.000000 0.000000 0.500001
 0.000000 0.000000 0.000000 0.000000 0.000000 0.480607 0.026355 0.000000 0.000000 0.000000 0.000000 0.006299 0.000000 0.480762 0.000000 0.000000 0.000000 0.000000 0.005977 0.000000
 0.000000 0.000000 0.000000 0.000000 0.000000 0.025334 0.000000 0.000000 0.070201 0.000000 0.448183 0.000000 0.000000 0.448077 0.000000 0.002626 0.000000 0.005578 0.000000 0.000000
 0.000000 0.000000 0.000000 0.000000 0.000000 0.000000 0.000000 0.000000 0.000000 0.000000 0.000000 0.000000 0.499997 0.000000 0.000000 0.000000 0.500003 0.000000 0.000000 0.000000
the mean of prob-rank is 1.4736842105263157
the number of false negetive edges is 0
the number of probability greater than 0 is 3.8/edge
