20
 0.000000 0.000000 0.000000 0.410775 0.000000 0.000000 0.000000 0.000000 0.000000 0.000000 0.000000 0.000000 0.000000 0.000000 0.092655 0.081614 0.414956 0.000000 0.000000 0.000000
 0.000000 0.000000 0.000000 0.499889 0.000000 0.000000 0.000000 0.000000 0.000000 0.000000 0.000000 0.000000 0.000000 0.499924 0.000000 0.000186 0.000000 0.000000 0.000000 0.000000
 0.000000 0.000000 0.000000 0.000000 0.000000 0.000000 0.000000 0.000000 0.251712 0.000000 0.000000 0.000000 0.250227 0.000000 0.263011 0.081536 0.000000 0.000000 0.000000 0.153514
 0.399245 0.403281 0.000000 0.000000 0.000000 0.000000 0.000000 0.000000 0.000000 0.000000 0.000000 0.000000 0.000000 0.000000 0.000000 0.197474 0.000000 0.000000 0.000000 0.000000
 0.000000 0.000000 0.000000 0.000000 0.000000 0.000000 0.000000 0.000000 0.000000 0.289269 0.000000 0.364356 0.000000 0.000000 0.346375 0.000000 0.000000 0.000000 0.000000 0.000000
 0.000000 0.000000 0.000000 0.000000 0.000000 0.000000 0.498137 0.000000 0.000000 0.003711 0.498152 0.000000 0.000000 0.000000 0.000000 0.000000 0.000000 0.000000 0.000000 0.000000
 0.000000 0.000000 0.000000 0.000000 0.000000 0.499983 0.000000 0.000000 0.000000 0.499999 0.000018 0.000000 0.000000 0.000000 0.000000 0.000000 0.000000 0.000000 0.000000 0.000000
 0.000000 0.000000 0.000000 0.000000 0.000000 0.000000 0.000000 0.000000 0.499999 0.000000 0.000000 0.000000 0.000000 0.000000 0.000000 0.000000 0.000000 0.500001 0.000000 0.000000
 0.000000 0.000000 0.323597 0.000000 0.000000 0.000000 0.000000 0.342660 0.000000 0.000000 0.000000 0.000000 0.000000 0.000000 0.000000 0.000000 0.000000 0.037815 0.000000 0.295928
 0.000000 0.000000 0.000000 0.000000 0.287753 0.002700 0.362453 0.000000 0.000000 0.000000 0.000000 0.347094 0.000000 0.000000 0.000000 0.000000 0.000000 0.000000 0.000000 0.000000
 0.000000 0.000000 0.000000 0.000000 0.000000 0.499991 0.000018 0.000000 0.000000 0.000000 0.000000 0.000000 0.000000 0.000000 0.000000 0.000000 0.000000 0.000000 0.499991 0.000000
 0.000000 0.000000 0.000000 0.000000 0.369589 0.000000 0.000000 0.000000 0.000000 0.353934 0.000000 0.000000 0.276478 0.000000 0.000000 0.000000 0.000000 0.000000 0.000000 0.000000
 0.000000 0.000000 0.349783 0.000000 0.000000 0.000000 0.000000 0.000000 0.000000 0.000000 0.000000 0.278720 0.000000 0.000000 0.000000 0.000000 0.000000 0.371497 0.000000 0.000000
 0.000000 0.367357 0.000000 0.000000 0.000000 0.000000 0.000000 0.000000 0.000000 0.000000 0.000000 0.000000 0.000000 0.000000 0.000000 0.302876 0.000000 0.000000 0.000000 0.329767
 0.077277 0.000000 0.341501 0.000000 0.329004 0.000000 0.000000 0.000000 0.000000 0.000000 0.000000 0.000000 0.000000 0.000000 0.000000 0.252218 0.000000 0.000000 0.000000 0.000000
 0.055482 0.000105 0.086292 0.138121 0.000000 0.000000 0.000000 0.000000 0.000000 0.000000 0.000000 0.000000 0.000000 0.232576 0.205578 0.000000 0.000000 0.000000 0.000000 0.281846
 0.500000 0.000000 0.000000 0.000000 0.000000 0.000000 0.000000 0.000000 0.000000 0.000000 0.000000 0.000000 0.000000 0.000000 0.000000 0.000000 0.000000 0.000000 0.500000 0.000000
 0.000000 0.000000 0.000000 0.000000 0.000000 0.000000 0.000000 0.474513 0.052365 0.000000 0.000000 0.000000 0.473122 0.000000 0.000000 0.000000 0.000000 0.000000 0.000000 0.000000
 0.000000 0.000000 0.000000 0.000000 0.000000 0.000000 0.000000 0.000000 0.000000 0.000000 0.500000 0.000000 0.000000 0.000000 0.000000 0.000000 0.500000 0.000000 0.000000 0.000000
 0.000000 0.000000 0.172625 0.000000 0.000000 0.000000 0.000000 0.000000 0.258847 0.000000 0.000000 0.000000 0.000000 0.269059 0.000000 0.299468 0.000000 0.000000 0.000000 0.000000
the mean of prob-rank is 1.6842105263157894
the number of false negetive edges is 0
the number of probability greater than 0 is 3.4/edge
