20
 0.000000 0.000000 0.000000 0.000000 0.000000 0.000148 0.149765 0.424958 0.000000 0.000000 0.000000 0.423896 0.000000 0.000000 0.000000 0.000000 0.001234 0.000000 0.000000 0.000000
 0.000000 0.000000 0.000000 0.000000 0.500000 0.000000 0.000000 0.000000 0.000000 0.000000 0.000000 0.000000 0.000000 0.000000 0.000000 0.000000 0.000000 0.500000 0.000000 0.000000
 0.000000 0.000000 0.000000 0.000000 0.000000 0.000000 0.000000 0.000000 0.000000 0.000000 0.033398 0.000000 0.000000 0.000000 0.000000 0.000000 0.483221 0.483381 0.000000 0.000000
 0.000000 0.000000 0.000000 0.000000 0.000000 0.000000 0.000000 0.000000 0.000000 0.489954 0.000000 0.000000 0.000000 0.000000 0.489947 0.000025 0.000000 0.000000 0.000000 0.020074
 0.000000 0.500000 0.000000 0.000000 0.000000 0.000000 0.000000 0.000000 0.000000 0.000000 0.000000 0.500000 0.000000 0.000000 0.000000 0.000000 0.000000 0.000000 0.000000 0.000000
 0.000172 0.000000 0.000000 0.000000 0.000000 0.000000 0.000000 0.011691 0.000000 0.000000 0.493954 0.000000 0.000002 0.000000 0.000000 0.000000 0.494181 0.000000 0.000000 0.000000
 0.141269 0.000000 0.000000 0.000000 0.000000 0.000000 0.000000 0.398460 0.400734 0.000000 0.000000 0.059537 0.000000 0.000000 0.000000 0.000000 0.000000 0.000000 0.000000 0.000000
 0.388143 0.000000 0.000000 0.000000 0.000000 0.009182 0.385829 0.000000 0.080768 0.000001 0.000000 0.000000 0.000000 0.000000 0.000000 0.128811 0.000010 0.000000 0.000000 0.007256
 0.000000 0.000000 0.000000 0.000000 0.000000 0.000000 0.452807 0.094251 0.000000 0.000000 0.000000 0.000000 0.000000 0.000000 0.000000 0.452943 0.000000 0.000000 0.000000 0.000000
 0.000000 0.000000 0.000000 0.486534 0.000000 0.000000 0.000000 0.000002 0.000000 0.000000 0.000000 0.000000 0.000000 0.000000 0.027029 0.000000 0.000000 0.000000 0.000000 0.486435
 0.000000 0.000000 0.033400 0.000000 0.000000 0.483189 0.000000 0.000000 0.000000 0.000000 0.000000 0.000000 0.483402 0.000000 0.000000 0.000000 0.000009 0.000000 0.000000 0.000000
 0.434059 0.000000 0.000000 0.000000 0.435152 0.000000 0.064631 0.000000 0.000000 0.000000 0.000000 0.000000 0.000000 0.000000 0.000000 0.000000 0.066157 0.000000 0.000000 0.000000
 0.000000 0.000000 0.000000 0.000000 0.000000 0.000002 0.000000 0.000000 0.000000 0.000000 0.499994 0.000000 0.000000 0.000000 0.000000 0.000000 0.000000 0.000000 0.500004 0.000000
 0.000000 0.000000 0.000000 0.000000 0.000000 0.000000 0.000000 0.000000 0.000000 0.000000 0.000000 0.000000 0.000000 0.000000 0.500000 0.000000 0.000000 0.000000 0.500000 0.000000
 0.000000 0.000000 0.000000 0.486484 0.000000 0.000000 0.000000 0.000000 0.000000 0.027026 0.000000 0.000000 0.000000 0.486490 0.000000 0.000000 0.000000 0.000000 0.000000 0.000000
 0.000000 0.000000 0.000000 0.000022 0.000000 0.000000 0.000000 0.142337 0.428908 0.000000 0.000000 0.000000 0.000000 0.000000 0.000000 0.000000 0.000000 0.000000 0.000000 0.428733
 0.001347 0.000000 0.463959 0.000000 0.000000 0.464113 0.000000 0.000012 0.000000 0.000000 0.000009 0.070560 0.000000 0.000000 0.000000 0.000000 0.000000 0.000000 0.000000 0.000000
 0.000000 0.500000 0.500000 0.000000 0.000000 0.000000 0.000000 0.000000 0.000000 0.000000 0.000000 0.000000 0.000000 0.000000 0.000000 0.000000 0.000000 0.000000 0.000000 0.000000
 0.000000 0.000000 0.000000 0.000000 0.000000 0.000000 0.000000 0.000000 0.000000 0.000000 0.000000 0.000000 0.500000 0.500000 0.000000 0.000000 0.000000 0.000000 0.000000 0.000000
 0.000000 0.000000 0.000000 0.019898 0.000000 0.000000 0.000000 0.009079 0.000000 0.485561 0.000000 0.000000 0.000000 0.000000 0.000000 0.485462 0.000000 0.000000 0.000000 0.000000
the mean of prob-rank is 1.4736842105263157
the number of false negetive edges is 0
the number of probability greater than 0 is 3.7/edge
