20
 0.000000 0.000000 0.000000 0.000000 0.000000 0.500001 0.499999 0.000000 0.000000 0.000000 0.000000 0.000000 0.000000 0.000000 0.000000 0.000000 0.000000 0.000000 0.000000 0.000000
 0.000000 0.000000 0.000000 0.499995 0.000000 0.000000 0.000000 0.000000 0.500005 0.000000 0.000000 0.000000 0.000000 0.000000 0.000000 0.000000 0.000000 0.000000 0.000000 0.000000
 0.000000 0.000000 0.000000 0.000000 0.000000 0.000000 0.000000 0.489043 0.000000 0.000004 0.000000 0.000000 0.000000 0.000000 0.000000 0.021913 0.489040 0.000000 0.000000 0.000000
 0.000000 0.499896 0.000000 0.000000 0.000000 0.000000 0.000000 0.000000 0.000000 0.000000 0.499905 0.000199 0.000000 0.000000 0.000000 0.000000 0.000000 0.000000 0.000000 0.000000
 0.000000 0.000000 0.000000 0.000000 0.000000 0.000000 0.000000 0.000000 0.000000 0.417163 0.000000 0.000000 0.417540 0.000000 0.009603 0.017448 0.000641 0.137605 0.000000 0.000000
 0.476078 0.000000 0.000000 0.000000 0.000000 0.000000 0.000000 0.000000 0.000000 0.000000 0.000000 0.048646 0.000000 0.000000 0.000000 0.000000 0.000000 0.000000 0.475277 0.000000
 0.499999 0.000000 0.000000 0.000000 0.000000 0.000000 0.000000 0.000000 0.000000 0.000000 0.500001 0.000000 0.000000 0.000000 0.000000 0.000000 0.000000 0.000000 0.000000 0.000000
 0.000000 0.000000 0.372415 0.000000 0.000000 0.000000 0.000000 0.000000 0.259907 0.000000 0.000000 0.000000 0.000000 0.000000 0.367677 0.000000 0.000000 0.000000 0.000000 0.000000
 0.000000 0.362666 0.000000 0.000000 0.000000 0.000000 0.000000 0.253103 0.000000 0.000000 0.000000 0.023870 0.000000 0.360361 0.000001 0.000000 0.000000 0.000000 0.000000 0.000000
 0.000000 0.000000 0.000004 0.000000 0.449558 0.000000 0.000000 0.000000 0.000000 0.000000 0.000000 0.000000 0.000000 0.000000 0.059413 0.449965 0.041061 0.000000 0.000000 0.000000
 0.000000 0.000000 0.000000 0.499997 0.000000 0.000000 0.499997 0.000000 0.000000 0.000000 0.000000 0.000006 0.000000 0.000000 0.000000 0.000000 0.000000 0.000000 0.000000 0.000000
 0.000000 0.000000 0.000000 0.000183 0.000000 0.046981 0.000000 0.000000 0.030261 0.000000 0.000006 0.000000 0.009603 0.459745 0.451516 0.000000 0.000000 0.000000 0.001704 0.000000
 0.000000 0.000000 0.000000 0.000000 0.434600 0.000000 0.000000 0.000000 0.000000 0.000000 0.000000 0.009077 0.000000 0.000000 0.076401 0.000000 0.000000 0.433877 0.046039 0.000007
 0.000000 0.000000 0.000000 0.000000 0.000000 0.000000 0.000000 0.000000 0.427176 0.000000 0.000000 0.429876 0.000000 0.000000 0.142948 0.000000 0.000000 0.000000 0.000000 0.000000
 0.000000 0.000000 0.000000 0.000000 0.008733 0.000000 0.000000 0.374877 0.000001 0.050136 0.000000 0.372884 0.066751 0.126256 0.000000 0.000362 0.000000 0.000000 0.000000 0.000000
 0.000000 0.000000 0.021464 0.000000 0.020018 0.000000 0.000000 0.000000 0.000000 0.479030 0.000000 0.000000 0.000000 0.000000 0.000457 0.000000 0.479030 0.000000 0.000000 0.000000
 0.000000 0.000000 0.477830 0.000000 0.000733 0.000000 0.000000 0.000000 0.000000 0.043604 0.000000 0.000000 0.000000 0.000000 0.000000 0.477834 0.000000 0.000000 0.000000 0.000000
 0.000000 0.000000 0.000000 0.000000 0.141571 0.000000 0.000000 0.000000 0.000000 0.000000 0.000000 0.000000 0.428857 0.000000 0.000000 0.000000 0.000000 0.000000 0.000000 0.429572
 0.000000 0.000000 0.000000 0.000000 0.000000 0.473596 0.000000 0.000000 0.000000 0.000000 0.000000 0.001758 0.050254 0.000000 0.000000 0.000000 0.000000 0.000000 0.000000 0.474392
 0.000000 0.000000 0.000000 0.000000 0.000000 0.000000 0.000000 0.000000 0.000000 0.000000 0.000000 0.000000 0.000009 0.000000 0.000000 0.000000 0.000000 0.499997 0.499994 0.000000
the mean of prob-rank is 1.5263157894736843
the number of false negetive edges is 0
the number of probability greater than 0 is 4.1/edge
