20
 0.000000 0.000000 0.000000 0.000000 0.000000 0.000000 0.000000 0.000918 0.000000 0.000000 0.000000 0.000000 0.000000 0.499575 0.499506 0.000000 0.000000 0.000000 0.000000 0.000000
 0.000000 0.000000 0.000000 0.000000 0.000000 0.000000 0.000000 0.000000 0.494428 0.000000 0.000000 0.000000 0.000000 0.000000 0.000000 0.000000 0.494439 0.000000 0.011133 0.000000
 0.000000 0.000000 0.000000 0.000000 0.000000 0.000000 0.000000 0.000000 0.000000 0.000000 0.000000 0.356554 0.000000 0.000000 0.347606 0.295840 0.000000 0.000000 0.000000 0.000000
 0.000000 0.000000 0.000000 0.000000 0.485419 0.000000 0.000000 0.000000 0.000000 0.000000 0.000000 0.000000 0.485727 0.000000 0.000000 0.000000 0.000000 0.028854 0.000000 0.000000
 0.000000 0.000000 0.000000 0.302943 0.000000 0.000000 0.000000 0.000000 0.000000 0.254685 0.000000 0.000000 0.016277 0.000000 0.000000 0.291275 0.000000 0.007816 0.000000 0.127003
 0.000000 0.000000 0.000000 0.000000 0.000000 0.000000 0.000000 0.000000 0.000000 0.000000 0.500000 0.000000 0.000000 0.000000 0.000000 0.000000 0.000000 0.000000 0.500000 0.000000
 0.000000 0.000000 0.000000 0.000000 0.000000 0.000000 0.000000 0.000000 0.000000 0.000000 0.500000 0.500000 0.000000 0.000000 0.000000 0.000000 0.000000 0.000000 0.000000 0.000000
 0.000918 0.000000 0.000000 0.000000 0.000000 0.000000 0.000000 0.000000 0.000000 0.000000 0.000000 0.000000 0.000000 0.499537 0.000000 0.000000 0.000000 0.499545 0.000000 0.000000
 0.000000 0.475987 0.000000 0.000000 0.000000 0.000000 0.000000 0.000000 0.000000 0.000000 0.000000 0.000000 0.000000 0.000000 0.000000 0.037682 0.010461 0.000000 0.475870 0.000000
 0.000000 0.000000 0.000000 0.000000 0.278353 0.000000 0.000000 0.000000 0.000000 0.000000 0.000000 0.000000 0.000000 0.000000 0.000000 0.068722 0.000000 0.329838 0.000000 0.323087
 0.000000 0.000000 0.000000 0.000000 0.000000 0.500000 0.500000 0.000000 0.000000 0.000000 0.000000 0.000000 0.000000 0.000000 0.000000 0.000000 0.000000 0.000000 0.000000 0.000000
 0.000000 0.000000 0.500000 0.000000 0.000000 0.000000 0.500000 0.000000 0.000000 0.000000 0.000000 0.000000 0.000000 0.000000 0.000000 0.000000 0.000000 0.000000 0.000000 0.000000
 0.000000 0.000000 0.000000 0.486975 0.026148 0.000000 0.000000 0.000000 0.000000 0.000000 0.000000 0.000000 0.000000 0.000000 0.000000 0.000000 0.486876 0.000000 0.000000 0.000000
 0.499967 0.000000 0.000000 0.000000 0.000000 0.000000 0.000000 0.499958 0.000000 0.000000 0.000000 0.000000 0.000000 0.000000 0.000059 0.000000 0.000000 0.000000 0.000000 0.000015
 0.351943 0.000000 0.343158 0.000000 0.000000 0.000000 0.000000 0.000000 0.000000 0.000000 0.000000 0.000000 0.000000 0.000041 0.000000 0.016979 0.000000 0.000000 0.000000 0.287880
 0.000000 0.000000 0.265474 0.000000 0.307438 0.000000 0.000000 0.000000 0.025329 0.066367 0.000000 0.000000 0.000000 0.000000 0.015433 0.000000 0.000000 0.000001 0.000000 0.319956
 0.000000 0.494615 0.000000 0.000000 0.000000 0.000000 0.000000 0.000000 0.010870 0.000000 0.000000 0.000000 0.494515 0.000000 0.000000 0.000000 0.000000 0.000000 0.000000 0.000000
 0.000000 0.000000 0.000000 0.026308 0.011419 0.000000 0.000000 0.442870 0.000000 0.440909 0.000000 0.000000 0.000000 0.000000 0.000000 0.000001 0.000000 0.000000 0.000000 0.078492
 0.000000 0.011134 0.000000 0.000000 0.000000 0.494500 0.000000 0.000000 0.494366 0.000000 0.000000 0.000000 0.000000 0.000000 0.000000 0.000000 0.000000 0.000000 0.000000 0.000000
 0.000000 0.000000 0.000000 0.000000 0.123614 0.000000 0.000000 0.000000 0.000000 0.287729 0.000000 0.000000 0.000000 0.000009 0.241308 0.295047 0.000000 0.052293 0.000000 0.000000
the mean of prob-rank is 1.6842105263157894
the number of false negetive edges is 0
the number of probability greater than 0 is 3.6/edge
