20
 0.000000 0.000000 0.000000 0.000000 0.000000 0.000000 0.361128 0.293051 0.000018 0.000000 0.000000 0.000000 0.000000 0.000000 0.000000 0.000000 0.000000 0.345803 0.000000 0.000000
 0.000000 0.000000 0.000000 0.000000 0.000000 0.499999 0.000000 0.000000 0.000000 0.000000 0.000000 0.000000 0.000000 0.000000 0.000000 0.000000 0.000000 0.000000 0.500001 0.000000
 0.000000 0.000000 0.000000 0.000000 0.000132 0.000000 0.000000 0.000000 0.000000 0.003183 0.000000 0.000000 0.000000 0.498346 0.000000 0.000000 0.000000 0.498339 0.000000 0.000000
 0.000000 0.000000 0.000000 0.000000 0.000000 0.000000 0.000000 0.000000 0.000000 0.000000 0.000000 0.000000 0.000000 0.000000 0.000000 0.000000 0.499996 0.000000 0.000000 0.500004
 0.000000 0.000000 0.000132 0.000000 0.000000 0.499716 0.000000 0.000000 0.000000 0.000001 0.000000 0.499681 0.000000 0.000470 0.000000 0.000000 0.000000 0.000000 0.000000 0.000000
 0.000000 0.499999 0.000000 0.000000 0.500001 0.000000 0.000000 0.000000 0.000000 0.000000 0.000000 0.000000 0.000000 0.000000 0.000000 0.000000 0.000000 0.000000 0.000000 0.000000
 0.376483 0.000000 0.000000 0.000000 0.000000 0.000000 0.000000 0.367540 0.001183 0.000000 0.000000 0.000000 0.000000 0.000000 0.000000 0.000000 0.000000 0.254794 0.000000 0.000000
 0.286047 0.000000 0.000000 0.000000 0.000000 0.000000 0.344124 0.000000 0.352498 0.000000 0.000000 0.000000 0.000000 0.000000 0.000000 0.000000 0.017331 0.000000 0.000000 0.000000
 0.000025 0.000000 0.000000 0.000000 0.000000 0.000000 0.001569 0.499221 0.000000 0.000000 0.000000 0.000000 0.000000 0.000000 0.000000 0.000000 0.499185 0.000000 0.000000 0.000000
 0.000000 0.000000 0.003183 0.000000 0.000001 0.000000 0.000000 0.000000 0.000000 0.000000 0.000000 0.498411 0.000000 0.498405 0.000000 0.000000 0.000000 0.000000 0.000000 0.000000
 0.000000 0.000000 0.000000 0.000000 0.000000 0.000000 0.000000 0.000000 0.000000 0.000000 0.000000 0.000000 0.500001 0.000000 0.000000 0.000000 0.000000 0.000000 0.000000 0.499999
 0.000000 0.000000 0.000000 0.000000 0.499198 0.000000 0.000000 0.000000 0.000000 0.499234 0.000000 0.000000 0.000000 0.001568 0.000000 0.000000 0.000000 0.000000 0.000000 0.000000
 0.000000 0.000000 0.000000 0.000000 0.000000 0.000000 0.000000 0.000000 0.000000 0.000000 0.500000 0.000000 0.000000 0.000000 0.000000 0.500000 0.000000 0.000000 0.000000 0.000000
 0.000000 0.000000 0.498981 0.000000 0.000469 0.000000 0.000000 0.000000 0.000000 0.498982 0.000000 0.001567 0.000000 0.000000 0.000000 0.000000 0.000000 0.000000 0.000000 0.000000
 0.000000 0.000000 0.000000 0.000000 0.000000 0.000000 0.000000 0.000000 0.000000 0.000000 0.000000 0.000000 0.000000 0.000000 0.000000 0.500001 0.000000 0.000000 0.499999 0.000000
 0.000000 0.000000 0.000000 0.000000 0.000000 0.000000 0.000000 0.000000 0.000000 0.000000 0.000000 0.000000 0.500000 0.000000 0.500000 0.000000 0.000000 0.000000 0.000000 0.000000
 0.000000 0.000000 0.000000 0.488016 0.000000 0.000000 0.000000 0.023994 0.487990 0.000000 0.000000 0.000000 0.000000 0.000000 0.000000 0.000000 0.000000 0.000000 0.000000 0.000000
 0.363497 0.000000 0.379595 0.000000 0.000000 0.000000 0.256909 0.000000 0.000000 0.000000 0.000000 0.000000 0.000000 0.000000 0.000000 0.000000 0.000000 0.000000 0.000000 0.000000
 0.000000 0.500001 0.000000 0.000000 0.000000 0.000000 0.000000 0.000000 0.000000 0.000000 0.000000 0.000000 0.000000 0.000000 0.499999 0.000000 0.000000 0.000000 0.000000 0.000000
 0.000000 0.000000 0.000000 0.500001 0.000000 0.000000 0.000000 0.000000 0.000000 0.000000 0.499999 0.000000 0.000000 0.000000 0.000000 0.000000 0.000000 0.000000 0.000000 0.000000
the mean of prob-rank is 1.5263157894736843
the number of false negetive edges is 0
the number of probability greater than 0 is 2.9/edge
