20
 0.000000 0.000000 0.093805 0.291563 0.032663 0.000000 0.000000 0.025242 0.000553 0.312345 0.000000 0.000000 0.000000 0.000000 0.000000 0.243829 0.000000 0.000000 0.000000 0.000000
 0.000000 0.000000 0.000000 0.000000 0.000000 0.499791 0.000000 0.000000 0.000000 0.000000 0.000000 0.000000 0.000000 0.000025 0.000000 0.000000 0.000000 0.000000 0.500183 0.000000
 0.130796 0.000000 0.000000 0.000000 0.000000 0.000000 0.000000 0.000024 0.000000 0.001470 0.435542 0.000000 0.000000 0.000000 0.000000 0.000000 0.000000 0.000000 0.432168 0.000000
 0.259519 0.000000 0.000000 0.000000 0.193457 0.000000 0.000000 0.000021 0.276948 0.000000 0.000000 0.000000 0.000000 0.000000 0.009654 0.260402 0.000000 0.000000 0.000000 0.000000
 0.028255 0.000000 0.000000 0.188011 0.000000 0.000000 0.000000 0.045526 0.225391 0.000000 0.000000 0.000153 0.000000 0.000000 0.265978 0.246688 0.000000 0.000000 0.000000 0.000000
 0.000000 0.499804 0.000000 0.000000 0.000000 0.000000 0.000000 0.000000 0.000000 0.000000 0.000000 0.000000 0.000000 0.500196 0.000000 0.000000 0.000000 0.000000 0.000000 0.000000
 0.000000 0.000000 0.000000 0.000000 0.000000 0.000000 0.000000 0.000000 0.000000 0.000000 0.000000 0.000000 0.000000 0.000000 0.070496 0.000000 0.464752 0.000000 0.000000 0.464752
 0.026756 0.000000 0.000018 0.000025 0.055785 0.000000 0.000000 0.000000 0.000000 0.000000 0.000000 0.330835 0.000000 0.000000 0.290207 0.296374 0.000000 0.000000 0.000000 0.000000
 0.000632 0.000000 0.000000 0.355129 0.297389 0.000000 0.000000 0.000000 0.000000 0.000000 0.000000 0.000000 0.000000 0.000000 0.344329 0.002521 0.000000 0.000000 0.000000 0.000000
 0.499138 0.000000 0.001684 0.000000 0.000000 0.000000 0.000000 0.000000 0.000000 0.000000 0.000000 0.000000 0.000000 0.000000 0.000000 0.000000 0.000000 0.499178 0.000000 0.000000
 0.000000 0.000000 0.497417 0.000000 0.000000 0.000000 0.000000 0.000000 0.000000 0.000000 0.000000 0.000000 0.000000 0.000000 0.000000 0.000000 0.497427 0.000000 0.005156 0.000000
 0.000000 0.000000 0.000000 0.000000 0.000245 0.000000 0.000000 0.434170 0.000000 0.000000 0.000000 0.000000 0.434515 0.000000 0.131068 0.000002 0.000000 0.000000 0.000000 0.000000
 0.000000 0.000000 0.000000 0.000000 0.000000 0.000000 0.000000 0.000000 0.000000 0.000000 0.000000 0.499564 0.000000 0.000000 0.000854 0.000000 0.000000 0.000000 0.000000 0.499582
 0.000000 0.000025 0.000000 0.000000 0.000000 0.499990 0.000000 0.000000 0.000000 0.000000 0.000000 0.000000 0.000000 0.000000 0.000000 0.000000 0.000000 0.499985 0.000000 0.000000
 0.000000 0.000000 0.000000 0.008802 0.249537 0.000000 0.038454 0.222195 0.244836 0.000000 0.000000 0.076467 0.000433 0.000000 0.000000 0.159276 0.000000 0.000000 0.000000 0.000000
 0.187615 0.000000 0.000000 0.225107 0.219429 0.000000 0.000000 0.215140 0.001699 0.000000 0.000000 0.000001 0.000000 0.000000 0.151010 0.000000 0.000000 0.000000 0.000000 0.000000
 0.000000 0.000000 0.000000 0.000000 0.000000 0.000000 0.499999 0.000000 0.000000 0.000000 0.499999 0.000000 0.000000 0.000000 0.000000 0.000000 0.000000 0.000000 0.000003 0.000000
 0.000000 0.000000 0.000000 0.000000 0.000000 0.000000 0.000000 0.000000 0.000000 0.500003 0.000000 0.000000 0.000000 0.499997 0.000000 0.000000 0.000000 0.000000 0.000000 0.000000
 0.000000 0.499350 0.495472 0.000000 0.000000 0.000000 0.000000 0.000000 0.000000 0.000000 0.005176 0.000000 0.000000 0.000000 0.000000 0.000000 0.000003 0.000000 0.000000 0.000000
 0.000000 0.000000 0.000000 0.000000 0.000000 0.000000 0.500000 0.000000 0.000000 0.000000 0.000000 0.000000 0.500000 0.000000 0.000001 0.000000 0.000000 0.000000 0.000000 0.000000
the mean of prob-rank is 1.736842105263158
the number of false negetive edges is 0
the number of probability greater than 0 is 4.35/edge
