20
 0.000000 0.340859 0.262099 0.000000 0.000000 0.000000 0.000000 0.036960 0.000000 0.000000 0.000000 0.005666 0.000000 0.000000 0.000000 0.354416 0.000000 0.000000 0.000000 0.000000
 0.282506 0.000000 0.195232 0.000000 0.000000 0.000000 0.000000 0.000000 0.236567 0.000000 0.000000 0.005589 0.000000 0.000000 0.000000 0.008176 0.000000 0.271929 0.000000 0.000000
 0.232240 0.208721 0.000000 0.000000 0.000000 0.000000 0.000000 0.243107 0.000006 0.000000 0.000000 0.000000 0.000000 0.000000 0.000000 0.000000 0.315738 0.000000 0.000000 0.000187
 0.000000 0.000000 0.000000 0.000000 0.000000 0.359143 0.354648 0.000000 0.110605 0.000000 0.000000 0.000000 0.000000 0.000000 0.000000 0.000000 0.000000 0.147147 0.028457 0.000000
 0.000000 0.000000 0.000000 0.000000 0.000000 0.000000 0.000046 0.000000 0.000000 0.000000 0.000000 0.000000 0.360456 0.000000 0.000000 0.000000 0.285599 0.000000 0.000000 0.353900
 0.000000 0.000000 0.000000 0.500000 0.000000 0.000000 0.000000 0.000000 0.000000 0.500000 0.000000 0.000000 0.000000 0.000000 0.000000 0.000000 0.000000 0.000000 0.000000 0.000000
 0.000000 0.000000 0.000000 0.373099 0.000048 0.000000 0.000000 0.000000 0.244958 0.000000 0.000000 0.000000 0.003186 0.000000 0.000000 0.000000 0.000000 0.001090 0.000000 0.377619
 0.030384 0.000000 0.225551 0.000000 0.000000 0.000000 0.000000 0.000000 0.000000 0.000000 0.000000 0.293035 0.000000 0.269144 0.000463 0.181423 0.000000 0.000000 0.000000 0.000000
 0.000000 0.283396 0.000007 0.108994 0.000000 0.000000 0.229452 0.000000 0.000000 0.000000 0.000000 0.000000 0.000000 0.000000 0.000000 0.000000 0.000000 0.353914 0.024237 0.000000
 0.000000 0.000000 0.000000 0.000000 0.000000 0.499997 0.000000 0.000000 0.000000 0.000000 0.500003 0.000000 0.000000 0.000000 0.000000 0.000000 0.000000 0.000000 0.000000 0.000000
 0.000000 0.000000 0.000000 0.000000 0.000000 0.000000 0.000000 0.000000 0.000000 0.316390 0.000000 0.000000 0.000000 0.220093 0.185116 0.000000 0.000000 0.000000 0.278402 0.000000
 0.007010 0.008343 0.000000 0.000000 0.000000 0.000000 0.000000 0.440975 0.000000 0.000000 0.000000 0.000000 0.000000 0.098116 0.005245 0.440312 0.000000 0.000000 0.000000 0.000000
 0.000000 0.000000 0.000000 0.000000 0.370212 0.000000 0.003122 0.000000 0.000000 0.000000 0.000000 0.000000 0.000000 0.000000 0.000000 0.000000 0.346027 0.000000 0.000000 0.280640
 0.000000 0.000000 0.000000 0.000000 0.000000 0.000000 0.000000 0.249197 0.000000 0.000000 0.188739 0.060368 0.000000 0.000000 0.271319 0.000000 0.000000 0.000000 0.230377 0.000000
 0.000000 0.000000 0.000000 0.000000 0.000000 0.000000 0.000000 0.000612 0.000000 0.000000 0.226607 0.004606 0.000000 0.387305 0.000000 0.000000 0.000000 0.000001 0.380868 0.000000
 0.376684 0.010485 0.000000 0.000000 0.000000 0.000000 0.000000 0.234552 0.000000 0.000000 0.000000 0.378279 0.000000 0.000000 0.000000 0.000000 0.000000 0.000000 0.000000 0.000000
 0.000000 0.000000 0.362729 0.000000 0.287497 0.000000 0.000000 0.000000 0.000000 0.000000 0.000000 0.000000 0.339147 0.000000 0.000000 0.000000 0.000000 0.000000 0.000000 0.010627
 0.000000 0.283696 0.000000 0.126280 0.000000 0.000000 0.000890 0.000000 0.308215 0.000000 0.000000 0.000000 0.000000 0.000000 0.000001 0.000000 0.000000 0.000000 0.280919 0.000000
 0.000000 0.000000 0.000000 0.021008 0.000000 0.000000 0.000000 0.000000 0.018157 0.000000 0.233307 0.000000 0.000000 0.225132 0.260735 0.000000 0.000000 0.241660 0.000000 0.000000
 0.000000 0.000000 0.000214 0.000000 0.354550 0.000000 0.360915 0.000000 0.000000 0.000000 0.000000 0.000000 0.273746 0.000000 0.000000 0.000000 0.010576 0.000000 0.000000 0.000000
the mean of prob-rank is 1.736842105263158
the number of false negetive edges is 0
the number of probability greater than 0 is 4.85/edge
