20
 0.000000 0.000000 0.000000 0.000000 0.000000 0.029979 0.000000 0.000000 0.000000 0.000000 0.000000 0.000000 0.000000 0.132748 0.000000 0.425296 0.000000 0.000000 0.000000 0.411978
 0.000000 0.000000 0.000000 0.000000 0.000000 0.000000 0.000000 0.000000 0.000000 0.000000 0.000000 0.500000 0.000000 0.000000 0.500000 0.000000 0.000000 0.000000 0.000000 0.000000
 0.000000 0.000000 0.000000 0.000000 0.000000 0.000000 0.000000 0.000000 0.000000 0.313239 0.000000 0.000000 0.319461 0.367276 0.000000 0.000000 0.000012 0.000000 0.000012 0.000000
 0.000000 0.000000 0.000000 0.000000 0.000000 0.034003 0.350429 0.000000 0.283948 0.000000 0.000028 0.000000 0.317532 0.013441 0.000000 0.000000 0.000000 0.000000 0.000000 0.000619
 0.000000 0.000000 0.000000 0.000000 0.000000 0.000000 0.000000 0.059038 0.000000 0.000000 0.000000 0.470610 0.000000 0.000000 0.000000 0.000000 0.000000 0.470351 0.000000 0.000000
 0.023936 0.000000 0.000000 0.032102 0.000000 0.000000 0.000055 0.000000 0.285399 0.000000 0.000000 0.000000 0.000000 0.319178 0.000000 0.000000 0.000000 0.000000 0.000000 0.339330
 0.000000 0.000000 0.000000 0.301382 0.000000 0.000050 0.000000 0.003938 0.080339 0.000000 0.309253 0.000000 0.155797 0.000000 0.000000 0.000000 0.000015 0.000000 0.149225 0.000002
 0.000000 0.000000 0.000000 0.000000 0.046194 0.000000 0.004687 0.000000 0.197324 0.000000 0.360502 0.000000 0.000000 0.000000 0.000000 0.000000 0.000000 0.368221 0.000000 0.023072
 0.000000 0.000000 0.000000 0.233853 0.000000 0.248968 0.076934 0.158741 0.000000 0.000000 0.000004 0.000000 0.000000 0.000338 0.000000 0.000000 0.000000 0.000000 0.000000 0.281161
 0.000000 0.000000 0.212054 0.000000 0.000000 0.000000 0.000000 0.000000 0.000000 0.000000 0.000000 0.000000 0.207718 0.149644 0.000000 0.000000 0.248128 0.000000 0.182456 0.000000
 0.000000 0.000000 0.000000 0.000029 0.000000 0.000000 0.369585 0.361933 0.000005 0.000000 0.000000 0.000000 0.000000 0.000000 0.000000 0.000000 0.000062 0.007200 0.261185 0.000000
 0.000000 0.499979 0.000000 0.000000 0.499979 0.000000 0.000000 0.000000 0.000000 0.000000 0.000000 0.000000 0.000000 0.000000 0.000000 0.000000 0.000000 0.000041 0.000000 0.000000
 0.000000 0.000000 0.195869 0.204441 0.000000 0.000000 0.116633 0.000000 0.000000 0.188126 0.000000 0.000000 0.000000 0.192498 0.000000 0.000000 0.001261 0.000000 0.101170 0.000000
 0.084829 0.000000 0.264275 0.010156 0.000000 0.255457 0.000000 0.000000 0.000310 0.159057 0.000000 0.000000 0.225914 0.000000 0.000000 0.000000 0.000000 0.000000 0.000000 0.000001
 0.000000 0.500000 0.000000 0.000000 0.000000 0.000000 0.000000 0.000000 0.000000 0.000000 0.000000 0.000000 0.000000 0.000000 0.000000 0.500000 0.000000 0.000000 0.000000 0.000000
 0.500000 0.000000 0.000000 0.000000 0.000000 0.000000 0.000000 0.000000 0.000000 0.000000 0.000000 0.000000 0.000000 0.000000 0.500000 0.000000 0.000000 0.000000 0.000000 0.000000
 0.000000 0.000000 0.000016 0.000000 0.000000 0.000000 0.000025 0.000000 0.000000 0.491074 0.000085 0.000000 0.002757 0.000000 0.000000 0.000000 0.000000 0.000000 0.506044 0.000000
 0.000000 0.000000 0.000000 0.000000 0.495020 0.000000 0.000000 0.495293 0.000000 0.000000 0.009646 0.000041 0.000000 0.000000 0.000000 0.000000 0.000000 0.000000 0.000000 0.000000
 0.000000 0.000000 0.000009 0.000000 0.000000 0.000000 0.144458 0.000000 0.000000 0.213685 0.211569 0.000000 0.130825 0.000000 0.000000 0.000000 0.299455 0.000000 0.000000 0.000000
 0.324895 0.000000 0.000000 0.000577 0.000000 0.335164 0.000002 0.021016 0.318346 0.000000 0.000000 0.000000 0.000000 0.000001 0.000000 0.000000 0.000000 0.000000 0.000000 0.000000
the mean of prob-rank is 1.7894736842105263
the number of false negetive edges is 0
the number of probability greater than 0 is 5.2/edge
