20
 0.000000 0.000000 0.000000 0.000000 0.000000 0.000000 0.363329 0.000000 0.000000 0.000000 0.000000 0.000000 0.379593 0.000000 0.000000 0.000000 0.000000 0.000000 0.257078 0.000000
 0.000000 0.000000 0.000000 0.000000 0.000000 0.000000 0.238077 0.000000 0.000000 0.000000 0.000000 0.000000 0.000000 0.000000 0.000000 0.000000 0.185638 0.289101 0.287185 0.000000
 0.000000 0.000000 0.000000 0.380269 0.382056 0.000721 0.000000 0.000000 0.236624 0.000000 0.000000 0.000000 0.000000 0.000329 0.000000 0.000000 0.000000 0.000000 0.000000 0.000000
 0.000000 0.000000 0.392784 0.000000 0.000022 0.394629 0.000000 0.000000 0.212565 0.000000 0.000000 0.000000 0.000000 0.000000 0.000000 0.000000 0.000000 0.000000 0.000000 0.000000
 0.000000 0.000000 0.312436 0.000017 0.000000 0.000000 0.129304 0.000000 0.311203 0.000000 0.000000 0.000000 0.000000 0.001628 0.000000 0.000000 0.000000 0.000000 0.000000 0.245411
 0.000000 0.000000 0.000943 0.499598 0.000000 0.000000 0.000000 0.000000 0.000000 0.000000 0.000000 0.000000 0.000000 0.499459 0.000000 0.000000 0.000000 0.000000 0.000000 0.000000
 0.211325 0.179185 0.000000 0.000000 0.091374 0.000000 0.000000 0.000000 0.149101 0.000000 0.000000 0.000000 0.000000 0.000000 0.000000 0.000000 0.000010 0.028791 0.209361 0.130854
 0.000000 0.000000 0.000000 0.000000 0.000000 0.000000 0.000000 0.000000 0.000000 0.000000 0.000002 0.057808 0.063781 0.000000 0.221583 0.327669 0.000000 0.000000 0.000000 0.329156
 0.000000 0.000000 0.158856 0.138158 0.255480 0.000000 0.173214 0.000000 0.000000 0.000000 0.000000 0.000000 0.000000 0.000000 0.000000 0.000000 0.254742 0.019550 0.000000 0.000000
 0.000000 0.000000 0.000000 0.000000 0.000000 0.000000 0.000000 0.000000 0.000000 0.000000 0.500005 0.000000 0.000000 0.499995 0.000000 0.000000 0.000000 0.000000 0.000000 0.000000
 0.000000 0.000000 0.000000 0.000000 0.000000 0.000000 0.000000 0.000002 0.000000 0.349877 0.000000 0.313048 0.000000 0.000000 0.337073 0.000000 0.000000 0.000000 0.000000 0.000000
 0.000000 0.000000 0.000000 0.000000 0.000000 0.000000 0.000000 0.058154 0.000000 0.000000 0.297022 0.000000 0.000000 0.000000 0.312984 0.331840 0.000000 0.000000 0.000000 0.000000
 0.415006 0.000000 0.000000 0.000000 0.000000 0.000000 0.000000 0.080214 0.000000 0.000000 0.000000 0.000000 0.000000 0.000000 0.096564 0.000000 0.000000 0.000000 0.000000 0.408216
 0.000000 0.000000 0.000430 0.000000 0.002597 0.498422 0.000000 0.000000 0.000000 0.498551 0.000000 0.000000 0.000000 0.000000 0.000000 0.000000 0.000000 0.000000 0.000000 0.000000
 0.000000 0.000000 0.000000 0.000000 0.000000 0.000000 0.000000 0.176673 0.000000 0.000000 0.253478 0.248061 0.061220 0.000000 0.000000 0.260568 0.000000 0.000000 0.000000 0.000000
 0.000000 0.000000 0.000000 0.000000 0.000000 0.000000 0.000000 0.332883 0.000000 0.000000 0.000000 0.335112 0.000000 0.000000 0.332005 0.000000 0.000000 0.000000 0.000000 0.000000
 0.000000 0.240979 0.000000 0.000000 0.000000 0.000000 0.000017 0.000000 0.378203 0.000000 0.000000 0.000000 0.000000 0.000000 0.000000 0.000000 0.000000 0.380801 0.000000 0.000000
 0.000000 0.449568 0.000000 0.000000 0.000000 0.000000 0.059487 0.000000 0.034770 0.000000 0.000000 0.000000 0.000000 0.000000 0.000000 0.000000 0.456175 0.000000 0.000000 0.000000
 0.260031 0.375884 0.000000 0.000000 0.000000 0.000000 0.364085 0.000000 0.000000 0.000000 0.000000 0.000000 0.000000 0.000000 0.000000 0.000000 0.000000 0.000000 0.000000 0.000000
 0.000000 0.000000 0.000000 0.000000 0.233824 0.000000 0.176430 0.296933 0.000000 0.000000 0.000000 0.000000 0.292813 0.000000 0.000000 0.000000 0.000000 0.000000 0.000000 0.000000
the mean of prob-rank is 1.5263157894736843
the number of false negetive edges is 0
the number of probability greater than 0 is 4.3/edge
