20
 0.000000 0.000000 0.000000 0.000000 0.000000 0.036055 0.000000 0.000000 0.089665 0.000000 0.000000 0.000000 0.437142 0.000000 0.437138 0.000000 0.000000 0.000000 0.000000 0.000000
 0.000000 0.000000 0.000047 0.499976 0.000000 0.000000 0.499978 0.000000 0.000000 0.000000 0.000000 0.000000 0.000000 0.000000 0.000000 0.000000 0.000000 0.000000 0.000000 0.000000
 0.000000 0.000047 0.000000 0.000000 0.000000 0.000000 0.497433 0.000000 0.000000 0.000000 0.000000 0.000000 0.000000 0.000000 0.000000 0.002972 0.000434 0.000000 0.000000 0.499114
 0.000000 0.490504 0.000000 0.000000 0.000000 0.000000 0.000000 0.000000 0.000000 0.000000 0.019036 0.000000 0.000000 0.000000 0.000000 0.000000 0.000000 0.490461 0.000000 0.000000
 0.000000 0.000000 0.000000 0.000000 0.000000 0.000000 0.000000 0.499997 0.000000 0.000000 0.000006 0.000000 0.000000 0.000000 0.000000 0.000000 0.000000 0.000000 0.499997 0.000000
 0.029137 0.000000 0.000000 0.000000 0.000000 0.000000 0.000000 0.336222 0.353279 0.000000 0.000000 0.000000 0.281348 0.000012 0.000001 0.000000 0.000000 0.000000 0.000000 0.000000
 0.000000 0.496920 0.495247 0.000000 0.000000 0.000000 0.000000 0.000000 0.000000 0.000000 0.000000 0.000000 0.000000 0.000000 0.000000 0.000000 0.000000 0.000000 0.000000 0.007833
 0.000000 0.000000 0.000000 0.000000 0.359821 0.342448 0.000000 0.000000 0.293175 0.000000 0.000000 0.000000 0.004556 0.000000 0.000000 0.000000 0.000000 0.000000 0.000000 0.000000
 0.069021 0.000000 0.000000 0.000000 0.000000 0.336503 0.000000 0.274176 0.000000 0.000000 0.000000 0.000000 0.320299 0.000000 0.000000 0.000000 0.000000 0.000000 0.000000 0.000000
 0.000000 0.000000 0.000000 0.000000 0.000000 0.000000 0.000000 0.000000 0.000000 0.000000 0.000000 0.499992 0.000000 0.499993 0.000000 0.000000 0.000016 0.000000 0.000000 0.000000
 0.000000 0.000000 0.000000 0.019038 0.000006 0.000000 0.000000 0.000000 0.000000 0.000000 0.000000 0.000000 0.000000 0.000000 0.000000 0.000000 0.000000 0.490567 0.490389 0.000000
 0.000000 0.000000 0.000000 0.000000 0.000000 0.000000 0.000000 0.000000 0.000000 0.499993 0.000000 0.000000 0.000000 0.000012 0.000000 0.000000 0.499994 0.000000 0.000000 0.000000
 0.362017 0.000000 0.000000 0.000000 0.000000 0.288311 0.000000 0.004583 0.344588 0.000000 0.000000 0.000000 0.000000 0.000000 0.000501 0.000000 0.000000 0.000000 0.000000 0.000000
 0.000000 0.000000 0.000000 0.000000 0.000000 0.000017 0.000000 0.000000 0.000000 0.500020 0.000000 0.000012 0.000000 0.000000 0.499951 0.000000 0.000000 0.000000 0.000000 0.000000
 0.499683 0.000000 0.000000 0.000000 0.000000 0.000001 0.000000 0.000000 0.000000 0.000000 0.000000 0.000000 0.000691 0.499625 0.000000 0.000000 0.000000 0.000000 0.000000 0.000000
 0.000000 0.000000 0.002969 0.000000 0.000000 0.000000 0.000000 0.000000 0.000000 0.000000 0.000000 0.000000 0.000000 0.000000 0.000000 0.000000 0.498546 0.000000 0.000000 0.498485
 0.000000 0.000000 0.000435 0.000000 0.000000 0.000000 0.000000 0.000000 0.000000 0.000016 0.000000 0.499775 0.000000 0.000000 0.000000 0.499774 0.000000 0.000000 0.000000 0.000000
 0.000000 0.000000 0.000000 0.495907 0.000000 0.000000 0.000000 0.000000 0.000000 0.000000 0.495952 0.000000 0.000000 0.000000 0.000000 0.000000 0.000000 0.000000 0.008141 0.000000
 0.000000 0.000000 0.000000 0.000000 0.496019 0.000000 0.000000 0.000000 0.000000 0.000000 0.495839 0.000000 0.000000 0.000000 0.000000 0.000000 0.000000 0.008142 0.000000 0.000000
 0.000000 0.000000 0.496121 0.000000 0.000000 0.000000 0.007820 0.000000 0.000000 0.000000 0.000000 0.000000 0.000000 0.000000 0.000000 0.496059 0.000000 0.000000 0.000000 0.000000
the mean of prob-rank is 1.5789473684210527
the number of false negetive edges is 0
the number of probability greater than 0 is 3.7/edge
