20
 0.000000 0.000000 0.000000 0.142507 0.000000 0.260594 0.000000 0.000000 0.000000 0.000000 0.328998 0.000000 0.267900 0.000000 0.000000 0.000000 0.000000 0.000000 0.000000 0.000000
 0.000000 0.000000 0.000000 0.000000 0.000000 0.000000 0.080590 0.000000 0.000000 0.161549 0.000000 0.000000 0.000000 0.000000 0.285079 0.185107 0.000000 0.287676 0.000000 0.000000
 0.000000 0.000000 0.000000 0.000000 0.000000 0.000000 0.000000 0.370798 0.000000 0.359013 0.000000 0.005317 0.264871 0.000000 0.000000 0.000000 0.000000 0.000000 0.000000 0.000000
 0.178849 0.000000 0.000000 0.000000 0.000000 0.407008 0.000000 0.000000 0.000000 0.000000 0.000000 0.000000 0.412909 0.000000 0.000000 0.001234 0.000000 0.000000 0.000000 0.000000
 0.000000 0.000000 0.000000 0.000000 0.000000 0.000000 0.000000 0.473016 0.000000 0.000000 0.000000 0.000000 0.000000 0.000000 0.000000 0.000000 0.474612 0.052372 0.000000 0.000000
 0.252925 0.000000 0.000000 0.314761 0.000000 0.000000 0.000000 0.000000 0.000000 0.018091 0.000002 0.014715 0.090324 0.000000 0.000000 0.309182 0.000000 0.000000 0.000000 0.000000
 0.000000 0.099323 0.000000 0.000000 0.000000 0.000000 0.000000 0.000000 0.193237 0.000000 0.000000 0.000000 0.000000 0.000000 0.351856 0.000000 0.000000 0.000013 0.000000 0.355571
 0.000000 0.000000 0.381661 0.000000 0.380377 0.000000 0.000000 0.000000 0.000000 0.000000 0.000000 0.000000 0.000000 0.000000 0.000000 0.000000 0.237962 0.000000 0.000000 0.000000
 0.000000 0.000000 0.000000 0.000000 0.000000 0.000000 0.173457 0.000000 0.000000 0.000000 0.000000 0.000000 0.000000 0.316017 0.195237 0.000000 0.000000 0.000000 0.315289 0.000000
 0.000000 0.175536 0.303525 0.000000 0.000000 0.017761 0.000000 0.000000 0.000000 0.000000 0.000000 0.312175 0.000002 0.000000 0.000000 0.058373 0.000000 0.132628 0.000000 0.000000
 0.499991 0.000000 0.000000 0.000000 0.000000 0.000004 0.000000 0.000000 0.000000 0.000000 0.000000 0.000000 0.000000 0.500005 0.000000 0.000000 0.000000 0.000000 0.000000 0.000000
 0.000000 0.000000 0.006571 0.000000 0.000000 0.021116 0.000000 0.000000 0.000000 0.456311 0.000000 0.000000 0.058057 0.000000 0.000000 0.457946 0.000000 0.000000 0.000000 0.000000
 0.219798 0.000000 0.192820 0.269933 0.000000 0.076353 0.000000 0.000000 0.000000 0.000002 0.000000 0.034200 0.000000 0.000000 0.000000 0.206894 0.000000 0.000000 0.000000 0.000000
 0.000000 0.000000 0.000000 0.000000 0.000000 0.000000 0.000000 0.000000 0.432529 0.000000 0.436850 0.000000 0.000000 0.000000 0.046880 0.000063 0.000000 0.000000 0.083679 0.000000
 0.000000 0.322102 0.000000 0.000000 0.000000 0.000000 0.322572 0.000000 0.199399 0.000000 0.000000 0.000000 0.000000 0.034982 0.000000 0.120944 0.000000 0.000000 0.000000 0.000000
 0.000000 0.163006 0.000000 0.000759 0.000000 0.245994 0.000000 0.000000 0.000000 0.047308 0.000000 0.253904 0.194730 0.000036 0.094262 0.000000 0.000000 0.000000 0.000000 0.000000
 0.000000 0.000000 0.000000 0.000000 0.386044 0.000000 0.000000 0.240695 0.000000 0.000000 0.000000 0.000000 0.000000 0.000000 0.000000 0.000000 0.000000 0.373262 0.000000 0.000000
 0.000000 0.399251 0.000000 0.000000 0.044184 0.000000 0.000015 0.000000 0.000000 0.169401 0.000000 0.000000 0.000000 0.000000 0.000000 0.000000 0.387150 0.000000 0.000000 0.000000
 0.000000 0.000000 0.000000 0.000000 0.000000 0.000000 0.000000 0.000000 0.453262 0.000000 0.000000 0.000000 0.000000 0.087892 0.000000 0.000000 0.000000 0.000000 0.000000 0.458845
 0.000000 0.000000 0.000000 0.000000 0.000000 0.000000 0.500000 0.000000 0.000000 0.000000 0.000000 0.000000 0.000000 0.000000 0.000000 0.000000 0.000000 0.000000 0.500000 0.000000
the mean of prob-rank is 1.4210526315789473
the number of false negetive edges is 0
the number of probability greater than 0 is 4.6/edge
