20
 0.000000 0.023696 0.000000 0.176564 0.026138 0.267105 0.000000 0.000000 0.000000 0.000444 0.250085 0.000000 0.000000 0.000000 0.000000 0.000000 0.000000 0.255968 0.000000 0.000000
 0.028996 0.000000 0.000000 0.001613 0.006334 0.018931 0.000000 0.313486 0.000000 0.011269 0.000001 0.000000 0.319535 0.000000 0.000000 0.000000 0.000000 0.299836 0.000000 0.000000
 0.000000 0.000000 0.000000 0.000000 0.500002 0.000000 0.000000 0.000000 0.000000 0.000000 0.000000 0.000000 0.000000 0.000000 0.000000 0.499998 0.000000 0.000000 0.000000 0.000000
 0.135601 0.001012 0.000000 0.000000 0.000000 0.143223 0.000000 0.180556 0.000000 0.205072 0.194763 0.000014 0.000000 0.000000 0.000000 0.000000 0.000000 0.139759 0.000000 0.000000
 0.028711 0.005685 0.293469 0.000000 0.000000 0.012141 0.000000 0.000000 0.000000 0.000000 0.237842 0.000000 0.164497 0.010082 0.000000 0.000000 0.243568 0.004007 0.000000 0.000000
 0.273670 0.015851 0.000000 0.191073 0.011324 0.000000 0.000000 0.000000 0.000000 0.000539 0.239891 0.000000 0.000000 0.000000 0.000000 0.000000 0.000000 0.267652 0.000000 0.000000
 0.000000 0.000000 0.000000 0.000000 0.000000 0.000000 0.000000 0.000000 0.000000 0.000000 0.000000 0.000000 0.000000 0.000000 0.000000 0.499996 0.000000 0.000000 0.000000 0.500003
 0.000000 0.179003 0.000000 0.164270 0.000000 0.000000 0.000000 0.000000 0.000000 0.074307 0.000000 0.114710 0.129523 0.165027 0.000003 0.000000 0.167651 0.005505 0.000000 0.000000
 0.000000 0.000000 0.000000 0.000000 0.000000 0.000000 0.000000 0.000000 0.000000 0.035961 0.000000 0.000000 0.000000 0.000000 0.000000 0.000000 0.000000 0.000000 0.482011 0.482028
 0.000660 0.013676 0.000000 0.396530 0.000000 0.000781 0.000000 0.157926 0.029598 0.000000 0.000572 0.393058 0.000000 0.000000 0.000000 0.000000 0.000000 0.006524 0.000004 0.000671
 0.251793 0.000000 0.000000 0.255329 0.218010 0.235735 0.000000 0.000000 0.000000 0.000388 0.000000 0.000000 0.000000 0.000000 0.000000 0.000114 0.000000 0.038629 0.000000 0.000000
 0.000000 0.000000 0.000000 0.000026 0.000000 0.000000 0.000000 0.235387 0.000000 0.379503 0.000000 0.000000 0.000000 0.000000 0.383080 0.000000 0.000000 0.000000 0.002003 0.000000
 0.000000 0.255724 0.000000 0.000000 0.146660 0.000000 0.000000 0.181535 0.000000 0.000000 0.000000 0.000000 0.000000 0.245867 0.000000 0.000000 0.170214 0.000000 0.000000 0.000000
 0.000000 0.000000 0.000000 0.000000 0.012020 0.000000 0.000000 0.309301 0.000000 0.000000 0.000000 0.000000 0.328787 0.000000 0.000000 0.000000 0.349892 0.000000 0.000000 0.000000
 0.000000 0.000000 0.000000 0.000000 0.000000 0.000000 0.000000 0.000009 0.000000 0.000000 0.000000 0.499997 0.000000 0.000000 0.000000 0.000000 0.000000 0.000000 0.499993 0.000000
 0.000000 0.000000 0.499891 0.000000 0.000000 0.000000 0.499896 0.000000 0.000000 0.000000 0.000213 0.000000 0.000000 0.000000 0.000000 0.000000 0.000000 0.000000 0.000000 0.000000
 0.000000 0.000000 0.000000 0.000000 0.245654 0.000000 0.000000 0.265809 0.000000 0.000000 0.000000 0.000000 0.192551 0.295986 0.000000 0.000000 0.000000 0.000000 0.000000 0.000000
 0.256354 0.245398 0.000000 0.182253 0.003653 0.261626 0.000000 0.007891 0.000000 0.004400 0.038425 0.000000 0.000000 0.000000 0.000000 0.000000 0.000000 0.000000 0.000000 0.000000
 0.000000 0.000000 0.000000 0.000000 0.000000 0.000000 0.000000 0.000000 0.498670 0.000005 0.000000 0.002608 0.000000 0.000000 0.498717 0.000000 0.000000 0.000000 0.000000 0.000000
 0.000000 0.000000 0.000000 0.000000 0.000000 0.000000 0.499595 0.000000 0.499560 0.000845 0.000000 0.000000 0.000000 0.000000 0.000000 0.000000 0.000000 0.000000 0.000000 0.000000
the mean of prob-rank is 1.7894736842105263
the number of false negetive edges is 0
the number of probability greater than 0 is 5.6/edge
