20
 0.000000 0.000000 0.499999 0.000000 0.000000 0.000000 0.000000 0.000000 0.000000 0.000000 0.000000 0.000000 0.000000 0.000000 0.000000 0.000000 0.000000 0.000000 0.000000 0.500001
 0.000000 0.000000 0.000000 0.000000 0.330308 0.000000 0.000000 0.000000 0.345497 0.006837 0.000000 0.000000 0.317357 0.000000 0.000000 0.000000 0.000000 0.000000 0.000000 0.000000
 0.499144 0.000000 0.000000 0.499142 0.000000 0.001714 0.000000 0.000000 0.000000 0.000000 0.000000 0.000000 0.000000 0.000000 0.000000 0.000000 0.000000 0.000000 0.000000 0.000000
 0.000000 0.000000 0.499998 0.000000 0.000000 0.000000 0.000001 0.000000 0.000000 0.000000 0.000000 0.000000 0.000000 0.500001 0.000000 0.000000 0.000000 0.000000 0.000000 0.000000
 0.000000 0.288716 0.000000 0.000000 0.000000 0.000000 0.000000 0.000000 0.000000 0.286161 0.000000 0.000000 0.291750 0.000000 0.000000 0.000000 0.000000 0.000000 0.133373 0.000000
 0.000000 0.000000 0.001714 0.000000 0.000000 0.000000 0.499151 0.000000 0.000000 0.000000 0.000000 0.000000 0.000000 0.000000 0.000000 0.000000 0.499134 0.000000 0.000000 0.000000
 0.000000 0.000000 0.000000 0.000001 0.000000 0.496186 0.000000 0.000000 0.000000 0.000000 0.001456 0.000000 0.000000 0.005921 0.000000 0.496161 0.000276 0.000000 0.000000 0.000000
 0.000000 0.000000 0.000000 0.000000 0.000000 0.000000 0.000000 0.000000 0.000000 0.336324 0.000000 0.000186 0.000001 0.000000 0.000000 0.000000 0.000000 0.340529 0.322960 0.000000
 0.000000 0.500000 0.000000 0.000000 0.000000 0.000000 0.000000 0.000000 0.000000 0.000000 0.000000 0.000000 0.000000 0.000000 0.500000 0.000000 0.000000 0.000000 0.000000 0.000000
 0.000000 0.006015 0.000000 0.000000 0.288002 0.000000 0.000000 0.300182 0.000000 0.000000 0.000000 0.000000 0.128020 0.000000 0.000000 0.000000 0.000000 0.000000 0.277781 0.000000
 0.000000 0.000000 0.000000 0.000000 0.000000 0.000000 0.001465 0.000000 0.000000 0.000000 0.000000 0.499252 0.000000 0.000000 0.000000 0.000000 0.499252 0.000032 0.000000 0.000000
 0.000000 0.000000 0.000000 0.000000 0.000000 0.000000 0.000000 0.000273 0.000000 0.000000 0.498355 0.000000 0.000000 0.000000 0.000000 0.000000 0.003082 0.498290 0.000000 0.000000
 0.000000 0.277858 0.000000 0.000000 0.292236 0.000000 0.000000 0.000001 0.000000 0.127414 0.000000 0.000000 0.000000 0.000000 0.000000 0.000000 0.000000 0.000000 0.302492 0.000000
 0.000000 0.000000 0.000000 0.497038 0.000000 0.000000 0.005931 0.000000 0.000000 0.000000 0.000000 0.000000 0.000000 0.000000 0.000000 0.497031 0.000000 0.000000 0.000000 0.000000
 0.000000 0.000000 0.000000 0.000000 0.000000 0.000000 0.000000 0.000000 0.500000 0.000000 0.000000 0.000000 0.000000 0.000000 0.000000 0.000000 0.000000 0.000000 0.000000 0.500000
 0.000000 0.000000 0.000000 0.000000 0.000000 0.000000 0.493753 0.000000 0.000000 0.000000 0.000000 0.000000 0.000000 0.493775 0.000000 0.000000 0.000000 0.012472 0.000000 0.000000
 0.000000 0.000000 0.000000 0.000000 0.000000 0.498310 0.000277 0.000000 0.000000 0.000000 0.498331 0.003082 0.000000 0.000000 0.000000 0.000000 0.000000 0.000000 0.000000 0.000000
 0.000000 0.000000 0.000000 0.000000 0.000000 0.000000 0.000000 0.493781 0.000000 0.000000 0.000032 0.493716 0.000000 0.000000 0.000000 0.012472 0.000000 0.000000 0.000000 0.000000
 0.000000 0.000000 0.000000 0.000000 0.133670 0.000000 0.000000 0.287049 0.000000 0.276620 0.000000 0.000000 0.302661 0.000000 0.000000 0.000000 0.000000 0.000000 0.000000 0.000000
 0.500000 0.000000 0.000000 0.000000 0.000000 0.000000 0.000000 0.000000 0.000000 0.000000 0.000000 0.000000 0.000000 0.000000 0.500000 0.000000 0.000000 0.000000 0.000000 0.000000
the mean of prob-rank is 1.631578947368421
the number of false negetive edges is 0
the number of probability greater than 0 is 3.4/edge
