20
 0.000000 0.000000 0.000000 0.000000 0.000000 0.378409 0.225233 0.000000 0.000000 0.396358 0.000000 0.000000 0.000000 0.000000 0.000000 0.000000 0.000000 0.000000 0.000000 0.000000
 0.000000 0.000000 0.000000 0.336951 0.000000 0.000000 0.000000 0.000000 0.000000 0.000000 0.000009 0.151974 0.003340 0.004695 0.000000 0.000000 0.269908 0.000000 0.000000 0.233124
 0.000000 0.000000 0.000000 0.000000 0.500000 0.000000 0.000000 0.000000 0.500000 0.000000 0.000000 0.000000 0.000000 0.000000 0.000000 0.000000 0.000000 0.000000 0.000000 0.000000
 0.000000 0.316206 0.000000 0.000000 0.000000 0.000000 0.000000 0.000000 0.000000 0.000000 0.081973 0.306509 0.295279 0.000000 0.000000 0.000000 0.000033 0.000000 0.000000 0.000000
 0.000000 0.000000 0.500000 0.000000 0.000000 0.500000 0.000000 0.000000 0.000000 0.000000 0.000000 0.000000 0.000000 0.000000 0.000000 0.000000 0.000000 0.000000 0.000000 0.000000
 0.343797 0.000000 0.000000 0.000000 0.360105 0.000000 0.000000 0.000000 0.000000 0.296097 0.000000 0.000000 0.000000 0.000000 0.000000 0.000000 0.000000 0.000000 0.000000 0.000000
 0.207329 0.000000 0.000000 0.000000 0.000000 0.000000 0.000000 0.363391 0.000000 0.351211 0.078069 0.000000 0.000000 0.000000 0.000000 0.000000 0.000000 0.000000 0.000000 0.000000
 0.000000 0.000000 0.000000 0.000000 0.000000 0.000000 0.490700 0.000000 0.000000 0.000000 0.013962 0.000007 0.002656 0.000000 0.000000 0.000000 0.492674 0.000000 0.000000 0.000000
 0.000000 0.000000 0.499978 0.000000 0.000000 0.000000 0.000000 0.000000 0.000000 0.000000 0.000000 0.000000 0.000000 0.000000 0.499977 0.000000 0.000000 0.000045 0.000000 0.000000
 0.359084 0.000000 0.000000 0.000000 0.000000 0.295258 0.345658 0.000000 0.000000 0.000000 0.000000 0.000000 0.000000 0.000000 0.000000 0.000000 0.000000 0.000000 0.000000 0.000000
 0.000000 0.000010 0.000000 0.100138 0.000000 0.000000 0.082975 0.010990 0.000000 0.000000 0.000000 0.056608 0.387775 0.361504 0.000000 0.000000 0.000001 0.000000 0.000000 0.000000
 0.000000 0.147731 0.000000 0.317500 0.000000 0.000000 0.000000 0.000005 0.000000 0.000000 0.048001 0.000000 0.179891 0.000000 0.000000 0.000000 0.306872 0.000000 0.000000 0.000000
 0.000000 0.003944 0.000000 0.371518 0.000000 0.000000 0.000000 0.002153 0.000000 0.000000 0.399394 0.218503 0.000000 0.004487 0.000000 0.000000 0.000000 0.000000 0.000000 0.000000
 0.000000 0.005573 0.000000 0.000000 0.000000 0.000000 0.000000 0.000000 0.000000 0.000000 0.374274 0.000000 0.004511 0.000000 0.000000 0.214155 0.000000 0.000008 0.000000 0.401480
 0.000000 0.000000 0.000000 0.000000 0.000000 0.000000 0.000000 0.000000 0.358209 0.000000 0.000000 0.000000 0.000000 0.000000 0.000000 0.000468 0.000000 0.355828 0.285495 0.000000
 0.000000 0.000000 0.000000 0.000000 0.000000 0.000000 0.000000 0.000000 0.000000 0.000000 0.000000 0.000000 0.000000 0.177475 0.000435 0.000000 0.000000 0.187092 0.322997 0.312002
 0.000000 0.292141 0.000000 0.000038 0.000000 0.000000 0.000000 0.366131 0.000000 0.000000 0.000001 0.341689 0.000000 0.000000 0.000000 0.000000 0.000000 0.000000 0.000000 0.000000
 0.000000 0.000000 0.000000 0.000000 0.000000 0.000000 0.000000 0.000000 0.000035 0.000000 0.000000 0.000000 0.000000 0.000007 0.388670 0.220020 0.000000 0.000000 0.391267 0.000000
 0.000000 0.000000 0.000000 0.000000 0.000000 0.000000 0.000000 0.000000 0.000000 0.000000 0.000000 0.000000 0.000000 0.000000 0.287957 0.350747 0.000000 0.361295 0.000000 0.000000
 0.000000 0.262350 0.000000 0.000000 0.000000 0.000000 0.000000 0.000000 0.000000 0.000000 0.000000 0.000000 0.000000 0.380674 0.000000 0.356976 0.000000 0.000000 0.000000 0.000000
the mean of prob-rank is 2.0
the number of false negetive edges is 0
the number of probability greater than 0 is 4.3/edge
