20
 0.000000 0.000000 0.000000 0.256613 0.216956 0.005026 0.000000 0.000000 0.000000 0.000000 0.000000 0.000000 0.000000 0.000000 0.000062 0.000000 0.000000 0.268450 0.000413 0.252481
 0.000000 0.000000 0.000000 0.000000 0.000000 0.000000 0.500010 0.000000 0.000000 0.000000 0.000000 0.000000 0.000000 0.000000 0.000000 0.499990 0.000000 0.000000 0.000000 0.000000
 0.000000 0.000000 0.000000 0.000000 0.000000 0.000000 0.000000 0.000000 0.000000 0.000000 0.000000 0.000000 0.000000 0.270458 0.000000 0.000000 0.000000 0.378463 0.351079 0.000000
 0.298810 0.000000 0.000000 0.000000 0.314054 0.000000 0.000000 0.000000 0.000000 0.000000 0.000000 0.000000 0.000000 0.000000 0.355361 0.000000 0.000000 0.000000 0.000000 0.031775
 0.207818 0.000000 0.000000 0.258346 0.000000 0.168052 0.000000 0.000363 0.000000 0.000000 0.000000 0.001346 0.000000 0.000000 0.000000 0.000000 0.000000 0.000000 0.071743 0.292332
 0.004010 0.000000 0.000000 0.000000 0.139986 0.000000 0.000000 0.000000 0.000149 0.205551 0.000000 0.215735 0.000001 0.066721 0.000000 0.000000 0.006546 0.000000 0.142805 0.218496
 0.000000 0.500002 0.000000 0.000000 0.000000 0.000000 0.000000 0.000000 0.000000 0.000000 0.000000 0.000000 0.499998 0.000000 0.000000 0.000000 0.000000 0.000000 0.000000 0.000000
 0.000000 0.000000 0.000000 0.000000 0.000621 0.000000 0.000000 0.000000 0.000000 0.000000 0.499688 0.000000 0.000000 0.000000 0.000000 0.499691 0.000000 0.000000 0.000000 0.000000
 0.000000 0.000000 0.000000 0.000000 0.000000 0.000221 0.000000 0.000000 0.000000 0.305368 0.000000 0.000000 0.332110 0.001992 0.000000 0.000000 0.360309 0.000000 0.000000 0.000000
 0.000000 0.000000 0.000000 0.000000 0.000000 0.237542 0.000000 0.000000 0.238235 0.000000 0.000000 0.000000 0.000000 0.271975 0.000000 0.000000 0.252247 0.000000 0.000000 0.000000
 0.000000 0.000000 0.000000 0.000000 0.000000 0.000000 0.000000 0.499999 0.000000 0.000000 0.000000 0.000000 0.000000 0.000000 0.500001 0.000000 0.000000 0.000000 0.000000 0.000000
 0.000000 0.000000 0.000000 0.000000 0.001658 0.319081 0.000000 0.000000 0.000000 0.000000 0.000000 0.000000 0.000000 0.340732 0.000000 0.000000 0.000000 0.000000 0.338529 0.000000
 0.000000 0.000000 0.000000 0.000000 0.000000 0.000001 0.360733 0.000000 0.332134 0.000000 0.000000 0.000000 0.000000 0.000000 0.000000 0.000000 0.307133 0.000000 0.000000 0.000000
 0.000000 0.000000 0.233232 0.000000 0.000000 0.089424 0.000000 0.000000 0.001802 0.315427 0.000000 0.308762 0.000000 0.000000 0.000000 0.000000 0.000010 0.000000 0.051343 0.000000
 0.000101 0.000000 0.000000 0.499944 0.000000 0.000000 0.000000 0.000000 0.000000 0.000000 0.499955 0.000000 0.000000 0.000000 0.000000 0.000000 0.000000 0.000000 0.000000 0.000000
 0.000000 0.499990 0.000000 0.000000 0.000000 0.000000 0.000000 0.500010 0.000000 0.000000 0.000000 0.000000 0.000000 0.000000 0.000000 0.000000 0.000000 0.000000 0.000000 0.000000
 0.000000 0.000000 0.000000 0.000000 0.000000 0.009692 0.000000 0.000000 0.360145 0.323181 0.000000 0.000000 0.306971 0.000011 0.000000 0.000000 0.000000 0.000000 0.000000 0.000000
 0.308237 0.000000 0.350416 0.000000 0.000000 0.000000 0.000000 0.000000 0.000000 0.000000 0.000000 0.000000 0.000000 0.000000 0.000000 0.000000 0.000000 0.000000 0.341347 0.000000
 0.000353 0.000000 0.242042 0.000000 0.064034 0.153014 0.000000 0.000000 0.000000 0.000000 0.000000 0.245247 0.000000 0.041046 0.000000 0.000000 0.000000 0.254168 0.000000 0.000096
 0.293959 0.000000 0.000000 0.031770 0.355321 0.318820 0.000000 0.000000 0.000000 0.000000 0.000000 0.000000 0.000000 0.000000 0.000000 0.000000 0.000000 0.000000 0.000130 0.000000
the mean of prob-rank is 1.7894736842105263
the number of false negetive edges is 0
the number of probability greater than 0 is 4.45/edge
