20
 0.000000 0.000000 0.000000 0.288309 0.000000 0.000000 0.000000 0.000000 0.339317 0.000000 0.114227 0.000000 0.000000 0.000000 0.258147 0.000000 0.000000 0.000000 0.000000 0.000000
 0.000000 0.000000 0.000000 0.000000 0.000000 0.000000 0.000000 0.000000 0.000000 0.000000 0.000000 0.000000 0.000000 0.500003 0.000000 0.000000 0.499997 0.000000 0.000000 0.000000
 0.000000 0.000000 0.000000 0.000000 0.000001 0.000000 0.000000 0.000000 0.000000 0.001336 0.000000 0.354011 0.358332 0.000000 0.000000 0.000000 0.000000 0.000000 0.286319 0.000000
 0.291179 0.000000 0.000000 0.000000 0.000000 0.000000 0.000000 0.000000 0.000000 0.000000 0.314924 0.000000 0.000000 0.000000 0.342691 0.000000 0.000000 0.000000 0.051203 0.000002
 0.000000 0.000000 0.000001 0.000000 0.000000 0.498677 0.000000 0.002660 0.000000 0.498660 0.000000 0.000000 0.000002 0.000000 0.000000 0.000000 0.000000 0.000000 0.000000 0.000000
 0.000000 0.000000 0.000000 0.000000 0.500000 0.000000 0.000000 0.000000 0.000000 0.000000 0.000000 0.000000 0.500000 0.000000 0.000000 0.000000 0.000000 0.000000 0.000000 0.000000
 0.000000 0.000000 0.000000 0.000000 0.000000 0.000000 0.000000 0.487059 0.000000 0.000000 0.000000 0.000000 0.000000 0.025861 0.000000 0.000000 0.000000 0.487080 0.000000 0.000000
 0.000000 0.000000 0.000000 0.000000 0.002660 0.000000 0.498649 0.000000 0.000000 0.000001 0.000000 0.000000 0.000000 0.498659 0.000000 0.000000 0.000000 0.000031 0.000000 0.000000
 0.500001 0.000000 0.000000 0.000000 0.000000 0.000000 0.000000 0.000000 0.000000 0.000000 0.000000 0.000000 0.000000 0.000000 0.000000 0.499999 0.000000 0.000000 0.000000 0.000000
 0.000000 0.000000 0.001861 0.000000 0.499062 0.000000 0.000000 0.000001 0.000000 0.000000 0.000000 0.000000 0.000000 0.000000 0.000000 0.000000 0.000000 0.499076 0.000000 0.000000
 0.106068 0.000000 0.000000 0.289548 0.000000 0.000000 0.000000 0.000000 0.000000 0.000000 0.000000 0.000000 0.000000 0.000000 0.000001 0.000000 0.000000 0.000000 0.289302 0.315081
 0.000000 0.000000 0.352331 0.000000 0.000000 0.000000 0.000000 0.000000 0.000000 0.000000 0.000000 0.000000 0.000000 0.000000 0.000000 0.000000 0.000000 0.000000 0.291513 0.356155
 0.000000 0.000000 0.499558 0.000000 0.000002 0.499618 0.000000 0.000000 0.000000 0.000000 0.000000 0.000000 0.000000 0.000000 0.000001 0.000000 0.000000 0.000000 0.000821 0.000000
 0.000000 0.487075 0.000000 0.000000 0.000000 0.000000 0.025861 0.487064 0.000000 0.000000 0.000000 0.000000 0.000000 0.000000 0.000000 0.000000 0.000000 0.000000 0.000000 0.000000
 0.276604 0.000000 0.000000 0.363574 0.000000 0.000000 0.000000 0.000000 0.000000 0.000000 0.000001 0.000000 0.000000 0.000000 0.000000 0.000000 0.000000 0.000000 0.359821 0.000000
 0.000000 0.000000 0.000000 0.000000 0.000000 0.000000 0.000000 0.000000 0.499999 0.000000 0.000000 0.000000 0.000000 0.000000 0.000000 0.000000 0.500001 0.000000 0.000000 0.000000
 0.000000 0.499997 0.000000 0.000000 0.000000 0.000000 0.000000 0.000000 0.000000 0.000000 0.000000 0.000000 0.000000 0.000000 0.000000 0.500003 0.000000 0.000000 0.000000 0.000000
 0.000000 0.000000 0.000000 0.000000 0.000000 0.000000 0.499986 0.000031 0.000000 0.499983 0.000000 0.000000 0.000000 0.000000 0.000000 0.000000 0.000000 0.000000 0.000000 0.000000
 0.000000 0.000000 0.215509 0.040304 0.000000 0.000000 0.000000 0.000000 0.000000 0.000000 0.247675 0.220464 0.000443 0.000000 0.266957 0.000000 0.000000 0.000000 0.000000 0.008648
 0.000000 0.000000 0.000000 0.000003 0.000000 0.000000 0.000000 0.000000 0.000000 0.000000 0.492463 0.491746 0.000000 0.000000 0.000000 0.000000 0.000000 0.000000 0.015788 0.000000
the mean of prob-rank is 1.5789473684210527
the number of false negetive edges is 0
the number of probability greater than 0 is 3.6/edge
