20
 0.000000 0.000000 0.043296 0.000000 0.000000 0.000000 0.000000 0.477661 0.000000 0.479042 0.000000 0.000000 0.000000 0.000000 0.000000 0.000000 0.000000 0.000000 0.000000 0.000000
 0.000000 0.000000 0.000000 0.213848 0.000000 0.000000 0.000000 0.000000 0.000000 0.000000 0.000000 0.000000 0.000000 0.000000 0.395414 0.000000 0.000000 0.000000 0.390739 0.000000
 0.042146 0.000000 0.000000 0.000000 0.000000 0.000000 0.000000 0.026133 0.466291 0.000000 0.000000 0.000000 0.000000 0.465429 0.000000 0.000000 0.000000 0.000000 0.000000 0.000000
 0.000000 0.208241 0.000000 0.000000 0.000000 0.000000 0.000000 0.000000 0.000000 0.000000 0.030898 0.000000 0.000000 0.000000 0.375882 0.384976 0.000000 0.000000 0.000003 0.000000
 0.000000 0.000000 0.000000 0.000000 0.000000 0.000000 0.000000 0.000000 0.000000 0.000000 0.000000 0.000000 0.500000 0.000000 0.000000 0.000000 0.000000 0.000000 0.500000 0.000000
 0.000000 0.000000 0.000000 0.000000 0.000000 0.000000 0.000000 0.000000 0.000000 0.000000 0.499543 0.000000 0.000000 0.000000 0.000010 0.000895 0.499553 0.000000 0.000000 0.000000
 0.000000 0.000000 0.000000 0.000000 0.000000 0.000000 0.000000 0.000000 0.000000 0.500003 0.000000 0.000000 0.000000 0.499997 0.000000 0.000000 0.000000 0.000000 0.000000 0.000000
 0.485649 0.000000 0.027295 0.000000 0.000000 0.000000 0.000000 0.000000 0.000000 0.000000 0.000000 0.000000 0.487056 0.000000 0.000000 0.000000 0.000000 0.000000 0.000000 0.000000
 0.000000 0.000000 0.491738 0.000000 0.000000 0.000000 0.000000 0.000000 0.000000 0.000000 0.000000 0.016427 0.000000 0.000000 0.000000 0.000000 0.000000 0.000074 0.000000 0.491761
 0.499998 0.000000 0.000000 0.000000 0.000000 0.000000 0.500002 0.000000 0.000000 0.000000 0.000000 0.000000 0.000000 0.000000 0.000000 0.000000 0.000000 0.000000 0.000000 0.000000
 0.000000 0.000000 0.000000 0.038566 0.000000 0.480597 0.000000 0.000000 0.000000 0.000000 0.000000 0.000027 0.000000 0.000000 0.000000 0.480606 0.000204 0.000000 0.000000 0.000000
 0.000000 0.000000 0.000000 0.000000 0.000000 0.000000 0.000000 0.000000 0.016421 0.000000 0.000028 0.000000 0.000000 0.000000 0.000000 0.000000 0.491573 0.491157 0.000000 0.000822
 0.000000 0.000000 0.000000 0.000000 0.500000 0.000000 0.000000 0.500000 0.000000 0.000000 0.000000 0.000000 0.000000 0.000000 0.000000 0.000000 0.000000 0.000000 0.000000 0.000000
 0.000000 0.000000 0.490210 0.000000 0.000000 0.000000 0.491147 0.000000 0.000000 0.000000 0.000000 0.000000 0.000000 0.000000 0.000000 0.000000 0.000000 0.018643 0.000000 0.000000
 0.000000 0.359391 0.000000 0.350836 0.000000 0.000007 0.000000 0.000000 0.000000 0.000000 0.000000 0.000000 0.000000 0.000000 0.000000 0.000000 0.000000 0.000000 0.289767 0.000000
 0.000000 0.000000 0.000000 0.499506 0.000000 0.000895 0.000000 0.000000 0.000000 0.000000 0.499599 0.000000 0.000000 0.000000 0.000000 0.000000 0.000000 0.000000 0.000000 0.000000
 0.000000 0.000000 0.000000 0.000000 0.000000 0.499894 0.000000 0.000000 0.000000 0.000000 0.000212 0.499894 0.000000 0.000000 0.000000 0.000000 0.000000 0.000000 0.000000 0.000000
 0.000000 0.000000 0.000000 0.000000 0.000000 0.000000 0.000000 0.000000 0.000074 0.000000 0.000000 0.490439 0.000000 0.018632 0.000000 0.000000 0.000000 0.000000 0.000000 0.490855
 0.000000 0.353621 0.000000 0.000002 0.357851 0.000000 0.000000 0.000000 0.000000 0.000000 0.000000 0.000000 0.000000 0.000000 0.288526 0.000000 0.000000 0.000000 0.000000 0.000000
 0.000000 0.000000 0.000000 0.000000 0.000000 0.000000 0.000000 0.000000 0.499577 0.000000 0.000000 0.000835 0.000000 0.000000 0.000000 0.000000 0.000000 0.499588 0.000000 0.000000
the mean of prob-rank is 1.4210526315789473
the number of false negetive edges is 0
the number of probability greater than 0 is 3.4/edge
