20
 0.000000 0.000000 0.000000 0.000000 0.000021 0.498865 0.500674 0.000000 0.000000 0.000000 0.000000 0.000000 0.000000 0.000000 0.000000 0.000000 0.000000 0.000005 0.000434 0.000000
 0.000000 0.000000 0.000000 0.000000 0.342935 0.000000 0.002148 0.000000 0.000000 0.000000 0.000000 0.000000 0.000000 0.000000 0.343708 0.000000 0.000000 0.311209 0.000000 0.000000
 0.000000 0.000000 0.000000 0.000000 0.000000 0.000000 0.000000 0.499076 0.499146 0.001779 0.000000 0.000000 0.000000 0.000000 0.000000 0.000000 0.000000 0.000000 0.000000 0.000000
 0.000000 0.000000 0.000000 0.000000 0.000000 0.000000 0.000000 0.000000 0.000000 0.274319 0.203663 0.315813 0.000000 0.163269 0.000000 0.000000 0.000047 0.000000 0.042747 0.000141
 0.000017 0.398364 0.000000 0.000000 0.000000 0.000000 0.001912 0.000000 0.399200 0.000000 0.000000 0.000000 0.000000 0.000000 0.200507 0.000000 0.000000 0.000000 0.000000 0.000000
 0.477932 0.000000 0.000000 0.000000 0.000000 0.000000 0.000000 0.000000 0.000000 0.000000 0.000000 0.000000 0.000000 0.000000 0.000000 0.479665 0.000000 0.000000 0.042403 0.000000
 0.497357 0.003109 0.000000 0.000000 0.002382 0.000000 0.000000 0.000000 0.000000 0.000000 0.000000 0.000000 0.000000 0.000000 0.000020 0.000000 0.000000 0.497133 0.000000 0.000000
 0.000000 0.000000 0.457289 0.000000 0.000000 0.000000 0.000000 0.000000 0.000000 0.454870 0.000000 0.000000 0.087841 0.000000 0.000000 0.000000 0.000000 0.000000 0.000000 0.000000
 0.000000 0.000000 0.491375 0.000000 0.491299 0.000000 0.000000 0.000000 0.000000 0.000000 0.000000 0.000000 0.017326 0.000000 0.000000 0.000000 0.000000 0.000000 0.000000 0.000000
 0.000000 0.000000 0.001125 0.274152 0.000000 0.000000 0.000000 0.313919 0.000000 0.000000 0.000000 0.105752 0.305051 0.000000 0.000000 0.000000 0.000000 0.000000 0.000000 0.000000
 0.000000 0.000000 0.000000 0.243718 0.000000 0.000000 0.000000 0.000000 0.000000 0.000000 0.000000 0.000000 0.000000 0.377940 0.000000 0.373701 0.000000 0.000000 0.004641 0.000000
 0.000000 0.000000 0.000000 0.348702 0.000000 0.000000 0.000000 0.000000 0.000000 0.116836 0.000000 0.000000 0.023239 0.000000 0.000000 0.000000 0.325649 0.000000 0.158773 0.026801
 0.000000 0.000000 0.000000 0.000000 0.000000 0.000000 0.000000 0.066196 0.012153 0.333102 0.000000 0.022968 0.000000 0.000000 0.004011 0.000000 0.339954 0.000000 0.000222 0.221394
 0.000000 0.000000 0.000000 0.189358 0.000000 0.000000 0.000000 0.000000 0.000000 0.000000 0.366292 0.000000 0.000000 0.000000 0.000000 0.085388 0.000000 0.000000 0.358961 0.000000
 0.000000 0.399885 0.000000 0.000000 0.200820 0.000000 0.000016 0.000000 0.000000 0.000000 0.000000 0.000000 0.004654 0.000000 0.000000 0.000000 0.000000 0.394599 0.000002 0.000023
 0.000000 0.000000 0.000000 0.000000 0.000000 0.450065 0.000000 0.000000 0.000000 0.000000 0.445018 0.000000 0.000000 0.104917 0.000000 0.000000 0.000000 0.000000 0.000000 0.000000
 0.000000 0.000000 0.000000 0.000050 0.000000 0.000000 0.000000 0.000000 0.000000 0.000000 0.000000 0.312110 0.329655 0.000000 0.000000 0.000000 0.000000 0.000000 0.035148 0.323037
 0.000004 0.310168 0.000000 0.000000 0.000000 0.000000 0.342403 0.000000 0.000000 0.000000 0.000000 0.000000 0.000000 0.000000 0.338029 0.000000 0.000000 0.000000 0.007400 0.001996
 0.000310 0.000000 0.000000 0.048357 0.000000 0.031584 0.000000 0.000000 0.000000 0.000000 0.004387 0.162670 0.000230 0.350122 0.000002 0.000000 0.037572 0.007718 0.000000 0.357048
 0.000000 0.000000 0.000000 0.000166 0.000000 0.000000 0.000000 0.000000 0.000000 0.000000 0.000000 0.028556 0.238665 0.000000 0.000021 0.000000 0.359116 0.002165 0.371311 0.000000
the mean of prob-rank is 1.5789473684210527
the number of false negetive edges is 0
the number of probability greater than 0 is 5.2/edge
