20
 0.000000 0.002833 0.000004 0.000000 0.498566 0.000000 0.000000 0.000000 0.498596 0.000000 0.000000 0.000000 0.000000 0.000000 0.000000 0.000000 0.000002 0.000000 0.000000 0.000000
 0.002833 0.000000 0.000000 0.000000 0.498564 0.000000 0.498603 0.000000 0.000000 0.000000 0.000000 0.000000 0.000000 0.000000 0.000000 0.000000 0.000000 0.000000 0.000000 0.000000
 0.000004 0.000000 0.000000 0.000000 0.000000 0.000000 0.000000 0.000000 0.499998 0.000000 0.000000 0.000000 0.000000 0.000000 0.000000 0.000000 0.499998 0.000000 0.000000 0.000000
 0.000000 0.000000 0.000000 0.000000 0.000000 0.000000 0.000000 0.000000 0.000000 0.000000 0.000000 0.000000 0.327955 0.000000 0.321901 0.350144 0.000000 0.000000 0.000000 0.000000
 0.487413 0.487404 0.000000 0.000000 0.000000 0.000000 0.000000 0.000000 0.000000 0.000000 0.000000 0.000000 0.000000 0.000065 0.000000 0.000000 0.010484 0.014633 0.000000 0.000000
 0.000000 0.000000 0.000000 0.000000 0.000000 0.000000 0.000000 0.026488 0.000000 0.000000 0.000000 0.486803 0.000000 0.000000 0.000000 0.000000 0.000000 0.000000 0.486709 0.000000
 0.000000 0.500000 0.000000 0.000000 0.000000 0.000000 0.000000 0.000000 0.000000 0.500000 0.000000 0.000000 0.000000 0.000000 0.000000 0.000000 0.000000 0.000000 0.000000 0.000000
 0.000000 0.000000 0.000000 0.000000 0.000000 0.026489 0.000000 0.000000 0.000000 0.000000 0.486819 0.486692 0.000000 0.000000 0.000000 0.000000 0.000000 0.000000 0.000000 0.000000
 0.500000 0.000000 0.500000 0.000000 0.000000 0.000000 0.000000 0.000000 0.000000 0.000000 0.000000 0.000000 0.000000 0.000000 0.000000 0.000000 0.000001 0.000000 0.000000 0.000000
 0.000000 0.000000 0.000000 0.000000 0.000000 0.000000 0.500000 0.000000 0.000000 0.000000 0.000000 0.000000 0.000000 0.000000 0.000000 0.000000 0.000000 0.000000 0.000000 0.500000
 0.000000 0.000000 0.000000 0.000000 0.000000 0.000000 0.000000 0.500000 0.000000 0.000000 0.000000 0.000000 0.000000 0.000000 0.000000 0.000000 0.000000 0.000000 0.000000 0.500000
 0.000000 0.000000 0.000000 0.000000 0.000000 0.500063 0.000000 0.499932 0.000000 0.000000 0.000000 0.000000 0.000000 0.000000 0.000005 0.000000 0.000000 0.000000 0.000000 0.000000
 0.000000 0.000000 0.000000 0.324551 0.000000 0.000000 0.000000 0.000000 0.000000 0.000000 0.000000 0.000000 0.000000 0.346451 0.000000 0.328823 0.000000 0.000001 0.000175 0.000000
 0.000000 0.000000 0.000000 0.000000 0.000066 0.000000 0.000000 0.000000 0.000000 0.000000 0.000000 0.000000 0.499916 0.000000 0.000000 0.000000 0.000000 0.500018 0.000000 0.000000
 0.000000 0.000000 0.000000 0.327610 0.000000 0.000000 0.000000 0.000000 0.000000 0.000000 0.000000 0.000003 0.000000 0.000000 0.000000 0.316019 0.000000 0.000000 0.356367 0.000000
 0.000000 0.000000 0.000000 0.352638 0.000000 0.000000 0.000000 0.000000 0.000000 0.000000 0.000000 0.000000 0.334638 0.000000 0.312724 0.000000 0.000000 0.000000 0.000000 0.000000
 0.000002 0.000000 0.494716 0.000000 0.010641 0.000000 0.000000 0.000000 0.000001 0.000000 0.000000 0.000000 0.000000 0.000000 0.000000 0.000000 0.000000 0.494641 0.000000 0.000000
 0.000000 0.000000 0.000000 0.000000 0.014789 0.000000 0.000000 0.000000 0.000000 0.000000 0.000000 0.000000 0.000001 0.492639 0.000000 0.000000 0.492571 0.000000 0.000000 0.000000
 0.000000 0.000000 0.000000 0.000000 0.000000 0.499827 0.000000 0.000000 0.000000 0.000000 0.000000 0.000000 0.000252 0.000000 0.499921 0.000000 0.000000 0.000000 0.000000 0.000000
 0.000000 0.000000 0.000000 0.000000 0.000000 0.000000 0.000000 0.000000 0.000000 0.500000 0.500000 0.000000 0.000000 0.000000 0.000000 0.000000 0.000000 0.000000 0.000000 0.000000
the mean of prob-rank is 1.5263157894736843
the number of false negetive edges is 0
the number of probability greater than 0 is 3.1/edge
