20
 0.000000 0.000000 0.000000 0.041316 0.000000 0.479436 0.000000 0.000000 0.000000 0.000000 0.000000 0.000000 0.000000 0.000000 0.000000 0.479248 0.000000 0.000000 0.000000 0.000000
 0.000000 0.000000 0.000000 0.000000 0.000000 0.000000 0.000000 0.000000 0.245717 0.000000 0.007873 0.286500 0.000000 0.000000 0.144186 0.000000 0.315723 0.000000 0.000000 0.000000
 0.000000 0.000000 0.000000 0.000000 0.016128 0.000000 0.000000 0.486546 0.000000 0.000000 0.011139 0.000000 0.000000 0.000000 0.000000 0.000000 0.000000 0.000000 0.000000 0.486187
 0.028460 0.000000 0.000000 0.000000 0.000000 0.000000 0.000000 0.330253 0.000000 0.000000 0.306414 0.191347 0.000000 0.000000 0.000000 0.132518 0.011007 0.000000 0.000000 0.000000
 0.000000 0.000000 0.016311 0.000000 0.000000 0.000000 0.000000 0.000000 0.000000 0.000000 0.000000 0.000000 0.000000 0.000000 0.000000 0.000000 0.000000 0.491571 0.000000 0.492118
 0.488645 0.000000 0.000000 0.000000 0.000000 0.000000 0.000000 0.000000 0.000000 0.488463 0.000000 0.000000 0.000000 0.000000 0.000000 0.022892 0.000000 0.000000 0.000000 0.000000
 0.000000 0.000000 0.000000 0.000000 0.000000 0.000000 0.000000 0.000000 0.000000 0.000000 0.000000 0.000000 0.000000 0.500000 0.000000 0.000000 0.000000 0.000000 0.500000 0.000000
 0.000000 0.000000 0.499275 0.499324 0.000000 0.000000 0.000000 0.000000 0.000000 0.000000 0.000687 0.000714 0.000000 0.000000 0.000000 0.000000 0.000000 0.000000 0.000000 0.000000
 0.000000 0.288060 0.000000 0.000000 0.000000 0.000000 0.000000 0.000000 0.000000 0.003318 0.000000 0.000000 0.338565 0.000000 0.370057 0.000000 0.000000 0.000000 0.000000 0.000000
 0.000000 0.000000 0.000000 0.000000 0.000000 0.497676 0.000000 0.000000 0.004462 0.000000 0.000000 0.000000 0.000001 0.000000 0.497861 0.000000 0.000000 0.000000 0.000000 0.000000
 0.000000 0.008509 0.007813 0.316656 0.000000 0.000000 0.000000 0.000470 0.000000 0.000000 0.000000 0.341292 0.324303 0.000000 0.000000 0.000000 0.000956 0.000000 0.000000 0.000000
 0.000000 0.302496 0.000000 0.193183 0.000000 0.000000 0.000000 0.000477 0.000000 0.000000 0.333422 0.000000 0.014124 0.000000 0.000000 0.000000 0.156298 0.000000 0.000000 0.000000
 0.000000 0.000000 0.000000 0.000000 0.000000 0.000000 0.000000 0.000000 0.314582 0.000001 0.326861 0.014572 0.000000 0.000000 0.000000 0.000000 0.000000 0.000000 0.343984 0.000000
 0.000000 0.000000 0.000000 0.000000 0.000000 0.000000 0.500000 0.000000 0.000000 0.000000 0.000000 0.000000 0.000000 0.000000 0.000000 0.000000 0.000000 0.500000 0.000000 0.000000
 0.000000 0.185752 0.000000 0.000000 0.000000 0.000000 0.000000 0.000000 0.406660 0.406827 0.000000 0.000000 0.000000 0.000000 0.000000 0.000000 0.000761 0.000000 0.000000 0.000000
 0.408864 0.000000 0.000000 0.164127 0.000000 0.019162 0.000000 0.000000 0.000000 0.000000 0.000000 0.000000 0.000000 0.000000 0.000000 0.000000 0.407847 0.000000 0.000000 0.000000
 0.000000 0.399326 0.000000 0.013312 0.000000 0.000000 0.000000 0.000000 0.000000 0.000000 0.001119 0.187232 0.000000 0.000000 0.000747 0.398263 0.000000 0.000000 0.000000 0.000000
 0.000000 0.000000 0.000000 0.000000 0.452279 0.000000 0.000000 0.000000 0.000000 0.000000 0.000000 0.000000 0.000000 0.452783 0.000000 0.000000 0.000000 0.000000 0.000000 0.094938
 0.000000 0.000000 0.000000 0.000000 0.000000 0.000000 0.500000 0.000000 0.000000 0.000000 0.000000 0.000000 0.500000 0.000000 0.000000 0.000000 0.000000 0.000000 0.000000 0.000000
 0.000000 0.000000 0.452348 0.000000 0.452726 0.000000 0.000000 0.000000 0.000000 0.000000 0.000000 0.000000 0.000000 0.000000 0.000000 0.000000 0.000000 0.094926 0.000000 0.000000
the mean of prob-rank is 1.736842105263158
the number of false negetive edges is 0
the number of probability greater than 0 is 3.9/edge
