20
 0.000000 0.000000 0.000000 0.000000 0.000000 0.000000 0.000000 0.000000 0.000000 0.000000 0.499994 0.000000 0.000000 0.000000 0.000000 0.500005 0.000000 0.000000 0.000000 0.000000
 0.000000 0.000000 0.000000 0.000000 0.000000 0.000000 0.000000 0.000000 0.000000 0.000000 0.000000 0.485616 0.485943 0.000000 0.000000 0.000000 0.000000 0.028441 0.000000 0.000000
 0.000000 0.000000 0.000000 0.000000 0.000000 0.000000 0.000000 0.000000 0.497258 0.000000 0.000000 0.000000 0.497587 0.000000 0.000000 0.005155 0.000000 0.000000 0.000000 0.000000
 0.000000 0.000000 0.000000 0.000000 0.000241 0.000000 0.000000 0.000015 0.235405 0.218563 0.205303 0.111803 0.000000 0.003535 0.000000 0.225134 0.000000 0.000000 0.000000 0.000000
 0.000000 0.000000 0.000000 0.000491 0.000000 0.000000 0.000000 0.494648 0.000000 0.000000 0.000000 0.000000 0.000000 0.010307 0.494554 0.000000 0.000000 0.000000 0.000000 0.000000
 0.000000 0.000000 0.000000 0.000000 0.000000 0.000000 0.027496 0.000000 0.000000 0.000000 0.000000 0.000000 0.000000 0.000000 0.000000 0.000000 0.486314 0.000000 0.486190 0.000000
 0.000000 0.000000 0.000000 0.000000 0.000000 0.027051 0.000000 0.000000 0.000000 0.000000 0.000000 0.000000 0.000000 0.000306 0.000000 0.000000 0.000088 0.015923 0.478344 0.478288
 0.000000 0.000000 0.000000 0.000031 0.499983 0.000000 0.000000 0.000000 0.000000 0.499986 0.000000 0.000000 0.000000 0.000000 0.000001 0.000000 0.000000 0.000000 0.000000 0.000000
 0.000000 0.000000 0.311568 0.302114 0.000000 0.000000 0.000000 0.000000 0.000000 0.000000 0.000000 0.093070 0.000000 0.000000 0.000000 0.293248 0.000000 0.000000 0.000000 0.000000
 0.000000 0.000000 0.000000 0.311482 0.000000 0.000000 0.000000 0.346211 0.000000 0.000000 0.338101 0.000000 0.000000 0.000000 0.004207 0.000000 0.000000 0.000000 0.000000 0.000000
 0.354394 0.000000 0.000000 0.299506 0.000000 0.000000 0.000000 0.000000 0.000000 0.346100 0.000000 0.000000 0.000000 0.000000 0.000000 0.000000 0.000000 0.000000 0.000000 0.000000
 0.000000 0.362531 0.000000 0.166957 0.000000 0.000000 0.000000 0.000000 0.108294 0.000000 0.000000 0.000000 0.000000 0.000000 0.000000 0.000000 0.000000 0.362218 0.000000 0.000000
 0.000000 0.500000 0.500000 0.000000 0.000000 0.000000 0.000000 0.000000 0.000000 0.000000 0.000000 0.000000 0.000000 0.000000 0.000000 0.000000 0.000000 0.000000 0.000000 0.000000
 0.000000 0.000000 0.000000 0.007149 0.010238 0.000000 0.000315 0.000000 0.000000 0.000000 0.000000 0.000000 0.000000 0.000000 0.491149 0.000000 0.000000 0.000000 0.000000 0.491150
 0.000000 0.000000 0.000000 0.000000 0.486319 0.000000 0.000000 0.000001 0.000000 0.005911 0.000000 0.000000 0.000000 0.486241 0.000000 0.000000 0.000000 0.000000 0.000000 0.021529
 0.347503 0.000000 0.003600 0.322044 0.000000 0.000000 0.000000 0.000000 0.326854 0.000000 0.000000 0.000000 0.000000 0.000000 0.000000 0.000000 0.000000 0.000000 0.000000 0.000000
 0.000000 0.000000 0.000000 0.000000 0.000000 0.493682 0.000091 0.000000 0.000000 0.000000 0.000000 0.000000 0.000000 0.000000 0.000000 0.000000 0.000000 0.493580 0.012646 0.000000
 0.000000 0.028003 0.000000 0.000000 0.000000 0.000000 0.015923 0.000000 0.000000 0.000000 0.000000 0.477720 0.000000 0.000000 0.000000 0.000000 0.478354 0.000000 0.000000 0.000000
 0.000000 0.000000 0.000000 0.000000 0.000000 0.481776 0.481804 0.000000 0.000000 0.000000 0.000000 0.000000 0.000000 0.000000 0.000000 0.000000 0.012344 0.000000 0.000000 0.024075
 0.000000 0.000000 0.000000 0.000000 0.000000 0.000000 0.477508 0.000000 0.000000 0.000000 0.000000 0.000000 0.000000 0.477488 0.021141 0.000000 0.000000 0.000000 0.023863 0.000000
the mean of prob-rank is 1.5263157894736843
the number of false negetive edges is 0
the number of probability greater than 0 is 3.9/edge
