20
 0.000000 0.000000 0.000000 0.000000 0.000000 0.000000 0.000000 0.000000 0.376057 0.000000 0.000000 0.000000 0.000000 0.244709 0.000000 0.000000 0.000000 0.000000 0.379234 0.000000
 0.000000 0.000000 0.000000 0.500000 0.000000 0.000000 0.000000 0.000000 0.500000 0.000000 0.000000 0.000000 0.000000 0.000000 0.000000 0.000000 0.000000 0.000000 0.000000 0.000000
 0.000000 0.000000 0.000000 0.000000 0.466461 0.000071 0.000000 0.000000 0.000000 0.000000 0.000000 0.031188 0.465759 0.000000 0.000000 0.036495 0.000026 0.000000 0.000000 0.000000
 0.000000 0.499999 0.000000 0.000000 0.000000 0.000000 0.000000 0.000000 0.000000 0.000000 0.000000 0.000000 0.000000 0.000000 0.000000 0.000000 0.000000 0.500001 0.000000 0.000000
 0.000000 0.000000 0.485480 0.000000 0.000000 0.485482 0.000000 0.000000 0.000000 0.000000 0.000000 0.000000 0.000000 0.000000 0.000000 0.029038 0.000000 0.000000 0.000000 0.000000
 0.000000 0.000000 0.000076 0.000000 0.499962 0.000000 0.000000 0.000000 0.000000 0.000000 0.000000 0.000000 0.000000 0.000000 0.000000 0.000000 0.499962 0.000000 0.000000 0.000000
 0.000000 0.000000 0.000000 0.000000 0.000000 0.000000 0.000000 0.000000 0.000000 0.000000 0.000000 0.499774 0.000000 0.000453 0.000000 0.000000 0.499772 0.000000 0.000000 0.000000
 0.000000 0.000000 0.000000 0.000000 0.000000 0.000000 0.000000 0.000000 0.000000 0.000000 0.081489 0.000000 0.000000 0.000000 0.346417 0.276372 0.000000 0.000000 0.000000 0.295722
 0.491116 0.495648 0.000000 0.000000 0.000000 0.000000 0.000000 0.000000 0.000000 0.000000 0.000000 0.000000 0.000000 0.000000 0.000000 0.000000 0.000000 0.000000 0.013237 0.000000
 0.000000 0.000000 0.000000 0.000000 0.000000 0.000000 0.000000 0.000000 0.000000 0.000000 0.000000 0.000000 0.000000 0.000000 0.000000 0.000000 0.000000 0.500000 0.000000 0.500000
 0.000000 0.000000 0.000000 0.000000 0.000000 0.000000 0.000000 0.105355 0.000000 0.000000 0.000000 0.000000 0.447810 0.000000 0.000000 0.446835 0.000000 0.000000 0.000000 0.000000
 0.000000 0.000000 0.032236 0.000000 0.000000 0.000000 0.482139 0.000000 0.000000 0.000000 0.000000 0.000000 0.000000 0.481701 0.000000 0.000000 0.000047 0.000000 0.003877 0.000000
 0.000000 0.000000 0.401930 0.000000 0.000000 0.000000 0.000000 0.000000 0.000000 0.000000 0.402481 0.000000 0.000000 0.000000 0.000000 0.195589 0.000000 0.000000 0.000000 0.000000
 0.243948 0.000000 0.000000 0.000000 0.000000 0.000000 0.000343 0.000000 0.000000 0.000000 0.000000 0.378004 0.000000 0.000000 0.000000 0.000000 0.000000 0.000000 0.377704 0.000000
 0.000000 0.000000 0.000000 0.000000 0.000000 0.000000 0.000000 0.365247 0.000000 0.000000 0.000000 0.000000 0.000000 0.000000 0.000000 0.293372 0.000000 0.000000 0.000000 0.341381
 0.000000 0.000000 0.024277 0.000000 0.018560 0.000000 0.000000 0.247562 0.000000 0.000000 0.309586 0.000000 0.150773 0.000000 0.249242 0.000000 0.000000 0.000000 0.000000 0.000000
 0.000000 0.000000 0.000028 0.000000 0.000000 0.499963 0.499961 0.000000 0.000000 0.000000 0.000000 0.000048 0.000000 0.000000 0.000000 0.000000 0.000000 0.000000 0.000000 0.000000
 0.000000 0.000000 0.000000 0.500000 0.000000 0.000000 0.000000 0.000000 0.000000 0.500000 0.000000 0.000000 0.000000 0.000000 0.000000 0.000000 0.000000 0.000000 0.000000 0.000000
 0.491679 0.000000 0.000000 0.000000 0.000000 0.000000 0.000000 0.000000 0.013141 0.000000 0.000000 0.003957 0.000000 0.491223 0.000000 0.000000 0.000000 0.000000 0.000000 0.000000
 0.000000 0.000000 0.000000 0.000000 0.000000 0.000000 0.000000 0.306156 0.000000 0.358639 0.000000 0.000000 0.000000 0.000000 0.335205 0.000000 0.000000 0.000000 0.000000 0.000000
the mean of prob-rank is 1.631578947368421
the number of false negetive edges is 0
the number of probability greater than 0 is 3.4/edge
