20
 0.000000 0.000000 0.000000 0.000000 0.000000 0.000000 0.000000 0.000000 0.000000 0.000000 0.000000 0.341477 0.000000 0.000000 0.365274 0.000000 0.000000 0.000000 0.000000 0.293250
 0.000000 0.000000 0.364935 0.000000 0.000000 0.000000 0.000000 0.000000 0.000000 0.369271 0.000000 0.000000 0.000000 0.000000 0.000000 0.000000 0.000000 0.000000 0.000000 0.265795
 0.000000 0.286099 0.000000 0.000000 0.000000 0.283909 0.000000 0.000000 0.000000 0.000000 0.000000 0.000000 0.000000 0.000000 0.000000 0.000000 0.000000 0.234187 0.000000 0.195804
 0.000000 0.000000 0.000000 0.000000 0.000001 0.000000 0.000000 0.113612 0.000000 0.000000 0.000000 0.229532 0.070925 0.000040 0.324829 0.261060 0.000000 0.000000 0.000000 0.000000
 0.000000 0.000000 0.000000 0.000001 0.000000 0.000000 0.000000 0.000117 0.000000 0.000000 0.000000 0.000000 0.315116 0.070623 0.000000 0.333454 0.000000 0.000000 0.280689 0.000000
 0.000000 0.000000 0.332583 0.000000 0.000000 0.000000 0.000000 0.000000 0.000000 0.000000 0.000000 0.055272 0.000000 0.000000 0.000000 0.000012 0.000000 0.000000 0.297497 0.314636
 0.000000 0.000000 0.000000 0.000000 0.000000 0.000000 0.000000 0.000000 0.372879 0.000000 0.318329 0.000000 0.000000 0.000000 0.000000 0.000000 0.300287 0.000000 0.008505 0.000000
 0.000000 0.000000 0.000000 0.149349 0.000150 0.000000 0.000000 0.000000 0.000000 0.000000 0.000000 0.000000 0.426970 0.423524 0.000007 0.000001 0.000000 0.000000 0.000000 0.000000
 0.000000 0.000000 0.000000 0.000000 0.000000 0.000000 0.421345 0.000000 0.000000 0.000000 0.000000 0.000000 0.000000 0.419804 0.000000 0.000000 0.000000 0.000000 0.158852 0.000000
 0.000000 0.499999 0.000000 0.000000 0.000000 0.000000 0.000000 0.000000 0.000000 0.000000 0.000000 0.000000 0.000000 0.000000 0.000000 0.000000 0.000000 0.500001 0.000000 0.000000
 0.000000 0.000000 0.000000 0.000000 0.000000 0.000000 0.306109 0.000000 0.000000 0.000000 0.000000 0.000000 0.000000 0.000000 0.000000 0.000000 0.358564 0.335327 0.000000 0.000000
 0.301124 0.000000 0.000000 0.227418 0.000000 0.052499 0.000000 0.000000 0.000000 0.000000 0.000000 0.000000 0.000000 0.000000 0.000000 0.103213 0.000000 0.000000 0.000000 0.315746
 0.000000 0.000000 0.000000 0.079753 0.343616 0.000000 0.000000 0.365232 0.000000 0.000000 0.000000 0.000000 0.000000 0.198793 0.000000 0.012606 0.000000 0.000000 0.000001 0.000000
 0.000000 0.000000 0.000000 0.000045 0.076828 0.000000 0.000000 0.361425 0.363374 0.000000 0.000000 0.000000 0.198322 0.000000 0.000000 0.000000 0.000000 0.000000 0.000007 0.000000
 0.500206 0.000000 0.000000 0.499786 0.000000 0.000000 0.000000 0.000008 0.000000 0.000000 0.000000 0.000000 0.000000 0.000000 0.000000 0.000000 0.000000 0.000000 0.000000 0.000000
 0.000000 0.000000 0.000000 0.279882 0.346678 0.000012 0.000000 0.000001 0.000000 0.000000 0.000000 0.111682 0.012019 0.000000 0.000000 0.000000 0.000000 0.000000 0.249726 0.000000
 0.000000 0.000000 0.000000 0.000000 0.000000 0.000000 0.293748 0.000000 0.000000 0.000000 0.364759 0.000000 0.000000 0.000000 0.000000 0.000000 0.000000 0.000000 0.341494 0.000000
 0.000000 0.000000 0.294789 0.000000 0.000000 0.000000 0.000000 0.000000 0.000000 0.364415 0.340796 0.000000 0.000000 0.000000 0.000000 0.000000 0.000000 0.000000 0.000000 0.000000
 0.000000 0.000000 0.000000 0.000000 0.222257 0.232872 0.006055 0.000000 0.100082 0.000000 0.000000 0.000000 0.000001 0.000005 0.000000 0.190197 0.248530 0.000000 0.000000 0.000000
 0.195475 0.175260 0.164686 0.000000 0.000000 0.225903 0.000000 0.000000 0.000000 0.000000 0.000000 0.238676 0.000000 0.000000 0.000000 0.000000 0.000000 0.000000 0.000000 0.000000
the mean of prob-rank is 1.631578947368421
the number of false negetive edges is 0
the number of probability greater than 0 is 4.35/edge
