20
 0.000000 0.000000 0.000000 0.000000 0.000000 0.000000 0.500000 0.000000 0.000000 0.000000 0.000000 0.000000 0.000000 0.000000 0.000000 0.000000 0.000000 0.000000 0.000000 0.500000
 0.000000 0.000000 0.000000 0.000000 0.313503 0.329441 0.000000 0.000000 0.000000 0.000000 0.000000 0.000568 0.000000 0.000000 0.000003 0.000000 0.000000 0.356485 0.000000 0.000000
 0.000000 0.000000 0.000000 0.000000 0.000000 0.000000 0.000000 0.000000 0.499213 0.000000 0.000000 0.000000 0.001596 0.000000 0.000000 0.499191 0.000000 0.000000 0.000000 0.000000
 0.000000 0.000000 0.000000 0.000000 0.000000 0.433904 0.000000 0.435259 0.000000 0.000000 0.000000 0.130837 0.000000 0.000000 0.000000 0.000000 0.000000 0.000000 0.000000 0.000000
 0.000000 0.223709 0.000000 0.000000 0.000000 0.058738 0.000000 0.000000 0.000000 0.220145 0.000000 0.251278 0.000000 0.000000 0.239000 0.000000 0.000000 0.003201 0.003928 0.000000
 0.000000 0.304992 0.000000 0.329001 0.076206 0.000000 0.000000 0.000000 0.000000 0.000000 0.000000 0.289801 0.000000 0.000000 0.000000 0.000000 0.000000 0.000000 0.000000 0.000000
 0.500000 0.000000 0.000000 0.000000 0.000000 0.000000 0.000000 0.000000 0.000000 0.000000 0.500000 0.000000 0.000000 0.000000 0.000000 0.000000 0.000000 0.000000 0.000000 0.000000
 0.000000 0.000000 0.000000 0.500000 0.000000 0.000000 0.000000 0.000000 0.000000 0.000000 0.500000 0.000000 0.000000 0.000000 0.000000 0.000000 0.000000 0.000000 0.000000 0.000000
 0.000000 0.000000 0.500003 0.000000 0.000000 0.000000 0.000000 0.000000 0.000000 0.000000 0.000000 0.000000 0.499997 0.000000 0.000000 0.000000 0.000000 0.000000 0.000000 0.000000
 0.000000 0.000000 0.000000 0.000000 0.291060 0.000000 0.000000 0.000000 0.000000 0.000000 0.000000 0.000652 0.000000 0.000000 0.060982 0.000000 0.310983 0.000000 0.336323 0.000000
 0.000000 0.000000 0.000000 0.000000 0.000000 0.000000 0.500000 0.500000 0.000000 0.000000 0.000000 0.000000 0.000000 0.000000 0.000000 0.000000 0.000000 0.000000 0.000000 0.000000
 0.000000 0.000516 0.000000 0.097286 0.319697 0.284195 0.000000 0.000000 0.000000 0.000627 0.000000 0.000000 0.000000 0.000000 0.297645 0.000000 0.000034 0.000000 0.000000 0.000000
 0.000000 0.000000 0.001596 0.000000 0.000000 0.000000 0.000000 0.000000 0.499201 0.000000 0.000000 0.000000 0.000000 0.000000 0.000000 0.000000 0.000000 0.000000 0.000000 0.499203
 0.000000 0.000000 0.000000 0.000000 0.000000 0.000000 0.000000 0.000000 0.000000 0.000000 0.000000 0.000000 0.000000 0.000000 0.006097 0.496950 0.496953 0.000000 0.000000 0.000000
 0.000000 0.000003 0.000000 0.000000 0.303006 0.000000 0.000000 0.000000 0.000000 0.058477 0.000000 0.296597 0.000000 0.003957 0.000000 0.000000 0.258767 0.000000 0.079193 0.000000
 0.000000 0.000000 0.499990 0.000000 0.000000 0.000000 0.000000 0.000000 0.000000 0.000000 0.000000 0.000000 0.000000 0.500009 0.000000 0.000000 0.000001 0.000000 0.000000 0.000000
 0.000000 0.000000 0.000000 0.000000 0.000000 0.000000 0.000000 0.000000 0.000000 0.339059 0.000000 0.000039 0.000000 0.366685 0.294216 0.000001 0.000000 0.000000 0.000000 0.000000
 0.000000 0.496888 0.000000 0.000000 0.006253 0.000000 0.000000 0.000000 0.000000 0.000000 0.000000 0.000000 0.000000 0.000000 0.000000 0.000000 0.000000 0.000000 0.496859 0.000000
 0.000000 0.000000 0.000000 0.000000 0.006829 0.000000 0.000000 0.000000 0.000000 0.442294 0.000000 0.000000 0.000000 0.000000 0.108608 0.000000 0.000000 0.442269 0.000000 0.000000
 0.500002 0.000000 0.000000 0.000000 0.000000 0.000000 0.000000 0.000000 0.000000 0.000000 0.000000 0.000000 0.499998 0.000000 0.000000 0.000000 0.000000 0.000000 0.000000 0.000000
the mean of prob-rank is 1.736842105263158
the number of false negetive edges is 0
the number of probability greater than 0 is 3.65/edge
