20
 0.000000 0.000000 0.000000 0.000000 0.000000 0.004730 0.000000 0.000000 0.000000 0.000000 0.497617 0.000000 0.000000 0.000000 0.000000 0.000000 0.000000 0.000000 0.497652 0.000000
 0.000000 0.000000 0.000000 0.022860 0.000000 0.000000 0.000000 0.482210 0.000000 0.000000 0.000000 0.000000 0.000000 0.000005 0.000000 0.000000 0.012563 0.000000 0.000000 0.482362
 0.000000 0.000000 0.000000 0.000000 0.496565 0.000000 0.000000 0.000000 0.000000 0.000000 0.000000 0.000000 0.000000 0.006966 0.000000 0.000000 0.000000 0.000000 0.496469 0.000000
 0.000000 0.021702 0.000000 0.000000 0.000000 0.000000 0.000000 0.000000 0.000000 0.000000 0.000000 0.018955 0.014575 0.000000 0.000000 0.000000 0.029409 0.457846 0.000000 0.457512
 0.000000 0.000000 0.498770 0.000000 0.000000 0.000000 0.000000 0.000000 0.000000 0.000000 0.000000 0.000000 0.000000 0.498740 0.000000 0.000000 0.000000 0.000000 0.002490 0.000000
 0.003876 0.000000 0.000000 0.000000 0.000000 0.000000 0.407799 0.000000 0.183457 0.000155 0.000000 0.404712 0.000000 0.000000 0.000000 0.000000 0.000000 0.000000 0.000000 0.000000
 0.000000 0.000000 0.000000 0.000000 0.000000 0.495629 0.000000 0.000000 0.000000 0.000000 0.495596 0.008775 0.000000 0.000000 0.000000 0.000000 0.000000 0.000000 0.000000 0.000000
 0.000000 0.491014 0.000000 0.000000 0.000000 0.000000 0.000000 0.000000 0.000000 0.000000 0.000000 0.017816 0.000000 0.491170 0.000000 0.000000 0.000000 0.000000 0.000000 0.000000
 0.000000 0.000000 0.000000 0.000000 0.000000 0.183950 0.000000 0.000000 0.000000 0.408889 0.000000 0.000008 0.407154 0.000000 0.000000 0.000000 0.000000 0.000000 0.000000 0.000000
 0.000000 0.000000 0.000000 0.000000 0.000000 0.000190 0.000000 0.000000 0.499902 0.000000 0.000000 0.000000 0.000000 0.000000 0.499908 0.000000 0.000000 0.000000 0.000000 0.000000
 0.495136 0.000000 0.000000 0.000000 0.000000 0.000000 0.495139 0.000000 0.000000 0.000000 0.000000 0.009725 0.000000 0.000000 0.000000 0.000000 0.000000 0.000000 0.000000 0.000000
 0.000000 0.000000 0.000000 0.019649 0.000000 0.471089 0.008404 0.017218 0.000009 0.000000 0.009323 0.000000 0.474308 0.000000 0.000000 0.000000 0.000000 0.000000 0.000000 0.000000
 0.000000 0.000000 0.000000 0.013556 0.000000 0.000000 0.000000 0.000000 0.424106 0.000000 0.000000 0.425581 0.000000 0.000000 0.000000 0.000000 0.000000 0.136757 0.000000 0.000000
 0.000000 0.000005 0.006966 0.000000 0.496500 0.000000 0.000000 0.496530 0.000000 0.000000 0.000000 0.000000 0.000000 0.000000 0.000000 0.000000 0.000000 0.000000 0.000000 0.000000
 0.000000 0.000000 0.000000 0.000000 0.000000 0.000000 0.000000 0.000000 0.000000 0.500000 0.000000 0.000000 0.000000 0.000000 0.000000 0.500000 0.000000 0.000000 0.000000 0.000000
 0.000000 0.000000 0.000000 0.000000 0.000000 0.000000 0.000000 0.000000 0.000000 0.000000 0.000000 0.000000 0.000000 0.000000 0.491226 0.000000 0.490797 0.016841 0.000000 0.001136
 0.000000 0.012326 0.000000 0.030393 0.000000 0.000000 0.000000 0.000000 0.000000 0.000000 0.000000 0.000000 0.000000 0.000000 0.000000 0.472828 0.000000 0.473230 0.000000 0.011224
 0.000000 0.000000 0.000000 0.424519 0.000000 0.000000 0.000000 0.000000 0.000000 0.000000 0.000000 0.000000 0.136334 0.000000 0.000000 0.014556 0.424591 0.000000 0.000000 0.000000
 0.498803 0.000000 0.498707 0.000000 0.002490 0.000000 0.000000 0.000000 0.000000 0.000000 0.000000 0.000000 0.000000 0.000000 0.000000 0.000000 0.000000 0.000000 0.000000 0.000000
 0.000000 0.493801 0.000000 0.493345 0.000000 0.000000 0.000000 0.000000 0.000000 0.000000 0.000000 0.000000 0.000000 0.000000 0.000000 0.001142 0.011712 0.000000 0.000000 0.000000
the mean of prob-rank is 1.4736842105263157
the number of false negetive edges is 0
the number of probability greater than 0 is 3.9/edge
