20
 0.000000 0.000000 0.000000 0.499999 0.000000 0.000000 0.000000 0.000000 0.000000 0.500001 0.000000 0.000000 0.000000 0.000000 0.000000 0.000000 0.000000 0.000000 0.000000 0.000000
 0.000000 0.000000 0.157256 0.000000 0.174143 0.171870 0.000000 0.000000 0.172096 0.000000 0.158301 0.000000 0.157038 0.000000 0.000000 0.000000 0.000000 0.000000 0.000000 0.009295
 0.000000 0.302693 0.000000 0.000000 0.335962 0.000000 0.000000 0.000000 0.000000 0.000000 0.000000 0.000000 0.000000 0.000000 0.000000 0.000000 0.000000 0.000000 0.000000 0.361344
 0.469638 0.000000 0.000000 0.000000 0.000000 0.000000 0.468470 0.000000 0.028810 0.000000 0.000000 0.000000 0.000000 0.000000 0.000000 0.033082 0.000000 0.000000 0.000000 0.000000
 0.000000 0.295097 0.295770 0.000000 0.000000 0.091019 0.000000 0.000000 0.318114 0.000000 0.000000 0.000000 0.000000 0.000000 0.000000 0.000000 0.000000 0.000000 0.000000 0.000000
 0.000000 0.288966 0.000000 0.000000 0.090307 0.000000 0.000000 0.000000 0.305685 0.000000 0.000000 0.000000 0.000000 0.000000 0.314953 0.000090 0.000000 0.000000 0.000000 0.000000
 0.000000 0.000000 0.000000 0.426615 0.000000 0.000000 0.000000 0.000000 0.000000 0.113673 0.000000 0.000000 0.000000 0.032046 0.000000 0.427666 0.000000 0.000000 0.000000 0.000000
 0.000000 0.000000 0.000000 0.000000 0.000000 0.000000 0.000000 0.000000 0.000000 0.000000 0.000000 0.500000 0.000000 0.000000 0.000000 0.000000 0.500000 0.000000 0.000000 0.000000
 0.000000 0.304339 0.000000 0.020365 0.331980 0.321526 0.000000 0.000000 0.000000 0.000000 0.000000 0.000000 0.000000 0.000000 0.019157 0.002634 0.000000 0.000000 0.000000 0.000000
 0.443884 0.000000 0.000000 0.000000 0.000000 0.000000 0.117980 0.000000 0.000000 0.000000 0.000000 0.000000 0.000000 0.438137 0.000000 0.000000 0.000000 0.000000 0.000000 0.000000
 0.000000 0.311508 0.000000 0.000000 0.000000 0.000000 0.000000 0.000000 0.000000 0.000000 0.000000 0.000000 0.319079 0.000000 0.000000 0.000000 0.000000 0.000000 0.369412 0.000000
 0.000000 0.000000 0.000000 0.000000 0.000000 0.000000 0.000000 0.500000 0.000000 0.000000 0.000000 0.000000 0.000000 0.000000 0.000000 0.000000 0.000000 0.500000 0.000000 0.000000
 0.000000 0.309794 0.000000 0.000000 0.000000 0.000000 0.000000 0.000000 0.000000 0.000000 0.319877 0.000000 0.000000 0.000000 0.000000 0.000000 0.000000 0.000000 0.000000 0.370330
 0.000000 0.000000 0.000000 0.000000 0.000000 0.000000 0.036339 0.000000 0.000000 0.478693 0.000000 0.000000 0.000000 0.000000 0.000000 0.000000 0.000000 0.484968 0.000000 0.000000
 0.000000 0.000000 0.000000 0.000000 0.000000 0.485446 0.000000 0.000000 0.028072 0.000000 0.000000 0.000000 0.000000 0.000000 0.000000 0.486482 0.000000 0.000000 0.000000 0.000000
 0.000000 0.000000 0.000000 0.033888 0.000000 0.000136 0.481072 0.000000 0.003817 0.000000 0.000000 0.000000 0.000000 0.000000 0.481087 0.000000 0.000000 0.000000 0.000000 0.000000
 0.000000 0.000000 0.000000 0.000000 0.000000 0.000000 0.000000 0.500000 0.000000 0.000000 0.000000 0.000000 0.000000 0.000000 0.000000 0.000000 0.000000 0.000000 0.500000 0.000000
 0.000000 0.000000 0.000000 0.000000 0.000000 0.000000 0.000000 0.000000 0.000000 0.000000 0.000000 0.500002 0.000000 0.499998 0.000000 0.000000 0.000000 0.000000 0.000000 0.000000
 0.000000 0.000000 0.000000 0.000000 0.000000 0.000000 0.000000 0.000000 0.000000 0.000000 0.500000 0.000000 0.000000 0.000000 0.000000 0.000000 0.500000 0.000000 0.000000 0.000000
 0.000000 0.024159 0.487924 0.000000 0.000000 0.000000 0.000000 0.000000 0.000000 0.000000 0.000000 0.000000 0.487917 0.000000 0.000000 0.000000 0.000000 0.000000 0.000000 0.000000
the mean of prob-rank is 1.7894736842105263
the number of false negetive edges is 0
the number of probability greater than 0 is 3.4/edge
