20
 0.000000 0.000000 0.000000 0.000000 0.000000 0.000000 0.486319 0.000000 0.000000 0.000000 0.486272 0.000000 0.000000 0.000000 0.000000 0.000000 0.000000 0.027409 0.000000 0.000000
 0.000000 0.000000 0.000000 0.000000 0.000000 0.000000 0.000000 0.499995 0.000000 0.000000 0.000000 0.000000 0.000000 0.000000 0.000000 0.500005 0.000000 0.000000 0.000000 0.000000
 0.000000 0.000000 0.000000 0.000000 0.000000 0.000000 0.480827 0.480842 0.000000 0.000000 0.037938 0.000000 0.000000 0.000000 0.000000 0.000393 0.000000 0.000000 0.000000 0.000000
 0.000000 0.000000 0.000000 0.000000 0.499998 0.000000 0.000000 0.000000 0.000000 0.000000 0.000000 0.000000 0.000000 0.500002 0.000000 0.000000 0.000000 0.000000 0.000000 0.000000
 0.000000 0.000000 0.000000 0.499998 0.000000 0.000000 0.000000 0.000000 0.000000 0.000000 0.000000 0.000000 0.000000 0.000000 0.000000 0.000000 0.500002 0.000000 0.000000 0.000000
 0.000000 0.000000 0.000000 0.000000 0.000000 0.000000 0.000000 0.000000 0.000017 0.000000 0.000000 0.000000 0.000000 0.000000 0.000000 0.000000 0.499991 0.000000 0.499993 0.000000
 0.494577 0.000000 0.494547 0.000000 0.000000 0.000000 0.000000 0.000000 0.000000 0.000000 0.010463 0.000000 0.000000 0.000000 0.000413 0.000000 0.000000 0.000000 0.000000 0.000000
 0.000000 0.492677 0.492671 0.000000 0.000000 0.000000 0.000000 0.000000 0.000000 0.002448 0.000000 0.000004 0.012200 0.000000 0.000000 0.000000 0.000000 0.000000 0.000000 0.000000
 0.000000 0.000000 0.000000 0.000000 0.000000 0.000017 0.000000 0.000000 0.000000 0.000000 0.000000 0.499754 0.000000 0.000000 0.000000 0.000000 0.000000 0.000473 0.499757 0.000000
 0.000000 0.000000 0.000000 0.000000 0.000000 0.000000 0.000000 0.002276 0.000000 0.000000 0.076048 0.009529 0.457985 0.000000 0.000000 0.000000 0.000000 0.454163 0.000000 0.000000
 0.440554 0.000000 0.034761 0.000000 0.000000 0.000000 0.009321 0.000000 0.000000 0.073160 0.000000 0.000000 0.440307 0.000000 0.000000 0.000000 0.000000 0.001896 0.000000 0.000000
 0.000000 0.000000 0.000000 0.000000 0.000000 0.000000 0.000000 0.000004 0.494848 0.010296 0.000000 0.000000 0.000002 0.000000 0.000000 0.000000 0.000000 0.494851 0.000000 0.000000
 0.000000 0.000000 0.000000 0.000000 0.000000 0.000000 0.000000 0.011776 0.000000 0.475557 0.475244 0.000002 0.000000 0.000000 0.000000 0.000000 0.000000 0.037421 0.000000 0.000000
 0.000000 0.000000 0.000000 0.500037 0.000000 0.000000 0.000000 0.000000 0.000000 0.000000 0.000000 0.000000 0.000000 0.000000 0.000000 0.000000 0.000000 0.000000 0.000000 0.499963
 0.000000 0.000000 0.000000 0.000000 0.000000 0.000000 0.000417 0.000000 0.000000 0.000000 0.000000 0.000000 0.000000 0.000000 0.000000 0.499789 0.000000 0.000000 0.000000 0.499793
 0.000000 0.499798 0.000409 0.000000 0.000000 0.000000 0.000000 0.000000 0.000000 0.000000 0.000000 0.000000 0.000000 0.000000 0.499793 0.000000 0.000000 0.000000 0.000000 0.000000
 0.000000 0.000000 0.000000 0.000000 0.500001 0.499999 0.000000 0.000000 0.000000 0.000000 0.000000 0.000000 0.000000 0.000000 0.000000 0.000000 0.000000 0.000000 0.000000 0.000000
 0.026432 0.000000 0.000000 0.000000 0.000000 0.000000 0.000000 0.000000 0.000444 0.465063 0.002018 0.468978 0.036903 0.000000 0.000000 0.000000 0.000000 0.000000 0.000161 0.000000
 0.000000 0.000000 0.000000 0.000000 0.000000 0.499914 0.000000 0.000000 0.499914 0.000000 0.000000 0.000000 0.000000 0.000000 0.000000 0.000000 0.000000 0.000172 0.000000 0.000000
 0.000000 0.000000 0.000000 0.000000 0.000000 0.000000 0.000000 0.000000 0.000000 0.000000 0.000000 0.000000 0.000000 0.499963 0.500037 0.000000 0.000000 0.000000 0.000000 0.000000
the mean of prob-rank is 1.4736842105263157
the number of false negetive edges is 0
the number of probability greater than 0 is 3.6/edge
