20
 0.000000 0.000000 0.000000 0.038189 0.000000 0.296209 0.000000 0.000000 0.000000 0.323543 0.000000 0.000000 0.000000 0.000000 0.000000 0.000000 0.000000 0.000000 0.342059 0.000000
 0.000000 0.000000 0.000000 0.000000 0.000000 0.000000 0.000000 0.000000 0.000000 0.000000 0.000000 0.374072 0.000000 0.000000 0.377488 0.000000 0.000000 0.000000 0.000000 0.248440
 0.000000 0.000000 0.000000 0.000000 0.000000 0.000000 0.000000 0.000000 0.000000 0.000000 0.499999 0.000000 0.000000 0.000000 0.000000 0.500001 0.000000 0.000000 0.000000 0.000000
 0.044209 0.000000 0.000000 0.000000 0.009011 0.000000 0.000000 0.000000 0.000000 0.395970 0.000000 0.000000 0.000000 0.392083 0.000000 0.000000 0.000000 0.000000 0.158726 0.000000
 0.000000 0.000000 0.000000 0.011024 0.000000 0.000000 0.000000 0.000000 0.000000 0.000000 0.000000 0.000000 0.000000 0.000000 0.020311 0.484389 0.000001 0.000000 0.000000 0.484276
 0.308098 0.000000 0.000000 0.000000 0.000000 0.000000 0.000000 0.000000 0.000000 0.000000 0.000000 0.000000 0.000000 0.000000 0.000000 0.000000 0.000000 0.353747 0.338154 0.000000
 0.000000 0.000000 0.000000 0.000000 0.000000 0.000000 0.000000 0.000000 0.486735 0.000000 0.000000 0.000000 0.486791 0.000000 0.000000 0.000000 0.000000 0.026475 0.000000 0.000000
 0.000000 0.000000 0.000000 0.000000 0.000000 0.000000 0.000000 0.000000 0.000000 0.000000 0.000000 0.492596 0.000000 0.014822 0.000000 0.000000 0.492582 0.000000 0.000000 0.000000
 0.000000 0.000000 0.000000 0.000000 0.000000 0.000000 0.499971 0.000000 0.000000 0.000000 0.000000 0.000000 0.000000 0.000000 0.000000 0.000000 0.000000 0.500029 0.000000 0.000000
 0.334937 0.000000 0.000000 0.354103 0.000000 0.000000 0.000000 0.000000 0.000000 0.000000 0.000000 0.000000 0.000000 0.274078 0.000000 0.000000 0.000000 0.000000 0.036882 0.000000
 0.000000 0.000000 0.499999 0.000000 0.000000 0.000000 0.000000 0.000000 0.000000 0.000000 0.000000 0.000000 0.500001 0.000000 0.000000 0.000000 0.000000 0.000000 0.000000 0.000000
 0.000000 0.403821 0.000000 0.000000 0.000000 0.000000 0.000000 0.408209 0.000000 0.000000 0.000000 0.000000 0.000000 0.000000 0.176655 0.000000 0.009701 0.000000 0.000000 0.001614
 0.000000 0.000000 0.000000 0.000000 0.000000 0.000000 0.500000 0.000000 0.000000 0.000000 0.500000 0.000000 0.000000 0.000000 0.000000 0.000000 0.000000 0.000000 0.000000 0.000000
 0.000000 0.000000 0.000000 0.354366 0.000000 0.000000 0.000000 0.010769 0.000000 0.277001 0.000000 0.000000 0.000000 0.000000 0.000000 0.000000 0.357865 0.000000 0.000000 0.000000
 0.000000 0.405441 0.000000 0.000000 0.017030 0.000000 0.000000 0.000000 0.000000 0.000000 0.000000 0.175759 0.000000 0.000000 0.000000 0.000001 0.000000 0.000000 0.000000 0.401770
 0.000000 0.000000 0.500004 0.000000 0.499995 0.000000 0.000000 0.000000 0.000000 0.000000 0.000000 0.000000 0.000000 0.000000 0.000001 0.000000 0.000000 0.000000 0.000000 0.000000
 0.000000 0.000000 0.000000 0.000000 0.000001 0.000000 0.000000 0.494129 0.000000 0.000000 0.000000 0.011743 0.000000 0.494127 0.000000 0.000000 0.000000 0.000000 0.000000 0.000000
 0.000000 0.000000 0.000000 0.000000 0.000000 0.485326 0.026547 0.000000 0.488127 0.000000 0.000000 0.000000 0.000000 0.000000 0.000000 0.000000 0.000000 0.000000 0.000000 0.000000
 0.407258 0.000000 0.000000 0.163250 0.000000 0.387073 0.000000 0.000000 0.000000 0.042419 0.000000 0.000000 0.000000 0.000000 0.000000 0.000000 0.000000 0.000000 0.000000 0.000000
 0.000000 0.247931 0.000000 0.000000 0.377273 0.000000 0.000000 0.000000 0.000000 0.000000 0.000000 0.001492 0.000000 0.000000 0.373304 0.000000 0.000000 0.000000 0.000000 0.000000
the mean of prob-rank is 1.4736842105263157
the number of false negetive edges is 0
the number of probability greater than 0 is 3.3/edge
