20
 0.000000 0.000000 0.000000 0.000000 0.000000 0.000000 0.000127 0.000000 0.000000 0.000000 0.000000 0.000000 0.000000 0.499937 0.000000 0.499937 0.000000 0.000000 0.000000 0.000000
 0.000000 0.000000 0.000000 0.000000 0.000000 0.000000 0.000000 0.000000 0.499943 0.000000 0.000000 0.499932 0.000000 0.000000 0.000000 0.000000 0.000000 0.000125 0.000000 0.000000
 0.000000 0.000000 0.000000 0.000000 0.292513 0.007828 0.000000 0.291803 0.192366 0.000000 0.215491 0.000000 0.000000 0.000000 0.000000 0.000000 0.000000 0.000000 0.000000 0.000000
 0.000000 0.000000 0.000000 0.000000 0.000000 0.000000 0.000011 0.000000 0.000000 0.000000 0.000000 0.000000 0.000000 0.000000 0.498970 0.000000 0.000127 0.000000 0.000000 0.500892
 0.000000 0.000000 0.340562 0.000000 0.000000 0.344888 0.000000 0.230804 0.000000 0.000000 0.083745 0.000000 0.000000 0.000000 0.000000 0.000000 0.000000 0.000000 0.000000 0.000000
 0.000000 0.000000 0.009322 0.000000 0.352749 0.000000 0.000000 0.000000 0.000000 0.343781 0.000000 0.000000 0.000000 0.000000 0.000000 0.000000 0.000000 0.000000 0.294148 0.000000
 0.000124 0.000000 0.000000 0.000011 0.000000 0.000000 0.000000 0.000000 0.000000 0.024999 0.000000 0.000000 0.000000 0.000000 0.488929 0.000000 0.485937 0.000000 0.000000 0.000000
 0.000000 0.000000 0.371122 0.000000 0.252127 0.000000 0.000000 0.000000 0.000000 0.000000 0.376751 0.000000 0.000000 0.000000 0.000000 0.000000 0.000000 0.000000 0.000000 0.000000
 0.000000 0.380876 0.247335 0.000000 0.000000 0.000000 0.000000 0.000000 0.000000 0.000000 0.371789 0.000000 0.000000 0.000000 0.000000 0.000000 0.000000 0.000000 0.000000 0.000000
 0.000000 0.000000 0.000000 0.000000 0.000000 0.340924 0.017886 0.000000 0.000000 0.000000 0.000000 0.000000 0.291142 0.000000 0.000000 0.000000 0.000421 0.000000 0.349627 0.000000
 0.000000 0.000000 0.246893 0.000000 0.082411 0.000000 0.000000 0.339397 0.331299 0.000000 0.000000 0.000000 0.000000 0.000000 0.000000 0.000000 0.000000 0.000000 0.000000 0.000000
 0.000000 0.499995 0.000000 0.000000 0.000000 0.000000 0.000000 0.000000 0.000000 0.000000 0.000000 0.000000 0.000000 0.000000 0.000000 0.000000 0.000000 0.500005 0.000000 0.000000
 0.000000 0.000000 0.000000 0.000000 0.000000 0.000000 0.000000 0.000000 0.000000 0.297211 0.000000 0.000000 0.000000 0.000000 0.000000 0.000000 0.357108 0.000000 0.345681 0.000000
 0.500064 0.000000 0.000000 0.000000 0.000000 0.000000 0.000000 0.000000 0.000000 0.000000 0.000000 0.000000 0.000000 0.000000 0.000000 0.000000 0.000000 0.499884 0.000000 0.000052
 0.000000 0.000000 0.000000 0.397522 0.000000 0.000000 0.399110 0.000000 0.000000 0.000000 0.000000 0.000000 0.000000 0.000000 0.000000 0.000000 0.203368 0.000000 0.000000 0.000000
 0.500000 0.000000 0.000000 0.000000 0.000000 0.000000 0.000000 0.000000 0.000000 0.000000 0.000000 0.000000 0.000000 0.000000 0.000000 0.000000 0.000000 0.000000 0.000000 0.500000
 0.000000 0.000000 0.000000 0.000101 0.000000 0.000000 0.396776 0.000000 0.000000 0.000481 0.000000 0.000000 0.399219 0.000000 0.203423 0.000000 0.000000 0.000000 0.000000 0.000000
 0.000000 0.000125 0.000000 0.000000 0.000000 0.000000 0.000000 0.000000 0.000000 0.000000 0.000000 0.500027 0.000000 0.499848 0.000000 0.000000 0.000000 0.000000 0.000000 0.000000
 0.000000 0.000000 0.000000 0.000000 0.000000 0.297671 0.000000 0.000000 0.000000 0.356780 0.000000 0.000000 0.345550 0.000000 0.000000 0.000000 0.000000 0.000000 0.000000 0.000000
 0.000000 0.000000 0.000000 0.499938 0.000000 0.000000 0.000000 0.000000 0.000000 0.000000 0.000000 0.000000 0.000000 0.000052 0.000000 0.500010 0.000000 0.000000 0.000000 0.000000
the mean of prob-rank is 1.7894736842105263
the number of false negetive edges is 0
the number of probability greater than 0 is 3.5/edge
