20
 0.000000 0.000328 0.000000 0.000000 0.051410 0.409765 0.025909 0.000000 0.000000 0.000000 0.000000 0.000000 0.000000 0.000047 0.000000 0.000000 0.000000 0.102875 0.000000 0.409665
 0.000276 0.000000 0.000000 0.333818 0.000275 0.082898 0.019133 0.000000 0.000000 0.000000 0.000000 0.000000 0.000000 0.345421 0.000000 0.000000 0.218179 0.000000 0.000000 0.000000
 0.000000 0.000000 0.000000 0.000000 0.000000 0.000000 0.000000 0.000000 0.000000 0.499989 0.000000 0.000000 0.000000 0.000000 0.500010 0.000000 0.000000 0.000000 0.000000 0.000000
 0.000000 0.350928 0.000000 0.000000 0.000000 0.000000 0.089021 0.000000 0.000000 0.000000 0.196737 0.000000 0.000000 0.007556 0.355753 0.000000 0.000005 0.000000 0.000000 0.000000
 0.058941 0.000375 0.000000 0.000000 0.000000 0.469795 0.000000 0.000000 0.000000 0.000000 0.000006 0.000000 0.000000 0.000000 0.000000 0.000000 0.470819 0.000063 0.000000 0.000000
 0.405680 0.097554 0.000000 0.000000 0.405685 0.000000 0.000001 0.000000 0.000000 0.000000 0.000000 0.000000 0.000000 0.000033 0.000000 0.000000 0.091047 0.000000 0.000000 0.000000
 0.022914 0.020114 0.000000 0.089022 0.000000 0.000001 0.000000 0.000000 0.000000 0.000000 0.000000 0.027348 0.000000 0.363197 0.000000 0.000000 0.000000 0.000000 0.344393 0.133011
 0.000000 0.000000 0.000000 0.000000 0.000000 0.000000 0.000000 0.000000 0.092182 0.453941 0.000000 0.000000 0.000000 0.000000 0.000000 0.453877 0.000000 0.000000 0.000000 0.000000
 0.000000 0.000000 0.000000 0.000000 0.000000 0.000000 0.000000 0.092187 0.000000 0.000000 0.000000 0.000000 0.453966 0.000000 0.000000 0.453846 0.000000 0.000000 0.000000 0.000000
 0.000000 0.000000 0.499989 0.000000 0.000000 0.000000 0.000000 0.500011 0.000000 0.000000 0.000000 0.000000 0.000000 0.000000 0.000000 0.000000 0.000000 0.000000 0.000000 0.000000
 0.000000 0.000000 0.000000 0.214032 0.000005 0.000000 0.000000 0.000000 0.000000 0.000000 0.000000 0.000000 0.395121 0.000000 0.000000 0.000000 0.390842 0.000000 0.000000 0.000000
 0.000000 0.000000 0.000000 0.000000 0.000000 0.000000 0.026419 0.000000 0.000000 0.000000 0.000000 0.000000 0.000000 0.000000 0.000000 0.000000 0.000000 0.340740 0.282319 0.350521
 0.000000 0.000000 0.000000 0.000000 0.000000 0.000000 0.000000 0.000000 0.499999 0.000000 0.500001 0.000000 0.000000 0.000000 0.000000 0.000000 0.000000 0.000000 0.000000 0.000000
 0.000057 0.494757 0.000000 0.010295 0.000000 0.000041 0.494850 0.000000 0.000000 0.000000 0.000000 0.000000 0.000000 0.000000 0.000000 0.000000 0.000000 0.000000 0.000000 0.000000
 0.000000 0.000000 0.468401 0.458806 0.000000 0.000000 0.000000 0.000000 0.000000 0.000000 0.000000 0.000000 0.000000 0.000000 0.000000 0.000000 0.000000 0.000000 0.072793 0.000000
 0.000000 0.000000 0.000000 0.000000 0.000000 0.000000 0.000000 0.500032 0.499968 0.000000 0.000000 0.000000 0.000000 0.000000 0.000000 0.000000 0.000000 0.000000 0.000000 0.000000
 0.000000 0.222002 0.000000 0.000005 0.351538 0.078723 0.000000 0.000000 0.000000 0.000000 0.347731 0.000000 0.000000 0.000000 0.000000 0.000000 0.000000 0.000000 0.000000 0.000000
 0.112534 0.000000 0.000000 0.000000 0.000060 0.000000 0.000000 0.000000 0.000000 0.000000 0.000000 0.436260 0.000000 0.000000 0.000000 0.000000 0.000000 0.000000 0.449217 0.001928
 0.000000 0.000000 0.000000 0.000000 0.000000 0.000000 0.326039 0.000000 0.000000 0.000000 0.000000 0.276672 0.000000 0.000000 0.053436 0.000000 0.000000 0.343842 0.000000 0.000011
 0.421423 0.000000 0.000000 0.000000 0.000000 0.000000 0.154710 0.000000 0.000000 0.000000 0.000000 0.422040 0.000000 0.000000 0.000000 0.000000 0.000000 0.001813 0.000013 0.000000
the mean of prob-rank is 1.5263157894736843
the number of false negetive edges is 0
the number of probability greater than 0 is 4.4/edge
