20
 0.000000 0.499474 0.000000 0.000000 0.000000 0.000000 0.000000 0.000000 0.000000 0.001055 0.000000 0.000000 0.000000 0.000000 0.000000 0.000000 0.000000 0.000000 0.499471 0.000000
 0.500000 0.000000 0.000000 0.000000 0.000000 0.000000 0.000000 0.000000 0.000000 0.000000 0.000000 0.000000 0.000000 0.000000 0.500000 0.000000 0.000000 0.000000 0.000000 0.000000
 0.000000 0.000000 0.000000 0.000000 0.000000 0.000000 0.447892 0.000000 0.000000 0.000000 0.000000 0.104881 0.000001 0.000000 0.000000 0.000000 0.000000 0.447225 0.000000 0.000000
 0.000000 0.000000 0.000000 0.000000 0.448718 0.000000 0.000000 0.000000 0.108020 0.000000 0.443262 0.000000 0.000000 0.000000 0.000000 0.000000 0.000000 0.000000 0.000000 0.000000
 0.000000 0.000000 0.000000 0.500000 0.000000 0.000000 0.000000 0.000000 0.000000 0.000000 0.000000 0.000000 0.000000 0.500000 0.000000 0.000000 0.000000 0.000000 0.000000 0.000000
 0.000000 0.000000 0.000000 0.000000 0.000000 0.000000 0.000000 0.500000 0.000000 0.000000 0.000000 0.000000 0.000000 0.500000 0.000000 0.000000 0.000000 0.000000 0.000000 0.000000
 0.000000 0.000000 0.489831 0.000000 0.000000 0.000000 0.000000 0.000000 0.000000 0.000000 0.000000 0.488185 0.002567 0.000000 0.000000 0.000000 0.008160 0.011257 0.000000 0.000000
 0.000000 0.000000 0.000000 0.000000 0.000000 0.499917 0.000000 0.000000 0.000000 0.000000 0.000000 0.000000 0.000000 0.000000 0.000000 0.000000 0.499858 0.000225 0.000000 0.000000
 0.000000 0.000000 0.000000 0.107510 0.000000 0.000000 0.000000 0.000000 0.000000 0.000000 0.446599 0.000000 0.000000 0.000000 0.445891 0.000000 0.000000 0.000000 0.000000 0.000000
 0.001055 0.000000 0.000000 0.000000 0.000000 0.000000 0.000000 0.000000 0.000000 0.000000 0.000000 0.499281 0.000000 0.000000 0.000000 0.499357 0.000000 0.000000 0.000308 0.000000
 0.000000 0.000000 0.000000 0.460406 0.000000 0.000000 0.000000 0.000000 0.466074 0.000000 0.000000 0.000000 0.000000 0.000000 0.073519 0.000000 0.000000 0.000000 0.000000 0.000000
 0.000000 0.000000 0.104977 0.000000 0.000000 0.000000 0.446798 0.000000 0.000000 0.448225 0.000000 0.000000 0.000000 0.000000 0.000000 0.000000 0.000000 0.000000 0.000000 0.000000
 0.000000 0.000000 0.000001 0.000000 0.000000 0.000000 0.002613 0.000000 0.000000 0.000000 0.000000 0.000000 0.000000 0.000000 0.000000 0.000000 0.498693 0.498693 0.000000 0.000000
 0.000000 0.000000 0.000000 0.000000 0.500000 0.500000 0.000000 0.000000 0.000000 0.000000 0.000000 0.000000 0.000000 0.000000 0.000000 0.000000 0.000000 0.000000 0.000000 0.000000
 0.000000 0.463788 0.000000 0.000000 0.000000 0.000000 0.000000 0.000000 0.463053 0.000000 0.073159 0.000000 0.000000 0.000000 0.000000 0.000000 0.000000 0.000000 0.000000 0.000000
 0.000000 0.000000 0.000000 0.000000 0.000000 0.000000 0.000000 0.000000 0.000000 0.499996 0.000000 0.000000 0.000000 0.000000 0.000000 0.000000 0.000000 0.000000 0.000000 0.500004
 0.000000 0.000000 0.000000 0.000000 0.000000 0.000000 0.007990 0.479562 0.000000 0.000000 0.000000 0.000000 0.479618 0.000000 0.000000 0.000000 0.000000 0.032830 0.000000 0.000000
 0.000000 0.000000 0.477666 0.000000 0.000000 0.000000 0.010994 0.000216 0.000000 0.000000 0.000000 0.000000 0.478379 0.000000 0.000000 0.000000 0.032745 0.000000 0.000000 0.000000
 0.499844 0.000000 0.000000 0.000000 0.000000 0.000000 0.000000 0.000000 0.000000 0.000308 0.000000 0.000000 0.000000 0.000000 0.000000 0.000000 0.000000 0.000000 0.000000 0.499848
 0.000000 0.000000 0.000000 0.000000 0.000000 0.000000 0.000000 0.000000 0.000000 0.000000 0.000000 0.000000 0.000000 0.000000 0.000000 0.499998 0.000000 0.000000 0.500002 0.000000
the mean of prob-rank is 1.4736842105263157
the number of false negetive edges is 0
the number of probability greater than 0 is 3.0/edge
