20
 0.000000 0.000000 0.269272 0.281072 0.158815 0.000000 0.000000 0.271481 0.000000 0.000000 0.000000 0.000000 0.000000 0.000000 0.000000 0.000000 0.019359 0.000000 0.000000 0.000000
 0.000000 0.000000 0.000000 0.000000 0.000000 0.000000 0.000000 0.000000 0.016361 0.003350 0.000000 0.000000 0.000000 0.000000 0.481542 0.000000 0.000000 0.017246 0.000000 0.481501
 0.281804 0.000000 0.000000 0.137550 0.000000 0.000000 0.000000 0.295040 0.000000 0.000000 0.000000 0.000000 0.000000 0.000000 0.000000 0.285605 0.000000 0.000000 0.000000 0.000000
 0.332604 0.000000 0.155530 0.000000 0.329801 0.000000 0.000000 0.003216 0.000000 0.000000 0.000000 0.000018 0.000000 0.000000 0.000000 0.178831 0.000000 0.000000 0.000000 0.000000
 0.195563 0.000000 0.000000 0.343191 0.000000 0.000000 0.001099 0.000000 0.000000 0.000000 0.000000 0.112991 0.000000 0.000000 0.000000 0.000000 0.347156 0.000000 0.000000 0.000000
 0.000000 0.000000 0.000000 0.000000 0.000000 0.000000 0.000000 0.000000 0.000000 0.000000 0.000000 0.036744 0.000000 0.000000 0.000000 0.481851 0.000000 0.481405 0.000000 0.000000
 0.000000 0.000000 0.000000 0.000000 0.001555 0.000000 0.000000 0.000000 0.000000 0.016901 0.490448 0.491095 0.000000 0.000000 0.000000 0.000000 0.000002 0.000000 0.000000 0.000000
 0.341111 0.000000 0.354226 0.003415 0.000000 0.000000 0.000000 0.000000 0.000000 0.000000 0.000000 0.000000 0.000000 0.000000 0.000000 0.301248 0.000000 0.000000 0.000000 0.000000
 0.000000 0.016716 0.000000 0.000000 0.000000 0.000000 0.000000 0.000000 0.000000 0.000000 0.000000 0.000000 0.000000 0.000000 0.000000 0.000000 0.000000 0.491087 0.000000 0.492197
 0.000000 0.003385 0.000000 0.000000 0.000000 0.000000 0.016751 0.000000 0.000000 0.000000 0.000002 0.466938 0.000000 0.026147 0.486738 0.000000 0.000000 0.000039 0.000000 0.000000
 0.000000 0.000000 0.000000 0.000000 0.000000 0.000000 0.344711 0.000000 0.000000 0.000002 0.000000 0.006900 0.000000 0.308461 0.000000 0.000000 0.011476 0.000000 0.328451 0.000000
 0.000000 0.000000 0.000000 0.000023 0.136441 0.031968 0.419236 0.000000 0.000000 0.402181 0.008381 0.000000 0.000000 0.000000 0.000000 0.000000 0.001771 0.000000 0.000000 0.000000
 0.000000 0.000000 0.000000 0.000000 0.000000 0.000000 0.000000 0.000000 0.000000 0.000000 0.000000 0.000000 0.000000 0.355248 0.000000 0.000000 0.305654 0.000000 0.339097 0.000000
 0.000000 0.000000 0.000000 0.000000 0.000000 0.000000 0.000000 0.000000 0.000000 0.017728 0.294915 0.000000 0.330008 0.000000 0.040408 0.000000 0.000000 0.000000 0.316941 0.000000
 0.000000 0.467238 0.000000 0.000000 0.000000 0.000000 0.000000 0.000000 0.000000 0.467442 0.000000 0.000000 0.000000 0.057236 0.000000 0.000000 0.000000 0.000000 0.000000 0.008084
 0.000000 0.000000 0.288568 0.159798 0.000000 0.298117 0.000000 0.253517 0.000000 0.000000 0.000000 0.000000 0.000000 0.000000 0.000000 0.000000 0.000000 0.000000 0.000000 0.000000
 0.025900 0.000000 0.000000 0.000000 0.377177 0.000000 0.000001 0.000000 0.000000 0.000000 0.012541 0.001594 0.324546 0.000000 0.000000 0.000000 0.000000 0.000000 0.258241 0.000000
 0.000000 0.017235 0.000000 0.000000 0.000000 0.480983 0.000000 0.000000 0.480359 0.000038 0.000000 0.000000 0.000000 0.000000 0.000000 0.000000 0.000000 0.000000 0.000000 0.021385
 0.000000 0.000000 0.000000 0.000000 0.000000 0.000000 0.000000 0.000000 0.000000 0.000000 0.267964 0.000000 0.268798 0.270450 0.000000 0.000000 0.192788 0.000000 0.000000 0.000000
 0.000000 0.484902 0.000000 0.000000 0.000000 0.000000 0.000000 0.000000 0.485158 0.000000 0.000000 0.000000 0.000000 0.000000 0.008390 0.000000 0.000000 0.021550 0.000000 0.000000
the mean of prob-rank is 1.8421052631578947
the number of false negetive edges is 0
the number of probability greater than 0 is 4.8/edge
