20
 0.000000 0.000000 0.000000 0.000000 0.438869 0.000000 0.000000 0.000000 0.000000 0.434415 0.000000 0.000000 0.126717 0.000000 0.000000 0.000000 0.000000 0.000000 0.000000 0.000000
 0.000000 0.000000 0.000000 0.000000 0.000000 0.262672 0.000000 0.000290 0.000000 0.000000 0.211436 0.000000 0.000000 0.000000 0.254827 0.000000 0.000000 0.270775 0.000000 0.000000
 0.000000 0.000000 0.000000 0.000000 0.000000 0.000000 0.000000 0.000000 0.000000 0.000000 0.000000 0.000000 0.000000 0.000000 0.000000 0.000000 0.000000 0.000000 0.500000 0.500000
 0.000000 0.000000 0.000000 0.000000 0.000000 0.000000 0.488980 0.000000 0.488952 0.000000 0.000000 0.000000 0.000000 0.000000 0.000000 0.000000 0.022068 0.000000 0.000000 0.000000
 0.499286 0.000000 0.000000 0.000000 0.000000 0.000000 0.000148 0.000000 0.000000 0.000000 0.000000 0.000000 0.000000 0.000887 0.000000 0.499679 0.000000 0.000000 0.000000 0.000000
 0.000000 0.317610 0.000000 0.000000 0.000000 0.000000 0.000000 0.000000 0.000000 0.000000 0.000000 0.348140 0.000000 0.000000 0.334248 0.000000 0.000000 0.000002 0.000000 0.000000
 0.000000 0.000000 0.000000 0.499884 0.000148 0.000000 0.000000 0.000000 0.000029 0.000000 0.000000 0.000000 0.000000 0.000000 0.000000 0.499938 0.000000 0.000000 0.000000 0.000000
 0.000000 0.000467 0.000000 0.000000 0.000000 0.000000 0.000000 0.000000 0.000000 0.057675 0.462003 0.000000 0.000000 0.463517 0.000000 0.000000 0.000000 0.016338 0.000000 0.000000
 0.000000 0.000000 0.000000 0.485541 0.000000 0.000000 0.000029 0.000000 0.000000 0.000000 0.000000 0.000000 0.000000 0.029066 0.000000 0.000000 0.485365 0.000000 0.000000 0.000000
 0.376342 0.000000 0.000000 0.000000 0.000000 0.000000 0.000000 0.047341 0.000000 0.000000 0.199382 0.000000 0.376935 0.000000 0.000000 0.000000 0.000000 0.000000 0.000000 0.000000
 0.000000 0.220166 0.000000 0.000000 0.000000 0.000000 0.000000 0.298807 0.000000 0.157102 0.000000 0.000000 0.000002 0.000000 0.046657 0.000000 0.000000 0.277267 0.000000 0.000000
 0.000000 0.000000 0.000000 0.000000 0.000000 0.500028 0.000000 0.000000 0.000000 0.000000 0.000000 0.000000 0.000000 0.000000 0.000000 0.000000 0.000000 0.499972 0.000000 0.000000
 0.126782 0.000000 0.000000 0.000000 0.000000 0.000000 0.000000 0.000000 0.000000 0.435324 0.000003 0.000000 0.000000 0.000000 0.437891 0.000000 0.000000 0.000000 0.000000 0.000000
 0.000000 0.000000 0.000000 0.000000 0.000861 0.000000 0.000000 0.485131 0.029039 0.000000 0.000000 0.000000 0.000000 0.000000 0.000000 0.000000 0.000000 0.000010 0.484959 0.000000
 0.000000 0.295289 0.000000 0.000000 0.000000 0.320324 0.000000 0.000000 0.000000 0.000000 0.051921 0.000000 0.332466 0.000000 0.000000 0.000000 0.000000 0.000000 0.000000 0.000000
 0.000000 0.000000 0.000000 0.000000 0.500000 0.000000 0.500000 0.000000 0.000000 0.000000 0.000000 0.000000 0.000000 0.000000 0.000000 0.000000 0.000000 0.000000 0.000000 0.000000
 0.000000 0.000000 0.000000 0.022071 0.000000 0.000000 0.000000 0.000000 0.488835 0.000000 0.000000 0.000000 0.000000 0.000000 0.000000 0.000000 0.000000 0.000000 0.000000 0.489094
 0.000000 0.313770 0.000000 0.000000 0.000000 0.000002 0.000000 0.011759 0.000000 0.000000 0.308553 0.333601 0.000000 0.000007 0.000000 0.000000 0.000000 0.000000 0.032308 0.000000
 0.000000 0.000000 0.477011 0.000000 0.000000 0.000000 0.000000 0.000000 0.000000 0.000000 0.000000 0.000000 0.000000 0.476798 0.000000 0.000000 0.000000 0.046191 0.000000 0.000000
 0.000000 0.000000 0.500000 0.000000 0.000000 0.000000 0.000000 0.000000 0.000000 0.000000 0.000000 0.000000 0.000000 0.000000 0.000000 0.000000 0.500000 0.000000 0.000000 0.000000
the mean of prob-rank is 1.5789473684210527
the number of false negetive edges is 0
the number of probability greater than 0 is 3.8/edge
