20
 0.000000 0.000000 0.000000 0.000000 0.000000 0.000000 0.000000 0.000000 0.357179 0.000000 0.000000 0.000000 0.000000 0.000000 0.277860 0.009498 0.000000 0.355463 0.000000 0.000000
 0.000000 0.000000 0.071575 0.169018 0.000000 0.000398 0.288786 0.007470 0.000000 0.231007 0.000000 0.000000 0.000000 0.201323 0.000000 0.000000 0.000000 0.000000 0.000000 0.030422
 0.000000 0.096655 0.000000 0.096040 0.000000 0.389462 0.379832 0.000338 0.000000 0.036606 0.001068 0.000000 0.000000 0.000000 0.000000 0.000000 0.000000 0.000000 0.000000 0.000000
 0.000000 0.147575 0.062097 0.000000 0.000304 0.099180 0.251908 0.000000 0.000000 0.000000 0.027212 0.000000 0.000000 0.021918 0.052438 0.000000 0.000000 0.000000 0.218276 0.119091
 0.000000 0.000000 0.000000 0.000398 0.000000 0.000000 0.000000 0.000000 0.000000 0.000000 0.000000 0.000000 0.134666 0.000000 0.000000 0.208544 0.000000 0.000002 0.326057 0.330332
 0.000000 0.000570 0.412997 0.162663 0.000000 0.000000 0.001912 0.000000 0.000000 0.007832 0.414027 0.000000 0.000000 0.000000 0.000000 0.000000 0.000000 0.000000 0.000000 0.000000
 0.000000 0.334337 0.325641 0.334020 0.000000 0.001546 0.000000 0.000000 0.000000 0.001159 0.000000 0.000000 0.000000 0.002941 0.000000 0.000000 0.000000 0.000000 0.000000 0.000356
 0.000000 0.011934 0.000400 0.000000 0.000000 0.000000 0.000000 0.000000 0.000000 0.461939 0.064555 0.461172 0.000000 0.000000 0.000000 0.000000 0.000000 0.000000 0.000000 0.000000
 0.321178 0.000000 0.000000 0.000000 0.000000 0.000000 0.000000 0.000000 0.000000 0.000000 0.000000 0.000000 0.000000 0.000000 0.319930 0.099375 0.000000 0.259406 0.000110 0.000000
 0.000000 0.277135 0.032520 0.000001 0.000000 0.006561 0.001201 0.346859 0.000000 0.000000 0.333784 0.001939 0.000000 0.000000 0.000000 0.000000 0.000000 0.000000 0.000000 0.000000
 0.000000 0.000000 0.000992 0.039111 0.000000 0.362827 0.000000 0.050704 0.000000 0.349150 0.000000 0.000000 0.000000 0.000000 0.197215 0.000000 0.000000 0.000000 0.000000 0.000000
 0.000000 0.000000 0.000000 0.000000 0.000000 0.000000 0.000000 0.477854 0.000000 0.002676 0.000000 0.000000 0.034798 0.006024 0.000000 0.000000 0.478649 0.000000 0.000000 0.000000
 0.000000 0.000000 0.000000 0.000000 0.162600 0.000000 0.000000 0.000000 0.000000 0.000000 0.000000 0.029045 0.000000 0.394268 0.000000 0.000000 0.399350 0.000000 0.000000 0.014736
 0.000000 0.246211 0.000000 0.030700 0.000000 0.000000 0.003107 0.000000 0.000000 0.000000 0.000000 0.004450 0.348940 0.000000 0.000000 0.000000 0.013047 0.000000 0.000000 0.353544
 0.213945 0.000000 0.000000 0.057128 0.000000 0.000000 0.000000 0.000000 0.273950 0.000000 0.149488 0.000000 0.000000 0.000000 0.000000 0.045937 0.000000 0.000000 0.259551 0.000000
 0.008607 0.000000 0.000000 0.000000 0.204002 0.000000 0.000000 0.000000 0.100148 0.000000 0.000000 0.000000 0.000000 0.000000 0.054064 0.000000 0.000000 0.323676 0.309504 0.000000
 0.000000 0.000000 0.000000 0.000000 0.000000 0.000000 0.000000 0.000000 0.000000 0.000000 0.000000 0.491045 0.490835 0.018120 0.000000 0.000000 0.000000 0.000000 0.000000 0.000000
 0.355063 0.000000 0.000000 0.000000 0.000002 0.000000 0.000000 0.000000 0.288157 0.000000 0.000000 0.000000 0.000000 0.000000 0.000000 0.356778 0.000000 0.000000 0.000000 0.000000
 0.000000 0.000000 0.000000 0.222328 0.253378 0.000000 0.000000 0.000000 0.000088 0.000000 0.000000 0.000000 0.000000 0.000000 0.242666 0.245870 0.000000 0.000000 0.000000 0.035669
 0.000000 0.038237 0.000000 0.171432 0.362785 0.000000 0.000387 0.000000 0.000000 0.000000 0.000000 0.000000 0.013403 0.363346 0.000000 0.000000 0.000000 0.000000 0.050410 0.000000
the mean of prob-rank is 1.736842105263158
the number of false negetive edges is 0
the number of probability greater than 0 is 6.0/edge
