20
 0.000000 0.000000 0.000000 0.397590 0.000000 0.000000 0.155894 0.397291 0.000000 0.000000 0.000000 0.000000 0.000000 0.000000 0.049225 0.000000 0.000000 0.000000 0.000000 0.000000
 0.000000 0.000000 0.000000 0.000000 0.347724 0.122177 0.000000 0.000000 0.000000 0.000000 0.144179 0.010139 0.000000 0.000000 0.000000 0.001223 0.000000 0.000000 0.000000 0.374558
 0.000000 0.000000 0.000000 0.000000 0.000000 0.000000 0.000000 0.000000 0.000000 0.000000 0.000000 0.000000 0.000000 0.500000 0.000000 0.000000 0.500000 0.000000 0.000000 0.000000
 0.498825 0.000000 0.000000 0.000000 0.000000 0.000000 0.000000 0.002352 0.000000 0.000000 0.000000 0.000000 0.498822 0.000000 0.000000 0.000000 0.000000 0.000000 0.000001 0.000000
 0.000000 0.324321 0.000000 0.000000 0.000000 0.003167 0.000000 0.000000 0.277561 0.000000 0.346207 0.045904 0.000000 0.000000 0.000000 0.002840 0.000000 0.000000 0.000000 0.000000
 0.000000 0.132588 0.000000 0.000000 0.003684 0.000000 0.000000 0.000000 0.000000 0.000000 0.406514 0.059642 0.000000 0.000000 0.000000 0.397571 0.000000 0.000000 0.000000 0.000000
 0.141237 0.000000 0.000000 0.000000 0.000000 0.000000 0.000000 0.000000 0.000002 0.350391 0.000000 0.000000 0.000000 0.000000 0.148160 0.000000 0.000000 0.360209 0.000000 0.000000
 0.498641 0.000000 0.000000 0.002353 0.000000 0.000000 0.000000 0.000000 0.000000 0.000003 0.000000 0.000028 0.000001 0.000000 0.498975 0.000000 0.000000 0.000000 0.000000 0.000000
 0.000000 0.000000 0.000000 0.000000 0.287519 0.000000 0.000002 0.000000 0.000000 0.350524 0.000000 0.000005 0.000000 0.000000 0.000000 0.000000 0.000000 0.361950 0.000000 0.000000
 0.000000 0.000000 0.000000 0.000000 0.000000 0.000000 0.260083 0.000002 0.258931 0.000000 0.000000 0.218094 0.000000 0.000000 0.262891 0.000000 0.000000 0.000000 0.000000 0.000000
 0.000000 0.156934 0.000000 0.000000 0.404028 0.407734 0.000000 0.000000 0.000000 0.000000 0.000000 0.007919 0.000000 0.000000 0.000000 0.023363 0.000000 0.000000 0.000000 0.000022
 0.000000 0.010002 0.000000 0.000000 0.048551 0.054215 0.000000 0.000020 0.000005 0.301448 0.007177 0.000000 0.000000 0.141038 0.000112 0.369535 0.000000 0.000000 0.000000 0.067897
 0.000000 0.000000 0.000000 0.499998 0.000000 0.000000 0.000000 0.000001 0.000000 0.000000 0.000000 0.000000 0.000000 0.000000 0.000000 0.000000 0.000000 0.000000 0.500002 0.000000
 0.000000 0.000000 0.420218 0.000000 0.000000 0.000000 0.000000 0.000000 0.000000 0.000000 0.000000 0.160372 0.000000 0.000000 0.000000 0.000000 0.000000 0.000000 0.000000 0.419410
 0.049157 0.000000 0.000000 0.000000 0.000000 0.000000 0.163313 0.397014 0.000000 0.390395 0.000000 0.000121 0.000000 0.000000 0.000000 0.000000 0.000000 0.000000 0.000000 0.000000
 0.000000 0.001590 0.000000 0.000000 0.003958 0.476183 0.000000 0.000000 0.000000 0.000000 0.027899 0.486908 0.000000 0.000000 0.000000 0.000000 0.000000 0.000000 0.000000 0.003461
 0.000000 0.000000 0.500000 0.000000 0.000000 0.000000 0.000000 0.000000 0.000000 0.000000 0.000000 0.000000 0.000000 0.000000 0.000000 0.000000 0.000000 0.000000 0.500000 0.000000
 0.000000 0.000000 0.000000 0.000000 0.000000 0.000000 0.500000 0.000000 0.500000 0.000000 0.000000 0.000000 0.000000 0.000000 0.000000 0.000000 0.000000 0.000000 0.000000 0.000000
 0.000000 0.000000 0.000000 0.000001 0.000000 0.000000 0.000000 0.000000 0.000000 0.000000 0.000000 0.000000 0.500000 0.000000 0.000000 0.000000 0.500000 0.000000 0.000000 0.000000
 0.000000 0.456792 0.000000 0.000000 0.000000 0.000000 0.000000 0.000000 0.000000 0.000000 0.000025 0.083939 0.000000 0.455997 0.000000 0.003248 0.000000 0.000000 0.000000 0.000000
the mean of prob-rank is 1.8421052631578947
the number of false negetive edges is 0
the number of probability greater than 0 is 4.5/edge
