20
 0.000000 0.000000 0.000000 0.000000 0.000000 0.000000 0.000000 0.000000 0.492115 0.000000 0.000000 0.492226 0.000000 0.000000 0.000000 0.000000 0.000000 0.000000 0.015645 0.000014
 0.000000 0.000000 0.500000 0.000000 0.000000 0.000000 0.000000 0.000000 0.000000 0.000000 0.500000 0.000000 0.000000 0.000000 0.000000 0.000000 0.000000 0.000000 0.000000 0.000000
 0.000000 0.499768 0.000000 0.499769 0.000000 0.000000 0.000000 0.000000 0.000000 0.000000 0.000463 0.000000 0.000000 0.000000 0.000000 0.000000 0.000000 0.000000 0.000000 0.000000
 0.000000 0.000000 0.385797 0.000000 0.216095 0.000000 0.000000 0.000000 0.000000 0.000000 0.012311 0.000000 0.000000 0.000000 0.000000 0.385797 0.000000 0.000000 0.000000 0.000000
 0.000000 0.000000 0.000000 0.158837 0.000000 0.000000 0.000000 0.000000 0.000000 0.000000 0.041027 0.000000 0.000000 0.283574 0.259363 0.000001 0.257199 0.000000 0.000000 0.000000
 0.000000 0.000000 0.000000 0.000000 0.000000 0.000000 0.500000 0.000000 0.500000 0.000000 0.000000 0.000000 0.000000 0.000000 0.000000 0.000000 0.000000 0.000000 0.000000 0.000000
 0.000000 0.000000 0.000000 0.000000 0.000000 0.500000 0.000000 0.500000 0.000000 0.000000 0.000000 0.000000 0.000000 0.000000 0.000000 0.000000 0.000000 0.000000 0.000000 0.000000
 0.000000 0.000000 0.000000 0.000000 0.000000 0.000000 0.358164 0.000000 0.000000 0.000011 0.000000 0.000000 0.339919 0.000000 0.301906 0.000000 0.000000 0.000000 0.000000 0.000000
 0.498818 0.000000 0.000000 0.000000 0.000000 0.498931 0.000000 0.000000 0.000000 0.000000 0.000000 0.002244 0.000000 0.000000 0.000000 0.000000 0.000000 0.000000 0.000000 0.000007
 0.000000 0.000000 0.000000 0.000000 0.000000 0.000000 0.000000 0.000015 0.000000 0.000000 0.000000 0.000000 0.499993 0.000000 0.000000 0.000000 0.000000 0.499992 0.000000 0.000000
 0.000000 0.459287 0.000426 0.014656 0.066449 0.000000 0.000000 0.000000 0.000000 0.000000 0.000000 0.000000 0.000000 0.459182 0.000000 0.000000 0.000000 0.000000 0.000000 0.000000
 0.498881 0.000000 0.000000 0.000000 0.000000 0.000000 0.000000 0.000000 0.002244 0.000000 0.000000 0.000000 0.000000 0.000000 0.000000 0.000000 0.000000 0.000000 0.000000 0.498876
 0.000000 0.000000 0.000000 0.000000 0.000000 0.000000 0.000000 0.330698 0.000000 0.348449 0.000000 0.000000 0.000000 0.000000 0.320853 0.000000 0.000000 0.000000 0.000000 0.000000
 0.000000 0.000000 0.000000 0.000000 0.440167 0.000000 0.000000 0.000000 0.000000 0.000000 0.440067 0.000000 0.000000 0.000000 0.000000 0.000000 0.119766 0.000000 0.000000 0.000000
 0.000000 0.000000 0.000000 0.000000 0.251152 0.000000 0.000000 0.231465 0.000000 0.000000 0.000000 0.000000 0.252850 0.000000 0.000000 0.000000 0.264533 0.000000 0.000000 0.000000
 0.000000 0.000000 0.000000 0.499999 0.000002 0.000000 0.000000 0.000000 0.000000 0.000000 0.000000 0.000000 0.000000 0.000000 0.000000 0.000000 0.000000 0.000000 0.500000 0.000000
 0.000000 0.000000 0.000000 0.000000 0.288627 0.000000 0.000000 0.000000 0.000000 0.000000 0.000000 0.000000 0.000000 0.086587 0.306562 0.000000 0.000000 0.318225 0.000000 0.000000
 0.000000 0.000000 0.000000 0.000000 0.000000 0.000000 0.000000 0.000000 0.000000 0.499999 0.000000 0.000000 0.000000 0.000000 0.000000 0.000000 0.500001 0.000000 0.000000 0.000000
 0.015645 0.000000 0.000000 0.000000 0.000000 0.000000 0.000000 0.000000 0.000000 0.000000 0.000000 0.000000 0.000000 0.000000 0.000000 0.492202 0.000000 0.000000 0.000000 0.492154
 0.000014 0.000000 0.000000 0.000000 0.000000 0.000000 0.000000 0.000000 0.000007 0.000000 0.000000 0.500011 0.000000 0.000000 0.000000 0.000000 0.000000 0.000000 0.499968 0.000000
the mean of prob-rank is 1.736842105263158
the number of false negetive edges is 0
the number of probability greater than 0 is 3.4/edge
