20
 0.000000 0.000000 0.497538 0.000000 0.000000 0.497537 0.000000 0.000000 0.000000 0.000000 0.000000 0.000000 0.004924 0.000000 0.000000 0.000000 0.000000 0.000000 0.000000 0.000000
 0.000000 0.000000 0.000000 0.000000 0.000000 0.000000 0.000000 0.000000 0.000000 0.028170 0.000000 0.417409 0.000000 0.000000 0.000000 0.000000 0.421151 0.000000 0.133270 0.000000
 0.500244 0.000000 0.000000 0.000000 0.000000 0.000000 0.000000 0.000000 0.000000 0.000000 0.000000 0.000000 0.499756 0.000000 0.000000 0.000000 0.000000 0.000000 0.000000 0.000000
 0.000000 0.000000 0.000000 0.000000 0.499999 0.000000 0.000000 0.000000 0.500001 0.000000 0.000000 0.000000 0.000000 0.000000 0.000000 0.000000 0.000000 0.000000 0.000000 0.000000
 0.000000 0.000000 0.000000 0.499997 0.000000 0.000000 0.000000 0.000000 0.000000 0.000004 0.000000 0.000000 0.000000 0.000000 0.000000 0.499999 0.000000 0.000000 0.000000 0.000000
 0.499999 0.000000 0.000000 0.000000 0.000000 0.000000 0.000000 0.000000 0.000000 0.000000 0.000000 0.000000 0.000000 0.500001 0.000000 0.000000 0.000000 0.000000 0.000000 0.000000
 0.000000 0.000000 0.000000 0.000000 0.000000 0.000000 0.000000 0.000000 0.000000 0.000000 0.147205 0.000000 0.341394 0.000000 0.000000 0.000000 0.000000 0.346010 0.000000 0.165390
 0.000000 0.000000 0.000000 0.000000 0.000000 0.000000 0.000000 0.000000 0.018975 0.490440 0.000000 0.000000 0.000000 0.000000 0.000000 0.000000 0.000000 0.000000 0.490584 0.000000
 0.000000 0.000000 0.000000 0.490615 0.000000 0.000000 0.000000 0.018972 0.000000 0.490414 0.000000 0.000000 0.000000 0.000000 0.000000 0.000000 0.000000 0.000000 0.000000 0.000000
 0.000000 0.032185 0.000000 0.000000 0.000004 0.000000 0.000000 0.480916 0.480984 0.000000 0.000000 0.000000 0.000000 0.000000 0.000000 0.000000 0.000000 0.000000 0.005911 0.000000
 0.000000 0.000000 0.000000 0.000000 0.000000 0.000000 0.175792 0.000000 0.000000 0.000000 0.000000 0.000000 0.000000 0.000000 0.000000 0.000000 0.000000 0.410982 0.000000 0.413226
 0.000000 0.367676 0.000000 0.000000 0.000000 0.000000 0.000000 0.000000 0.000000 0.000000 0.000000 0.000000 0.000000 0.000000 0.000000 0.000000 0.200752 0.000000 0.370817 0.060755
 0.003911 0.000000 0.394765 0.000000 0.000000 0.000000 0.389858 0.000000 0.000000 0.000000 0.000000 0.000000 0.000000 0.000000 0.000000 0.000000 0.000000 0.211466 0.000000 0.000000
 0.000000 0.000000 0.000000 0.000000 0.000000 0.500000 0.000000 0.000000 0.000000 0.000000 0.000000 0.000000 0.000000 0.000000 0.500000 0.000000 0.000000 0.000000 0.000000 0.000000
 0.000000 0.000000 0.000000 0.000000 0.000000 0.000000 0.000000 0.000000 0.000000 0.000000 0.000000 0.000000 0.000000 0.500000 0.000000 0.500000 0.000000 0.000000 0.000000 0.000000
 0.000000 0.000000 0.000000 0.000000 0.500000 0.000000 0.000000 0.000000 0.000000 0.000000 0.000000 0.000000 0.000000 0.000000 0.500000 0.000000 0.000000 0.000000 0.000000 0.000000
 0.000000 0.396616 0.000000 0.000000 0.000000 0.000000 0.000000 0.000000 0.000000 0.000000 0.000000 0.214629 0.000000 0.000000 0.000000 0.000000 0.000000 0.000000 0.000042 0.388713
 0.000000 0.000000 0.000000 0.000000 0.000000 0.000000 0.395288 0.000000 0.000000 0.000000 0.393162 0.000000 0.211550 0.000000 0.000000 0.000000 0.000000 0.000000 0.000000 0.000000
 0.000000 0.135918 0.000000 0.000000 0.000000 0.000000 0.000000 0.429417 0.000000 0.005277 0.000000 0.429342 0.000000 0.000000 0.000000 0.000000 0.000045 0.000000 0.000000 0.000000
 0.000000 0.000000 0.000000 0.000000 0.000000 0.000000 0.182305 0.000000 0.000000 0.000000 0.381418 0.062464 0.000000 0.000000 0.000000 0.000000 0.373812 0.000000 0.000000 0.000000
the mean of prob-rank is 1.4736842105263157
the number of false negetive edges is 0
the number of probability greater than 0 is 3.2/edge
