20
 0.000000 0.000000 0.000000 0.000202 0.000000 0.000000 0.000000 0.000000 0.314898 0.000000 0.141184 0.000000 0.000000 0.256547 0.287169 0.000000 0.000000 0.000000 0.000000 0.000000
 0.000000 0.000000 0.000000 0.000000 0.000000 0.000000 0.000000 0.000000 0.000000 0.002544 0.000000 0.323017 0.000000 0.000000 0.000000 0.000000 0.129551 0.000000 0.219518 0.325371
 0.000000 0.000000 0.000000 0.000002 0.000000 0.000000 0.239295 0.000000 0.000000 0.000000 0.000000 0.000000 0.383289 0.000000 0.000000 0.000113 0.377301 0.000000 0.000000 0.000000
 0.000188 0.000000 0.000001 0.000000 0.000000 0.000000 0.000000 0.000000 0.000000 0.000000 0.293780 0.000000 0.000000 0.221973 0.197365 0.000000 0.286692 0.000000 0.000000 0.000000
 0.000000 0.000000 0.000000 0.000000 0.000000 0.434840 0.434426 0.000000 0.000000 0.000000 0.000000 0.012394 0.000000 0.000000 0.000000 0.000000 0.000000 0.118340 0.000000 0.000000
 0.000000 0.000000 0.000000 0.000000 0.500104 0.000000 0.000006 0.000000 0.000000 0.000000 0.000000 0.000000 0.000000 0.000000 0.000000 0.000000 0.000000 0.499890 0.000000 0.000000
 0.000000 0.000000 0.238770 0.000000 0.382141 0.000005 0.000000 0.000000 0.000000 0.000000 0.000000 0.000000 0.013710 0.000000 0.000000 0.365374 0.000000 0.000000 0.000000 0.000000
 0.000000 0.000000 0.000000 0.000000 0.000000 0.000000 0.000000 0.000000 0.000000 0.489997 0.000000 0.000000 0.000000 0.000000 0.490270 0.000000 0.000000 0.000000 0.000000 0.019733
 0.364559 0.000000 0.000000 0.000000 0.000000 0.000000 0.000000 0.000000 0.000000 0.000000 0.000000 0.000000 0.000000 0.352153 0.000000 0.283288 0.000000 0.000000 0.000000 0.000000
 0.000000 0.003859 0.000000 0.000000 0.000000 0.000000 0.000000 0.497931 0.000000 0.000000 0.000000 0.000000 0.000000 0.000000 0.000000 0.000000 0.000002 0.000000 0.000000 0.498208
 0.176029 0.000000 0.000000 0.392560 0.000000 0.000000 0.000000 0.000000 0.000000 0.000000 0.000000 0.000000 0.000000 0.388594 0.042816 0.000000 0.000000 0.000000 0.000000 0.000000
 0.000000 0.352593 0.000000 0.000000 0.010217 0.000000 0.000000 0.000000 0.000000 0.000000 0.000000 0.000000 0.000000 0.000000 0.000000 0.000000 0.167860 0.110853 0.358476 0.000000
 0.000000 0.000000 0.491243 0.000000 0.000000 0.000000 0.017610 0.000000 0.000000 0.000000 0.000000 0.000000 0.000000 0.000000 0.000000 0.491054 0.000093 0.000000 0.000000 0.000000
 0.231062 0.000000 0.000000 0.214263 0.000000 0.000000 0.000000 0.000000 0.273965 0.000000 0.280710 0.000000 0.000000 0.000000 0.000000 0.000000 0.000000 0.000000 0.000000 0.000000
 0.338671 0.000000 0.000000 0.249457 0.000000 0.000000 0.000000 0.371373 0.000000 0.000000 0.040499 0.000000 0.000000 0.000000 0.000000 0.000000 0.000000 0.000000 0.000000 0.000000
 0.000000 0.000000 0.000108 0.000000 0.000000 0.000000 0.349633 0.000000 0.284428 0.000000 0.000000 0.000000 0.365832 0.000000 0.000000 0.000000 0.000000 0.000000 0.000000 0.000000
 0.000000 0.139266 0.347469 0.344466 0.000000 0.000000 0.000000 0.000000 0.000000 0.000001 0.000000 0.165312 0.000067 0.000000 0.000000 0.000000 0.000000 0.000000 0.003149 0.000269
 0.000000 0.000000 0.000000 0.000000 0.101083 0.371270 0.000000 0.000000 0.000000 0.000000 0.000000 0.114858 0.000000 0.000000 0.000000 0.000000 0.000000 0.000000 0.368773 0.044017
 0.000000 0.249807 0.000000 0.000000 0.000000 0.000000 0.000000 0.000000 0.000000 0.000000 0.000000 0.373721 0.000000 0.000000 0.000000 0.000000 0.003333 0.371050 0.000000 0.002089
 0.000000 0.459563 0.000000 0.000000 0.000000 0.000000 0.000000 0.018669 0.000000 0.463852 0.000000 0.000000 0.000000 0.000000 0.000000 0.000000 0.000354 0.054970 0.002592 0.000000
the mean of prob-rank is 1.4210526315789473
the number of false negetive edges is 0
the number of probability greater than 0 is 4.6/edge
