20
 0.000000 0.000000 0.000000 0.000000 0.000000 0.500002 0.000000 0.000000 0.000000 0.000000 0.000000 0.000000 0.000000 0.000000 0.000000 0.000000 0.000000 0.000000 0.000000 0.499998
 0.000000 0.000000 0.000000 0.000000 0.000000 0.000000 0.000000 0.000000 0.000000 0.000000 0.000000 0.000000 0.000000 0.000000 0.000000 0.447365 0.000000 0.104792 0.000000 0.447843
 0.000000 0.000000 0.000000 0.468195 0.000000 0.000000 0.000000 0.000000 0.000000 0.000000 0.000000 0.000000 0.000000 0.000000 0.000000 0.063187 0.468617 0.000000 0.000000 0.000000
 0.000000 0.000000 0.465454 0.000000 0.000000 0.000000 0.000000 0.068675 0.000000 0.465871 0.000000 0.000000 0.000000 0.000000 0.000000 0.000000 0.000000 0.000000 0.000000 0.000000
 0.000000 0.000000 0.000000 0.000000 0.000000 0.000000 0.000000 0.302216 0.000000 0.000000 0.110720 0.000000 0.028646 0.000000 0.306474 0.000000 0.000000 0.000000 0.251944 0.000000
 0.500000 0.000000 0.000000 0.000000 0.000000 0.000000 0.000000 0.000000 0.000000 0.000000 0.000000 0.000000 0.000000 0.500000 0.000000 0.000000 0.000000 0.000000 0.000000 0.000000
 0.000000 0.000000 0.000000 0.000000 0.000000 0.000000 0.000000 0.000000 0.000000 0.000000 0.000000 0.337490 0.372790 0.000000 0.000000 0.037382 0.000000 0.252337 0.000000 0.000000
 0.000000 0.000000 0.000000 0.048569 0.323045 0.000000 0.000000 0.000000 0.000000 0.000000 0.310604 0.000000 0.000000 0.000000 0.191947 0.000000 0.125834 0.000000 0.000000 0.000000
 0.000000 0.000000 0.000000 0.000000 0.000000 0.000000 0.000000 0.000000 0.000000 0.000000 0.000000 0.499999 0.000000 0.000000 0.000000 0.000000 0.000000 0.500001 0.000000 0.000000
 0.000000 0.000000 0.000000 0.499999 0.000000 0.000000 0.000000 0.000000 0.000000 0.000000 0.000000 0.000000 0.000000 0.500001 0.000000 0.000000 0.000000 0.000000 0.000000 0.000000
 0.000000 0.000000 0.000000 0.000000 0.156047 0.000000 0.000000 0.409534 0.000000 0.000000 0.000000 0.000000 0.000000 0.000000 0.000000 0.000000 0.000000 0.000000 0.434418 0.000000
 0.000000 0.000000 0.000000 0.000000 0.000000 0.000000 0.325042 0.000000 0.359038 0.000000 0.000000 0.000000 0.009418 0.000000 0.000000 0.000000 0.000000 0.000000 0.306503 0.000000
 0.000000 0.000000 0.000000 0.000000 0.037697 0.000000 0.405619 0.000000 0.000000 0.000000 0.000000 0.010639 0.000000 0.000000 0.228227 0.296784 0.000003 0.000016 0.021015 0.000000
 0.000000 0.000000 0.000000 0.000000 0.000000 0.500000 0.000000 0.000000 0.000000 0.500000 0.000000 0.000000 0.000000 0.000000 0.000000 0.000000 0.000000 0.000000 0.000000 0.000000
 0.000000 0.000000 0.000000 0.000000 0.317078 0.000000 0.000000 0.185784 0.000000 0.000000 0.000000 0.000000 0.179433 0.000000 0.000000 0.000000 0.317705 0.000000 0.000000 0.000000
 0.000000 0.347901 0.046976 0.000000 0.000000 0.000000 0.034935 0.000000 0.000000 0.000000 0.000000 0.000000 0.254911 0.000000 0.000000 0.000000 0.000046 0.315230 0.000000 0.000000
 0.000000 0.000000 0.420465 0.000000 0.000000 0.000000 0.000000 0.160584 0.000000 0.000000 0.000000 0.000000 0.000003 0.000000 0.418892 0.000056 0.000000 0.000000 0.000000 0.000000
 0.000000 0.083076 0.000000 0.000000 0.000000 0.000000 0.240402 0.000000 0.355156 0.000000 0.000000 0.000000 0.000014 0.000000 0.000000 0.321353 0.000000 0.000000 0.000000 0.000000
 0.000000 0.000000 0.000000 0.000000 0.300192 0.000000 0.000000 0.000000 0.000000 0.000000 0.367259 0.313521 0.019028 0.000000 0.000000 0.000000 0.000000 0.000000 0.000000 0.000000
 0.500082 0.499917 0.000000 0.000000 0.000000 0.000000 0.000000 0.000000 0.000000 0.000000 0.000000 0.000000 0.000000 0.000000 0.000000 0.000000 0.000000 0.000001 0.000000 0.000000
the mean of prob-rank is 1.6842105263157894
the number of false negetive edges is 0
the number of probability greater than 0 is 3.7/edge
