20
 0.000000 0.000000 0.371338 0.000000 0.377166 0.025034 0.000000 0.000000 0.000000 0.000000 0.000000 0.000002 0.000000 0.000000 0.000000 0.000000 0.000000 0.000000 0.226460 0.000000
 0.000000 0.000000 0.375930 0.000000 0.000000 0.000000 0.258128 0.000000 0.000000 0.000000 0.000000 0.000000 0.000000 0.000000 0.000000 0.000000 0.000000 0.000000 0.365942 0.000000
 0.358250 0.363871 0.000000 0.000000 0.000000 0.000000 0.000000 0.000000 0.000000 0.000000 0.000000 0.277878 0.000000 0.000000 0.000000 0.000000 0.000000 0.000000 0.000000 0.000000
 0.000000 0.000000 0.000000 0.000000 0.000000 0.000000 0.000000 0.000000 0.000000 0.000000 0.000003 0.000000 0.000000 0.000000 0.000000 0.000000 0.499999 0.499998 0.000000 0.000000
 0.289276 0.000000 0.000000 0.000000 0.000000 0.050396 0.000000 0.000000 0.000000 0.000000 0.273829 0.000000 0.000000 0.000000 0.000000 0.000000 0.240655 0.000000 0.145845 0.000000
 0.021705 0.000000 0.000000 0.000000 0.056970 0.000000 0.000000 0.304630 0.000000 0.000000 0.000000 0.327004 0.000000 0.000000 0.289691 0.000000 0.000000 0.000000 0.000000 0.000000
 0.000000 0.258475 0.000000 0.000000 0.000000 0.000000 0.000000 0.000000 0.000000 0.000000 0.000000 0.000000 0.000000 0.000000 0.000000 0.000000 0.365357 0.000000 0.376168 0.000000
 0.000000 0.000000 0.000000 0.000000 0.000000 0.299449 0.000000 0.000000 0.000000 0.000000 0.318112 0.000000 0.271793 0.000000 0.000000 0.110646 0.000000 0.000000 0.000000 0.000000
 0.000000 0.000000 0.000000 0.000000 0.000000 0.000000 0.000000 0.000000 0.000000 0.000000 0.000000 0.000000 0.000000 0.496475 0.000000 0.007051 0.000000 0.000000 0.000000 0.496474
 0.000000 0.000000 0.000000 0.000000 0.000000 0.000000 0.000000 0.000000 0.000000 0.000000 0.000000 0.000000 0.000000 0.500000 0.000000 0.000000 0.000000 0.500000 0.000000 0.000000
 0.000000 0.000000 0.000000 0.000002 0.332694 0.000000 0.000000 0.347813 0.000000 0.000000 0.000000 0.000000 0.000000 0.000000 0.000000 0.319468 0.000000 0.000023 0.000000 0.000000
 0.000002 0.000000 0.286787 0.000000 0.000000 0.375530 0.000000 0.000000 0.000000 0.000000 0.000000 0.000000 0.000000 0.000000 0.337681 0.000000 0.000000 0.000000 0.000000 0.000000
 0.000000 0.000000 0.000000 0.000000 0.000000 0.000000 0.000000 0.307069 0.000000 0.000000 0.000000 0.000000 0.000000 0.000000 0.363170 0.326283 0.000000 0.000000 0.000000 0.003477
 0.000000 0.000000 0.000000 0.000000 0.000000 0.000000 0.000000 0.000000 0.500000 0.500000 0.000000 0.000000 0.000000 0.000000 0.000000 0.000000 0.000000 0.000000 0.000000 0.000000
 0.000000 0.000000 0.000000 0.000000 0.000000 0.318081 0.000000 0.000000 0.000000 0.000000 0.000000 0.322862 0.359058 0.000000 0.000000 0.000000 0.000000 0.000000 0.000000 0.000000
 0.000000 0.000000 0.000000 0.000000 0.000000 0.000000 0.000000 0.108727 0.004486 0.000000 0.287120 0.000000 0.283792 0.000000 0.000000 0.000000 0.000000 0.000000 0.000000 0.315875
 0.000000 0.000000 0.000000 0.356707 0.296752 0.000000 0.346210 0.000000 0.000000 0.000000 0.000000 0.000000 0.000000 0.000000 0.000000 0.000000 0.000000 0.000331 0.000000 0.000000
 0.000000 0.000000 0.000000 0.499752 0.000000 0.000000 0.000000 0.000000 0.000000 0.499753 0.000032 0.000000 0.000000 0.000000 0.000000 0.000000 0.000463 0.000000 0.000000 0.000000
 0.195113 0.316324 0.000000 0.000000 0.163835 0.000000 0.324728 0.000000 0.000000 0.000000 0.000000 0.000000 0.000000 0.000000 0.000000 0.000000 0.000000 0.000000 0.000000 0.000000
 0.000000 0.000000 0.000000 0.000000 0.000000 0.000000 0.000000 0.000000 0.497617 0.000000 0.000000 0.000000 0.004764 0.000000 0.000000 0.497619 0.000000 0.000000 0.000000 0.000000
the mean of prob-rank is 1.4736842105263157
the number of false negetive edges is 0
the number of probability greater than 0 is 3.7/edge
