20
 0.000000 0.001821 0.000000 0.000000 0.000000 0.000000 0.000001 0.000000 0.000000 0.000000 0.000000 0.095105 0.000000 0.000000 0.000000 0.000000 0.451435 0.451638 0.000000 0.000000
 0.001821 0.000000 0.000000 0.000000 0.000000 0.450929 0.451655 0.000000 0.000000 0.049556 0.000000 0.000000 0.045349 0.000000 0.000000 0.000000 0.000690 0.000000 0.000000 0.000000
 0.000000 0.000000 0.000000 0.000000 0.000000 0.000000 0.000000 0.000000 0.247377 0.262132 0.000000 0.000000 0.146764 0.000003 0.276960 0.000000 0.000000 0.000000 0.009578 0.057186
 0.000000 0.000000 0.000000 0.000000 0.000000 0.000000 0.000000 0.374188 0.000000 0.000000 0.000000 0.369950 0.000000 0.000000 0.000000 0.000000 0.000000 0.255861 0.000000 0.000000
 0.000000 0.000000 0.000000 0.000000 0.000000 0.000000 0.000007 0.499996 0.000000 0.000000 0.000000 0.000000 0.000000 0.000000 0.000000 0.499996 0.000000 0.000000 0.000000 0.000000
 0.000000 0.477509 0.000000 0.000000 0.000000 0.000000 0.012789 0.000000 0.000000 0.000000 0.000000 0.000000 0.031294 0.000000 0.000000 0.000000 0.000000 0.000000 0.000093 0.478316
 0.000001 0.493380 0.000000 0.000000 0.000007 0.013192 0.000000 0.000000 0.000000 0.000000 0.000000 0.000000 0.000000 0.000000 0.000000 0.493419 0.000000 0.000000 0.000000 0.000000
 0.000000 0.000000 0.000000 0.491732 0.492459 0.000000 0.000000 0.000000 0.000000 0.000000 0.000000 0.003156 0.000000 0.000000 0.000000 0.000000 0.000000 0.012653 0.000000 0.000000
 0.000000 0.000000 0.187512 0.000000 0.000000 0.000000 0.000000 0.000000 0.000000 0.203889 0.000264 0.003578 0.000000 0.213913 0.195351 0.000000 0.195493 0.000000 0.000000 0.000000
 0.000000 0.028516 0.241358 0.000000 0.000000 0.000000 0.000000 0.000000 0.247666 0.000000 0.000000 0.000000 0.252949 0.001718 0.000000 0.000000 0.227087 0.000000 0.000706 0.000000
 0.000000 0.000000 0.000000 0.000000 0.000000 0.000000 0.000000 0.000000 0.000424 0.000000 0.000000 0.326980 0.000000 0.341461 0.331136 0.000000 0.000000 0.000000 0.000000 0.000000
 0.046680 0.000000 0.000000 0.218853 0.000000 0.000000 0.000000 0.001421 0.003707 0.000000 0.211418 0.000000 0.000000 0.102630 0.000000 0.000000 0.201120 0.214172 0.000000 0.000000
 0.000000 0.037762 0.195547 0.000000 0.000000 0.024608 0.000000 0.000000 0.000000 0.366036 0.000000 0.000000 0.000000 0.000000 0.000000 0.000000 0.000000 0.000000 0.376047 0.000000
 0.000000 0.000000 0.000004 0.000000 0.000000 0.000000 0.000000 0.000000 0.334689 0.002212 0.333419 0.154990 0.000000 0.000000 0.137581 0.000000 0.037106 0.000000 0.000000 0.000000
 0.000000 0.000000 0.299961 0.000000 0.000000 0.000000 0.000000 0.000000 0.279121 0.000000 0.295276 0.000000 0.000000 0.125641 0.000000 0.000000 0.000000 0.000000 0.000000 0.000000
 0.000000 0.000000 0.000000 0.000000 0.500000 0.000000 0.500000 0.000000 0.000000 0.000000 0.000000 0.000000 0.000000 0.000000 0.000000 0.000000 0.000000 0.000000 0.000000 0.000000
 0.262582 0.000401 0.000000 0.000000 0.000000 0.000000 0.000000 0.000000 0.240024 0.229532 0.000000 0.238342 0.000000 0.029118 0.000000 0.000000 0.000000 0.000000 0.000000 0.000000
 0.373878 0.000000 0.000000 0.255288 0.000000 0.000000 0.000000 0.009607 0.000000 0.000000 0.000000 0.361227 0.000000 0.000000 0.000000 0.000000 0.000000 0.000000 0.000000 0.000000
 0.000000 0.000000 0.016660 0.000000 0.000000 0.000095 0.000000 0.000000 0.000000 0.001333 0.000000 0.000000 0.490911 0.000000 0.000000 0.000000 0.000000 0.000000 0.000000 0.491001
 0.000000 0.000000 0.091975 0.000000 0.000000 0.454016 0.000000 0.000000 0.000000 0.000000 0.000000 0.000000 0.000000 0.000000 0.000000 0.000000 0.000000 0.000000 0.454009 0.000000
the mean of prob-rank is 1.7894736842105263
the number of false negetive edges is 0
the number of probability greater than 0 is 4.9/edge
