20
 0.000000 0.000000 0.000000 0.000065 0.000000 0.000409 0.000000 0.000000 0.000000 0.000000 0.000000 0.000000 0.499764 0.000000 0.000000 0.499762 0.000000 0.000000 0.000000 0.000000
 0.000000 0.000000 0.000000 0.000000 0.000000 0.000000 0.000000 0.000000 0.000000 0.359709 0.000000 0.000000 0.000000 0.000000 0.000000 0.000000 0.000000 0.304024 0.000000 0.336267
 0.000000 0.000000 0.000000 0.000000 0.000000 0.003803 0.000000 0.000000 0.498033 0.000000 0.000000 0.498164 0.000000 0.000000 0.000000 0.000000 0.000000 0.000000 0.000000 0.000000
 0.000056 0.000000 0.000000 0.000000 0.000000 0.426297 0.000000 0.147346 0.426301 0.000000 0.000000 0.000000 0.000000 0.000000 0.000000 0.000000 0.000000 0.000000 0.000000 0.000000
 0.000000 0.000000 0.000000 0.000000 0.000000 0.000000 0.000000 0.013979 0.000000 0.000991 0.000000 0.000000 0.492486 0.000000 0.000000 0.000000 0.000000 0.492544 0.000000 0.000000
 0.000407 0.000000 0.003800 0.497733 0.000000 0.000000 0.000000 0.000000 0.000223 0.000000 0.000000 0.000000 0.000008 0.000000 0.000000 0.497828 0.000000 0.000000 0.000000 0.000000
 0.000000 0.000000 0.000000 0.000000 0.000000 0.000000 0.000000 0.000000 0.000000 0.000000 0.000000 0.000000 0.000000 0.140348 0.377306 0.000000 0.101596 0.000000 0.380749 0.000000
 0.000000 0.000000 0.000000 0.105474 0.008663 0.000000 0.000000 0.000000 0.007990 0.000000 0.000000 0.000000 0.000000 0.303394 0.156488 0.000000 0.114115 0.000000 0.000000 0.303876
 0.000000 0.000000 0.411030 0.411071 0.000000 0.000184 0.000000 0.010763 0.000000 0.000000 0.000000 0.000001 0.000000 0.166950 0.000000 0.000000 0.000000 0.000000 0.000001 0.000000
 0.000000 0.351881 0.000000 0.000000 0.000708 0.000000 0.000000 0.000000 0.000000 0.000000 0.000000 0.000000 0.000000 0.000000 0.000000 0.000000 0.000000 0.326946 0.000000 0.320464
 0.000000 0.000000 0.000000 0.000000 0.000000 0.000000 0.000000 0.000000 0.000000 0.000000 0.000000 0.500003 0.000000 0.000000 0.000000 0.000000 0.000000 0.000000 0.499997 0.000000
 0.000000 0.000000 0.499993 0.000000 0.000000 0.000000 0.000000 0.000000 0.000001 0.000000 0.500006 0.000000 0.000000 0.000000 0.000000 0.000000 0.000000 0.000000 0.000000 0.000000
 0.499742 0.000000 0.000000 0.000000 0.499684 0.000008 0.000000 0.000000 0.000000 0.000000 0.000000 0.000000 0.000000 0.000000 0.000000 0.000132 0.000000 0.000434 0.000000 0.000000
 0.000000 0.000000 0.000000 0.000000 0.000000 0.000000 0.107320 0.289410 0.118223 0.000000 0.000000 0.000000 0.000000 0.000000 0.207684 0.000000 0.277362 0.000000 0.000000 0.000000
 0.000000 0.000000 0.000000 0.000000 0.000000 0.000000 0.308038 0.159377 0.000000 0.000000 0.000000 0.000000 0.000000 0.221738 0.000000 0.000000 0.310848 0.000000 0.000000 0.000000
 0.499934 0.000000 0.000000 0.000000 0.000000 0.499933 0.000000 0.000000 0.000000 0.000000 0.000000 0.000000 0.000132 0.000000 0.000000 0.000000 0.000000 0.000000 0.000000 0.000000
 0.000000 0.000000 0.000000 0.000000 0.000000 0.000000 0.087462 0.122550 0.000000 0.000000 0.000000 0.000000 0.000000 0.312258 0.327776 0.000000 0.000000 0.000000 0.000000 0.149953
 0.000000 0.304552 0.000000 0.000000 0.360334 0.000000 0.000000 0.000000 0.000000 0.334800 0.000000 0.000000 0.000313 0.000000 0.000000 0.000000 0.000000 0.000000 0.000000 0.000000
 0.000000 0.000000 0.000000 0.000000 0.000000 0.000000 0.500003 0.000000 0.000001 0.000000 0.499996 0.000000 0.000000 0.000000 0.000000 0.000000 0.000000 0.000000 0.000000 0.000000
 0.000000 0.283399 0.000000 0.000000 0.000000 0.000000 0.000000 0.301825 0.000000 0.276088 0.000000 0.000000 0.000000 0.000000 0.000000 0.000000 0.138688 0.000000 0.000000 0.000000
the mean of prob-rank is 1.631578947368421
the number of false negetive edges is 0
the number of probability greater than 0 is 4.0/edge
