20
 0.000000 0.000001 0.355438 0.000000 0.000000 0.000000 0.000000 0.000000 0.000000 0.000000 0.350931 0.000000 0.000000 0.000000 0.000000 0.000000 0.000000 0.000000 0.254405 0.039225
 0.000001 0.000000 0.000000 0.000000 0.000000 0.000000 0.000000 0.000000 0.000000 0.000000 0.029874 0.000000 0.485221 0.000000 0.000000 0.484899 0.000005 0.000000 0.000000 0.000000
 0.383179 0.000000 0.000000 0.000000 0.000000 0.000000 0.000000 0.000000 0.000000 0.000000 0.046861 0.000000 0.000000 0.000000 0.000000 0.000000 0.000000 0.000000 0.381636 0.188325
 0.000000 0.000000 0.000000 0.000000 0.000000 0.000000 0.000000 0.500000 0.000000 0.499993 0.000000 0.000000 0.000000 0.000007 0.000000 0.000000 0.000000 0.000000 0.000000 0.000000
 0.000000 0.000000 0.000000 0.000000 0.000000 0.000001 0.000002 0.000000 0.310250 0.000000 0.000000 0.303087 0.000000 0.054825 0.000005 0.000000 0.000000 0.331830 0.000000 0.000000
 0.000000 0.000000 0.000000 0.000000 0.000001 0.000000 0.078157 0.000000 0.128466 0.000000 0.000000 0.000000 0.000000 0.335275 0.000000 0.000000 0.000000 0.326174 0.000000 0.131928
 0.000000 0.000000 0.000000 0.000000 0.000002 0.076592 0.000000 0.000000 0.283398 0.000000 0.000000 0.000000 0.000000 0.000000 0.323425 0.000000 0.000000 0.000000 0.000000 0.316583
 0.000000 0.000000 0.000000 0.367635 0.000000 0.000000 0.000000 0.000000 0.000000 0.000000 0.000000 0.349697 0.000000 0.282668 0.000000 0.000000 0.000000 0.000000 0.000000 0.000000
 0.000000 0.000000 0.000000 0.000000 0.216638 0.091751 0.206542 0.000000 0.000000 0.000000 0.000000 0.042156 0.000000 0.000021 0.219829 0.000000 0.000000 0.222304 0.000647 0.000113
 0.000000 0.000000 0.000000 0.499919 0.000000 0.000000 0.000000 0.000000 0.000000 0.000000 0.000000 0.000005 0.000000 0.000000 0.000000 0.000161 0.499915 0.000000 0.000000 0.000000
 0.348604 0.021739 0.043180 0.000000 0.000000 0.000000 0.000000 0.000000 0.000000 0.000000 0.000000 0.000000 0.353001 0.000000 0.000000 0.000000 0.000000 0.000000 0.002409 0.231068
 0.000000 0.000000 0.000000 0.000000 0.223652 0.000000 0.000000 0.240742 0.044549 0.000003 0.000000 0.000000 0.000000 0.197803 0.078175 0.000000 0.000000 0.025495 0.189582 0.000000
 0.000000 0.486369 0.000000 0.000000 0.000000 0.000000 0.000000 0.000000 0.000000 0.000000 0.486248 0.000000 0.000000 0.000000 0.000000 0.000000 0.000000 0.000000 0.000000 0.027383
 0.000000 0.000000 0.000000 0.000004 0.049090 0.307053 0.000000 0.236127 0.000026 0.000000 0.000000 0.240016 0.000000 0.000000 0.000000 0.000000 0.000000 0.167684 0.000000 0.000000
 0.000000 0.000000 0.000000 0.000000 0.000004 0.000000 0.266592 0.000000 0.248627 0.000000 0.000000 0.083666 0.000000 0.000000 0.000000 0.000000 0.000000 0.000000 0.163556 0.237555
 0.000000 0.499753 0.000000 0.000000 0.000000 0.000000 0.000000 0.000000 0.000000 0.000161 0.000000 0.000000 0.000000 0.000000 0.000000 0.000000 0.500086 0.000000 0.000000 0.000000
 0.000000 0.000005 0.000000 0.000000 0.000000 0.000000 0.000000 0.000000 0.000000 0.498500 0.000000 0.000000 0.000000 0.000000 0.000000 0.498510 0.000000 0.000000 0.002985 0.000000
 0.000000 0.000000 0.000000 0.000000 0.275232 0.276715 0.000000 0.000000 0.264064 0.000000 0.000000 0.028658 0.000000 0.155332 0.000000 0.000000 0.000000 0.000000 0.000000 0.000000
 0.177758 0.000000 0.247352 0.000000 0.000000 0.000000 0.000000 0.000000 0.000671 0.000000 0.001694 0.186035 0.000000 0.000000 0.149964 0.000000 0.001487 0.000000 0.000000 0.235038
 0.024560 0.000000 0.109380 0.000000 0.000000 0.087560 0.214411 0.000000 0.000105 0.000000 0.145646 0.000000 0.012530 0.000000 0.195186 0.000000 0.000000 0.000000 0.210622 0.000000
the mean of prob-rank is 1.736842105263158
the number of false negetive edges is 0
the number of probability greater than 0 is 5.35/edge
