20
 0.000000 0.000004 0.000000 0.000771 0.000000 0.000000 0.000000 0.000000 0.457457 0.000000 0.084660 0.000000 0.000000 0.000000 0.000000 0.000000 0.000550 0.000000 0.456559 0.000000
 0.000003 0.000000 0.000000 0.344396 0.000000 0.000000 0.000000 0.000000 0.000000 0.000000 0.000253 0.000000 0.302841 0.000000 0.000000 0.000000 0.352507 0.000000 0.000000 0.000000
 0.000000 0.000000 0.000000 0.000000 0.000000 0.028796 0.000000 0.000000 0.000000 0.000000 0.000000 0.485676 0.000000 0.000000 0.000000 0.485527 0.000000 0.000000 0.000000 0.000000
 0.000534 0.309818 0.000000 0.000000 0.000000 0.000000 0.000000 0.000000 0.000000 0.000229 0.000000 0.000000 0.165960 0.000000 0.000000 0.000000 0.000131 0.307998 0.215330 0.000000
 0.000000 0.000000 0.000000 0.000000 0.000000 0.000000 0.000000 0.000000 0.000000 0.000000 0.493276 0.493752 0.012972 0.000000 0.000000 0.000000 0.000000 0.000000 0.000000 0.000000
 0.000000 0.000000 0.028798 0.000000 0.000000 0.000000 0.000000 0.000000 0.000000 0.000000 0.000000 0.000000 0.000000 0.000000 0.000000 0.485707 0.000000 0.000000 0.000000 0.485495
 0.000000 0.000000 0.000000 0.000000 0.000000 0.000000 0.000000 0.500000 0.000000 0.000000 0.000000 0.000000 0.000000 0.500000 0.000000 0.000000 0.000000 0.000000 0.000000 0.000000
 0.000000 0.000000 0.000000 0.000000 0.000000 0.000000 0.500000 0.000000 0.000000 0.000000 0.000000 0.000000 0.000000 0.000000 0.500000 0.000000 0.000000 0.000000 0.000000 0.000000
 0.500004 0.000000 0.000000 0.000000 0.000000 0.000000 0.000000 0.000000 0.000000 0.000000 0.000000 0.000000 0.000000 0.000000 0.000000 0.000000 0.000000 0.000000 0.000000 0.499996
 0.000000 0.000000 0.000000 0.000273 0.000000 0.000000 0.000000 0.000000 0.000000 0.000000 0.000000 0.000000 0.000000 0.000000 0.378565 0.000000 0.000000 0.358054 0.263108 0.000000
 0.083697 0.000325 0.000000 0.000000 0.451794 0.000000 0.000000 0.000000 0.000000 0.000000 0.000000 0.000000 0.011958 0.000000 0.000000 0.000000 0.452226 0.000000 0.000000 0.000000
 0.000000 0.000000 0.500010 0.000000 0.499990 0.000000 0.000000 0.000000 0.000000 0.000000 0.000000 0.000000 0.000000 0.000000 0.000000 0.000000 0.000000 0.000000 0.000000 0.000000
 0.000000 0.270846 0.000000 0.164991 0.008285 0.000000 0.000000 0.000000 0.000000 0.000000 0.008339 0.000000 0.000000 0.315385 0.000000 0.000000 0.000055 0.232098 0.000000 0.000000
 0.000000 0.000000 0.000000 0.000000 0.000000 0.000000 0.500010 0.000000 0.000000 0.000000 0.000000 0.000000 0.499990 0.000000 0.000000 0.000000 0.000000 0.000000 0.000000 0.000000
 0.000000 0.000000 0.000000 0.000000 0.000000 0.000000 0.000000 0.500000 0.000000 0.500000 0.000000 0.000000 0.000000 0.000000 0.000000 0.000000 0.000000 0.000000 0.000000 0.000000
 0.000000 0.000000 0.447427 0.000000 0.000000 0.447572 0.000000 0.000000 0.000000 0.000000 0.000000 0.000000 0.000000 0.000000 0.000000 0.000000 0.000000 0.000000 0.000000 0.105001
 0.000601 0.499463 0.000000 0.000206 0.000000 0.000000 0.000000 0.000000 0.000000 0.000000 0.499643 0.000000 0.000088 0.000000 0.000000 0.000000 0.000000 0.000000 0.000000 0.000000
 0.000000 0.000000 0.000000 0.298449 0.000000 0.000000 0.000000 0.000000 0.000000 0.290757 0.000000 0.000000 0.226223 0.000000 0.000000 0.000000 0.000000 0.000000 0.184570 0.000000
 0.335792 0.000000 0.000000 0.228364 0.000000 0.000000 0.000000 0.000000 0.000000 0.233839 0.000000 0.000000 0.000000 0.000000 0.000000 0.000000 0.000000 0.202005 0.000000 0.000000
 0.000000 0.000000 0.000000 0.000000 0.000000 0.447402 0.000000 0.000000 0.447591 0.000000 0.000000 0.000000 0.000000 0.000000 0.000000 0.105007 0.000000 0.000000 0.000000 0.000000
the mean of prob-rank is 1.5263157894736843
the number of false negetive edges is 0
the number of probability greater than 0 is 3.7/edge
