20
 0.000000 0.000000 0.000000 0.499999 0.000000 0.000000 0.000000 0.000000 0.000000 0.000000 0.000000 0.000000 0.000001 0.000000 0.000000 0.000000 0.000002 0.000000 0.000000 0.499998
 0.000000 0.000000 0.000000 0.000000 0.000000 0.000000 0.000000 0.000000 0.025573 0.000000 0.000000 0.000010 0.473953 0.000000 0.000000 0.026720 0.000000 0.473744 0.000000 0.000000
 0.000000 0.000000 0.000000 0.000000 0.000000 0.000000 0.499999 0.000000 0.000000 0.000000 0.000002 0.000000 0.000000 0.000000 0.000000 0.000000 0.000000 0.499999 0.000000 0.000000
 0.499998 0.000000 0.000000 0.000000 0.000000 0.000000 0.000000 0.000000 0.000000 0.000000 0.000000 0.000000 0.000000 0.000000 0.000000 0.000000 0.500002 0.000000 0.000000 0.000000
 0.000000 0.000000 0.000000 0.000000 0.000000 0.000000 0.496486 0.000000 0.000000 0.000000 0.000000 0.000000 0.000000 0.496478 0.007025 0.000011 0.000000 0.000000 0.000000 0.000000
 0.000000 0.000000 0.000000 0.000000 0.000000 0.000000 0.000000 0.500000 0.000000 0.000000 0.000000 0.000000 0.000000 0.000000 0.500000 0.000000 0.000000 0.000000 0.000000 0.000000
 0.000000 0.000000 0.500000 0.000000 0.500000 0.000000 0.000000 0.000000 0.000000 0.000000 0.000000 0.000000 0.000000 0.000000 0.000000 0.000000 0.000000 0.000000 0.000000 0.000000
 0.000000 0.000000 0.000000 0.000000 0.000000 0.500003 0.000000 0.000000 0.000000 0.000000 0.000000 0.000000 0.000000 0.000000 0.000000 0.000000 0.000000 0.000000 0.499997 0.000000
 0.000000 0.025843 0.000000 0.000000 0.000000 0.000000 0.000000 0.000000 0.000000 0.012155 0.000000 0.479026 0.000000 0.003931 0.000000 0.479045 0.000000 0.000000 0.000000 0.000000
 0.000000 0.000000 0.000000 0.000000 0.000000 0.000000 0.000000 0.000000 0.012516 0.000000 0.000000 0.493405 0.000000 0.000617 0.493373 0.000089 0.000000 0.000000 0.000000 0.000000
 0.000000 0.000000 0.000002 0.000000 0.000000 0.000000 0.000000 0.000000 0.000000 0.000000 0.000000 0.000000 0.498438 0.000000 0.000000 0.000000 0.000000 0.003117 0.000000 0.498444
 0.000000 0.000011 0.000000 0.000000 0.000000 0.000000 0.000000 0.000000 0.492762 0.492912 0.000000 0.000000 0.010846 0.000000 0.000002 0.000011 0.000000 0.000000 0.003456 0.000000
 0.000001 0.494450 0.000000 0.000000 0.000000 0.000000 0.000000 0.000000 0.000000 0.000000 0.494664 0.010885 0.000000 0.000000 0.000000 0.000000 0.000000 0.000000 0.000000 0.000000
 0.000000 0.000000 0.000000 0.000000 0.493289 0.000000 0.000000 0.000000 0.004047 0.000617 0.000000 0.000000 0.000000 0.000000 0.008874 0.493173 0.000000 0.000000 0.000000 0.000000
 0.000000 0.000000 0.000000 0.000000 0.006963 0.492108 0.000000 0.000000 0.000000 0.492075 0.000000 0.000002 0.000000 0.008852 0.000000 0.000000 0.000000 0.000000 0.000000 0.000000
 0.000000 0.027408 0.000000 0.000000 0.000010 0.000000 0.000000 0.000000 0.486237 0.000088 0.000000 0.000011 0.000000 0.486245 0.000000 0.000000 0.000000 0.000000 0.000000 0.000000
 0.000002 0.000000 0.000000 0.500003 0.000000 0.000000 0.000000 0.000000 0.000000 0.000000 0.000000 0.000000 0.000000 0.000000 0.000000 0.000000 0.000000 0.000000 0.499995 0.000000
 0.000000 0.498221 0.498662 0.000000 0.000000 0.000000 0.000000 0.000000 0.000000 0.000000 0.003118 0.000000 0.000000 0.000000 0.000000 0.000000 0.000000 0.000000 0.000000 0.000000
 0.000000 0.000000 0.000000 0.000000 0.000000 0.000000 0.000000 0.498254 0.000000 0.000000 0.000000 0.003493 0.000000 0.000000 0.000000 0.000000 0.498252 0.000000 0.000000 0.000000
 0.499998 0.000000 0.000000 0.000000 0.000000 0.000000 0.000000 0.000000 0.000000 0.000000 0.500002 0.000000 0.000000 0.000000 0.000000 0.000000 0.000000 0.000000 0.000000 0.000000
the mean of prob-rank is 1.263157894736842
the number of false negetive edges is 0
the number of probability greater than 0 is 3.7/edge
