20
 0.000000 0.299772 0.100312 0.000000 0.000000 0.000000 0.240734 0.188042 0.000000 0.171126 0.000000 0.000000 0.000000 0.000000 0.000000 0.000013 0.000000 0.000000 0.000000 0.000000
 0.491731 0.000000 0.016554 0.000000 0.000000 0.000000 0.000000 0.000000 0.000000 0.000000 0.000000 0.000000 0.000000 0.000000 0.000000 0.491715 0.000000 0.000000 0.000000 0.000000
 0.133728 0.013454 0.000000 0.062165 0.000000 0.000000 0.391020 0.000000 0.000000 0.000000 0.000000 0.000000 0.000000 0.399632 0.000000 0.000000 0.000000 0.000000 0.000000 0.000000
 0.000000 0.000000 0.072546 0.000000 0.000000 0.000000 0.000006 0.000000 0.000000 0.000000 0.000000 0.000000 0.000000 0.461090 0.466359 0.000000 0.000000 0.000000 0.000000 0.000000
 0.000000 0.000000 0.000000 0.000000 0.000000 0.000000 0.000000 0.003194 0.000000 0.312113 0.000000 0.000000 0.306344 0.000000 0.000000 0.000000 0.341996 0.000000 0.036354 0.000000
 0.000000 0.000000 0.000000 0.000000 0.000000 0.000000 0.000000 0.000000 0.482684 0.000000 0.000000 0.000000 0.483216 0.000000 0.000000 0.000000 0.000000 0.000000 0.000000 0.034100
 0.216471 0.000000 0.263750 0.000003 0.000000 0.000000 0.000000 0.254615 0.000000 0.127427 0.000000 0.000000 0.000000 0.137735 0.000000 0.000000 0.000000 0.000000 0.000000 0.000000
 0.181587 0.000000 0.000000 0.000000 0.002704 0.000000 0.273433 0.000000 0.000000 0.288683 0.000000 0.000000 0.253592 0.000000 0.000000 0.000000 0.000000 0.000000 0.000000 0.000000
 0.000000 0.000000 0.000000 0.000000 0.000000 0.489090 0.000000 0.000000 0.000000 0.000000 0.000000 0.489954 0.000000 0.000000 0.000000 0.000000 0.000000 0.000000 0.000000 0.020955
 0.164450 0.000000 0.000000 0.000000 0.262904 0.000000 0.136181 0.287283 0.000000 0.000000 0.000000 0.000000 0.148049 0.000000 0.000000 0.000000 0.000773 0.000000 0.000361 0.000000
 0.000000 0.000000 0.000000 0.000000 0.000000 0.000000 0.000000 0.000000 0.000000 0.000000 0.000000 0.499999 0.000000 0.000000 0.000000 0.000000 0.000000 0.500001 0.000000 0.000000
 0.000000 0.000000 0.000000 0.000000 0.000000 0.000000 0.000000 0.000000 0.500003 0.000000 0.499997 0.000000 0.000000 0.000000 0.000000 0.000000 0.000000 0.000000 0.000000 0.000000
 0.000000 0.000000 0.000000 0.000000 0.272670 0.304203 0.000000 0.266665 0.000000 0.156440 0.000000 0.000000 0.000000 0.000000 0.000000 0.000000 0.000021 0.000000 0.000000 0.000001
 0.000000 0.000000 0.400054 0.395532 0.000000 0.000000 0.204414 0.000000 0.000000 0.000000 0.000000 0.000000 0.000000 0.000000 0.000000 0.000000 0.000000 0.000000 0.000000 0.000000
 0.000000 0.000000 0.000000 0.499998 0.000000 0.000000 0.000000 0.000000 0.000000 0.000000 0.000000 0.000000 0.000000 0.000000 0.000000 0.000000 0.000000 0.000000 0.500002 0.000000
 0.000022 0.499982 0.000000 0.000000 0.000000 0.000000 0.000000 0.000000 0.000000 0.000000 0.000000 0.000000 0.000000 0.000000 0.000000 0.000000 0.000000 0.499996 0.000000 0.000000
 0.000000 0.000000 0.000000 0.000000 0.496538 0.000000 0.000000 0.000000 0.000000 0.001333 0.000000 0.000000 0.000034 0.000000 0.000000 0.000000 0.000000 0.000000 0.005571 0.496524
 0.000000 0.000000 0.000000 0.000000 0.000000 0.000000 0.000000 0.000000 0.000000 0.000000 0.500001 0.000000 0.000000 0.000000 0.000000 0.499999 0.000000 0.000000 0.000000 0.000000
 0.000000 0.000000 0.000000 0.000000 0.050362 0.000000 0.000000 0.000000 0.000000 0.000594 0.000000 0.000000 0.000000 0.000000 0.473778 0.000000 0.005316 0.000000 0.000000 0.469950
 0.000000 0.000000 0.000000 0.000000 0.000000 0.033499 0.000000 0.000000 0.020317 0.000000 0.000000 0.000000 0.000001 0.000000 0.000000 0.000000 0.475003 0.000000 0.471181 0.000000
the mean of prob-rank is 1.5263157894736843
the number of false negetive edges is 0
the number of probability greater than 0 is 4.05/edge
