20
 0.000000 0.000000 0.001771 0.000019 0.000000 0.000000 0.016642 0.323251 0.000000 0.321456 0.000000 0.000000 0.089272 0.000000 0.000798 0.000000 0.000000 0.246791 0.000000 0.000000
 0.000000 0.000000 0.000000 0.000000 0.000000 0.000252 0.000000 0.000000 0.327910 0.000000 0.000000 0.000000 0.000000 0.279613 0.101890 0.000000 0.000002 0.000000 0.000000 0.290333
 0.002152 0.000000 0.000000 0.394510 0.003895 0.000000 0.000000 0.224776 0.000000 0.000000 0.000000 0.000000 0.374666 0.000000 0.000000 0.000000 0.000000 0.000000 0.000000 0.000000
 0.000021 0.000000 0.362010 0.000000 0.355980 0.000000 0.000000 0.159154 0.000000 0.000000 0.000000 0.000000 0.002868 0.000000 0.119967 0.000000 0.000000 0.000000 0.000000 0.000000
 0.000000 0.000000 0.004030 0.401313 0.000000 0.074684 0.000000 0.000000 0.000009 0.000000 0.000000 0.408149 0.031336 0.000000 0.078430 0.000000 0.000000 0.000000 0.000000 0.002049
 0.000000 0.000247 0.000000 0.000000 0.058617 0.000000 0.000000 0.000000 0.065465 0.000000 0.000000 0.248768 0.000000 0.000000 0.306623 0.000000 0.000000 0.000000 0.000000 0.320281
 0.020784 0.000000 0.000000 0.000000 0.000000 0.000000 0.000000 0.000000 0.000000 0.123784 0.000000 0.000000 0.000000 0.000000 0.000000 0.401892 0.000000 0.405410 0.048130 0.000000
 0.311755 0.000000 0.178361 0.137628 0.000000 0.000000 0.000000 0.000000 0.000000 0.018617 0.000000 0.000000 0.288965 0.000000 0.064673 0.000000 0.000000 0.000000 0.000000 0.000000
 0.000000 0.339162 0.000000 0.000000 0.000008 0.069311 0.000000 0.000000 0.000000 0.000000 0.000000 0.328096 0.000000 0.000000 0.000000 0.000000 0.000000 0.000000 0.000000 0.263424
 0.263557 0.000000 0.000000 0.000000 0.000000 0.000000 0.081264 0.015827 0.000000 0.000000 0.000000 0.000000 0.000000 0.252441 0.078908 0.111422 0.000000 0.196582 0.000000 0.000000
 0.000000 0.000000 0.000000 0.000000 0.000000 0.000000 0.000000 0.000000 0.000000 0.000000 0.000000 0.000000 0.000000 0.499567 0.000000 0.000001 0.500432 0.000000 0.000000 0.000000
 0.000000 0.000000 0.000000 0.000000 0.341094 0.264884 0.000000 0.000000 0.329967 0.000000 0.000000 0.000000 0.000000 0.000000 0.000000 0.000000 0.000000 0.000000 0.000000 0.064055
 0.090120 0.000000 0.311188 0.002596 0.025160 0.000000 0.000000 0.302464 0.000000 0.000000 0.000000 0.000000 0.000000 0.000000 0.000000 0.000000 0.000000 0.268472 0.000000 0.000000
 0.000000 0.230447 0.000000 0.000000 0.000000 0.000000 0.000000 0.000000 0.000000 0.256330 0.269785 0.000000 0.000000 0.000000 0.243437 0.000000 0.000000 0.000000 0.000000 0.000000
 0.000604 0.076375 0.000000 0.081447 0.047232 0.235268 0.000000 0.050775 0.000000 0.072873 0.000000 0.000000 0.000000 0.221407 0.000000 0.000000 0.000000 0.000000 0.000000 0.214019
 0.000000 0.000000 0.000000 0.000000 0.000000 0.000000 0.411349 0.000000 0.000000 0.173715 0.000000 0.000000 0.000000 0.000000 0.000000 0.000000 0.000000 0.000000 0.414935 0.000000
 0.000000 0.000003 0.000000 0.000000 0.000000 0.000000 0.000000 0.000000 0.000000 0.000000 0.499999 0.000000 0.000000 0.000000 0.000000 0.000000 0.000000 0.000000 0.499999 0.000000
 0.229119 0.000000 0.000000 0.000000 0.000000 0.000000 0.301376 0.000000 0.000000 0.222599 0.000000 0.000000 0.246905 0.000000 0.000000 0.000000 0.000000 0.000000 0.000000 0.000000
 0.000000 0.000000 0.000000 0.000000 0.000000 0.000000 0.056034 0.000000 0.000000 0.000000 0.000000 0.000000 0.000000 0.000000 0.000000 0.471975 0.471991 0.000000 0.000000 0.000000
 0.000000 0.237665 0.000000 0.000000 0.001348 0.268374 0.000000 0.000000 0.208483 0.000000 0.000000 0.050408 0.000000 0.000000 0.233723 0.000000 0.000000 0.000000 0.000000 0.000000
the mean of prob-rank is 1.5789473684210527
the number of false negetive edges is 0
the number of probability greater than 0 is 5.3/edge
