20
 0.000000 0.000000 0.000000 0.000000 0.408769 0.000000 0.000000 0.000000 0.000000 0.000000 0.003861 0.000000 0.000000 0.000000 0.409847 0.000000 0.000000 0.177523 0.000000 0.000000
 0.000000 0.000000 0.000000 0.000000 0.000000 0.499992 0.000000 0.000000 0.000000 0.000000 0.000000 0.000000 0.000000 0.000000 0.000000 0.000000 0.000000 0.000000 0.500008 0.000000
 0.000000 0.000000 0.000000 0.000000 0.000000 0.456874 0.000000 0.000000 0.000000 0.086245 0.000000 0.456881 0.000000 0.000000 0.000000 0.000000 0.000000 0.000000 0.000000 0.000000
 0.000000 0.000000 0.000000 0.000000 0.000000 0.000000 0.000000 0.000000 0.000000 0.000000 0.000000 0.337041 0.359874 0.000000 0.000000 0.000000 0.012359 0.000000 0.000000 0.290727
 0.498371 0.000000 0.000000 0.000000 0.000000 0.000000 0.499758 0.000000 0.000000 0.000000 0.000040 0.000000 0.000000 0.000000 0.000000 0.000000 0.000000 0.001827 0.000003 0.000000
 0.000000 0.485922 0.485938 0.000000 0.000000 0.000000 0.000000 0.000000 0.000000 0.000000 0.000000 0.028140 0.000000 0.000000 0.000000 0.000000 0.000000 0.000000 0.000000 0.000000
 0.000000 0.000000 0.000000 0.000000 0.498478 0.000000 0.000000 0.000000 0.498452 0.000000 0.003071 0.000000 0.000000 0.000000 0.000000 0.000000 0.000000 0.000000 0.000000 0.000000
 0.000000 0.000000 0.000000 0.000000 0.000000 0.000000 0.000000 0.000000 0.000000 0.000000 0.428589 0.000000 0.000000 0.000000 0.000000 0.000000 0.142120 0.429291 0.000000 0.000000
 0.000000 0.000000 0.000000 0.000000 0.000000 0.000000 0.499987 0.000000 0.000000 0.000000 0.000000 0.000000 0.000000 0.500013 0.000000 0.000000 0.000000 0.000000 0.000000 0.000000
 0.000000 0.000000 0.066803 0.000000 0.000000 0.000000 0.000000 0.000000 0.000000 0.000000 0.000000 0.246411 0.000000 0.000000 0.000000 0.000000 0.000000 0.333307 0.000000 0.353479
 0.004467 0.000000 0.000000 0.000000 0.000038 0.000000 0.002921 0.473433 0.000000 0.000000 0.000000 0.000000 0.000000 0.000000 0.474210 0.000000 0.000000 0.044932 0.000000 0.000000
 0.000000 0.000000 0.371098 0.347552 0.000000 0.021489 0.000000 0.000000 0.000000 0.258394 0.000000 0.000000 0.001466 0.000000 0.000000 0.000000 0.000000 0.000000 0.000000 0.000000
 0.000000 0.000000 0.000000 0.485060 0.000000 0.000000 0.000000 0.000000 0.000000 0.000000 0.000000 0.001916 0.000000 0.000000 0.000000 0.000000 0.484642 0.000000 0.000000 0.028382
 0.000000 0.000000 0.000000 0.000000 0.000000 0.000000 0.000000 0.000000 0.500000 0.000000 0.000000 0.000000 0.000000 0.000000 0.000000 0.500000 0.000000 0.000000 0.000000 0.000000
 0.499964 0.000000 0.000000 0.000000 0.000000 0.000000 0.000000 0.000000 0.000000 0.000000 0.500036 0.000000 0.000000 0.000000 0.000000 0.000000 0.000000 0.000000 0.000000 0.000000
 0.000000 0.000000 0.000000 0.000000 0.000000 0.000000 0.000000 0.000000 0.000000 0.000000 0.000000 0.000000 0.000000 0.500003 0.000000 0.000000 0.000000 0.000000 0.499997 0.000000
 0.000000 0.000000 0.000000 0.014920 0.000000 0.000000 0.000000 0.143826 0.000000 0.000000 0.000000 0.000000 0.434070 0.000000 0.000000 0.000000 0.000000 0.000000 0.000000 0.407185
 0.175101 0.000000 0.000000 0.000000 0.001478 0.000000 0.000000 0.404311 0.000000 0.380801 0.038309 0.000000 0.000000 0.000000 0.000000 0.000000 0.000000 0.000000 0.000000 0.000000
 0.000000 0.499997 0.000000 0.000000 0.000003 0.000000 0.000000 0.000000 0.000000 0.000000 0.000000 0.000000 0.000000 0.000000 0.000000 0.499999 0.000000 0.000000 0.000000 0.000000
 0.000000 0.000000 0.000000 0.288266 0.000000 0.000000 0.000000 0.000000 0.000000 0.356416 0.000000 0.000000 0.020879 0.000000 0.000000 0.000000 0.334439 0.000000 0.000000 0.000000
the mean of prob-rank is 1.4210526315789473
the number of false negetive edges is 0
the number of probability greater than 0 is 3.5/edge
