20
 0.000000 0.000000 0.000000 0.000000 0.000000 0.000000 0.000000 0.000000 0.000000 0.000000 0.000000 0.000000 0.000000 0.000000 0.000125 0.499937 0.000000 0.000000 0.499938 0.000000
 0.000000 0.000000 0.000000 0.000000 0.000000 0.000010 0.000000 0.000000 0.000000 0.000000 0.000000 0.088189 0.456695 0.000000 0.000000 0.000000 0.454933 0.000000 0.000000 0.000174
 0.000000 0.000000 0.000000 0.000000 0.499954 0.000000 0.000000 0.000081 0.499955 0.000000 0.000009 0.000000 0.000000 0.000000 0.000000 0.000000 0.000000 0.000000 0.000000 0.000000
 0.000000 0.000000 0.000000 0.000000 0.000000 0.000000 0.499988 0.000000 0.000000 0.000000 0.000000 0.000019 0.000000 0.000000 0.000000 0.000000 0.499993 0.000000 0.000000 0.000000
 0.000000 0.000000 0.499711 0.000000 0.000000 0.000000 0.000000 0.000000 0.000000 0.000000 0.499700 0.000000 0.000000 0.000000 0.000000 0.000000 0.000000 0.000589 0.000000 0.000000
 0.000000 0.000010 0.000000 0.000000 0.000000 0.000000 0.000000 0.499994 0.499995 0.000000 0.000000 0.000000 0.000001 0.000000 0.000000 0.000000 0.000000 0.000000 0.000000 0.000000
 0.000000 0.000000 0.000000 0.499997 0.000000 0.000000 0.000000 0.000000 0.000000 0.000000 0.000000 0.000000 0.000000 0.000000 0.000000 0.500001 0.000002 0.000000 0.000000 0.000000
 0.000000 0.000000 0.000081 0.000000 0.000000 0.498046 0.000000 0.000000 0.000000 0.000000 0.003825 0.000000 0.000000 0.000000 0.498048 0.000000 0.000000 0.000000 0.000000 0.000000
 0.000000 0.000000 0.499999 0.000000 0.000000 0.500000 0.000000 0.000000 0.000000 0.000000 0.000000 0.000000 0.000000 0.000000 0.000000 0.000000 0.000000 0.000000 0.000000 0.000000
 0.000000 0.000000 0.000000 0.000000 0.000000 0.000000 0.000000 0.000000 0.000000 0.000000 0.000000 0.000000 0.000000 0.499997 0.000000 0.000000 0.000000 0.500003 0.000000 0.000000
 0.000000 0.000000 0.000009 0.000000 0.498076 0.000000 0.000000 0.003825 0.000000 0.000000 0.000000 0.000000 0.000000 0.498090 0.000000 0.000000 0.000000 0.000000 0.000000 0.000000
 0.000000 0.089759 0.000000 0.000017 0.000000 0.000000 0.000000 0.000000 0.000000 0.000000 0.000000 0.000000 0.444589 0.000000 0.000000 0.000000 0.000812 0.000000 0.000000 0.464824
 0.000000 0.438555 0.000000 0.000000 0.000000 0.000001 0.000000 0.000000 0.000000 0.000000 0.000000 0.419463 0.000000 0.000000 0.000000 0.000000 0.141257 0.000000 0.000000 0.000724
 0.000000 0.000000 0.000000 0.000000 0.000000 0.000000 0.000000 0.000000 0.000000 0.499997 0.500003 0.000000 0.000000 0.000000 0.000000 0.000000 0.000000 0.000000 0.000000 0.000000
 0.000125 0.000000 0.000000 0.000000 0.000000 0.000000 0.000000 0.499940 0.000000 0.000000 0.000000 0.000000 0.000000 0.000000 0.000000 0.000000 0.000000 0.000000 0.499935 0.000000
 0.500000 0.000000 0.000000 0.000000 0.000000 0.000000 0.500000 0.000000 0.000000 0.000000 0.000000 0.000000 0.000000 0.000000 0.000000 0.000000 0.000000 0.000000 0.000000 0.000000
 0.000000 0.429373 0.000000 0.431037 0.000000 0.000000 0.000001 0.000000 0.000000 0.000000 0.000000 0.000753 0.138836 0.000000 0.000000 0.000000 0.000000 0.000000 0.000000 0.000000
 0.000000 0.000000 0.000000 0.000000 0.000589 0.000000 0.000000 0.000000 0.000000 0.499706 0.000000 0.000000 0.000000 0.000000 0.000000 0.000000 0.000000 0.000000 0.000000 0.499705
 0.500002 0.000000 0.000000 0.000000 0.000000 0.000000 0.000000 0.000000 0.000000 0.000000 0.000000 0.000000 0.000000 0.000000 0.499998 0.000000 0.000000 0.000000 0.000000 0.000000
 0.000000 0.000190 0.000000 0.000000 0.000000 0.000000 0.000000 0.000000 0.000000 0.000000 0.000000 0.499493 0.000825 0.000000 0.000000 0.000000 0.000000 0.499492 0.000000 0.000000
the mean of prob-rank is 1.5263157894736843
the number of false negetive edges is 0
the number of probability greater than 0 is 3.3/edge
