20
 0.000000 0.000000 0.000000 0.000034 0.000000 0.000000 0.000000 0.369713 0.000000 0.000000 0.000000 0.259517 0.000000 0.000000 0.000000 0.370735 0.000000 0.000000 0.000000 0.000000
 0.000000 0.000000 0.000000 0.000000 0.000000 0.000000 0.000000 0.000000 0.000000 0.000000 0.000000 0.000000 0.499997 0.000000 0.000000 0.000000 0.000000 0.000004 0.000000 0.499999
 0.000000 0.000000 0.000000 0.000000 0.000000 0.000000 0.000000 0.500001 0.000000 0.499999 0.000000 0.000000 0.000000 0.000000 0.000000 0.000000 0.000000 0.000000 0.000000 0.000000
 0.000043 0.000000 0.000000 0.000000 0.063992 0.000000 0.000000 0.000000 0.000000 0.000000 0.000000 0.468250 0.000000 0.000000 0.467715 0.000000 0.000000 0.000000 0.000000 0.000000
 0.000000 0.000000 0.000000 0.062336 0.000000 0.000000 0.000000 0.000000 0.457923 0.000000 0.000309 0.446656 0.000000 0.000000 0.023341 0.000000 0.009433 0.000000 0.000000 0.000000
 0.000000 0.000000 0.000000 0.000000 0.000000 0.000000 0.000000 0.000000 0.000000 0.500000 0.000000 0.000000 0.000000 0.000000 0.000000 0.000000 0.000000 0.500000 0.000000 0.000000
 0.000000 0.000000 0.000000 0.000000 0.000000 0.000000 0.000000 0.000000 0.000000 0.000000 0.000000 0.000000 0.500001 0.000000 0.000000 0.000000 0.000000 0.000000 0.499999 0.000000
 0.391514 0.000000 0.395512 0.000000 0.000000 0.000000 0.000000 0.000000 0.000000 0.000000 0.000000 0.000000 0.000000 0.000000 0.172219 0.040755 0.000000 0.000000 0.000000 0.000000
 0.000000 0.000000 0.000000 0.000000 0.499113 0.000000 0.000000 0.000000 0.000000 0.000000 0.499135 0.000000 0.000000 0.000000 0.000000 0.000000 0.001752 0.000000 0.000000 0.000000
 0.000000 0.000000 0.499999 0.000000 0.000000 0.500001 0.000000 0.000000 0.000000 0.000000 0.000000 0.000000 0.000000 0.000000 0.000000 0.000000 0.000000 0.000000 0.000000 0.000000
 0.000000 0.000000 0.000000 0.000000 0.000337 0.000000 0.000000 0.000000 0.499888 0.000000 0.000000 0.000000 0.000000 0.000000 0.000000 0.000000 0.499774 0.000000 0.000000 0.000000
 0.257397 0.000000 0.000000 0.368977 0.361306 0.000000 0.000000 0.000000 0.000000 0.000000 0.000000 0.000000 0.000000 0.000000 0.000000 0.000000 0.000000 0.000000 0.012319 0.000000
 0.000000 0.499999 0.000000 0.000000 0.000000 0.000000 0.500001 0.000000 0.000000 0.000000 0.000000 0.000000 0.000000 0.000000 0.000000 0.000000 0.000000 0.000000 0.000000 0.000000
 0.000000 0.000000 0.000000 0.000000 0.000000 0.000000 0.000000 0.000000 0.000000 0.000000 0.000000 0.000000 0.000000 0.000000 0.000000 0.000000 0.500006 0.000000 0.499994 0.000000
 0.000000 0.000000 0.000000 0.400976 0.020542 0.000000 0.000000 0.175490 0.000000 0.000000 0.000000 0.000000 0.000000 0.000000 0.000000 0.402993 0.000000 0.000000 0.000000 0.000000
 0.473673 0.000000 0.000000 0.000000 0.000000 0.000000 0.000000 0.049172 0.000000 0.000000 0.000000 0.000000 0.000000 0.000000 0.477155 0.000000 0.000000 0.000000 0.000000 0.000000
 0.000000 0.000000 0.000000 0.000000 0.010178 0.000000 0.000000 0.000000 0.001735 0.000000 0.493985 0.000000 0.000000 0.494098 0.000000 0.000000 0.000000 0.000000 0.000004 0.000000
 0.000000 0.000004 0.000000 0.000000 0.000000 0.499998 0.000000 0.000000 0.000000 0.000000 0.000000 0.000000 0.000000 0.000000 0.000000 0.000000 0.000000 0.000000 0.000000 0.499998
 0.000000 0.000000 0.000000 0.000000 0.000000 0.000000 0.491826 0.000000 0.000000 0.000000 0.000000 0.016356 0.000000 0.491814 0.000000 0.000000 0.000004 0.000000 0.000000 0.000000
 0.000000 0.500000 0.000000 0.000000 0.000000 0.000000 0.000000 0.000000 0.000000 0.000000 0.000000 0.000000 0.000000 0.000000 0.000000 0.000000 0.000000 0.500000 0.000000 0.000000
the mean of prob-rank is 1.4210526315789473
the number of false negetive edges is 0
the number of probability greater than 0 is 3.2/edge
