20
 0.000000 0.000000 0.000000 0.164537 0.000000 0.000000 0.000588 0.000000 0.000000 0.416363 0.000000 0.000000 0.000687 0.000000 0.000000 0.000000 0.417825 0.000000 0.000000 0.000000
 0.000000 0.000000 0.354876 0.000000 0.000000 0.000000 0.278264 0.000000 0.000000 0.000000 0.000000 0.000000 0.000000 0.000000 0.000000 0.000000 0.000000 0.000000 0.366860 0.000000
 0.000000 0.381724 0.000000 0.000000 0.000000 0.000000 0.015334 0.000000 0.000000 0.000000 0.000000 0.000000 0.000000 0.387330 0.000000 0.000000 0.000000 0.000000 0.215612 0.000000
 0.164697 0.000000 0.000000 0.000000 0.000000 0.000000 0.000000 0.000000 0.000000 0.000000 0.000000 0.000000 0.417465 0.000000 0.000000 0.000000 0.000003 0.417835 0.000000 0.000000
 0.000000 0.000000 0.000000 0.000000 0.000000 0.000000 0.000000 0.444881 0.000000 0.000000 0.000001 0.109108 0.000000 0.000000 0.000000 0.444886 0.000000 0.001124 0.000000 0.000000
 0.000000 0.000000 0.000000 0.000000 0.000000 0.000000 0.000000 0.000000 0.499033 0.000000 0.000000 0.000000 0.000005 0.000000 0.499037 0.000000 0.001925 0.000000 0.000000 0.000000
 0.000524 0.282791 0.014487 0.000000 0.000000 0.000000 0.000000 0.000000 0.000000 0.372830 0.000000 0.000000 0.000000 0.000000 0.000000 0.000000 0.000000 0.000000 0.329367 0.000000
 0.000000 0.000000 0.000000 0.000000 0.379892 0.000000 0.000000 0.000000 0.000000 0.000000 0.000000 0.035923 0.000000 0.000000 0.000000 0.204614 0.000000 0.000000 0.000000 0.379571
 0.000000 0.000000 0.000000 0.000000 0.000000 0.492254 0.000000 0.000000 0.000000 0.015487 0.000000 0.000000 0.000000 0.000000 0.000000 0.000000 0.492259 0.000000 0.000000 0.000000
 0.462501 0.000000 0.000000 0.000000 0.000000 0.000000 0.464243 0.000000 0.014606 0.000000 0.000000 0.000000 0.000000 0.000000 0.000000 0.000000 0.058650 0.000000 0.000000 0.000000
 0.000000 0.000000 0.000000 0.000000 0.000001 0.000000 0.000000 0.000000 0.000000 0.000000 0.000000 0.000000 0.000000 0.000000 0.000000 0.392075 0.000000 0.396624 0.000000 0.211300
 0.000000 0.000000 0.000000 0.000000 0.105054 0.000000 0.000000 0.040505 0.000000 0.000000 0.000000 0.000000 0.000000 0.428359 0.000000 0.000000 0.000000 0.000000 0.001622 0.424460
 0.000715 0.000000 0.000000 0.433869 0.000000 0.000005 0.000000 0.000000 0.000000 0.000000 0.000000 0.000000 0.000000 0.000000 0.433966 0.000000 0.131420 0.000024 0.000000 0.000000
 0.000000 0.000000 0.494573 0.000000 0.000000 0.000000 0.000000 0.000000 0.000000 0.000000 0.000000 0.503876 0.000000 0.000000 0.000000 0.000000 0.000000 0.000000 0.000280 0.001270
 0.000000 0.000000 0.000000 0.000000 0.000000 0.488650 0.000000 0.000000 0.000000 0.000000 0.000000 0.000000 0.487740 0.000000 0.000000 0.000000 0.000000 0.023610 0.000000 0.000000
 0.000000 0.000000 0.000000 0.000000 0.350702 0.000000 0.000000 0.188890 0.000000 0.000000 0.346428 0.000000 0.000000 0.000000 0.000000 0.000000 0.000000 0.000000 0.000000 0.113979
 0.411043 0.000000 0.000000 0.000003 0.000000 0.001586 0.000000 0.000000 0.411148 0.051942 0.000000 0.000000 0.124278 0.000000 0.000000 0.000000 0.000000 0.000000 0.000000 0.000000
 0.000000 0.000000 0.000000 0.487464 0.001233 0.000000 0.000000 0.000000 0.000000 0.000000 0.487695 0.000000 0.000027 0.000000 0.023581 0.000000 0.000000 0.000000 0.000000 0.000000
 0.000000 0.410820 0.224466 0.000000 0.000000 0.000000 0.362929 0.000000 0.000000 0.000000 0.000000 0.001556 0.000000 0.000229 0.000000 0.000000 0.000000 0.000000 0.000000 0.000000
 0.000000 0.000000 0.000000 0.000000 0.000000 0.000000 0.000000 0.350585 0.000000 0.000000 0.186798 0.347693 0.000000 0.000885 0.000000 0.114039 0.000000 0.000000 0.000000 0.000000
the mean of prob-rank is 1.4210526315789473
the number of false negetive edges is 0
the number of probability greater than 0 is 4.3/edge
