20
 0.000000 0.000000 0.000000 0.000000 0.500001 0.000000 0.000000 0.000000 0.000000 0.000000 0.000000 0.499999 0.000000 0.000000 0.000000 0.000000 0.000000 0.000000 0.000000 0.000000
 0.000000 0.000000 0.000000 0.000000 0.000000 0.000000 0.000313 0.000000 0.000000 0.000000 0.000000 0.000000 0.000000 0.499868 0.000000 0.000000 0.499818 0.000000 0.000000 0.000000
 0.000000 0.000000 0.000000 0.000000 0.000000 0.000000 0.000000 0.000000 0.000000 0.000000 0.000000 0.500000 0.000000 0.000000 0.000000 0.500000 0.000000 0.000000 0.000000 0.000000
 0.000000 0.000000 0.000000 0.000000 0.000000 0.000000 0.000000 0.000000 0.000000 0.500003 0.000000 0.000000 0.499997 0.000000 0.000000 0.000000 0.000000 0.000000 0.000000 0.000000
 0.500012 0.000000 0.000000 0.000000 0.000000 0.000000 0.000000 0.000000 0.000000 0.000000 0.000000 0.000001 0.000000 0.000000 0.000000 0.000000 0.499987 0.000000 0.000000 0.000000
 0.000000 0.000000 0.000000 0.000000 0.000000 0.000000 0.159146 0.238207 0.300828 0.000000 0.000000 0.000000 0.000000 0.301820 0.000000 0.000000 0.000000 0.000000 0.000000 0.000000
 0.000000 0.000191 0.000000 0.000000 0.000000 0.158578 0.000000 0.000000 0.289262 0.000000 0.303714 0.000000 0.000000 0.232476 0.015780 0.000000 0.000000 0.000000 0.000000 0.000000
 0.000000 0.000000 0.000000 0.000000 0.000000 0.325981 0.000000 0.000000 0.000000 0.000000 0.000000 0.000000 0.000000 0.004138 0.000000 0.417508 0.000000 0.252372 0.000000 0.000000
 0.000000 0.000000 0.000000 0.000000 0.000000 0.327265 0.315810 0.000000 0.000000 0.000000 0.000000 0.000000 0.000000 0.000290 0.228000 0.000000 0.000000 0.128635 0.000000 0.000000
 0.000000 0.000000 0.000000 0.500007 0.000000 0.000000 0.000000 0.000000 0.000000 0.000000 0.499993 0.000000 0.000001 0.000000 0.000000 0.000000 0.000000 0.000000 0.000000 0.000000
 0.000000 0.000000 0.000000 0.000000 0.000000 0.000000 0.498924 0.000000 0.000000 0.499387 0.000000 0.000000 0.000000 0.000000 0.000000 0.000000 0.001689 0.000000 0.000000 0.000000
 0.499999 0.000000 0.500000 0.000000 0.000001 0.000000 0.000000 0.000000 0.000000 0.000000 0.000000 0.000000 0.000000 0.000000 0.000000 0.000000 0.000000 0.000000 0.000000 0.000000
 0.000000 0.000000 0.000000 0.499996 0.000000 0.000000 0.000000 0.000000 0.000000 0.000001 0.000000 0.000000 0.000000 0.000000 0.000000 0.000000 0.000000 0.000000 0.500003 0.000000
 0.000000 0.361694 0.000000 0.000000 0.000000 0.357814 0.276592 0.003585 0.000316 0.000000 0.000000 0.000000 0.000000 0.000000 0.000000 0.000000 0.000000 0.000000 0.000000 0.000000
 0.000000 0.000000 0.000000 0.000000 0.000000 0.000000 0.019098 0.000000 0.252752 0.000000 0.000000 0.000000 0.000000 0.000000 0.000000 0.000000 0.000000 0.367917 0.000000 0.360233
 0.000000 0.000000 0.500003 0.000000 0.000000 0.000000 0.000000 0.499997 0.000000 0.000000 0.000000 0.000000 0.000000 0.000000 0.000000 0.000000 0.000000 0.000000 0.000000 0.000000
 0.000000 0.499143 0.000000 0.000000 0.499169 0.000000 0.000000 0.000000 0.000000 0.000000 0.001688 0.000000 0.000000 0.000000 0.000000 0.000000 0.000000 0.000000 0.000000 0.000000
 0.000000 0.000000 0.000000 0.000000 0.000000 0.000000 0.000000 0.209837 0.134542 0.000000 0.000000 0.000000 0.000000 0.000000 0.347127 0.000000 0.000000 0.000000 0.000000 0.308494
 0.000000 0.000000 0.000000 0.000000 0.000000 0.000000 0.000000 0.000000 0.000000 0.000000 0.000000 0.000000 0.500038 0.000000 0.000000 0.000000 0.000000 0.000000 0.000000 0.499962
 0.000000 0.000000 0.000000 0.000000 0.000000 0.000000 0.000000 0.000000 0.000000 0.000000 0.000000 0.000000 0.000000 0.000000 0.341425 0.000000 0.000000 0.309900 0.348675 0.000000
the mean of prob-rank is 1.6842105263157894
the number of false negetive edges is 0
the number of probability greater than 0 is 3.1/edge
