20
 0.000000 0.000000 0.333720 0.000000 0.000000 0.000000 0.321454 0.344826 0.000000 0.000000 0.000000 0.000000 0.000000 0.000000 0.000000 0.000000 0.000000 0.000000 0.000000 0.000000
 0.000000 0.000000 0.000000 0.000000 0.000000 0.000000 0.000000 0.000000 0.000000 0.500000 0.000000 0.000000 0.000000 0.000000 0.000000 0.000000 0.000000 0.000000 0.000000 0.500000
 0.331490 0.000000 0.000000 0.000000 0.000000 0.000004 0.000000 0.323387 0.342551 0.000000 0.002568 0.000000 0.000000 0.000000 0.000000 0.000000 0.000000 0.000000 0.000000 0.000000
 0.000000 0.000000 0.000000 0.000000 0.000000 0.000000 0.000000 0.000000 0.000000 0.000000 0.000000 0.500000 0.000000 0.000000 0.000000 0.000000 0.000000 0.500000 0.000000 0.000000
 0.000000 0.000000 0.000000 0.000000 0.000000 0.000000 0.000000 0.000000 0.000000 0.000000 0.000000 0.359695 0.000000 0.000000 0.280975 0.000000 0.359330 0.000000 0.000000 0.000000
 0.000000 0.000000 0.000006 0.000000 0.000000 0.000000 0.000000 0.000000 0.498281 0.000000 0.003541 0.000000 0.498172 0.000000 0.000000 0.000000 0.000000 0.000000 0.000000 0.000000
 0.332826 0.000000 0.000000 0.000000 0.000000 0.000000 0.000000 0.310089 0.000000 0.000000 0.000000 0.000000 0.000000 0.000000 0.000000 0.000000 0.000000 0.357085 0.000000 0.000000
 0.355534 0.000000 0.335672 0.000000 0.000000 0.000000 0.308794 0.000000 0.000000 0.000000 0.000000 0.000000 0.000000 0.000000 0.000000 0.000000 0.000000 0.000000 0.000000 0.000000
 0.000000 0.000000 0.499388 0.000000 0.000000 0.499428 0.000000 0.000000 0.000000 0.000000 0.000601 0.000000 0.000567 0.000000 0.000000 0.000000 0.000000 0.000000 0.000016 0.000000
 0.000000 0.413383 0.000000 0.000000 0.000000 0.000000 0.000000 0.000000 0.000000 0.000000 0.000000 0.000800 0.000000 0.000000 0.395950 0.000000 0.189868 0.000000 0.000000 0.000000
 0.000000 0.000000 0.003720 0.000000 0.000000 0.003525 0.000000 0.000000 0.000597 0.000000 0.000000 0.000000 0.496019 0.000000 0.000000 0.000000 0.000000 0.000000 0.496138 0.000000
 0.000000 0.000000 0.000000 0.499575 0.499459 0.000000 0.000000 0.000000 0.000000 0.000966 0.000000 0.000000 0.000000 0.000000 0.000000 0.000000 0.000000 0.000000 0.000000 0.000000
 0.000000 0.000000 0.000000 0.000000 0.000000 0.466959 0.000000 0.000000 0.000530 0.000000 0.466949 0.000000 0.000000 0.000000 0.000000 0.063189 0.000000 0.000000 0.002373 0.000000
 0.000000 0.000000 0.000000 0.000000 0.000000 0.000000 0.000000 0.000000 0.000000 0.000000 0.000000 0.000000 0.000000 0.000000 0.000000 0.473175 0.000000 0.000000 0.054439 0.472387
 0.000000 0.000000 0.000000 0.000000 0.213180 0.000000 0.000000 0.000000 0.000000 0.261457 0.000000 0.000000 0.000000 0.000000 0.000000 0.072705 0.272690 0.000000 0.000000 0.179968
 0.000000 0.000000 0.000000 0.000000 0.000000 0.000000 0.000000 0.000000 0.000000 0.000000 0.000000 0.000000 0.052079 0.384939 0.102528 0.000000 0.000000 0.000000 0.383985 0.076468
 0.000000 0.000000 0.000000 0.000000 0.406487 0.000000 0.000000 0.000000 0.000000 0.186934 0.000000 0.000000 0.000000 0.000000 0.406579 0.000000 0.000000 0.000000 0.000000 0.000000
 0.000000 0.000000 0.000000 0.500000 0.000000 0.000000 0.500000 0.000000 0.000000 0.000000 0.000000 0.000000 0.000000 0.000000 0.000000 0.000000 0.000000 0.000000 0.000000 0.000000
 0.000000 0.000000 0.000000 0.000000 0.000000 0.000000 0.000000 0.000000 0.000015 0.000000 0.472214 0.000000 0.002399 0.054328 0.000000 0.471044 0.000000 0.000000 0.000000 0.000000
 0.000000 0.350105 0.000000 0.000000 0.000000 0.000000 0.000000 0.000000 0.000000 0.000000 0.000000 0.000000 0.000000 0.349522 0.230824 0.069548 0.000000 0.000000 0.000000 0.000000
the mean of prob-rank is 1.5789473684210527
the number of false negetive edges is 0
the number of probability greater than 0 is 3.7/edge
