20
 0.000000 0.000000 0.308033 0.000000 0.000000 0.000000 0.000000 0.335277 0.000000 0.000000 0.000000 0.000000 0.000000 0.000000 0.000000 0.000000 0.356690 0.000000 0.000000 0.000000
 0.000000 0.000000 0.000000 0.500000 0.000000 0.500000 0.000000 0.000000 0.000000 0.000000 0.000000 0.000000 0.000000 0.000000 0.000000 0.000000 0.000000 0.000000 0.000000 0.000000
 0.311129 0.000000 0.000000 0.000000 0.000000 0.000000 0.000000 0.359205 0.000000 0.329653 0.000000 0.000000 0.000000 0.000008 0.000000 0.000000 0.000000 0.000000 0.000004 0.000000
 0.000000 0.500000 0.000000 0.000000 0.000000 0.000000 0.000000 0.000000 0.000000 0.000000 0.000000 0.000000 0.500000 0.000000 0.000000 0.000000 0.000000 0.000000 0.000000 0.000000
 0.000000 0.000000 0.000000 0.000000 0.000000 0.000000 0.000000 0.000000 0.000000 0.000000 0.319493 0.354906 0.000000 0.000000 0.000000 0.000000 0.000000 0.325600 0.000000 0.000000
 0.000000 0.500004 0.000000 0.000000 0.000000 0.000000 0.000000 0.000000 0.000000 0.000000 0.000000 0.000000 0.000000 0.000000 0.000000 0.499996 0.000000 0.000000 0.000000 0.000000
 0.000000 0.000000 0.000000 0.000000 0.000000 0.000000 0.000000 0.000000 0.000000 0.000000 0.000000 0.000000 0.500000 0.000000 0.500000 0.000000 0.000000 0.000000 0.000000 0.000000
 0.338416 0.000000 0.358960 0.000000 0.000000 0.000000 0.000000 0.000000 0.000000 0.003480 0.000000 0.000000 0.000000 0.000000 0.000000 0.000000 0.000000 0.000000 0.299144 0.000000
 0.000000 0.000000 0.000000 0.000000 0.000000 0.000000 0.000000 0.000000 0.000000 0.000000 0.000001 0.000000 0.000000 0.322910 0.000000 0.356655 0.000000 0.320435 0.000000 0.000000
 0.000000 0.000000 0.331805 0.000000 0.000000 0.000000 0.000000 0.003505 0.000000 0.000000 0.012468 0.001901 0.000000 0.287693 0.000000 0.000000 0.000000 0.000000 0.362627 0.000000
 0.000000 0.000000 0.000000 0.000000 0.331673 0.000000 0.000000 0.000000 0.000001 0.012675 0.000000 0.000019 0.000000 0.000000 0.000000 0.000000 0.000000 0.368647 0.286985 0.000000
 0.000000 0.000000 0.000000 0.000000 0.491891 0.000000 0.000000 0.000000 0.000000 0.002581 0.000025 0.000000 0.000000 0.012369 0.000000 0.000000 0.000000 0.001017 0.000000 0.492117
 0.000000 0.000000 0.000000 0.500000 0.000000 0.000000 0.500000 0.000000 0.000000 0.000000 0.000000 0.000000 0.000000 0.000000 0.000000 0.000000 0.000000 0.000000 0.000000 0.000000
 0.000000 0.000000 0.000008 0.000000 0.000000 0.000000 0.000000 0.000000 0.332386 0.291259 0.000000 0.009227 0.000000 0.000000 0.000000 0.000000 0.000000 0.000000 0.000000 0.367120
 0.000000 0.000000 0.000000 0.000000 0.000000 0.000000 0.500001 0.000000 0.000000 0.000000 0.000000 0.000000 0.000000 0.000000 0.000000 0.000000 0.499999 0.000000 0.000000 0.000000
 0.000000 0.000000 0.000000 0.000000 0.000000 0.499996 0.000000 0.000000 0.500004 0.000000 0.000000 0.000000 0.000000 0.000000 0.000000 0.000000 0.000000 0.000000 0.000000 0.000000
 0.500001 0.000000 0.000000 0.000000 0.000000 0.000000 0.000000 0.000000 0.000000 0.000000 0.000000 0.000000 0.000000 0.000000 0.499999 0.000000 0.000000 0.000000 0.000000 0.000000
 0.000000 0.000000 0.000000 0.000000 0.325441 0.000000 0.000000 0.000000 0.318890 0.000000 0.354936 0.000733 0.000000 0.000000 0.000000 0.000000 0.000000 0.000000 0.000000 0.000000
 0.000000 0.000000 0.000004 0.000000 0.000000 0.000000 0.000000 0.318423 0.000000 0.383233 0.298340 0.000000 0.000000 0.000000 0.000000 0.000000 0.000000 0.000000 0.000000 0.000000
 0.000000 0.000000 0.000000 0.000000 0.000000 0.000000 0.000000 0.000000 0.000000 0.000000 0.000000 0.499972 0.000000 0.500028 0.000000 0.000000 0.000000 0.000000 0.000000 0.000000
the mean of prob-rank is 1.9473684210526316
the number of false negetive edges is 0
the number of probability greater than 0 is 3.3/edge
