20
 0.000000 0.000000 0.000000 0.000000 0.000000 0.000000 0.000000 0.000000 0.000000 0.000000 0.000000 0.000000 0.345226 0.000000 0.349571 0.000024 0.000000 0.000000 0.305179 0.000000
 0.000000 0.000000 0.000000 0.000000 0.000000 0.000000 0.000000 0.252804 0.000000 0.000000 0.214915 0.000000 0.002900 0.000001 0.000000 0.234166 0.295215 0.000000 0.000000 0.000000
 0.000000 0.000000 0.000000 0.000030 0.000000 0.000000 0.000000 0.000000 0.000000 0.000803 0.000279 0.000000 0.000000 0.000000 0.000000 0.000000 0.000000 0.499446 0.499441 0.000001
 0.000000 0.000000 0.000030 0.000000 0.000000 0.000519 0.000000 0.000000 0.001101 0.499152 0.000008 0.000000 0.000000 0.000000 0.000000 0.000000 0.000000 0.000000 0.000000 0.499190
 0.000000 0.000000 0.000000 0.000000 0.000000 0.447696 0.000000 0.446928 0.000000 0.000000 0.027528 0.074270 0.000000 0.000000 0.000000 0.000000 0.000000 0.000000 0.000000 0.003578
 0.000000 0.000000 0.000000 0.000515 0.495672 0.000000 0.000000 0.000038 0.000000 0.000000 0.007304 0.000513 0.000000 0.000000 0.000000 0.000000 0.000000 0.000000 0.000000 0.495957
 0.000000 0.000000 0.000000 0.000000 0.000000 0.000000 0.000000 0.006941 0.000006 0.000000 0.000000 0.448485 0.000000 0.448763 0.000000 0.000067 0.095736 0.000000 0.000000 0.000000
 0.000000 0.286908 0.000000 0.000000 0.340199 0.000026 0.005274 0.000000 0.000000 0.000000 0.283523 0.017243 0.000000 0.000000 0.000000 0.000000 0.066826 0.000000 0.000000 0.000000
 0.000000 0.000000 0.000000 0.001102 0.000000 0.000000 0.000007 0.000000 0.000000 0.499477 0.000000 0.499378 0.000000 0.000000 0.000000 0.000000 0.000000 0.000000 0.000000 0.000035
 0.000000 0.000000 0.000803 0.499578 0.000000 0.000000 0.000000 0.000000 0.499618 0.000000 0.000000 0.000000 0.000000 0.000000 0.000000 0.000000 0.000000 0.000000 0.000000 0.000000
 0.000000 0.267610 0.000209 0.000006 0.022990 0.005510 0.000000 0.311073 0.000000 0.000000 0.000000 0.000000 0.015799 0.000000 0.000001 0.000017 0.000000 0.374125 0.000000 0.002661
 0.000000 0.000000 0.000000 0.000000 0.074794 0.000466 0.450848 0.022813 0.451040 0.000000 0.000000 0.000000 0.000000 0.000000 0.000000 0.000000 0.000000 0.000000 0.000000 0.000039
 0.392473 0.003836 0.000000 0.000000 0.000000 0.000000 0.000000 0.000000 0.000000 0.000000 0.016782 0.000000 0.000000 0.000000 0.189529 0.397380 0.000000 0.000000 0.000000 0.000000
 0.000000 0.000002 0.000000 0.000000 0.000000 0.000000 0.347402 0.000000 0.000000 0.000000 0.000000 0.000000 0.000000 0.000000 0.000000 0.313166 0.339430 0.000000 0.000000 0.000000
 0.418224 0.000000 0.000000 0.000000 0.000000 0.000000 0.000000 0.000000 0.000000 0.000000 0.000001 0.000000 0.199454 0.000000 0.000000 0.000000 0.000000 0.000006 0.382315 0.000000
 0.000019 0.215310 0.000000 0.000000 0.000000 0.000000 0.000042 0.000000 0.000000 0.000000 0.000013 0.000000 0.276243 0.249037 0.000000 0.000000 0.259336 0.000000 0.000000 0.000000
 0.000000 0.297055 0.000000 0.000000 0.000000 0.000000 0.064497 0.059250 0.000000 0.000000 0.000000 0.000000 0.000000 0.295392 0.000000 0.283806 0.000000 0.000000 0.000000 0.000000
 0.000000 0.000000 0.499977 0.000000 0.000000 0.000000 0.000000 0.000000 0.000000 0.000000 0.499974 0.000000 0.000000 0.000000 0.000008 0.000000 0.000000 0.000000 0.000041 0.000000
 0.313219 0.000000 0.358776 0.000000 0.000000 0.000000 0.000000 0.000000 0.000000 0.000000 0.000000 0.000000 0.000000 0.000000 0.327976 0.000000 0.000000 0.000029 0.000000 0.000000
 0.000000 0.000000 0.000001 0.496221 0.003964 0.496206 0.000000 0.000000 0.000035 0.000000 0.003530 0.000043 0.000000 0.000000 0.000000 0.000000 0.000000 0.000000 0.000000 0.000000
the mean of prob-rank is 1.736842105263158
the number of false negetive edges is 0
the number of probability greater than 0 is 5.4/edge
