20
 0.000000 0.000000 0.000000 0.000000 0.000000 0.000000 0.000000 0.000000 0.000000 0.493847 0.000000 0.493973 0.000000 0.012180 0.000000 0.000000 0.000000 0.000000 0.000000 0.000000
 0.000000 0.000000 0.000000 0.000000 0.000000 0.000000 0.000000 0.037826 0.000000 0.000000 0.000000 0.481341 0.480833 0.000000 0.000000 0.000000 0.000000 0.000000 0.000000 0.000000
 0.000000 0.000000 0.000000 0.000000 0.015573 0.081238 0.323641 0.000000 0.000000 0.000000 0.000000 0.000000 0.000000 0.000000 0.000000 0.233249 0.000000 0.000000 0.346299 0.000000
 0.000000 0.000000 0.000000 0.000000 0.000000 0.000819 0.014558 0.474832 0.000000 0.000000 0.474948 0.000000 0.000000 0.000000 0.000000 0.013586 0.003920 0.000000 0.017227 0.000110
 0.000000 0.000000 0.020759 0.000000 0.000000 0.462771 0.000000 0.000000 0.000000 0.461520 0.000000 0.000000 0.054951 0.000000 0.000000 0.000000 0.000000 0.000000 0.000000 0.000000
 0.000000 0.000000 0.104945 0.000773 0.448487 0.000000 0.000000 0.000000 0.000000 0.000000 0.000000 0.000000 0.000000 0.000000 0.000000 0.000000 0.000000 0.000000 0.445795 0.000000
 0.000000 0.000000 0.273156 0.008981 0.000000 0.000000 0.000000 0.000000 0.000000 0.000000 0.000007 0.000000 0.000000 0.000000 0.020684 0.292999 0.000000 0.166713 0.237460 0.000000
 0.000000 0.037913 0.000000 0.482370 0.000000 0.000000 0.000000 0.000000 0.000000 0.000000 0.000204 0.000000 0.479512 0.000000 0.000000 0.000000 0.000000 0.000000 0.000000 0.000000
 0.000000 0.000000 0.000000 0.000000 0.000000 0.000000 0.000000 0.000000 0.000000 0.000000 0.000000 0.000000 0.000000 0.311390 0.280584 0.000000 0.000000 0.131201 0.000000 0.276825
 0.443325 0.000000 0.000000 0.000000 0.442233 0.000000 0.000000 0.000000 0.000000 0.000000 0.000000 0.000007 0.114436 0.000000 0.000000 0.000000 0.000000 0.000000 0.000000 0.000000
 0.000000 0.000000 0.000000 0.499784 0.000000 0.000000 0.000012 0.000212 0.000000 0.000000 0.000000 0.000000 0.000000 0.000000 0.000000 0.000000 0.499506 0.000000 0.000002 0.000484
 0.500017 0.499975 0.000000 0.000000 0.000000 0.000000 0.000000 0.000000 0.000000 0.000008 0.000000 0.000000 0.000000 0.000000 0.000000 0.000000 0.000000 0.000000 0.000000 0.000000
 0.000000 0.421550 0.000000 0.000000 0.050113 0.000000 0.000000 0.419426 0.000000 0.108911 0.000000 0.000000 0.000000 0.000000 0.000000 0.000000 0.000000 0.000000 0.000000 0.000000
 0.008544 0.000000 0.000000 0.000000 0.000000 0.000000 0.000000 0.000000 0.346519 0.000000 0.000000 0.000000 0.000000 0.000000 0.300657 0.000000 0.000000 0.046019 0.000000 0.298262
 0.000000 0.000000 0.000000 0.000000 0.000000 0.000000 0.023326 0.000000 0.297744 0.000000 0.000000 0.000000 0.000000 0.286701 0.000000 0.062014 0.000000 0.330216 0.000000 0.000000
 0.000000 0.000000 0.211881 0.009021 0.000000 0.000000 0.315349 0.000000 0.000000 0.000000 0.000000 0.000000 0.000000 0.000000 0.059187 0.000000 0.000000 0.294447 0.110114 0.000000
 0.000000 0.000000 0.000000 0.004111 0.000000 0.000000 0.000000 0.000000 0.000000 0.000000 0.497805 0.000000 0.000000 0.000000 0.000000 0.000000 0.000000 0.000000 0.000000 0.498084
 0.000000 0.000000 0.000000 0.000000 0.000000 0.000000 0.182285 0.000000 0.134994 0.000000 0.000000 0.000000 0.000000 0.042549 0.320179 0.299132 0.000000 0.000000 0.000002 0.020859
 0.000000 0.000000 0.312953 0.011380 0.000000 0.311860 0.254256 0.000000 0.000000 0.000000 0.000001 0.000000 0.000000 0.000000 0.000000 0.109547 0.000000 0.000002 0.000000 0.000000
 0.000000 0.000000 0.000000 0.000082 0.000000 0.000000 0.000000 0.000000 0.315691 0.000000 0.000344 0.000000 0.000000 0.305655 0.000000 0.000000 0.355109 0.023119 0.000000 0.000000
the mean of prob-rank is 1.6842105263157894
the number of false negetive edges is 0
the number of probability greater than 0 is 4.9/edge
