20
 0.000000 0.000000 0.000000 0.000000 0.445886 0.000000 0.000000 0.000000 0.446862 0.000000 0.000000 0.000000 0.000133 0.000000 0.000000 0.000000 0.107119 0.000000 0.000000 0.000000
 0.000000 0.000000 0.000000 0.000000 0.000000 0.000000 0.000000 0.000000 0.476873 0.043714 0.000000 0.000000 0.000000 0.000000 0.000000 0.000000 0.000000 0.476789 0.000000 0.002623
 0.000000 0.000000 0.000000 0.000000 0.000000 0.000000 0.000000 0.499969 0.000000 0.000000 0.000000 0.000000 0.000000 0.500027 0.000000 0.000000 0.000000 0.000000 0.000000 0.000003
 0.000000 0.000000 0.000000 0.000000 0.000000 0.000000 0.000000 0.000000 0.000000 0.000000 0.000000 0.000000 0.000000 0.000000 0.500000 0.000000 0.000000 0.000000 0.500000 0.000000
 0.446272 0.000000 0.000000 0.000000 0.000000 0.000000 0.000000 0.000000 0.000000 0.447414 0.000000 0.000000 0.000000 0.000000 0.000000 0.000000 0.106314 0.000000 0.000000 0.000000
 0.000000 0.000000 0.000000 0.000000 0.000000 0.000000 0.500000 0.000000 0.000000 0.000000 0.000000 0.500000 0.000000 0.000000 0.000000 0.000000 0.000000 0.000000 0.000000 0.000000
 0.000000 0.000000 0.000000 0.000000 0.000000 0.500001 0.000000 0.000000 0.000000 0.000000 0.000000 0.000000 0.499999 0.000000 0.000000 0.000000 0.000000 0.000000 0.000000 0.000000
 0.000000 0.000000 0.471095 0.000000 0.000000 0.000000 0.000000 0.000000 0.000000 0.000000 0.000000 0.000000 0.000000 0.000000 0.000000 0.058727 0.000000 0.000000 0.000000 0.470178
 0.483740 0.483926 0.000000 0.000000 0.000000 0.000000 0.000000 0.000000 0.000000 0.000000 0.000000 0.000000 0.000000 0.000000 0.000000 0.000000 0.000000 0.032334 0.000000 0.000000
 0.000000 0.043719 0.000000 0.000000 0.476924 0.000000 0.000000 0.000000 0.000000 0.000000 0.000000 0.000000 0.000000 0.000000 0.000000 0.000000 0.475255 0.000000 0.004101 0.000000
 0.000000 0.000000 0.000000 0.000000 0.000000 0.000000 0.000000 0.000000 0.000000 0.000000 0.000000 0.000000 0.499995 0.500005 0.000000 0.000000 0.000000 0.000000 0.000000 0.000000
 0.000000 0.000000 0.000000 0.000000 0.000000 0.500029 0.000000 0.000000 0.000000 0.000000 0.000000 0.000000 0.000000 0.000000 0.499971 0.000000 0.000000 0.000000 0.000000 0.000000
 0.000149 0.000000 0.000000 0.000000 0.000000 0.000000 0.499929 0.000000 0.000000 0.000000 0.499922 0.000000 0.000000 0.000000 0.000000 0.000000 0.000000 0.000000 0.000000 0.000000
 0.000000 0.000000 0.500000 0.000000 0.000000 0.000000 0.000000 0.000000 0.000000 0.000000 0.500000 0.000000 0.000000 0.000000 0.000000 0.000000 0.000000 0.000000 0.000000 0.000000
 0.000000 0.000000 0.000000 0.500029 0.000000 0.000000 0.000000 0.000000 0.000000 0.000000 0.000000 0.499971 0.000000 0.000000 0.000000 0.000000 0.000000 0.000000 0.000000 0.000000
 0.000000 0.000000 0.000000 0.000000 0.000000 0.000000 0.000000 0.058696 0.000000 0.000000 0.000000 0.000000 0.000000 0.000000 0.000000 0.000000 0.000000 0.470401 0.000000 0.470903
 0.096922 0.000000 0.000000 0.000000 0.096112 0.000000 0.000000 0.000000 0.000000 0.403060 0.000000 0.000000 0.000000 0.000000 0.000000 0.000000 0.000000 0.000000 0.403906 0.000000
 0.000000 0.482072 0.000000 0.000000 0.000000 0.000000 0.000000 0.000000 0.032216 0.000000 0.000000 0.000000 0.000000 0.000000 0.000000 0.481639 0.000000 0.000000 0.000000 0.004073
 0.000000 0.000000 0.000000 0.498213 0.000000 0.000000 0.000000 0.000000 0.000000 0.004284 0.000000 0.000000 0.000000 0.000000 0.000000 0.000000 0.497503 0.000000 0.000000 0.000000
 0.000000 0.002734 0.000003 0.000000 0.000000 0.000000 0.000000 0.496022 0.000000 0.000000 0.000000 0.000000 0.000000 0.000000 0.000000 0.497042 0.000000 0.004198 0.000000 0.000000
the mean of prob-rank is 1.5789473684210527
the number of false negetive edges is 0
the number of probability greater than 0 is 3.0/edge
