20
 0.000000 0.000000 0.000000 0.000000 0.000000 0.500000 0.000000 0.000000 0.000000 0.000000 0.000000 0.000000 0.000000 0.000000 0.000000 0.000000 0.000000 0.500000 0.000000 0.000000
 0.000000 0.000000 0.314070 0.000000 0.000000 0.000000 0.000041 0.000000 0.000000 0.324050 0.000000 0.254994 0.103861 0.000000 0.000000 0.000000 0.000000 0.000000 0.000000 0.002986
 0.000000 0.389805 0.000000 0.000000 0.000000 0.000000 0.000000 0.000000 0.000000 0.044663 0.000000 0.404468 0.154413 0.000000 0.000000 0.000000 0.000395 0.000000 0.000000 0.006257
 0.000000 0.000000 0.000000 0.000000 0.012028 0.484073 0.017504 0.000000 0.000000 0.000000 0.001394 0.000000 0.000000 0.000000 0.000007 0.484993 0.000000 0.000000 0.000000 0.000000
 0.000000 0.000000 0.000000 0.011736 0.000000 0.000000 0.000000 0.000000 0.000000 0.000000 0.473231 0.000000 0.000000 0.471470 0.043444 0.000119 0.000000 0.000000 0.000000 0.000000
 0.469878 0.000000 0.000000 0.468986 0.000000 0.000000 0.000000 0.000000 0.000000 0.000000 0.000000 0.000000 0.000000 0.000000 0.047433 0.013704 0.000000 0.000000 0.000000 0.000000
 0.000000 0.000059 0.000000 0.017177 0.000000 0.000000 0.000000 0.000000 0.000000 0.031192 0.000000 0.000000 0.475718 0.000000 0.000000 0.000000 0.000000 0.000000 0.475854 0.000000
 0.000000 0.000000 0.000000 0.000000 0.000000 0.000000 0.000000 0.000000 0.500000 0.000000 0.500000 0.000000 0.000000 0.000000 0.000000 0.000000 0.000000 0.000000 0.000000 0.000000
 0.000000 0.000000 0.000000 0.000000 0.000000 0.000000 0.000000 0.500000 0.000000 0.000000 0.000000 0.000000 0.000000 0.000000 0.000000 0.000000 0.000000 0.000000 0.500000 0.000000
 0.000000 0.445389 0.049461 0.000000 0.000000 0.000000 0.029363 0.000000 0.000000 0.000000 0.000000 0.027713 0.000000 0.000000 0.000000 0.000000 0.000063 0.000000 0.000000 0.448011
 0.000000 0.000000 0.000000 0.001435 0.499281 0.000000 0.000000 0.499283 0.000000 0.000000 0.000000 0.000000 0.000000 0.000000 0.000000 0.000000 0.000000 0.000000 0.000000 0.000000
 0.000000 0.282512 0.361053 0.000000 0.000000 0.000000 0.000000 0.000000 0.000000 0.022339 0.000000 0.000000 0.320452 0.000000 0.000000 0.000000 0.005554 0.000000 0.000000 0.008090
 0.000000 0.122474 0.146708 0.000000 0.000000 0.000000 0.384216 0.000000 0.000000 0.000000 0.000000 0.341073 0.000000 0.000000 0.000000 0.000000 0.000000 0.000000 0.005529 0.000000
 0.000000 0.000000 0.000000 0.000000 0.476087 0.000000 0.000000 0.000000 0.000000 0.000000 0.000000 0.000000 0.000000 0.000000 0.477868 0.046044 0.000000 0.000000 0.000000 0.000000
 0.000000 0.000000 0.000000 0.000007 0.040357 0.044377 0.000000 0.000000 0.000000 0.000000 0.000000 0.000000 0.000000 0.439606 0.000000 0.438499 0.000000 0.037155 0.000000 0.000000
 0.000000 0.000000 0.000000 0.470976 0.000118 0.013736 0.000000 0.000000 0.000000 0.000000 0.000000 0.000000 0.000000 0.045380 0.469790 0.000000 0.000000 0.000000 0.000000 0.000000
 0.000000 0.000000 0.000484 0.000000 0.000000 0.000000 0.000000 0.000000 0.000000 0.000070 0.000000 0.007628 0.000000 0.000000 0.000000 0.000000 0.000000 0.495874 0.000000 0.495944
 0.479791 0.000000 0.000000 0.000000 0.000000 0.000000 0.000000 0.000000 0.000000 0.000000 0.000000 0.000000 0.000000 0.000000 0.040552 0.000000 0.479657 0.000000 0.000000 0.000000
 0.000000 0.000000 0.000000 0.000000 0.000000 0.000000 0.496397 0.000000 0.496462 0.000000 0.000000 0.000000 0.007141 0.000000 0.000000 0.000000 0.000000 0.000000 0.000000 0.000000
 0.000000 0.004475 0.007556 0.000000 0.000000 0.000000 0.000000 0.000000 0.000000 0.488544 0.000000 0.010944 0.000000 0.000000 0.000000 0.000000 0.488481 0.000000 0.000000 0.000000
the mean of prob-rank is 1.5789473684210527
the number of false negetive edges is 0
the number of probability greater than 0 is 4.4/edge
