20
 0.000000 0.000000 0.000000 0.000000 0.000000 0.364203 0.000000 0.000000 0.030656 0.000000 0.000000 0.000000 0.000000 0.337309 0.000000 0.267832 0.000000 0.000000 0.000000 0.000000
 0.000000 0.000000 0.000000 0.000000 0.000000 0.000000 0.500000 0.000000 0.000000 0.000000 0.000000 0.000000 0.000000 0.000000 0.000000 0.000000 0.000000 0.500000 0.000000 0.000000
 0.000000 0.000000 0.000000 0.000000 0.000000 0.000000 0.000000 0.000000 0.000000 0.000000 0.000000 0.499996 0.499996 0.000000 0.000000 0.000000 0.000007 0.000000 0.000000 0.000000
 0.000000 0.000000 0.000000 0.000000 0.006871 0.000000 0.000000 0.487342 0.000000 0.018166 0.000811 0.000000 0.000000 0.000220 0.000000 0.000000 0.000000 0.000000 0.486590 0.000000
 0.000000 0.000000 0.000000 0.004459 0.000000 0.000000 0.000000 0.304632 0.000000 0.000000 0.310961 0.000000 0.000000 0.000028 0.235023 0.000000 0.000000 0.000000 0.144897 0.000000
 0.499999 0.000000 0.000000 0.000000 0.000000 0.000000 0.000000 0.000000 0.000000 0.000000 0.000000 0.000000 0.000000 0.000000 0.000000 0.000000 0.000000 0.000000 0.000000 0.500001
 0.000000 0.500000 0.000000 0.000000 0.000000 0.000000 0.000000 0.000000 0.000000 0.000000 0.000000 0.500000 0.000000 0.000000 0.000000 0.000000 0.000000 0.000000 0.000000 0.000000
 0.000000 0.000000 0.000000 0.324012 0.312073 0.000000 0.000000 0.000000 0.000000 0.000000 0.216140 0.000000 0.000000 0.000000 0.000000 0.000000 0.000000 0.000000 0.147776 0.000000
 0.040389 0.000000 0.000000 0.000000 0.000000 0.000000 0.000000 0.000000 0.000000 0.000000 0.000000 0.000000 0.000000 0.000000 0.000000 0.000000 0.000000 0.479826 0.000000 0.479786
 0.000000 0.000000 0.000000 0.018298 0.000000 0.000000 0.000000 0.000000 0.000000 0.000000 0.000000 0.000000 0.490867 0.000000 0.000000 0.000000 0.490835 0.000000 0.000000 0.000000
 0.000000 0.000000 0.000000 0.000607 0.358692 0.000000 0.000000 0.243372 0.000000 0.000000 0.000000 0.000000 0.000000 0.000000 0.030312 0.000000 0.364828 0.000000 0.000000 0.002188
 0.000000 0.000000 0.499983 0.000000 0.000000 0.000000 0.499983 0.000000 0.000000 0.000000 0.000000 0.000000 0.000000 0.000000 0.000000 0.000000 0.000034 0.000000 0.000000 0.000000
 0.000000 0.000000 0.500000 0.000000 0.000000 0.000000 0.000000 0.000000 0.000000 0.500000 0.000000 0.000000 0.000000 0.000000 0.000000 0.000000 0.000000 0.000000 0.000000 0.000000
 0.265011 0.000000 0.000000 0.000129 0.000025 0.000000 0.000000 0.000000 0.000000 0.000000 0.000000 0.000000 0.000000 0.000000 0.219966 0.286141 0.000000 0.000000 0.228727 0.000000
 0.000000 0.000000 0.000000 0.000000 0.210608 0.000000 0.000000 0.000000 0.000000 0.000000 0.023549 0.000000 0.000000 0.217882 0.000000 0.280395 0.000000 0.000000 0.267556 0.000010
 0.269899 0.000000 0.000000 0.000000 0.000000 0.000000 0.000000 0.000000 0.000000 0.000000 0.000000 0.000000 0.000000 0.367015 0.363086 0.000000 0.000000 0.000000 0.000000 0.000000
 0.000000 0.000000 0.000007 0.000000 0.000000 0.000000 0.000000 0.000000 0.000000 0.498196 0.498220 0.000034 0.000000 0.000000 0.000000 0.000000 0.000000 0.000000 0.000000 0.003543
 0.000000 0.500000 0.000000 0.000000 0.000000 0.000000 0.000000 0.000000 0.500000 0.000000 0.000000 0.000000 0.000000 0.000000 0.000000 0.000000 0.000000 0.000000 0.000000 0.000000
 0.000000 0.000000 0.000000 0.273100 0.125306 0.000000 0.000000 0.124748 0.000000 0.000000 0.000000 0.000000 0.000000 0.218640 0.258205 0.000000 0.000000 0.000000 0.000000 0.000000
 0.000000 0.000000 0.000000 0.000000 0.000000 0.496756 0.000000 0.000000 0.496714 0.000000 0.002980 0.000000 0.000000 0.000000 0.000017 0.000000 0.003533 0.000000 0.000000 0.000000
the mean of prob-rank is 1.736842105263158
the number of false negetive edges is 0
the number of probability greater than 0 is 3.9/edge
