20
 0.000000 0.000000 0.000000 0.000000 0.000000 0.000000 0.000000 0.485666 0.489549 0.000000 0.000000 0.000000 0.000000 0.000000 0.000000 0.018517 0.000000 0.000000 0.006268 0.000000
 0.000000 0.000000 0.000000 0.000000 0.000000 0.000000 0.000000 0.000000 0.000000 0.000000 0.000000 0.000000 0.000000 0.000000 0.500000 0.500000 0.000000 0.000000 0.000000 0.000000
 0.000000 0.000000 0.000000 0.000000 0.000000 0.000000 0.000000 0.500000 0.000000 0.000000 0.000000 0.000000 0.000000 0.000000 0.000000 0.000000 0.000000 0.000000 0.500000 0.000000
 0.000000 0.000000 0.000000 0.000000 0.000000 0.000000 0.000000 0.000000 0.000000 0.000000 0.000000 0.500004 0.499995 0.000000 0.000000 0.000000 0.000000 0.000000 0.000000 0.000000
 0.000000 0.000000 0.000000 0.000000 0.000000 0.001056 0.000001 0.000000 0.000000 0.000000 0.024890 0.000000 0.000000 0.000000 0.000000 0.000000 0.485501 0.488552 0.000000 0.000000
 0.000000 0.000000 0.000000 0.000000 0.001078 0.000000 0.000000 0.000000 0.000000 0.498837 0.000000 0.498830 0.000000 0.000000 0.000000 0.000000 0.000000 0.001254 0.000000 0.000000
 0.000000 0.000000 0.000000 0.000000 0.000001 0.000000 0.000000 0.000000 0.000000 0.000000 0.499999 0.000000 0.000000 0.000000 0.000000 0.000000 0.000000 0.000001 0.000000 0.499999
 0.369774 0.000000 0.372996 0.000000 0.000000 0.000000 0.000000 0.000000 0.257229 0.000000 0.000000 0.000000 0.000000 0.000000 0.000000 0.000000 0.000000 0.000000 0.000000 0.000000
 0.371697 0.000000 0.000000 0.000000 0.000000 0.000000 0.000000 0.256516 0.000000 0.371787 0.000000 0.000000 0.000000 0.000000 0.000000 0.000000 0.000000 0.000000 0.000000 0.000000
 0.000000 0.000000 0.000000 0.000000 0.000000 0.500117 0.000000 0.000000 0.499882 0.000000 0.000000 0.000000 0.000000 0.000000 0.000000 0.000000 0.000000 0.000000 0.000000 0.000000
 0.000000 0.000000 0.000000 0.000000 0.024371 0.000000 0.478370 0.000000 0.000000 0.000000 0.000000 0.000000 0.000002 0.025692 0.000000 0.000000 0.000000 0.471561 0.000000 0.000004
 0.000000 0.000000 0.000000 0.500003 0.000000 0.499996 0.000000 0.000000 0.000000 0.000000 0.000000 0.000000 0.000000 0.000000 0.000000 0.000000 0.000001 0.000000 0.000000 0.000000
 0.000000 0.000000 0.000000 0.499994 0.000000 0.000000 0.000000 0.000000 0.000000 0.000000 0.000002 0.000000 0.000000 0.500003 0.000000 0.000000 0.000000 0.000000 0.000000 0.000000
 0.000000 0.000000 0.000000 0.000000 0.000000 0.000000 0.000000 0.000000 0.000000 0.000000 0.026152 0.000000 0.486929 0.000000 0.000000 0.000000 0.486919 0.000000 0.000000 0.000000
 0.000000 0.500000 0.000000 0.000000 0.000000 0.000000 0.000000 0.000000 0.000000 0.000000 0.000000 0.000000 0.000000 0.000000 0.000000 0.000000 0.000000 0.000000 0.000000 0.500000
 0.018551 0.490820 0.000000 0.000000 0.000000 0.000000 0.000000 0.000000 0.000000 0.000000 0.000000 0.000000 0.000000 0.000000 0.000000 0.000000 0.000000 0.000000 0.490629 0.000000
 0.000000 0.000000 0.000000 0.000000 0.496707 0.000000 0.000000 0.000000 0.000000 0.000000 0.000000 0.000001 0.000000 0.499819 0.000000 0.000000 0.000000 0.003472 0.000000 0.000000
 0.000000 0.000000 0.000000 0.000000 0.501196 0.001260 0.000001 0.000000 0.000000 0.000000 0.494062 0.000000 0.000000 0.000000 0.000000 0.000000 0.003481 0.000000 0.000000 0.000000
 0.006358 0.000000 0.496918 0.000000 0.000000 0.000000 0.000000 0.000000 0.000000 0.000000 0.000000 0.000000 0.000000 0.000000 0.000000 0.496724 0.000000 0.000000 0.000000 0.000000
 0.000000 0.000000 0.000000 0.000000 0.000000 0.000000 0.499998 0.000000 0.000000 0.000000 0.000004 0.000000 0.000000 0.000000 0.499998 0.000000 0.000000 0.000000 0.000000 0.000000
the mean of prob-rank is 1.5789473684210527
the number of false negetive edges is 0
the number of probability greater than 0 is 3.2/edge
