20
 0.000000 0.000000 0.000000 0.000000 0.303687 0.295962 0.000000 0.000000 0.000000 0.179613 0.000000 0.000000 0.000000 0.000000 0.000064 0.220673 0.000000 0.000000 0.000000 0.000000
 0.000000 0.000000 0.016967 0.000308 0.000000 0.000000 0.000000 0.291790 0.000000 0.000000 0.000000 0.000000 0.332275 0.000000 0.000000 0.000000 0.017462 0.000000 0.000000 0.341198
 0.000000 0.014442 0.000000 0.296961 0.000000 0.000000 0.000000 0.000000 0.023409 0.000000 0.000006 0.086093 0.236590 0.042173 0.000000 0.000000 0.041855 0.000000 0.258470 0.000000
 0.000000 0.000420 0.475364 0.000000 0.000000 0.000000 0.000000 0.000000 0.000000 0.000000 0.000146 0.049011 0.000000 0.000000 0.000000 0.000000 0.475040 0.000000 0.000019 0.000000
 0.345594 0.000000 0.000000 0.000000 0.000000 0.002356 0.000000 0.000000 0.000000 0.342010 0.000000 0.000000 0.000000 0.195745 0.114295 0.000000 0.000000 0.000000 0.000000 0.000000
 0.367577 0.000000 0.000000 0.000000 0.002571 0.000000 0.000000 0.000000 0.000000 0.252671 0.000000 0.000000 0.000000 0.000013 0.000000 0.000000 0.000000 0.000000 0.377168 0.000000
 0.000000 0.000000 0.000000 0.000000 0.000000 0.000000 0.000000 0.281689 0.133180 0.000000 0.000000 0.000000 0.300167 0.000000 0.000000 0.000000 0.000000 0.284965 0.000000 0.000000
 0.000000 0.271504 0.000000 0.000000 0.000000 0.000000 0.299389 0.000000 0.000009 0.000000 0.000000 0.000000 0.104501 0.000000 0.000000 0.000000 0.000000 0.324597 0.000000 0.000000
 0.000000 0.000000 0.027667 0.000000 0.000000 0.000000 0.153041 0.000010 0.000000 0.000000 0.000000 0.000000 0.000000 0.146201 0.350605 0.000000 0.000000 0.322476 0.000000 0.000000
 0.185110 0.000000 0.000000 0.000000 0.309736 0.209670 0.000000 0.000000 0.000000 0.000000 0.000000 0.000000 0.000000 0.295483 0.000001 0.000000 0.000000 0.000000 0.000001 0.000000
 0.000000 0.000000 0.000006 0.000089 0.000000 0.000000 0.000000 0.000000 0.000000 0.000000 0.000000 0.291843 0.000000 0.000000 0.000000 0.254324 0.284060 0.000000 0.001516 0.168161
 0.000000 0.000000 0.088713 0.031549 0.000000 0.000000 0.000000 0.000000 0.000000 0.000000 0.305995 0.000000 0.000000 0.000000 0.000000 0.168193 0.145389 0.000000 0.258179 0.001983
 0.000000 0.311879 0.260886 0.000000 0.000000 0.000000 0.321820 0.105415 0.000000 0.000000 0.000000 0.000000 0.000000 0.000000 0.000000 0.000000 0.000000 0.000000 0.000000 0.000000
 0.000000 0.000000 0.046272 0.000000 0.184550 0.000011 0.000000 0.000000 0.135727 0.307611 0.000000 0.000000 0.000000 0.000000 0.325828 0.000000 0.000000 0.000000 0.000001 0.000000
 0.000091 0.000000 0.000000 0.000000 0.141947 0.000000 0.000000 0.000000 0.428756 0.000001 0.000000 0.000000 0.000000 0.429205 0.000000 0.000000 0.000000 0.000000 0.000000 0.000000
 0.206821 0.000000 0.000000 0.000000 0.000000 0.000000 0.000000 0.000000 0.000000 0.000000 0.248031 0.156444 0.000000 0.000000 0.000000 0.000000 0.000000 0.000000 0.104081 0.284623
 0.000000 0.018833 0.053031 0.376000 0.000000 0.000000 0.000000 0.000000 0.000000 0.000000 0.366220 0.178771 0.000000 0.000000 0.000000 0.000000 0.000000 0.000000 0.000003 0.007141
 0.000000 0.000000 0.000000 0.000000 0.000000 0.000000 0.327171 0.350639 0.322190 0.000000 0.000000 0.000000 0.000000 0.000000 0.000000 0.000000 0.000000 0.000000 0.000000 0.000000
 0.000000 0.000000 0.282131 0.000013 0.000000 0.324144 0.000000 0.000000 0.000000 0.000001 0.001684 0.273491 0.000000 0.000001 0.000000 0.118534 0.000002 0.000000 0.000000 0.000000
 0.000000 0.379122 0.000000 0.000000 0.000000 0.000000 0.000000 0.000000 0.000000 0.000000 0.223362 0.002512 0.000000 0.000000 0.000000 0.387647 0.007357 0.000000 0.000000 0.000000
the mean of prob-rank is 2.0
the number of false negetive edges is 0
the number of probability greater than 0 is 5.5/edge
