20
 0.000000 0.000000 0.000000 0.000000 0.498853 0.000000 0.002296 0.000000 0.000000 0.000000 0.000000 0.000000 0.000000 0.000000 0.000000 0.498851 0.000000 0.000000 0.000000 0.000000
 0.000000 0.000000 0.000000 0.000000 0.000000 0.000000 0.000000 0.000000 0.500388 0.499571 0.000000 0.000000 0.000000 0.000000 0.000040 0.000000 0.000000 0.000000 0.000000 0.000000
 0.000000 0.000000 0.000000 0.500000 0.000000 0.000000 0.000000 0.000000 0.000000 0.000000 0.000000 0.500000 0.000000 0.000000 0.000000 0.000000 0.000000 0.000000 0.000000 0.000000
 0.000000 0.000000 0.500000 0.000000 0.000000 0.000000 0.000000 0.000000 0.000000 0.000000 0.000000 0.000000 0.000000 0.000000 0.500000 0.000000 0.000000 0.000000 0.000000 0.000000
 0.357052 0.000000 0.000000 0.000000 0.000000 0.000039 0.266463 0.000000 0.000000 0.000000 0.000000 0.000000 0.345993 0.019456 0.000000 0.010997 0.000000 0.000000 0.000000 0.000000
 0.000000 0.000000 0.000000 0.000000 0.000036 0.000000 0.090254 0.000000 0.000000 0.240369 0.336963 0.000000 0.332378 0.000000 0.000000 0.000000 0.000000 0.000000 0.000000 0.000000
 0.001539 0.000000 0.000000 0.000000 0.249482 0.089540 0.000000 0.000000 0.000000 0.325455 0.333985 0.000000 0.000000 0.000000 0.000000 0.000000 0.000000 0.000000 0.000000 0.000000
 0.000000 0.000000 0.000000 0.000000 0.000000 0.000000 0.000000 0.000000 0.000000 0.000000 0.000000 0.000000 0.000000 0.499890 0.000000 0.000000 0.000222 0.000000 0.000000 0.499889
 0.000000 0.496953 0.000000 0.000000 0.000000 0.000000 0.000000 0.000000 0.000000 0.006095 0.000000 0.000000 0.000000 0.000000 0.496952 0.000000 0.000000 0.000000 0.000000 0.000000
 0.000000 0.313334 0.000000 0.000000 0.000000 0.223878 0.305544 0.000000 0.003849 0.000000 0.153395 0.000000 0.000000 0.000000 0.000000 0.000000 0.000000 0.000000 0.000000 0.000000
 0.000000 0.000000 0.000000 0.000000 0.000000 0.401958 0.401582 0.000000 0.000000 0.196460 0.000000 0.000000 0.000000 0.000000 0.000000 0.000000 0.000000 0.000000 0.000000 0.000000
 0.000000 0.000000 0.500000 0.000000 0.000000 0.000000 0.000000 0.000000 0.000000 0.000000 0.000000 0.000000 0.000000 0.000000 0.000000 0.000000 0.000000 0.500000 0.000000 0.000000
 0.000000 0.000000 0.000000 0.000000 0.271827 0.276699 0.000000 0.000000 0.000000 0.000000 0.000000 0.000000 0.000000 0.000000 0.000008 0.000000 0.249805 0.006149 0.195512 0.000000
 0.000000 0.000000 0.000000 0.000000 0.026546 0.000000 0.000000 0.487167 0.000000 0.000000 0.000000 0.000000 0.000000 0.000000 0.000000 0.000000 0.486013 0.000000 0.000000 0.000274
 0.000000 0.000040 0.000000 0.499974 0.000000 0.000000 0.000000 0.000000 0.499972 0.000000 0.000000 0.000000 0.000014 0.000000 0.000000 0.000000 0.000000 0.000000 0.000000 0.000000
 0.492416 0.000000 0.000000 0.000000 0.015167 0.000000 0.000000 0.000000 0.000000 0.000000 0.000000 0.000000 0.000000 0.000000 0.000000 0.000000 0.000000 0.000000 0.000000 0.492417
 0.000000 0.000000 0.000000 0.000000 0.000000 0.000000 0.000000 0.000154 0.000000 0.000000 0.000000 0.000000 0.309964 0.347246 0.000000 0.000000 0.000000 0.000308 0.342328 0.000000
 0.000000 0.000000 0.000000 0.000000 0.000000 0.000000 0.000000 0.000000 0.000000 0.000000 0.000000 0.494380 0.010837 0.000000 0.000000 0.000000 0.000437 0.000000 0.494346 0.000000
 0.000000 0.000000 0.000000 0.000000 0.000000 0.000000 0.000000 0.000000 0.000000 0.000000 0.000000 0.000000 0.260025 0.000000 0.000000 0.000000 0.366922 0.373052 0.000000 0.000000
 0.000000 0.000000 0.000000 0.000000 0.000000 0.000000 0.000000 0.499859 0.000000 0.000000 0.000000 0.000000 0.000000 0.000281 0.000000 0.499860 0.000000 0.000000 0.000000 0.000000
the mean of prob-rank is 1.5789473684210527
the number of false negetive edges is 0
the number of probability greater than 0 is 3.7/edge
