20
 0.000000 0.000002 0.000000 0.000000 0.000000 0.318003 0.301891 0.000000 0.000000 0.300398 0.000000 0.000000 0.079706 0.000000 0.000000 0.000000 0.000000 0.000000 0.000000 0.000000
 0.000003 0.000000 0.000000 0.000000 0.000000 0.000000 0.000000 0.000000 0.000000 0.000000 0.000000 0.000000 0.000000 0.004502 0.000000 0.000000 0.000000 0.497725 0.000000 0.497770
 0.000000 0.000000 0.000000 0.000000 0.500038 0.000000 0.000000 0.000000 0.000000 0.000000 0.000000 0.000000 0.000000 0.000000 0.000392 0.000000 0.499569 0.000000 0.000000 0.000000
 0.000000 0.000000 0.000000 0.000000 0.000000 0.000000 0.000000 0.000000 0.000000 0.000000 0.000000 0.000000 0.499997 0.000000 0.000000 0.000000 0.000000 0.000000 0.500003 0.000000
 0.000000 0.000000 0.422148 0.000000 0.000000 0.000000 0.000000 0.000000 0.000000 0.000000 0.414337 0.163515 0.000000 0.000000 0.000000 0.000000 0.000000 0.000000 0.000000 0.000000
 0.328719 0.000000 0.000000 0.000000 0.000000 0.000000 0.314675 0.000000 0.000000 0.340689 0.000000 0.000000 0.015917 0.000000 0.000000 0.000000 0.000000 0.000000 0.000000 0.000000
 0.322306 0.000000 0.000000 0.000000 0.000000 0.325002 0.000000 0.000000 0.000000 0.000000 0.000000 0.000000 0.000000 0.000000 0.000000 0.000000 0.352691 0.000000 0.000000 0.000000
 0.000000 0.000000 0.000000 0.000000 0.000000 0.000000 0.000000 0.000000 0.000000 0.000000 0.000000 0.000000 0.000000 0.000000 0.000000 0.500000 0.000000 0.500000 0.000000 0.000000
 0.000000 0.000000 0.000000 0.000000 0.000000 0.000000 0.000000 0.000000 0.000000 0.000000 0.000000 0.133520 0.000000 0.433112 0.433368 0.000000 0.000000 0.000000 0.000000 0.000000
 0.321525 0.000000 0.000000 0.000000 0.000000 0.352762 0.000000 0.000000 0.000000 0.000000 0.000000 0.000000 0.325714 0.000000 0.000000 0.000000 0.000000 0.000000 0.000000 0.000000
 0.000000 0.000000 0.000000 0.000000 0.340675 0.000000 0.000000 0.000000 0.000000 0.000000 0.000000 0.347098 0.000000 0.000000 0.312227 0.000000 0.000000 0.000000 0.000000 0.000000
 0.000000 0.000000 0.000000 0.000000 0.146376 0.000000 0.000000 0.000000 0.116401 0.000000 0.377900 0.000000 0.000000 0.000000 0.359322 0.000000 0.000000 0.000000 0.000000 0.000000
 0.109211 0.000000 0.000000 0.452633 0.000000 0.021098 0.000000 0.000000 0.000000 0.416960 0.000000 0.000000 0.000000 0.000000 0.000000 0.000098 0.000000 0.000000 0.000000 0.000000
 0.000000 0.004502 0.000000 0.000000 0.000000 0.000000 0.000000 0.000000 0.497294 0.000000 0.000000 0.000000 0.000000 0.000000 0.000594 0.000000 0.000000 0.000000 0.000000 0.497610
 0.000000 0.000000 0.000275 0.000000 0.000000 0.000000 0.000000 0.000000 0.350134 0.000000 0.315037 0.333004 0.000000 0.000418 0.000000 0.000000 0.001132 0.000000 0.000000 0.000000
 0.000000 0.000000 0.000000 0.000000 0.000000 0.000000 0.000000 0.499947 0.000000 0.000000 0.000000 0.000000 0.000108 0.000000 0.000000 0.000000 0.000000 0.000000 0.499945 0.000000
 0.000000 0.000000 0.498959 0.000000 0.000000 0.000000 0.499427 0.000000 0.000000 0.000000 0.000000 0.000000 0.000000 0.000000 0.001614 0.000000 0.000000 0.000000 0.000000 0.000000
 0.000000 0.494494 0.000000 0.000000 0.000000 0.000000 0.000000 0.494538 0.000000 0.000000 0.000000 0.000000 0.000000 0.000000 0.000000 0.000000 0.000000 0.000000 0.000000 0.010968
 0.000000 0.000000 0.000000 0.500001 0.000000 0.000000 0.000000 0.000000 0.000000 0.000000 0.000000 0.000000 0.000000 0.000000 0.000000 0.499999 0.000000 0.000000 0.000000 0.000000
 0.000000 0.494566 0.000000 0.000000 0.000000 0.000000 0.000000 0.000000 0.000000 0.000000 0.000000 0.000000 0.000000 0.494465 0.000000 0.000000 0.000000 0.010969 0.000000 0.000000
the mean of prob-rank is 1.4736842105263157
the number of false negetive edges is 0
the number of probability greater than 0 is 3.4/edge
