20
 0.000000 0.000000 0.000000 0.000000 0.000000 0.000000 0.000000 0.000000 0.000000 0.000000 0.498671 0.498588 0.000000 0.000000 0.000000 0.000000 0.000000 0.000000 0.002741 0.000000
 0.000000 0.000000 0.000000 0.000000 0.000000 0.000000 0.495442 0.000000 0.493248 0.000000 0.000000 0.000000 0.002734 0.000000 0.000000 0.000000 0.000000 0.000000 0.000000 0.008576
 0.000000 0.000000 0.000000 0.000000 0.000000 0.497058 0.000000 0.000000 0.000000 0.000000 0.000000 0.000000 0.000000 0.005744 0.497199 0.000000 0.000000 0.000000 0.000000 0.000000
 0.000000 0.000000 0.000000 0.000000 0.000000 0.000000 0.000000 0.000000 0.000000 0.000000 0.000000 0.025931 0.000000 0.000000 0.001383 0.000000 0.485828 0.000000 0.486626 0.000232
 0.000000 0.000000 0.000000 0.000000 0.000000 0.000000 0.000000 0.000000 0.000000 0.000000 0.500000 0.000000 0.000000 0.000000 0.000000 0.500000 0.000000 0.000000 0.000000 0.000000
 0.000000 0.000000 0.480379 0.000000 0.000000 0.000000 0.000000 0.000000 0.000000 0.000000 0.000000 0.000000 0.000000 0.000000 0.039102 0.000000 0.480519 0.000000 0.000000 0.000000
 0.000000 0.500129 0.000000 0.000000 0.000000 0.000000 0.000000 0.000000 0.000000 0.000000 0.000000 0.000000 0.499865 0.000000 0.000000 0.000000 0.000000 0.000000 0.000000 0.000006
 0.000000 0.000000 0.000000 0.000000 0.000000 0.000000 0.000000 0.000000 0.486682 0.486666 0.000000 0.000000 0.000000 0.000000 0.000000 0.000000 0.026651 0.000000 0.000000 0.000000
 0.000000 0.480978 0.000000 0.000000 0.000000 0.000000 0.000000 0.483124 0.000000 0.034606 0.000000 0.000000 0.000000 0.000000 0.000000 0.000000 0.000000 0.000000 0.000000 0.001292
 0.000000 0.000000 0.000000 0.000000 0.000000 0.000000 0.000000 0.482702 0.034577 0.000000 0.000000 0.000000 0.000000 0.000000 0.000000 0.000000 0.000003 0.000000 0.000000 0.482717
 0.500000 0.000000 0.000000 0.000000 0.500000 0.000000 0.000000 0.000000 0.000000 0.000000 0.000000 0.000000 0.000000 0.000000 0.000000 0.000000 0.000000 0.000000 0.000000 0.000000
 0.486982 0.000000 0.000000 0.025952 0.000000 0.000000 0.000000 0.000000 0.000000 0.000000 0.000000 0.000000 0.000000 0.487063 0.000000 0.000000 0.000000 0.000000 0.000003 0.000000
 0.000000 0.002752 0.000000 0.000000 0.000000 0.000000 0.498488 0.000000 0.000000 0.000000 0.000000 0.000000 0.000000 0.000000 0.000000 0.000000 0.000000 0.498759 0.000000 0.000000
 0.000000 0.000000 0.005743 0.000000 0.000000 0.000000 0.000000 0.000000 0.000000 0.000000 0.000000 0.497173 0.000000 0.000000 0.497084 0.000000 0.000000 0.000000 0.000000 0.000000
 0.000000 0.000000 0.478123 0.001359 0.000000 0.038908 0.000000 0.000000 0.000000 0.000000 0.000000 0.000000 0.000000 0.478042 0.000000 0.000000 0.003568 0.000000 0.000000 0.000000
 0.000000 0.000000 0.000000 0.000000 0.500000 0.000000 0.000000 0.000000 0.000000 0.000000 0.000000 0.000000 0.000000 0.000000 0.000000 0.000000 0.000000 0.500000 0.000000 0.000000
 0.000000 0.000000 0.000000 0.484481 0.000000 0.485318 0.000000 0.026576 0.000000 0.000003 0.000000 0.000000 0.000000 0.000000 0.003622 0.000000 0.000000 0.000000 0.000000 0.000000
 0.000000 0.000000 0.000000 0.000000 0.000000 0.000000 0.000000 0.000000 0.000000 0.000000 0.000000 0.000000 0.500000 0.000000 0.000000 0.500000 0.000000 0.000000 0.000000 0.000000
 0.002741 0.000000 0.000000 0.498618 0.000000 0.000000 0.000000 0.000000 0.000000 0.000000 0.000000 0.000003 0.000000 0.000000 0.000000 0.000000 0.000000 0.000000 0.000000 0.498637
 0.000000 0.008567 0.000000 0.000236 0.000000 0.000000 0.000006 0.000000 0.001323 0.494945 0.000000 0.000000 0.000000 0.000000 0.000000 0.000000 0.000000 0.000000 0.494923 0.000000
the mean of prob-rank is 1.5263157894736843
the number of false negetive edges is 0
the number of probability greater than 0 is 3.5/edge
