20
 0.000000 0.000000 0.000000 0.000000 0.000000 0.499999 0.000000 0.000000 0.000000 0.000000 0.000000 0.000000 0.000000 0.000000 0.000000 0.000000 0.500001 0.000000 0.000000 0.000000
 0.000000 0.000000 0.000000 0.488116 0.000000 0.000000 0.000000 0.000000 0.000000 0.000000 0.024396 0.000000 0.487488 0.000000 0.000000 0.000000 0.000000 0.000000 0.000000 0.000000
 0.000000 0.000000 0.000000 0.000000 0.000000 0.000000 0.370460 0.376226 0.000000 0.000000 0.000000 0.000008 0.000000 0.253306 0.000000 0.000000 0.000000 0.000000 0.000000 0.000000
 0.000000 0.493217 0.000000 0.000000 0.000000 0.000000 0.000000 0.000000 0.000000 0.000000 0.493017 0.000000 0.013766 0.000000 0.000000 0.000000 0.000000 0.000000 0.000000 0.000000
 0.000000 0.000000 0.000000 0.000000 0.000000 0.000001 0.000000 0.000000 0.000000 0.000000 0.000000 0.000000 0.000000 0.000000 0.000000 0.000000 0.000000 0.000001 0.500000 0.499999
 0.492156 0.000000 0.000000 0.000000 0.000001 0.000000 0.000000 0.000000 0.000000 0.492099 0.000000 0.000000 0.000000 0.000000 0.013699 0.000000 0.000008 0.000000 0.002038 0.000000
 0.000000 0.000000 0.385624 0.000000 0.000000 0.000000 0.000000 0.000000 0.000001 0.000000 0.000000 0.391603 0.000000 0.222771 0.000000 0.000000 0.000000 0.000000 0.000000 0.000000
 0.000000 0.000000 0.433127 0.000000 0.000000 0.000000 0.000000 0.000000 0.150282 0.000000 0.000000 0.000000 0.000000 0.416591 0.000000 0.000000 0.000000 0.000000 0.000000 0.000000
 0.000000 0.000000 0.000000 0.000000 0.000000 0.000000 0.000001 0.146191 0.000000 0.000000 0.000000 0.000000 0.000000 0.420573 0.421332 0.011904 0.000000 0.000000 0.000000 0.000000
 0.000000 0.000000 0.000000 0.000000 0.000000 0.499983 0.000000 0.000000 0.000000 0.000000 0.000000 0.000000 0.000000 0.000000 0.000000 0.500017 0.000000 0.000000 0.000000 0.000000
 0.000000 0.024386 0.000000 0.487708 0.000000 0.000000 0.000000 0.000000 0.000000 0.000000 0.000000 0.000000 0.000000 0.000000 0.000000 0.000000 0.000000 0.487906 0.000000 0.000000
 0.000000 0.000000 0.000011 0.000000 0.000000 0.000000 0.499980 0.000000 0.000000 0.000000 0.000000 0.000000 0.500010 0.000000 0.000000 0.000000 0.000000 0.000000 0.000000 0.000000
 0.000000 0.492797 0.000000 0.013772 0.000000 0.000000 0.000000 0.000000 0.000000 0.000000 0.000000 0.493432 0.000000 0.000000 0.000000 0.000000 0.000000 0.000000 0.000000 0.000000
 0.000000 0.000000 0.210260 0.000000 0.000000 0.000000 0.177643 0.300369 0.311728 0.000000 0.000000 0.000000 0.000000 0.000000 0.000000 0.000000 0.000000 0.000000 0.000000 0.000000
 0.000000 0.000000 0.000000 0.000000 0.000000 0.013726 0.000000 0.000000 0.493135 0.000000 0.000000 0.000000 0.000000 0.000000 0.000000 0.493139 0.000000 0.000000 0.000000 0.000000
 0.000000 0.000000 0.000000 0.000000 0.000000 0.000000 0.000000 0.000000 0.013930 0.493023 0.000000 0.000000 0.000000 0.000000 0.493048 0.000000 0.000000 0.000000 0.000000 0.000000
 0.499998 0.000000 0.000000 0.000000 0.000000 0.000008 0.000000 0.000000 0.000000 0.000000 0.000000 0.000000 0.000000 0.000000 0.000000 0.000000 0.000000 0.000000 0.499994 0.000000
 0.000000 0.000000 0.000000 0.000000 0.000001 0.000000 0.000000 0.000000 0.000000 0.000000 0.500000 0.000000 0.000000 0.000000 0.000000 0.000000 0.000000 0.000000 0.000000 0.499999
 0.000000 0.000000 0.000000 0.000000 0.498969 0.002066 0.000000 0.000000 0.000000 0.000000 0.000000 0.000000 0.000000 0.000000 0.000000 0.000000 0.498965 0.000000 0.000000 0.000000
 0.000000 0.000000 0.000000 0.000000 0.500000 0.000000 0.000000 0.000000 0.000000 0.000000 0.000000 0.000000 0.000000 0.000000 0.000000 0.000000 0.000000 0.500000 0.000000 0.000000
the mean of prob-rank is 1.5263157894736843
the number of false negetive edges is 0
the number of probability greater than 0 is 3.0/edge
