20
 0.000000 0.000000 0.326496 0.000000 0.000000 0.000000 0.000000 0.292877 0.000000 0.000000 0.000000 0.268475 0.000002 0.000000 0.000000 0.000000 0.112151 0.000000 0.000000 0.000000
 0.000000 0.000000 0.000000 0.000000 0.000000 0.000000 0.000000 0.151771 0.000000 0.423855 0.424333 0.000042 0.000000 0.000000 0.000000 0.000000 0.000000 0.000000 0.000000 0.000000
 0.468138 0.000000 0.000000 0.000000 0.000000 0.000000 0.000000 0.000000 0.000000 0.037493 0.000000 0.000000 0.468492 0.000000 0.000000 0.000000 0.025877 0.000000 0.000000 0.000000
 0.000000 0.000000 0.000000 0.000000 0.000000 0.000000 0.000000 0.000000 0.000000 0.000000 0.000000 0.000000 0.000000 0.000000 0.000000 0.000000 0.000000 0.000000 0.500007 0.499993
 0.000000 0.000000 0.000000 0.000000 0.000000 0.271803 0.000000 0.000000 0.360975 0.000000 0.000000 0.000000 0.000000 0.000000 0.000000 0.000000 0.000000 0.000000 0.000000 0.367222
 0.000000 0.000000 0.000000 0.000000 0.271633 0.000000 0.361378 0.000000 0.366989 0.000000 0.000000 0.000000 0.000000 0.000000 0.000000 0.000000 0.000000 0.000000 0.000000 0.000000
 0.000000 0.000000 0.000000 0.000000 0.000000 0.347246 0.000000 0.011985 0.288145 0.000000 0.352624 0.000000 0.000000 0.000000 0.000000 0.000000 0.000000 0.000000 0.000000 0.000000
 0.332515 0.132683 0.000000 0.000000 0.000000 0.000000 0.012608 0.000000 0.000000 0.000017 0.000000 0.370966 0.000000 0.000000 0.000000 0.000000 0.151210 0.000000 0.000000 0.000000
 0.000000 0.000000 0.000000 0.000000 0.351056 0.357128 0.291815 0.000000 0.000000 0.000000 0.000000 0.000000 0.000000 0.000000 0.000000 0.000000 0.000000 0.000000 0.000000 0.000000
 0.000000 0.480470 0.038495 0.000000 0.000000 0.000000 0.000000 0.000023 0.000000 0.000000 0.000000 0.000004 0.000000 0.000000 0.000000 0.000000 0.481008 0.000000 0.000000 0.000000
 0.000000 0.499287 0.000000 0.000000 0.000000 0.000000 0.499260 0.000000 0.000000 0.000000 0.000000 0.000000 0.000000 0.000000 0.000000 0.000000 0.000000 0.000000 0.000000 0.001453
 0.303369 0.000037 0.000000 0.000000 0.000000 0.000000 0.000000 0.369212 0.000000 0.000003 0.000000 0.000000 0.000000 0.000000 0.000000 0.000000 0.327379 0.000000 0.000000 0.000000
 0.000003 0.000000 0.499998 0.000000 0.000000 0.000000 0.000000 0.000000 0.000000 0.000000 0.000000 0.000000 0.000000 0.000000 0.000000 0.499999 0.000000 0.000000 0.000000 0.000000
 0.000000 0.000000 0.000000 0.000000 0.000000 0.000000 0.000000 0.000000 0.000000 0.000000 0.000000 0.000000 0.000000 0.000000 0.499958 0.000000 0.000000 0.000072 0.499970 0.000000
 0.000000 0.000000 0.000000 0.000000 0.000000 0.000000 0.000000 0.000000 0.000000 0.000000 0.000000 0.000000 0.000000 0.499994 0.000000 0.000000 0.000000 0.500006 0.000000 0.000000
 0.000000 0.000000 0.000000 0.000000 0.000000 0.000000 0.000000 0.000000 0.000000 0.000000 0.000000 0.000000 0.500028 0.000000 0.000000 0.000000 0.000000 0.499972 0.000000 0.000000
 0.127466 0.000000 0.020512 0.000000 0.000000 0.000000 0.000000 0.151372 0.000000 0.371361 0.000000 0.329288 0.000000 0.000000 0.000000 0.000000 0.000000 0.000000 0.000000 0.000000
 0.000000 0.000000 0.000000 0.000000 0.000000 0.000000 0.000000 0.000000 0.000000 0.000000 0.000000 0.000000 0.000000 0.000072 0.499992 0.499937 0.000000 0.000000 0.000000 0.000000
 0.000000 0.000000 0.000000 0.500000 0.000000 0.000000 0.000000 0.000000 0.000000 0.000000 0.000000 0.000000 0.000000 0.500000 0.000000 0.000000 0.000000 0.000000 0.000000 0.000000
 0.000000 0.000000 0.000000 0.499267 0.499280 0.000000 0.000000 0.000000 0.000000 0.000000 0.001453 0.000000 0.000000 0.000000 0.000000 0.000000 0.000000 0.000000 0.000000 0.000000
the mean of prob-rank is 1.5789473684210527
the number of false negetive edges is 0
the number of probability greater than 0 is 3.5/edge
