20
 0.000000 0.000000 0.000000 0.000000 0.000000 0.000000 0.000000 0.000000 0.000000 0.000000 0.488145 0.000033 0.000000 0.000000 0.000000 0.000000 0.000000 0.489418 0.022404 0.000000
 0.000000 0.000000 0.500000 0.000000 0.000000 0.000000 0.000000 0.000000 0.000000 0.000000 0.000000 0.000000 0.000000 0.000000 0.000000 0.000000 0.000000 0.000000 0.000000 0.500000
 0.000000 0.500000 0.000000 0.000000 0.000000 0.000000 0.000000 0.000000 0.000000 0.000000 0.000000 0.000000 0.000000 0.000000 0.000000 0.500000 0.000000 0.000000 0.000000 0.000000
 0.000000 0.000000 0.000000 0.000000 0.000000 0.000000 0.000000 0.001345 0.375998 0.000000 0.000000 0.000000 0.119148 0.127130 0.376380 0.000000 0.000000 0.000000 0.000000 0.000000
 0.000000 0.000000 0.000000 0.000000 0.000000 0.000000 0.000000 0.000000 0.000736 0.000011 0.000000 0.000012 0.000000 0.499650 0.000000 0.000000 0.499592 0.000000 0.000000 0.000000
 0.000000 0.000000 0.000000 0.000000 0.000000 0.000000 0.000000 0.376443 0.000000 0.000000 0.000000 0.000000 0.242799 0.000005 0.000389 0.000000 0.380364 0.000000 0.000000 0.000000
 0.000000 0.000000 0.000000 0.000000 0.000000 0.000000 0.000000 0.000000 0.000000 0.000000 0.499992 0.000000 0.000000 0.000000 0.000000 0.500007 0.000000 0.000001 0.000000 0.000000
 0.000000 0.000000 0.000000 0.001471 0.000000 0.407905 0.000000 0.000000 0.000000 0.000000 0.000000 0.000000 0.000000 0.000000 0.178468 0.000000 0.000002 0.000000 0.000000 0.412154
 0.000000 0.000000 0.000000 0.494272 0.000729 0.000000 0.000000 0.000000 0.000000 0.000000 0.000000 0.494821 0.000000 0.008234 0.001780 0.000000 0.000000 0.000000 0.000000 0.000164
 0.000000 0.000000 0.000000 0.000000 0.000009 0.000000 0.000000 0.000000 0.000000 0.000000 0.000000 0.167358 0.000000 0.000000 0.000000 0.000000 0.000000 0.409243 0.423390 0.000000
 0.406872 0.000000 0.000000 0.000000 0.000000 0.000000 0.407926 0.000000 0.000000 0.000000 0.000000 0.000000 0.000000 0.000000 0.000000 0.000001 0.000000 0.185201 0.000000 0.000000
 0.000028 0.000000 0.000000 0.000000 0.000010 0.000000 0.000000 0.000000 0.422303 0.167180 0.000000 0.000000 0.000000 0.000000 0.000000 0.000000 0.000000 0.000000 0.410479 0.000000
 0.000000 0.000000 0.000000 0.107873 0.000000 0.217869 0.000000 0.000000 0.000000 0.000000 0.000000 0.000000 0.000000 0.335158 0.338890 0.000000 0.000210 0.000000 0.000000 0.000000
 0.000000 0.000000 0.000000 0.114769 0.340277 0.000004 0.000000 0.000000 0.005654 0.000000 0.000000 0.000000 0.334196 0.000000 0.203510 0.000000 0.001590 0.000000 0.000000 0.000000
 0.000000 0.000000 0.000000 0.329840 0.000000 0.000338 0.000000 0.143054 0.001187 0.000000 0.000000 0.000000 0.328027 0.197554 0.000000 0.000000 0.000000 0.000000 0.000000 0.000000
 0.000000 0.000000 0.499999 0.000000 0.000000 0.000000 0.499999 0.000000 0.000000 0.000000 0.000002 0.000000 0.000000 0.000000 0.000000 0.000000 0.000000 0.000000 0.000000 0.000000
 0.000000 0.000000 0.000000 0.000000 0.498613 0.498747 0.000000 0.000002 0.000000 0.000000 0.000000 0.000000 0.000307 0.002330 0.000000 0.000000 0.000000 0.000000 0.000000 0.000000
 0.403899 0.000000 0.000000 0.000000 0.000000 0.000000 0.000001 0.000000 0.000000 0.390409 0.183370 0.000000 0.000000 0.000000 0.000000 0.000000 0.000000 0.000000 0.022321 0.000000
 0.022097 0.000000 0.000000 0.000000 0.000000 0.000000 0.000000 0.000000 0.000000 0.482724 0.000000 0.468503 0.000000 0.000000 0.000000 0.000000 0.000000 0.026677 0.000000 0.000000
 0.000000 0.499917 0.000000 0.000000 0.000000 0.000000 0.000000 0.499917 0.000165 0.000000 0.000000 0.000000 0.000000 0.000000 0.000000 0.000000 0.000000 0.000000 0.000000 0.000000
the mean of prob-rank is 1.5263157894736843
the number of false negetive edges is 0
the number of probability greater than 0 is 4.35/edge
