20
 0.000000 0.000000 0.000000 0.000000 0.000000 0.000000 0.000000 0.499996 0.000000 0.000000 0.000000 0.000000 0.500000 0.000000 0.000004 0.000000 0.000000 0.000000 0.000000 0.000000
 0.000000 0.000000 0.000000 0.000000 0.000000 0.499999 0.000000 0.000000 0.000000 0.000000 0.000000 0.000000 0.000000 0.000000 0.500001 0.000000 0.000000 0.000000 0.000000 0.000000
 0.000000 0.000000 0.000000 0.000000 0.000000 0.000000 0.000000 0.499998 0.000000 0.000000 0.000000 0.000000 0.000000 0.000000 0.000000 0.000000 0.000000 0.000000 0.000000 0.500001
 0.000000 0.000000 0.000000 0.000000 0.000000 0.000000 0.301901 0.000000 0.000000 0.000000 0.139850 0.000000 0.000000 0.321450 0.000000 0.236799 0.000000 0.000000 0.000000 0.000000
 0.000000 0.000000 0.000000 0.000000 0.000000 0.000000 0.000000 0.000000 0.489925 0.000000 0.000000 0.000000 0.000000 0.000000 0.000000 0.020185 0.489889 0.000000 0.000000 0.000000
 0.000000 0.347981 0.000000 0.000000 0.000000 0.000000 0.000000 0.000000 0.000000 0.000000 0.347493 0.000000 0.000000 0.303414 0.001113 0.000000 0.000000 0.000000 0.000000 0.000000
 0.000000 0.000000 0.000000 0.330345 0.000000 0.000000 0.000000 0.000000 0.000000 0.000000 0.317895 0.000000 0.000000 0.000000 0.000000 0.351760 0.000000 0.000000 0.000000 0.000000
 0.499999 0.000000 0.500000 0.000000 0.000000 0.000000 0.000000 0.000000 0.000000 0.000000 0.000000 0.000000 0.000000 0.000000 0.000000 0.000000 0.000000 0.000000 0.000000 0.000001
 0.000000 0.000000 0.000000 0.000000 0.500015 0.000000 0.000000 0.000000 0.000000 0.499985 0.000000 0.000000 0.000000 0.000000 0.000000 0.000000 0.000000 0.000000 0.000000 0.000000
 0.000000 0.000000 0.000000 0.000000 0.000000 0.000000 0.000000 0.000000 0.498746 0.000000 0.000000 0.498544 0.000000 0.000000 0.000000 0.001565 0.000000 0.001145 0.000000 0.000000
 0.000000 0.000000 0.000000 0.162207 0.000000 0.372340 0.336968 0.000000 0.000000 0.000000 0.000000 0.000000 0.000000 0.120135 0.000000 0.006246 0.000000 0.000000 0.002103 0.000000
 0.000000 0.000000 0.000000 0.000000 0.000000 0.000000 0.000000 0.000000 0.000000 0.398136 0.000000 0.000000 0.000000 0.000000 0.000000 0.203543 0.000000 0.398321 0.000000 0.000000
 0.500000 0.000000 0.000000 0.000000 0.000000 0.000000 0.000000 0.000000 0.000000 0.000000 0.000000 0.000000 0.000000 0.000000 0.000000 0.000000 0.000000 0.000000 0.500000 0.000000
 0.000000 0.000000 0.000000 0.332327 0.000000 0.289783 0.000000 0.000000 0.000000 0.000000 0.107081 0.000000 0.000000 0.000000 0.000000 0.000000 0.000000 0.270809 0.000000 0.000000
 0.000004 0.499201 0.000000 0.000000 0.000000 0.001596 0.000000 0.000000 0.000000 0.000000 0.000000 0.000000 0.000000 0.000000 0.000000 0.000000 0.000000 0.000000 0.499198 0.000000
 0.000000 0.000000 0.000000 0.224108 0.012535 0.000000 0.304243 0.000000 0.000000 0.000955 0.005096 0.155469 0.000000 0.000000 0.000000 0.000000 0.000000 0.297594 0.000000 0.000000
 0.000000 0.000000 0.000000 0.000000 0.499982 0.000000 0.000000 0.000000 0.000000 0.000000 0.000000 0.000000 0.000000 0.000000 0.000000 0.000000 0.000000 0.000000 0.000000 0.500018
 0.000000 0.000000 0.000000 0.000000 0.000000 0.000000 0.000000 0.000000 0.000000 0.000821 0.000000 0.357746 0.000000 0.291504 0.000000 0.349929 0.000000 0.000000 0.000000 0.000000
 0.000000 0.000000 0.000000 0.000000 0.000000 0.000000 0.000000 0.000000 0.000000 0.000000 0.002812 0.000000 0.498595 0.000000 0.498592 0.000000 0.000000 0.000000 0.000000 0.000000
 0.000000 0.000000 0.500000 0.000000 0.000000 0.000000 0.000000 0.000001 0.000000 0.000000 0.000000 0.000000 0.000000 0.000000 0.000000 0.000000 0.499999 0.000000 0.000000 0.000000
the mean of prob-rank is 1.631578947368421
the number of false negetive edges is 0
the number of probability greater than 0 is 3.3/edge
