20
 0.000000 0.000000 0.000000 0.000000 0.302026 0.000000 0.000000 0.346775 0.000000 0.000000 0.000000 0.000000 0.000000 0.000000 0.351199 0.000000 0.000000 0.000000 0.000000 0.000000
 0.000000 0.000000 0.000000 0.499981 0.000000 0.000000 0.000000 0.000000 0.000000 0.000000 0.000000 0.500008 0.000000 0.000001 0.000000 0.000000 0.000000 0.000000 0.000000 0.000009
 0.000000 0.000000 0.000000 0.000000 0.361687 0.367364 0.000000 0.000000 0.002814 0.000000 0.000003 0.000000 0.000000 0.000000 0.268132 0.000000 0.000000 0.000000 0.000000 0.000000
 0.000000 0.497600 0.000000 0.000000 0.000000 0.000000 0.000000 0.000000 0.000000 0.000000 0.000000 0.000650 0.000000 0.000000 0.000000 0.497627 0.000000 0.004123 0.000000 0.000000
 0.244771 0.000000 0.280225 0.000000 0.000000 0.032133 0.000000 0.005314 0.158639 0.000000 0.000000 0.000000 0.000152 0.000000 0.278766 0.000000 0.000000 0.000000 0.000000 0.000000
 0.000000 0.000000 0.407944 0.000000 0.046055 0.000000 0.000000 0.000000 0.400285 0.000000 0.000008 0.000000 0.000000 0.000000 0.000001 0.000000 0.000000 0.000000 0.145706 0.000000
 0.000000 0.000000 0.000000 0.000000 0.000000 0.000000 0.000000 0.000000 0.000000 0.000097 0.006061 0.000000 0.000000 0.000000 0.000000 0.000000 0.000002 0.497129 0.496710 0.000000
 0.417767 0.000000 0.000000 0.000000 0.007900 0.000000 0.000000 0.000000 0.000000 0.000000 0.000000 0.000000 0.137609 0.000000 0.000000 0.000000 0.013628 0.000000 0.000000 0.423096
 0.000000 0.000000 0.002938 0.000000 0.213791 0.376373 0.000000 0.000000 0.000000 0.000242 0.023327 0.000000 0.383296 0.000000 0.000000 0.000000 0.000032 0.000000 0.000000 0.000000
 0.000000 0.000000 0.000000 0.000000 0.000000 0.000000 0.000097 0.000000 0.000315 0.000000 0.498185 0.000000 0.003225 0.000000 0.000000 0.000000 0.498178 0.000000 0.000000 0.000000
 0.000000 0.000000 0.000003 0.000000 0.000000 0.000009 0.005852 0.000000 0.029188 0.479945 0.000000 0.000000 0.000009 0.000000 0.000000 0.000000 0.006241 0.000054 0.478698 0.000000
 0.000000 0.500574 0.000000 0.000654 0.000000 0.000000 0.000000 0.000000 0.000000 0.000000 0.000000 0.000000 0.000000 0.000000 0.000000 0.000000 0.000000 0.000000 0.000000 0.498772
 0.000000 0.000000 0.000000 0.000000 0.000230 0.000000 0.000000 0.139574 0.428829 0.002778 0.000008 0.000000 0.000000 0.000000 0.000000 0.000000 0.428581 0.000000 0.000000 0.000000
 0.000000 0.000001 0.000000 0.000000 0.000000 0.000000 0.000000 0.000000 0.000000 0.000000 0.000000 0.000000 0.000000 0.000000 0.000000 0.500117 0.000000 0.499882 0.000000 0.000000
 0.369098 0.000000 0.269398 0.000000 0.361503 0.000001 0.000000 0.000000 0.000000 0.000000 0.000000 0.000000 0.000000 0.000000 0.000000 0.000000 0.000000 0.000000 0.000000 0.000000
 0.000000 0.000000 0.000000 0.500000 0.000000 0.000000 0.000000 0.000000 0.000000 0.000000 0.000000 0.000000 0.000000 0.500000 0.000000 0.000000 0.000000 0.000000 0.000000 0.000000
 0.000000 0.000000 0.000000 0.000000 0.000000 0.000000 0.000002 0.015759 0.000041 0.489231 0.006362 0.000000 0.488605 0.000000 0.000000 0.000000 0.000000 0.000000 0.000000 0.000000
 0.000000 0.000000 0.000000 0.004126 0.000000 0.000000 0.498010 0.000000 0.000000 0.000000 0.000056 0.000000 0.000000 0.497776 0.000000 0.000000 0.000000 0.000000 0.000031 0.000000
 0.000000 0.000000 0.000000 0.000000 0.000000 0.151744 0.424489 0.000000 0.000000 0.000000 0.423740 0.000000 0.000000 0.000000 0.000000 0.000000 0.000000 0.000027 0.000000 0.000000
 0.000000 0.000009 0.000000 0.000000 0.000000 0.000000 0.000000 0.500896 0.000000 0.000000 0.000000 0.499095 0.000000 0.000000 0.000000 0.000000 0.000000 0.000000 0.000000 0.000000
the mean of prob-rank is 1.4210526315789473
the number of false negetive edges is 0
the number of probability greater than 0 is 4.8/edge
