20
 0.000000 0.000000 0.000000 0.000000 0.000000 0.000000 0.491910 0.000000 0.000000 0.491734 0.000000 0.000000 0.000000 0.000000 0.000000 0.000000 0.000000 0.000000 0.016355 0.000000
 0.000000 0.000000 0.000000 0.000028 0.000000 0.499987 0.000000 0.499986 0.000000 0.000000 0.000000 0.000000 0.000000 0.000000 0.000000 0.000000 0.000000 0.000000 0.000000 0.000000
 0.000000 0.000000 0.000000 0.000000 0.000000 0.000000 0.000000 0.499991 0.000011 0.000000 0.499991 0.000006 0.000000 0.000000 0.000000 0.000000 0.000000 0.000000 0.000000 0.000000
 0.000000 0.000024 0.000000 0.000000 0.000000 0.000000 0.000000 0.000000 0.000000 0.000000 0.000000 0.000000 0.000000 0.000000 0.422332 0.000000 0.430100 0.000000 0.147544 0.000000
 0.000000 0.000000 0.000000 0.000000 0.000000 0.000000 0.000000 0.000000 0.000000 0.500002 0.000000 0.000000 0.000000 0.000000 0.000000 0.499998 0.000000 0.000000 0.000000 0.000000
 0.000000 0.500073 0.000000 0.000000 0.000000 0.000000 0.000000 0.000000 0.000000 0.000002 0.000000 0.000000 0.000000 0.000000 0.000000 0.000000 0.000000 0.000000 0.499925 0.000000
 0.491846 0.000000 0.000000 0.000000 0.000000 0.000000 0.000000 0.000000 0.000000 0.000000 0.000000 0.000000 0.000000 0.000000 0.000000 0.000000 0.000000 0.016256 0.000000 0.491898
 0.000000 0.500000 0.500000 0.000000 0.000000 0.000000 0.000000 0.000000 0.000000 0.000000 0.000000 0.000000 0.000000 0.000000 0.000000 0.000000 0.000000 0.000000 0.000000 0.000000
 0.000000 0.000000 0.000008 0.000000 0.000000 0.000000 0.000000 0.000000 0.000000 0.000000 0.005841 0.375659 0.332155 0.286321 0.000000 0.000017 0.000000 0.000000 0.000000 0.000000
 0.494324 0.000000 0.000000 0.000000 0.494553 0.000002 0.000000 0.000000 0.000000 0.000000 0.000000 0.000000 0.000000 0.000000 0.000000 0.000000 0.000000 0.000000 0.011120 0.000000
 0.000000 0.000000 0.496165 0.000000 0.000000 0.000000 0.000000 0.000000 0.007714 0.000000 0.000000 0.496121 0.000000 0.000000 0.000000 0.000000 0.000000 0.000000 0.000000 0.000000
 0.000000 0.000000 0.000006 0.000000 0.000000 0.000000 0.000000 0.000000 0.500019 0.000000 0.499974 0.000000 0.000000 0.000000 0.000000 0.000000 0.000000 0.000000 0.000000 0.000000
 0.000000 0.000000 0.000000 0.000000 0.000000 0.000000 0.000000 0.000000 0.341642 0.000000 0.000000 0.000000 0.000000 0.271969 0.000000 0.000000 0.000000 0.386389 0.000000 0.000000
 0.000000 0.000000 0.000000 0.000000 0.000000 0.000000 0.000000 0.000000 0.225297 0.000000 0.000000 0.000000 0.208062 0.000000 0.000000 0.285163 0.000000 0.281477 0.000000 0.000000
 0.000000 0.000000 0.000000 0.434995 0.000000 0.000000 0.000000 0.000000 0.000000 0.000000 0.000000 0.000000 0.000000 0.000000 0.000000 0.000000 0.122010 0.000000 0.000000 0.442995
 0.000000 0.000000 0.000000 0.000000 0.356435 0.000000 0.000000 0.000000 0.000016 0.000000 0.000000 0.000000 0.000000 0.343859 0.000000 0.000000 0.000000 0.299690 0.000000 0.000000
 0.000000 0.000000 0.000000 0.440576 0.000000 0.000000 0.000000 0.000000 0.000000 0.000000 0.000000 0.000000 0.000000 0.000000 0.121343 0.000000 0.000000 0.000000 0.438081 0.000000
 0.000000 0.000000 0.000000 0.000000 0.000000 0.000000 0.011694 0.000000 0.000000 0.000000 0.000000 0.000000 0.353847 0.336948 0.000000 0.297512 0.000000 0.000000 0.000000 0.000000
 0.013894 0.000000 0.000000 0.143365 0.000000 0.417794 0.000000 0.000000 0.000000 0.009397 0.000000 0.000000 0.000000 0.000000 0.000000 0.000000 0.415550 0.000000 0.000000 0.000000
 0.000000 0.000000 0.000000 0.000000 0.000000 0.000000 0.500001 0.000000 0.000000 0.000000 0.000000 0.000000 0.000000 0.000000 0.499999 0.000000 0.000000 0.000000 0.000000 0.000000
the mean of prob-rank is 1.4210526315789473
the number of false negetive edges is 0
the number of probability greater than 0 is 3.4/edge
