20
 0.000000 0.000000 0.000000 0.387088 0.000000 0.000000 0.226081 0.000000 0.000000 0.000000 0.000000 0.000000 0.000000 0.000000 0.000000 0.000000 0.386831 0.000000 0.000000 0.000001
 0.000000 0.000000 0.000000 0.000000 0.000000 0.000000 0.000000 0.477315 0.000000 0.018458 0.000001 0.000095 0.000000 0.000000 0.000000 0.504132 0.000000 0.000000 0.000000 0.000000
 0.000000 0.000000 0.000000 0.000000 0.000000 0.000000 0.000000 0.000000 0.000000 0.000000 0.499271 0.000000 0.000000 0.001468 0.499261 0.000000 0.000000 0.000000 0.000000 0.000000
 0.447397 0.000000 0.000000 0.000000 0.000000 0.002707 0.086995 0.000000 0.000000 0.000000 0.000000 0.000021 0.000000 0.000000 0.000000 0.000000 0.012396 0.004119 0.000000 0.446366
 0.000000 0.000000 0.000000 0.000000 0.000000 0.000000 0.000000 0.000000 0.000000 0.000000 0.000000 0.499999 0.500000 0.000000 0.000001 0.000000 0.000000 0.000000 0.000000 0.000000
 0.000000 0.000000 0.000000 0.003016 0.000000 0.000000 0.000000 0.000000 0.000000 0.000000 0.000000 0.000000 0.498492 0.000000 0.000000 0.000000 0.000000 0.498492 0.000000 0.000000
 0.215593 0.000000 0.000000 0.071776 0.000000 0.000000 0.000000 0.000000 0.369152 0.000892 0.000000 0.000000 0.000000 0.000003 0.000000 0.000002 0.342582 0.000000 0.000000 0.000000
 0.000000 0.481994 0.000000 0.000000 0.000000 0.000000 0.000000 0.000000 0.000000 0.000000 0.000013 0.000000 0.000000 0.000000 0.509562 0.008432 0.000000 0.000000 0.000000 0.000000
 0.000000 0.000000 0.000000 0.000000 0.000000 0.000000 0.499496 0.000000 0.000000 0.000000 0.000001 0.000000 0.000000 0.499497 0.000000 0.001006 0.000000 0.000000 0.000000 0.000000
 0.000000 0.017986 0.000000 0.000000 0.000000 0.000000 0.001188 0.000000 0.000000 0.000000 0.000000 0.490514 0.000000 0.000000 0.000000 0.490313 0.000000 0.000000 0.000000 0.000000
 0.000000 0.000001 0.500001 0.000000 0.000000 0.000000 0.000000 0.000012 0.000001 0.000000 0.000000 0.000000 0.000000 0.499985 0.000001 0.000000 0.000000 0.000000 0.000000 0.000000
 0.000000 0.000094 0.000000 0.000023 0.500536 0.000000 0.000000 0.000000 0.000000 0.499329 0.000000 0.000000 0.000000 0.000000 0.000000 0.000018 0.000000 0.000000 0.000000 0.000000
 0.000000 0.000000 0.000000 0.000000 0.500000 0.500000 0.000000 0.000000 0.000000 0.000000 0.000000 0.000000 0.000000 0.000000 0.000000 0.000000 0.000000 0.000000 0.000000 0.000000
 0.000000 0.000000 0.001468 0.000000 0.000000 0.000000 0.000004 0.000000 0.499272 0.000000 0.499256 0.000000 0.000000 0.000000 0.000000 0.000000 0.000000 0.000000 0.000000 0.000000
 0.000000 0.000000 0.499994 0.000000 0.000001 0.000000 0.000000 0.500004 0.000000 0.000000 0.000001 0.000000 0.000000 0.000000 0.000000 0.000000 0.000000 0.000000 0.000000 0.000000
 0.000000 0.495845 0.000000 0.000000 0.000000 0.000000 0.000002 0.008213 0.000999 0.494922 0.000000 0.000018 0.000000 0.000000 0.000000 0.000000 0.000000 0.000000 0.000000 0.000000
 0.351704 0.000000 0.000000 0.009751 0.000000 0.000000 0.326626 0.000000 0.000000 0.000000 0.000000 0.000000 0.000000 0.000000 0.000000 0.000000 0.000000 0.000000 0.000000 0.311919
 0.000000 0.000000 0.000000 0.004582 0.000000 0.497709 0.000000 0.000000 0.000000 0.000000 0.000000 0.000000 0.000000 0.000000 0.000000 0.000000 0.000000 0.000000 0.497709 0.000000
 0.000000 0.000000 0.000000 0.000000 0.000000 0.000000 0.000000 0.000000 0.000000 0.000000 0.000000 0.000000 0.000000 0.000000 0.000000 0.000000 0.000000 0.500000 0.000000 0.500000
 0.000001 0.000000 0.000000 0.345936 0.000000 0.000000 0.000000 0.000000 0.000000 0.000000 0.000000 0.000000 0.000000 0.000000 0.000000 0.000000 0.307308 0.000000 0.346756 0.000000
the mean of prob-rank is 1.5263157894736843
the number of false negetive edges is 0
the number of probability greater than 0 is 3.8/edge
