20
 0.000000 0.499999 0.000000 0.000000 0.000000 0.000000 0.000000 0.000000 0.000000 0.000000 0.000000 0.000000 0.499999 0.000000 0.000000 0.000002 0.000000 0.000000 0.000000 0.000000
 0.499986 0.000000 0.000000 0.000000 0.000000 0.000000 0.000000 0.000000 0.000000 0.000000 0.000000 0.000000 0.000000 0.000000 0.000000 0.499986 0.000000 0.000000 0.000000 0.000028
 0.000000 0.000000 0.000000 0.000000 0.230500 0.397092 0.000000 0.000000 0.016964 0.000000 0.000000 0.000000 0.000000 0.000000 0.000000 0.000000 0.328969 0.000000 0.026474 0.000000
 0.000000 0.000000 0.000000 0.000000 0.000000 0.000000 0.000000 0.000000 0.000000 0.000000 0.488368 0.019184 0.492448 0.000000 0.000000 0.000000 0.000000 0.000000 0.000000 0.000000
 0.000000 0.000000 0.207464 0.000000 0.000000 0.000043 0.000000 0.000000 0.351845 0.000000 0.000000 0.000000 0.000000 0.000000 0.085071 0.000000 0.355576 0.000000 0.000000 0.000000
 0.000000 0.000000 0.461850 0.000000 0.000056 0.000000 0.000000 0.000000 0.076117 0.000000 0.000000 0.000000 0.000000 0.000000 0.000000 0.000000 0.000000 0.000000 0.461976 0.000000
 0.000000 0.000000 0.000000 0.000000 0.000000 0.000000 0.000000 0.499991 0.000000 0.000000 0.000000 0.000016 0.000000 0.000000 0.000000 0.000000 0.000000 0.499992 0.000000 0.000000
 0.000000 0.000000 0.000000 0.000000 0.000000 0.000000 0.399436 0.000000 0.000000 0.000000 0.213909 0.386655 0.000000 0.000000 0.000000 0.000000 0.000000 0.000000 0.000000 0.000000
 0.000000 0.000000 0.014761 0.000000 0.340135 0.056944 0.000000 0.000000 0.000000 0.000000 0.000000 0.000000 0.000000 0.000000 0.345607 0.000000 0.242553 0.000000 0.000000 0.000000
 0.000000 0.000000 0.000000 0.000000 0.000000 0.000000 0.000000 0.000000 0.000000 0.000000 0.000000 0.000000 0.000000 0.000000 0.353363 0.000000 0.275591 0.371046 0.000000 0.000000
 0.000000 0.000000 0.000000 0.392410 0.000000 0.000000 0.000000 0.211902 0.000000 0.000000 0.000000 0.395689 0.000000 0.000000 0.000000 0.000000 0.000000 0.000000 0.000000 0.000000
 0.000000 0.000000 0.000000 0.019411 0.000000 0.000000 0.000016 0.482314 0.000000 0.000000 0.498258 0.000000 0.000000 0.000000 0.000001 0.000000 0.000000 0.000000 0.000000 0.000000
 0.500000 0.000000 0.000000 0.500000 0.000000 0.000000 0.000000 0.000000 0.000000 0.000000 0.000000 0.000000 0.000000 0.000000 0.000000 0.000000 0.000000 0.000000 0.000000 0.000000
 0.000000 0.000000 0.000000 0.000000 0.000000 0.000000 0.000000 0.000000 0.000000 0.000000 0.000000 0.000000 0.000000 0.000000 0.000000 0.000032 0.000000 0.000000 0.499885 0.500083
 0.000000 0.000000 0.000000 0.000000 0.080750 0.000000 0.000000 0.000000 0.339346 0.323174 0.000000 0.000001 0.000000 0.000000 0.000000 0.000000 0.256728 0.000002 0.000000 0.000000
 0.000002 0.499983 0.000000 0.000000 0.000000 0.000000 0.000000 0.000000 0.000000 0.000000 0.000000 0.000000 0.000000 0.000032 0.000000 0.000000 0.000000 0.000000 0.000000 0.499983
 0.000000 0.000000 0.205817 0.000000 0.247165 0.000000 0.000000 0.000000 0.174405 0.184576 0.000000 0.000000 0.000000 0.000000 0.188004 0.000000 0.000000 0.000033 0.000000 0.000000
 0.000000 0.000000 0.000000 0.000000 0.000000 0.000000 0.499965 0.000000 0.000000 0.499965 0.000000 0.000000 0.000000 0.000000 0.000003 0.000000 0.000067 0.000000 0.000000 0.000000
 0.000000 0.000000 0.032258 0.000000 0.000000 0.483967 0.000000 0.000000 0.000000 0.000000 0.000000 0.000000 0.000000 0.483776 0.000000 0.000000 0.000000 0.000000 0.000000 0.000000
 0.000000 0.000028 0.000000 0.000000 0.000000 0.000000 0.000000 0.000000 0.000000 0.000000 0.000000 0.000000 0.000000 0.499986 0.000000 0.499986 0.000000 0.000000 0.000000 0.000000
the mean of prob-rank is 1.7894736842105263
the number of false negetive edges is 0
the number of probability greater than 0 is 3.75/edge
