20
 0.000000 0.000000 0.000000 0.000000 0.000000 0.180236 0.418267 0.000000 0.000000 0.000000 0.000000 0.001802 0.000000 0.000000 0.000000 0.399695 0.000000 0.000000 0.000000 0.000000
 0.000000 0.000000 0.000000 0.499999 0.000000 0.000000 0.000000 0.000000 0.500001 0.000000 0.000000 0.000000 0.000000 0.000000 0.000000 0.000000 0.000000 0.000000 0.000000 0.000000
 0.000000 0.000000 0.000000 0.000000 0.000000 0.000000 0.000000 0.000000 0.000000 0.000000 0.000000 0.000000 0.499665 0.000665 0.000000 0.000000 0.000000 0.499670 0.000000 0.000000
 0.000000 0.499999 0.000000 0.000000 0.000000 0.000000 0.000000 0.000000 0.000000 0.000000 0.000000 0.000000 0.500001 0.000000 0.000000 0.000000 0.000000 0.000000 0.000000 0.000000
 0.000000 0.000000 0.000000 0.000000 0.000000 0.491431 0.000000 0.000000 0.000000 0.000000 0.000000 0.000000 0.000000 0.000000 0.491453 0.000000 0.000000 0.000000 0.000000 0.017116
 0.160890 0.000000 0.000000 0.000000 0.373458 0.000000 0.251946 0.000000 0.000000 0.000000 0.000000 0.000000 0.000000 0.000000 0.000000 0.213705 0.000000 0.000000 0.000000 0.000000
 0.273420 0.000000 0.000000 0.000000 0.000000 0.184500 0.000000 0.000000 0.000033 0.000000 0.000000 0.227294 0.000000 0.000000 0.000000 0.243923 0.070830 0.000000 0.000000 0.000000
 0.000000 0.000000 0.000000 0.000000 0.000000 0.000000 0.000000 0.000000 0.000000 0.000000 0.000000 0.000000 0.000000 0.500000 0.000000 0.000000 0.500000 0.000000 0.000000 0.000000
 0.000000 0.499972 0.000000 0.000000 0.000000 0.000000 0.000059 0.000000 0.000000 0.000000 0.000000 0.000000 0.000000 0.499969 0.000000 0.000000 0.000000 0.000000 0.000000 0.000000
 0.000000 0.000000 0.000000 0.000000 0.000000 0.000000 0.000000 0.000000 0.000000 0.000000 0.500000 0.000000 0.000000 0.000000 0.000000 0.000000 0.000000 0.500000 0.000000 0.000000
 0.000000 0.000000 0.000000 0.000000 0.000000 0.000000 0.000000 0.000000 0.000000 0.500000 0.000000 0.000000 0.000000 0.000000 0.000000 0.000000 0.000000 0.000000 0.500000 0.000000
 0.001483 0.000000 0.000000 0.000000 0.000000 0.000000 0.286071 0.000000 0.000000 0.000000 0.000000 0.000000 0.000000 0.000000 0.000000 0.343835 0.340455 0.000000 0.000000 0.028157
 0.000000 0.000000 0.499996 0.500004 0.000000 0.000000 0.000000 0.000000 0.000000 0.000000 0.000000 0.000000 0.000000 0.000000 0.000000 0.000000 0.000000 0.000000 0.000000 0.000000
 0.000000 0.000000 0.000665 0.000000 0.000000 0.000000 0.000000 0.499611 0.499609 0.000000 0.000000 0.000000 0.000000 0.000000 0.000000 0.000000 0.000115 0.000000 0.000000 0.000000
 0.000000 0.000000 0.000000 0.000000 0.490429 0.000000 0.000000 0.000000 0.000000 0.000000 0.000000 0.000000 0.000000 0.000000 0.000000 0.000000 0.000000 0.000000 0.019661 0.489910
 0.268116 0.000000 0.000000 0.000000 0.000000 0.160591 0.250305 0.000000 0.000000 0.000000 0.000000 0.280339 0.000000 0.000000 0.000000 0.000000 0.000000 0.000000 0.000000 0.040649
 0.000000 0.000000 0.000000 0.000000 0.000000 0.000000 0.110300 0.425900 0.000000 0.000000 0.000000 0.421243 0.000000 0.000098 0.000000 0.000000 0.000000 0.000001 0.000000 0.042458
 0.000000 0.000000 0.499998 0.000000 0.000000 0.000000 0.000000 0.000000 0.000000 0.500001 0.000000 0.000000 0.000000 0.000000 0.000000 0.000000 0.000001 0.000000 0.000000 0.000000
 0.000000 0.000000 0.000000 0.000000 0.000000 0.000000 0.000000 0.000000 0.000000 0.000000 0.490374 0.000000 0.000000 0.000000 0.019659 0.000000 0.000000 0.000000 0.000000 0.489967
 0.000000 0.000000 0.000000 0.000000 0.014762 0.000000 0.000000 0.000000 0.000000 0.000000 0.000000 0.034671 0.000000 0.000000 0.423412 0.061391 0.042255 0.000000 0.423509 0.000000
the mean of prob-rank is 1.5789473684210527
the number of false negetive edges is 0
the number of probability greater than 0 is 3.4/edge
