20
 0.000000 0.000000 0.000000 0.000000 0.000000 0.000141 0.000000 0.000000 0.000000 0.424444 0.000000 0.000000 0.000000 0.000000 0.000000 0.000001 0.000007 0.000000 0.155696 0.419711
 0.000000 0.000000 0.000000 0.485707 0.000000 0.000000 0.000000 0.000000 0.000000 0.000000 0.000000 0.000000 0.013297 0.015073 0.000000 0.000000 0.485924 0.000000 0.000000 0.000000
 0.000000 0.000000 0.000000 0.000000 0.000000 0.000000 0.000000 0.000000 0.000000 0.000004 0.499999 0.000000 0.000000 0.000000 0.499997 0.000000 0.000000 0.000000 0.000000 0.000000
 0.000000 0.464609 0.000000 0.000000 0.000000 0.000000 0.000000 0.000000 0.071437 0.000000 0.000000 0.000000 0.463954 0.000000 0.000000 0.000000 0.000000 0.000000 0.000000 0.000000
 0.000000 0.000000 0.000000 0.000000 0.000000 0.000000 0.000000 0.000000 0.000000 0.000050 0.499977 0.000000 0.000000 0.000000 0.000000 0.499973 0.000000 0.000000 0.000000 0.000000
 0.000161 0.000000 0.000000 0.000000 0.000000 0.000000 0.000000 0.000000 0.000000 0.001308 0.000000 0.481104 0.000000 0.000000 0.000000 0.000000 0.000000 0.000797 0.032581 0.484050
 0.000000 0.000000 0.000000 0.000000 0.000000 0.000000 0.000000 0.000000 0.000000 0.000027 0.000000 0.000000 0.000000 0.499991 0.000000 0.499977 0.000005 0.000000 0.000000 0.000000
 0.000000 0.000000 0.000000 0.000000 0.000000 0.000000 0.000000 0.000000 0.000000 0.001362 0.000000 0.000000 0.000000 0.000000 0.499295 0.000000 0.000000 0.000000 0.499343 0.000000
 0.000000 0.000000 0.000000 0.057710 0.000000 0.000000 0.000000 0.000000 0.000000 0.000000 0.000000 0.199096 0.367997 0.000000 0.000000 0.000000 0.000000 0.375197 0.000000 0.000000
 0.390891 0.000000 0.000003 0.000000 0.000039 0.001056 0.000021 0.001066 0.000000 0.000000 0.000036 0.000000 0.000002 0.000000 0.000000 0.007801 0.020753 0.000001 0.375666 0.202665
 0.000000 0.000000 0.499977 0.000000 0.499977 0.000000 0.000000 0.000000 0.000000 0.000046 0.000000 0.000000 0.000000 0.000000 0.000000 0.000000 0.000000 0.000000 0.000000 0.000000
 0.000000 0.000000 0.000000 0.000000 0.000000 0.352320 0.000000 0.000000 0.187961 0.000000 0.000000 0.000000 0.000000 0.000000 0.000000 0.000000 0.000000 0.320451 0.139267 0.000000
 0.000000 0.010008 0.000000 0.365046 0.000000 0.000000 0.000000 0.000000 0.358420 0.000002 0.000000 0.000000 0.000000 0.000000 0.000000 0.000000 0.000042 0.265024 0.000000 0.001459
 0.000000 0.015276 0.000000 0.000000 0.000000 0.000000 0.492470 0.000000 0.000000 0.000000 0.000000 0.000000 0.000000 0.000000 0.000000 0.000000 0.492254 0.000000 0.000000 0.000000
 0.000000 0.000000 0.500019 0.000000 0.000000 0.000000 0.000000 0.499973 0.000000 0.000000 0.000000 0.000000 0.000000 0.000000 0.000000 0.000000 0.000000 0.000000 0.000008 0.000000
 0.000001 0.000000 0.000000 0.000000 0.495064 0.000000 0.495055 0.000000 0.000000 0.009880 0.000000 0.000000 0.000000 0.000000 0.000000 0.000000 0.000000 0.000000 0.000000 0.000000
 0.000008 0.487139 0.000000 0.000000 0.000000 0.000000 0.000005 0.000000 0.000000 0.025864 0.000000 0.000000 0.000056 0.486929 0.000000 0.000000 0.000000 0.000000 0.000000 0.000000
 0.000000 0.000000 0.000000 0.000000 0.000000 0.000619 0.000000 0.000000 0.375523 0.000001 0.000000 0.339730 0.272342 0.000000 0.000000 0.000000 0.000000 0.000000 0.000000 0.011785
 0.130916 0.000000 0.000000 0.000000 0.000000 0.024021 0.000000 0.356892 0.000000 0.342991 0.000000 0.140208 0.000000 0.000000 0.000005 0.000000 0.000000 0.000000 0.000000 0.004967
 0.386794 0.000000 0.000000 0.000000 0.000000 0.391133 0.000000 0.000000 0.000000 0.202803 0.000000 0.000000 0.001560 0.000000 0.000000 0.000000 0.000000 0.012266 0.005444 0.000000
the mean of prob-rank is 1.5263157894736843
the number of false negetive edges is 0
the number of probability greater than 0 is 4.7/edge
