20
 0.000000 0.000000 0.000000 0.500000 0.000000 0.000000 0.000000 0.000000 0.000000 0.000000 0.000000 0.500000 0.000000 0.000000 0.000000 0.000000 0.000000 0.000000 0.000000 0.000000
 0.000000 0.000000 0.175357 0.000000 0.002153 0.000000 0.000000 0.381052 0.000000 0.000000 0.367369 0.000000 0.000000 0.000528 0.005773 0.012788 0.054980 0.000000 0.000000 0.000000
 0.000000 0.139940 0.000000 0.000000 0.042292 0.000000 0.000000 0.007502 0.000000 0.000000 0.000000 0.000000 0.000000 0.159052 0.000000 0.284162 0.062108 0.304943 0.000000 0.000000
 0.500000 0.000000 0.000000 0.000000 0.000000 0.000000 0.000000 0.000000 0.500000 0.000000 0.000000 0.000000 0.000000 0.000000 0.000000 0.000000 0.000000 0.000000 0.000000 0.000000
 0.000000 0.002180 0.053654 0.000000 0.000000 0.000000 0.000000 0.379044 0.000000 0.000000 0.169836 0.000000 0.000000 0.000000 0.000000 0.386871 0.000000 0.008416 0.000000 0.000000
 0.000000 0.000000 0.000000 0.000000 0.000000 0.000000 0.000000 0.000000 0.000000 0.000000 0.000000 0.499999 0.000000 0.000000 0.000000 0.000000 0.000000 0.000000 0.500001 0.000000
 0.000000 0.000000 0.000000 0.000000 0.000000 0.000000 0.000000 0.000000 0.479172 0.000000 0.000000 0.000000 0.479252 0.000000 0.000000 0.000000 0.000000 0.000000 0.000000 0.041575
 0.000000 0.339996 0.008388 0.000000 0.334055 0.000000 0.000000 0.000000 0.000000 0.000000 0.081544 0.000000 0.000000 0.000000 0.000000 0.236017 0.000000 0.000000 0.000000 0.000000
 0.000000 0.000000 0.000000 0.485075 0.000000 0.000000 0.484994 0.000000 0.000000 0.000000 0.000000 0.000000 0.029931 0.000000 0.000000 0.000000 0.000000 0.000000 0.000000 0.000000
 0.000000 0.000000 0.000000 0.000000 0.000000 0.000000 0.000000 0.000000 0.000000 0.000000 0.500001 0.000000 0.000000 0.000000 0.000000 0.000000 0.000000 0.000000 0.499999 0.000000
 0.000000 0.323204 0.000000 0.000000 0.147585 0.000000 0.000000 0.080403 0.000000 0.336186 0.000000 0.000000 0.000000 0.000000 0.000000 0.112622 0.000000 0.000000 0.000000 0.000000
 0.500001 0.000000 0.000000 0.000000 0.000000 0.499999 0.000000 0.000000 0.000000 0.000000 0.000000 0.000000 0.000000 0.000000 0.000000 0.000000 0.000000 0.000000 0.000000 0.000000
 0.000000 0.000000 0.000000 0.000000 0.000000 0.000000 0.480711 0.000000 0.029662 0.000000 0.000000 0.000000 0.000000 0.000000 0.008928 0.000000 0.000000 0.000000 0.000000 0.480698
 0.000000 0.000540 0.203697 0.000000 0.000000 0.000000 0.000000 0.000000 0.000000 0.000000 0.000000 0.000000 0.000000 0.000000 0.019290 0.000000 0.390545 0.385928 0.000000 0.000000
 0.000000 0.007259 0.000000 0.000000 0.000000 0.000000 0.000000 0.000000 0.000000 0.000000 0.000000 0.000000 0.008924 0.023732 0.000000 0.000000 0.480153 0.000000 0.000000 0.479932
 0.000000 0.010090 0.280959 0.000000 0.301510 0.000000 0.000000 0.208714 0.000000 0.000000 0.101006 0.000000 0.000000 0.000000 0.000000 0.000000 0.000000 0.097720 0.000000 0.000000
 0.000000 0.061227 0.086669 0.000000 0.000000 0.000000 0.000000 0.000000 0.000000 0.000000 0.000000 0.000000 0.000000 0.425543 0.425256 0.000000 0.000000 0.001305 0.000000 0.000000
 0.000000 0.000000 0.427877 0.000000 0.009309 0.000000 0.000000 0.000000 0.000000 0.000000 0.000000 0.000000 0.000000 0.422825 0.000000 0.138678 0.001312 0.000000 0.000000 0.000000
 0.000000 0.000000 0.000000 0.000000 0.000000 0.500001 0.000000 0.000000 0.000000 0.499999 0.000000 0.000000 0.000000 0.000000 0.000000 0.000000 0.000000 0.000000 0.000000 0.000000
 0.000000 0.000000 0.000000 0.000000 0.000000 0.000000 0.041595 0.000000 0.000000 0.000000 0.000000 0.000000 0.479468 0.000000 0.478937 0.000000 0.000000 0.000000 0.000000 0.000000
the mean of prob-rank is 1.5263157894736843
the number of false negetive edges is 0
the number of probability greater than 0 is 4.1/edge
