20
 0.000000 0.000000 0.000000 0.000000 0.000000 0.000000 0.000000 0.494731 0.000000 0.000000 0.000000 0.000000 0.494677 0.000000 0.000000 0.000000 0.000000 0.000000 0.000000 0.010592
 0.000000 0.000000 0.000000 0.000000 0.000000 0.000000 0.000000 0.500000 0.000000 0.500000 0.000000 0.000000 0.000000 0.000000 0.000000 0.000000 0.000000 0.000000 0.000000 0.000000
 0.000000 0.000000 0.000000 0.000000 0.000000 0.015375 0.000000 0.000000 0.000000 0.000000 0.000000 0.000000 0.000000 0.492336 0.000000 0.000000 0.492289 0.000000 0.000000 0.000000
 0.000000 0.000000 0.000000 0.000000 0.495408 0.000000 0.000000 0.000000 0.000000 0.000000 0.000000 0.000000 0.000000 0.000000 0.009446 0.495146 0.000000 0.000000 0.000000 0.000000
 0.000000 0.000000 0.000000 0.500000 0.000000 0.000000 0.000000 0.000000 0.000000 0.000000 0.000000 0.000000 0.500000 0.000000 0.000000 0.000000 0.000000 0.000000 0.000000 0.000000
 0.000000 0.000000 0.015376 0.000000 0.000000 0.000000 0.000000 0.000000 0.000000 0.000000 0.492384 0.000000 0.000000 0.000000 0.000000 0.000000 0.000000 0.000000 0.000000 0.492240
 0.000000 0.000000 0.000000 0.000000 0.000000 0.000000 0.000000 0.000000 0.000000 0.000000 0.000000 0.000000 0.000000 0.000000 0.000000 0.000000 0.499130 0.499139 0.001732 0.000000
 0.500000 0.500000 0.000000 0.000000 0.000000 0.000000 0.000000 0.000000 0.000000 0.000000 0.000000 0.000000 0.000000 0.000000 0.000000 0.000000 0.000000 0.000000 0.000000 0.000000
 0.000000 0.000000 0.000000 0.000000 0.000000 0.000000 0.000000 0.000000 0.000000 0.000000 0.000000 0.000017 0.000000 0.000000 0.495173 0.000000 0.000000 0.009622 0.495188 0.000000
 0.000000 0.500004 0.000000 0.000000 0.000000 0.000000 0.000000 0.000000 0.000000 0.000000 0.000000 0.000000 0.000000 0.499996 0.000000 0.000000 0.000000 0.000000 0.000000 0.000000
 0.000000 0.000000 0.000000 0.000000 0.000000 0.498465 0.000000 0.000000 0.000000 0.000000 0.000000 0.000000 0.000000 0.000000 0.000000 0.000000 0.002947 0.000000 0.498433 0.000155
 0.000000 0.000000 0.000000 0.000000 0.000000 0.000000 0.000000 0.000000 0.000017 0.000000 0.000000 0.000000 0.000000 0.000000 0.000000 0.499993 0.000000 0.000000 0.000000 0.499990
 0.498001 0.000000 0.000000 0.000000 0.498055 0.000000 0.000000 0.000000 0.000000 0.000000 0.000000 0.000000 0.000000 0.000000 0.000000 0.003944 0.000000 0.000000 0.000000 0.000000
 0.000000 0.000000 0.500004 0.000000 0.000000 0.000000 0.000000 0.000000 0.000000 0.499995 0.000000 0.000000 0.000000 0.000000 0.000000 0.000000 0.000001 0.000000 0.000000 0.000000
 0.000000 0.000000 0.000000 0.009444 0.000000 0.000000 0.000000 0.000000 0.495293 0.000000 0.000000 0.000000 0.000000 0.000000 0.000000 0.000000 0.000000 0.495264 0.000000 0.000000
 0.000000 0.000000 0.000000 0.497742 0.000000 0.000000 0.000000 0.000000 0.000000 0.000000 0.000000 0.498005 0.003944 0.000000 0.000000 0.000000 0.000000 0.000000 0.000000 0.000309
 0.000000 0.000000 0.498507 0.000000 0.000000 0.000000 0.498545 0.000000 0.000000 0.000000 0.002948 0.000000 0.000000 0.000001 0.000000 0.000000 0.000000 0.000000 0.000000 0.000000
 0.000000 0.000000 0.000000 0.000000 0.000000 0.000000 0.495158 0.000000 0.009622 0.000000 0.000000 0.000000 0.000000 0.000000 0.495113 0.000000 0.000000 0.000000 0.000107 0.000000
 0.000000 0.000000 0.000000 0.000000 0.000000 0.000000 0.001731 0.000000 0.499096 0.000000 0.499064 0.000000 0.000000 0.000000 0.000000 0.000000 0.000000 0.000108 0.000000 0.000000
 0.010588 0.000000 0.000000 0.000000 0.000000 0.494405 0.000000 0.000000 0.000000 0.000000 0.000154 0.494546 0.000000 0.000000 0.000000 0.000307 0.000000 0.000000 0.000000 0.000000
the mean of prob-rank is 1.368421052631579
the number of false negetive edges is 0
the number of probability greater than 0 is 3.1/edge
