20
 0.000000 0.001711 0.000000 0.000000 0.000000 0.000000 0.000000 0.000000 0.000000 0.499240 0.499048 0.000000 0.000000 0.000000 0.000000 0.000000 0.000000 0.000000 0.000000 0.000000
 0.001184 0.000000 0.000000 0.000000 0.000000 0.333712 0.000000 0.000000 0.000000 0.320909 0.000750 0.000000 0.000000 0.000000 0.343444 0.000000 0.000000 0.000000 0.000000 0.000000
 0.000000 0.000000 0.000000 0.416828 0.000000 0.000000 0.000000 0.407214 0.065424 0.000000 0.000000 0.000000 0.000000 0.000000 0.000000 0.000000 0.000000 0.000000 0.000000 0.110534
 0.000000 0.000000 0.443630 0.000000 0.000000 0.000000 0.000000 0.112082 0.444288 0.000000 0.000000 0.000000 0.000000 0.000000 0.000000 0.000000 0.000000 0.000000 0.000000 0.000000
 0.000000 0.000000 0.000000 0.000000 0.000000 0.000000 0.000000 0.000000 0.000000 0.000000 0.000000 0.493348 0.000000 0.000000 0.000000 0.493384 0.000000 0.000000 0.013268 0.000000
 0.000000 0.349223 0.000000 0.000000 0.000000 0.000000 0.000000 0.000000 0.000000 0.000000 0.000000 0.000000 0.000000 0.361527 0.289250 0.000000 0.000000 0.000000 0.000000 0.000000
 0.000000 0.000000 0.000000 0.000000 0.000000 0.000000 0.000000 0.000000 0.000000 0.000000 0.000000 0.000000 0.000000 0.000000 0.000000 0.000000 0.000000 0.500000 0.500000 0.000000
 0.000000 0.000000 0.343868 0.088928 0.000000 0.000000 0.000000 0.000000 0.214692 0.000000 0.000000 0.000000 0.000000 0.352509 0.000003 0.000000 0.000000 0.000000 0.000000 0.000000
 0.000000 0.000000 0.057157 0.364695 0.000000 0.000000 0.000000 0.222114 0.000000 0.000000 0.000000 0.000000 0.000000 0.000000 0.000000 0.000000 0.000000 0.000000 0.000000 0.356034
 0.344707 0.320201 0.000000 0.000000 0.000000 0.000000 0.000000 0.000000 0.000000 0.000000 0.000000 0.000000 0.000000 0.000000 0.335093 0.000000 0.000000 0.000000 0.000000 0.000000
 0.499361 0.001085 0.000000 0.000000 0.000000 0.000000 0.000000 0.000000 0.000000 0.000000 0.000000 0.000000 0.499554 0.000000 0.000000 0.000000 0.000000 0.000000 0.000000 0.000000
 0.000000 0.000000 0.000000 0.000000 0.494240 0.000000 0.000000 0.000000 0.000000 0.000000 0.000000 0.000000 0.000000 0.000000 0.000000 0.011484 0.494276 0.000000 0.000000 0.000000
 0.000000 0.000000 0.000000 0.000000 0.000000 0.000000 0.000000 0.000000 0.000000 0.000000 0.500000 0.000000 0.000000 0.000000 0.000000 0.000000 0.500000 0.000000 0.000000 0.000000
 0.000000 0.000000 0.000000 0.000000 0.000000 0.500001 0.000000 0.499999 0.000000 0.000000 0.000000 0.000000 0.000000 0.000000 0.000000 0.000000 0.000000 0.000000 0.000000 0.000000
 0.000000 0.359370 0.000000 0.000000 0.000000 0.289220 0.000000 0.000003 0.000000 0.351407 0.000000 0.000000 0.000000 0.000000 0.000000 0.000000 0.000000 0.000000 0.000000 0.000000
 0.000000 0.000000 0.000000 0.000000 0.494258 0.000000 0.000000 0.000000 0.000000 0.000000 0.000000 0.011484 0.000000 0.000000 0.000000 0.000000 0.000000 0.000000 0.494258 0.000000
 0.000000 0.000000 0.000000 0.000000 0.000000 0.000000 0.000000 0.000000 0.000000 0.000000 0.000000 0.500000 0.500000 0.000000 0.000000 0.000000 0.000000 0.000000 0.000000 0.000000
 0.000000 0.000000 0.000000 0.000000 0.000000 0.000000 0.500000 0.000000 0.000000 0.000000 0.000000 0.000000 0.000000 0.000000 0.000000 0.000000 0.000000 0.000000 0.000000 0.500000
 0.000000 0.000000 0.000000 0.000000 0.013267 0.000000 0.493367 0.000000 0.000000 0.000000 0.000000 0.000000 0.000000 0.000000 0.000000 0.493366 0.000000 0.000000 0.000000 0.000000
 0.000000 0.000000 0.118153 0.000000 0.000000 0.000000 0.000000 0.000000 0.435623 0.000000 0.000000 0.000000 0.000000 0.000000 0.000000 0.000000 0.000000 0.446223 0.000000 0.000000
the mean of prob-rank is 1.631578947368421
the number of false negetive edges is 0
the number of probability greater than 0 is 3.1/edge
