20
 0.000000 0.000000 0.000000 0.000000 0.000000 0.000000 0.000000 0.000000 0.500000 0.000000 0.000000 0.000000 0.500000 0.000000 0.000000 0.000000 0.000000 0.000000 0.000000 0.000000
 0.000000 0.000000 0.000000 0.000000 0.000000 0.000000 0.000000 0.000000 0.000000 0.468982 0.000000 0.000000 0.469173 0.000000 0.000000 0.000000 0.061844 0.000000 0.000000 0.000000
 0.000000 0.000000 0.000000 0.471809 0.055179 0.000000 0.000000 0.000000 0.473011 0.000000 0.000000 0.000000 0.000000 0.000000 0.000000 0.000000 0.000000 0.000000 0.000000 0.000000
 0.000000 0.000000 0.473181 0.000000 0.051540 0.000000 0.000000 0.000863 0.000000 0.000000 0.000000 0.000000 0.000000 0.000000 0.000000 0.000000 0.000000 0.000000 0.474416 0.000000
 0.000000 0.000000 0.052685 0.049068 0.000000 0.450027 0.000000 0.448220 0.000000 0.000000 0.000000 0.000000 0.000000 0.000000 0.000000 0.000000 0.000000 0.000000 0.000000 0.000000
 0.000000 0.000000 0.000000 0.000000 0.442642 0.000000 0.000000 0.111824 0.000000 0.000000 0.001283 0.000000 0.000000 0.000000 0.000000 0.000000 0.000000 0.000000 0.444249 0.000002
 0.000000 0.000000 0.000000 0.000000 0.000000 0.000000 0.000000 0.000000 0.000000 0.000000 0.499663 0.499665 0.000000 0.000000 0.000000 0.000672 0.000000 0.000000 0.000000 0.000000
 0.000000 0.000000 0.000000 0.000808 0.440891 0.111831 0.000000 0.000000 0.002201 0.000000 0.000000 0.000000 0.000000 0.000000 0.000000 0.000000 0.000000 0.000000 0.000000 0.444269
 0.498780 0.000000 0.498749 0.000000 0.000000 0.000000 0.000000 0.002471 0.000000 0.000000 0.000000 0.000000 0.000000 0.000000 0.000000 0.000000 0.000000 0.000000 0.000000 0.000000
 0.000000 0.478243 0.000000 0.000000 0.000000 0.000000 0.000000 0.000000 0.000000 0.000000 0.000000 0.000000 0.000000 0.000000 0.000015 0.000000 0.478439 0.043303 0.000000 0.000000
 0.000000 0.000000 0.000000 0.000000 0.000000 0.001442 0.499278 0.000000 0.000000 0.000000 0.000000 0.000000 0.000000 0.499280 0.000000 0.000000 0.000000 0.000000 0.000000 0.000000
 0.000000 0.000000 0.000000 0.000000 0.000000 0.000000 0.495618 0.000000 0.000000 0.000000 0.000000 0.000000 0.000000 0.000000 0.495579 0.000000 0.000000 0.008803 0.000000 0.000000
 0.500000 0.500000 0.000000 0.000000 0.000000 0.000000 0.000000 0.000000 0.000000 0.000000 0.000000 0.000000 0.000000 0.000000 0.000000 0.000000 0.000000 0.000000 0.000000 0.000000
 0.000000 0.000000 0.000000 0.000000 0.000000 0.000000 0.000000 0.000000 0.000000 0.000000 0.500007 0.000000 0.000000 0.000000 0.000000 0.499993 0.000000 0.000000 0.000000 0.000000
 0.000000 0.000000 0.000000 0.000000 0.000000 0.000000 0.000000 0.000000 0.000000 0.000015 0.000000 0.499972 0.000000 0.000000 0.000000 0.000000 0.000001 0.500011 0.000000 0.000000
 0.000000 0.000000 0.000000 0.000000 0.000000 0.000000 0.000672 0.000000 0.000000 0.000000 0.000000 0.000000 0.000000 0.499657 0.000000 0.000000 0.000000 0.000000 0.000000 0.499670
 0.000000 0.061909 0.000000 0.000000 0.000000 0.000000 0.000000 0.000000 0.000000 0.469663 0.000000 0.000000 0.000000 0.000000 0.000001 0.000000 0.000000 0.468428 0.000000 0.000000
 0.000000 0.000000 0.000000 0.000000 0.000000 0.000000 0.000000 0.000000 0.000000 0.042984 0.000000 0.008435 0.000000 0.000000 0.474915 0.000000 0.473666 0.000000 0.000000 0.000000
 0.000000 0.000000 0.000000 0.500000 0.000000 0.500000 0.000000 0.000000 0.000000 0.000000 0.000000 0.000000 0.000000 0.000000 0.000000 0.000000 0.000000 0.000000 0.000000 0.000000
 0.000000 0.000000 0.000000 0.000000 0.000000 0.000003 0.000000 0.499995 0.000000 0.000000 0.000000 0.000000 0.000000 0.000000 0.000000 0.500002 0.000000 0.000000 0.000000 0.000000
the mean of prob-rank is 1.5789473684210527
the number of false negetive edges is 0
the number of probability greater than 0 is 3.2/edge
