20
 0.000000 0.000000 0.000035 0.000000 0.000000 0.257801 0.000000 0.000000 0.000000 0.000000 0.000000 0.000000 0.000000 0.369831 0.000000 0.372333 0.000000 0.000000 0.000000 0.000000
 0.000000 0.000000 0.000000 0.340069 0.000000 0.000002 0.000000 0.322995 0.000766 0.000000 0.000000 0.000000 0.000000 0.000000 0.336168 0.000000 0.000000 0.000000 0.000000 0.000000
 0.000044 0.000000 0.000000 0.003013 0.000000 0.467824 0.000000 0.000000 0.000131 0.000000 0.000000 0.000000 0.000000 0.060533 0.000000 0.468455 0.000000 0.000000 0.000000 0.000000
 0.000000 0.498356 0.003206 0.000000 0.000000 0.000031 0.000000 0.000004 0.498403 0.000000 0.000000 0.000000 0.000000 0.000000 0.000000 0.000000 0.000000 0.000000 0.000000 0.000000
 0.000000 0.000000 0.000000 0.000000 0.000000 0.000000 0.000000 0.072075 0.000000 0.216653 0.000000 0.006044 0.047155 0.000000 0.000000 0.000000 0.000015 0.000000 0.327007 0.331050
 0.257374 0.000002 0.371161 0.000023 0.000000 0.000000 0.000000 0.000000 0.371440 0.000000 0.000000 0.000000 0.000000 0.000000 0.000000 0.000000 0.000000 0.000000 0.000000 0.000000
 0.000000 0.000000 0.000000 0.000000 0.000000 0.000000 0.000000 0.000000 0.000000 0.273941 0.000072 0.196352 0.000000 0.000000 0.000000 0.000000 0.282227 0.000000 0.247404 0.000003
 0.000000 0.333720 0.000000 0.000003 0.076504 0.000000 0.000000 0.000000 0.000000 0.000000 0.000000 0.000000 0.351394 0.000000 0.229183 0.000000 0.000000 0.000000 0.000000 0.009195
 0.000000 0.001125 0.000140 0.499553 0.000000 0.499181 0.000000 0.000000 0.000000 0.000000 0.000000 0.000000 0.000000 0.000000 0.000000 0.000000 0.000000 0.000000 0.000000 0.000000
 0.000000 0.000000 0.000000 0.000000 0.197918 0.000000 0.289800 0.000000 0.000000 0.000000 0.211801 0.000000 0.000000 0.000000 0.000000 0.000000 0.000000 0.000000 0.300481 0.000000
 0.000000 0.000000 0.000000 0.000000 0.000000 0.000000 0.000094 0.000000 0.000000 0.262258 0.000000 0.363096 0.000000 0.000000 0.000000 0.000000 0.000080 0.374471 0.000000 0.000000
 0.000000 0.000000 0.000000 0.000000 0.004845 0.000000 0.182263 0.000000 0.000000 0.000000 0.257301 0.000000 0.000000 0.000000 0.000000 0.000000 0.265362 0.000000 0.075097 0.215132
 0.000000 0.000000 0.000000 0.000000 0.047021 0.000000 0.000000 0.330108 0.000000 0.000000 0.000000 0.000000 0.000000 0.000000 0.321487 0.000000 0.000000 0.000000 0.000000 0.301384
 0.467981 0.000000 0.060872 0.000000 0.000000 0.000000 0.000000 0.000000 0.000000 0.000000 0.000000 0.000000 0.000000 0.000000 0.000000 0.000000 0.000000 0.471148 0.000000 0.000000
 0.000000 0.293139 0.000000 0.000000 0.000000 0.000000 0.000000 0.193426 0.000000 0.000000 0.000000 0.000000 0.288824 0.000000 0.000000 0.000000 0.000000 0.000000 0.000000 0.224611
 0.500037 0.000000 0.499963 0.000000 0.000000 0.000000 0.000000 0.000000 0.000000 0.000000 0.000000 0.000000 0.000000 0.000000 0.000000 0.000000 0.000000 0.000000 0.000000 0.000000
 0.000000 0.000000 0.000000 0.000000 0.000018 0.000000 0.396073 0.000000 0.000000 0.000000 0.000086 0.401192 0.000000 0.000000 0.000000 0.000000 0.000000 0.000000 0.198015 0.004616
 0.000000 0.000000 0.000000 0.000000 0.000000 0.000000 0.000000 0.000000 0.000000 0.000000 0.500000 0.000000 0.000000 0.500000 0.000000 0.000000 0.000000 0.000000 0.000000 0.000000
 0.000000 0.000000 0.000000 0.000000 0.272615 0.000000 0.238848 0.000000 0.000000 0.274214 0.000000 0.078104 0.000000 0.000000 0.000000 0.000000 0.136218 0.000000 0.000000 0.000000
 0.000000 0.000000 0.000000 0.000000 0.284191 0.000000 0.000003 0.007437 0.000000 0.000000 0.000000 0.230399 0.259464 0.000000 0.215237 0.000000 0.003270 0.000000 0.000000 0.000000
the mean of prob-rank is 1.5789473684210527
the number of false negetive edges is 0
the number of probability greater than 0 is 4.8/edge
