20
 0.000000 0.000000 0.000000 0.000000 0.000000 0.000000 0.496449 0.000000 0.000000 0.000000 0.007013 0.000000 0.000000 0.000000 0.496538 0.000000 0.000000 0.000000 0.000000 0.000000
 0.000000 0.000000 0.000000 0.000000 0.000000 0.000000 0.000000 0.500000 0.000000 0.000000 0.000000 0.500000 0.000000 0.000000 0.000000 0.000000 0.000000 0.000000 0.000000 0.000000
 0.000000 0.000000 0.000000 0.000000 0.000000 0.000000 0.360178 0.000000 0.000000 0.000000 0.000000 0.000000 0.000000 0.281388 0.000000 0.000000 0.000000 0.000000 0.000000 0.358434
 0.000000 0.000000 0.000000 0.000000 0.000000 0.000050 0.000000 0.000000 0.499973 0.000000 0.000000 0.000000 0.499977 0.000000 0.000000 0.000000 0.000000 0.000000 0.000000 0.000000
 0.000000 0.000000 0.000000 0.000000 0.000000 0.000000 0.000000 0.000000 0.000000 0.500015 0.000000 0.000000 0.000000 0.000000 0.000000 0.000000 0.000000 0.000000 0.499985 0.000000
 0.000000 0.000000 0.000000 0.000050 0.000000 0.000000 0.000000 0.000000 0.000000 0.000000 0.000000 0.000000 0.499881 0.000188 0.000000 0.000000 0.000000 0.000000 0.000000 0.499882
 0.495349 0.000000 0.495439 0.000000 0.000000 0.000000 0.000000 0.000000 0.000000 0.000000 0.000242 0.000000 0.000000 0.008970 0.000000 0.000000 0.000000 0.000000 0.000000 0.000000
 0.000000 0.500003 0.000000 0.000000 0.000000 0.000000 0.000000 0.000000 0.000000 0.499997 0.000000 0.000000 0.000000 0.000000 0.000000 0.000000 0.000000 0.000000 0.000000 0.000000
 0.000000 0.000000 0.000000 0.499998 0.000000 0.000000 0.000000 0.000000 0.000000 0.000000 0.000000 0.000000 0.000000 0.000000 0.000000 0.500002 0.000000 0.000000 0.000000 0.000000
 0.000000 0.000000 0.000000 0.000000 0.500002 0.000000 0.000000 0.499997 0.000000 0.000000 0.000000 0.000000 0.000000 0.000000 0.000000 0.000000 0.000000 0.000000 0.000000 0.000000
 0.006891 0.000000 0.000000 0.000000 0.000000 0.000000 0.000238 0.000000 0.000000 0.000000 0.000000 0.000000 0.000000 0.017073 0.487893 0.000000 0.487905 0.000000 0.000000 0.000000
 0.000000 0.500000 0.000000 0.000000 0.000000 0.000000 0.000000 0.000000 0.000000 0.000000 0.000000 0.000000 0.000000 0.000000 0.000000 0.000000 0.000000 0.500000 0.000000 0.000000
 0.000000 0.000000 0.000000 0.497642 0.000000 0.497641 0.000000 0.000000 0.000000 0.000000 0.000000 0.000000 0.000000 0.004717 0.000000 0.000000 0.000000 0.000000 0.000000 0.000000
 0.000000 0.000000 0.266796 0.000000 0.000000 0.000128 0.006183 0.000000 0.000000 0.000000 0.011950 0.000000 0.003237 0.000000 0.000000 0.000000 0.340734 0.000000 0.340786 0.030185
 0.499990 0.000000 0.000000 0.000000 0.000000 0.000000 0.000000 0.000000 0.000000 0.000000 0.499973 0.000000 0.000000 0.000000 0.000000 0.000000 0.000034 0.000000 0.000003 0.000000
 0.000000 0.000000 0.000000 0.000000 0.000000 0.000000 0.000000 0.000000 0.500000 0.000000 0.000000 0.000000 0.000000 0.000000 0.000000 0.000000 0.000000 0.500000 0.000000 0.000000
 0.000000 0.000000 0.000000 0.000000 0.000000 0.000000 0.000000 0.000000 0.000000 0.000000 0.448375 0.000000 0.000000 0.447375 0.000031 0.000000 0.000000 0.000000 0.104219 0.000000
 0.000000 0.000000 0.000000 0.000000 0.000000 0.000000 0.000000 0.000000 0.000000 0.000000 0.000000 0.500000 0.000000 0.000000 0.000000 0.500000 0.000000 0.000000 0.000000 0.000000
 0.000000 0.000000 0.000000 0.000000 0.448345 0.000000 0.000000 0.000000 0.000000 0.000000 0.000000 0.000000 0.000000 0.447436 0.000002 0.000000 0.104217 0.000000 0.000000 0.000000
 0.000000 0.000000 0.477626 0.000000 0.000000 0.479950 0.000000 0.000000 0.000000 0.000000 0.000000 0.000000 0.000000 0.042423 0.000000 0.000000 0.000000 0.000000 0.000000 0.000000
the mean of prob-rank is 1.631578947368421
the number of false negetive edges is 0
the number of probability greater than 0 is 3.2/edge
