20
 0.000000 0.000000 0.000000 0.000000 0.000400 0.000000 0.000000 0.000000 0.499797 0.000000 0.000000 0.000000 0.000000 0.000000 0.499804 0.000000 0.000000 0.000000 0.000000 0.000000
 0.000000 0.000000 0.002750 0.000000 0.000000 0.000000 0.000000 0.000000 0.000000 0.000000 0.000000 0.000000 0.000000 0.000000 0.000000 0.498623 0.498627 0.000000 0.000000 0.000000
 0.000000 0.002750 0.000000 0.498581 0.000000 0.000000 0.000000 0.000000 0.000000 0.000000 0.000000 0.000000 0.000000 0.000000 0.000000 0.498668 0.000000 0.000000 0.000000 0.000000
 0.000000 0.000000 0.497017 0.000000 0.000000 0.000000 0.000000 0.000000 0.000000 0.000000 0.497103 0.000000 0.000000 0.000000 0.000000 0.005880 0.000000 0.000000 0.000000 0.000001
 0.000374 0.000000 0.000000 0.000000 0.000000 0.000000 0.467594 0.000000 0.000000 0.000000 0.000000 0.465013 0.000000 0.000000 0.000000 0.000000 0.000000 0.067019 0.000000 0.000000
 0.000000 0.000000 0.000000 0.000000 0.000000 0.000000 0.000000 0.000000 0.000000 0.000000 0.000000 0.000000 0.000000 0.000000 0.500000 0.000000 0.000000 0.500000 0.000000 0.000000
 0.000000 0.000000 0.000000 0.000000 0.450982 0.000000 0.000000 0.000000 0.000000 0.000053 0.000000 0.000000 0.000000 0.000000 0.000000 0.000000 0.000000 0.450511 0.098453 0.000000
 0.000000 0.000000 0.000000 0.000000 0.000000 0.000000 0.000000 0.000000 0.470841 0.000000 0.059149 0.001782 0.000000 0.000000 0.000000 0.000000 0.000000 0.000000 0.000000 0.468229
 0.497684 0.000000 0.000000 0.000000 0.000000 0.000000 0.000000 0.497692 0.000000 0.000000 0.004624 0.000000 0.000000 0.000000 0.000000 0.000000 0.000000 0.000000 0.000000 0.000000
 0.000000 0.000000 0.000000 0.000000 0.000000 0.000000 0.000044 0.000000 0.000000 0.000000 0.000000 0.251359 0.000000 0.372575 0.000000 0.000000 0.000000 0.000000 0.376021 0.000000
 0.000000 0.000000 0.000000 0.469532 0.000000 0.000000 0.000000 0.058985 0.004362 0.000000 0.000000 0.000000 0.000000 0.000000 0.000000 0.000000 0.000000 0.000000 0.000000 0.467122
 0.000000 0.000000 0.000000 0.000000 0.344593 0.000000 0.000000 0.001312 0.000000 0.231786 0.000000 0.000000 0.000000 0.000000 0.000000 0.000000 0.000000 0.000000 0.345351 0.076957
 0.000000 0.000000 0.000000 0.000000 0.000000 0.000000 0.000000 0.000000 0.000000 0.000000 0.000000 0.000000 0.000000 0.500000 0.000000 0.000000 0.500000 0.000000 0.000000 0.000000
 0.000000 0.000000 0.000000 0.000000 0.000000 0.000000 0.000000 0.000000 0.000000 0.399314 0.000000 0.000000 0.403007 0.000000 0.000000 0.000000 0.000000 0.000000 0.000000 0.197679
 0.500000 0.000000 0.000000 0.000000 0.000000 0.500000 0.000000 0.000000 0.000000 0.000000 0.000000 0.000000 0.000000 0.000000 0.000000 0.000000 0.000000 0.000000 0.000000 0.000000
 0.000000 0.497059 0.497062 0.005879 0.000000 0.000000 0.000000 0.000000 0.000000 0.000000 0.000000 0.000000 0.000000 0.000000 0.000000 0.000000 0.000000 0.000000 0.000000 0.000000
 0.000000 0.500000 0.000000 0.000000 0.000000 0.000000 0.000000 0.000000 0.000000 0.000000 0.000000 0.000000 0.500000 0.000000 0.000000 0.000000 0.000000 0.000000 0.000000 0.000000
 0.000000 0.000000 0.000000 0.000000 0.066883 0.466960 0.466156 0.000000 0.000000 0.000000 0.000000 0.000000 0.000000 0.000000 0.000000 0.000000 0.000000 0.000000 0.000000 0.000000
 0.000000 0.000000 0.000000 0.000000 0.000000 0.000000 0.098530 0.000000 0.000000 0.451640 0.000000 0.449830 0.000000 0.000000 0.000000 0.000000 0.000000 0.000000 0.000000 0.000000
 0.000000 0.000000 0.000000 0.000001 0.000000 0.000000 0.000000 0.368074 0.000000 0.000000 0.368227 0.082147 0.000000 0.181551 0.000000 0.000000 0.000000 0.000000 0.000000 0.000000
the mean of prob-rank is 1.5263157894736843
the number of false negetive edges is 0
the number of probability greater than 0 is 3.2/edge
