20
 0.000000 0.181456 0.000000 0.000000 0.000000 0.000000 0.000000 0.007891 0.000000 0.000087 0.263535 0.258946 0.000000 0.126913 0.000000 0.000000 0.000000 0.161024 0.000147 0.000000
 0.184916 0.000000 0.049286 0.124434 0.000000 0.000000 0.000053 0.002066 0.000005 0.113185 0.000000 0.000000 0.000000 0.001003 0.000000 0.246618 0.000000 0.278434 0.000000 0.000000
 0.000000 0.070883 0.000000 0.394851 0.000000 0.000000 0.000000 0.110879 0.399916 0.003225 0.000000 0.000000 0.000000 0.000000 0.000000 0.020244 0.000000 0.000003 0.000000 0.000000
 0.000000 0.183683 0.405275 0.000000 0.000000 0.000000 0.000000 0.000000 0.000000 0.000000 0.000000 0.000000 0.411042 0.000000 0.000000 0.000000 0.000000 0.000000 0.000000 0.000000
 0.000000 0.000000 0.000000 0.000000 0.000000 0.000000 0.000000 0.000000 0.000000 0.000000 0.000000 0.000000 0.000000 0.000000 0.000000 0.000000 0.000000 0.000000 0.499997 0.500003
 0.000000 0.000000 0.000000 0.000000 0.000000 0.000000 0.467901 0.000000 0.000024 0.000000 0.000000 0.000000 0.000000 0.000000 0.000000 0.064183 0.467892 0.000000 0.000000 0.000000
 0.000000 0.000070 0.000000 0.000000 0.000000 0.363693 0.000000 0.300519 0.000000 0.002165 0.000000 0.000000 0.000000 0.333553 0.000000 0.000000 0.000000 0.000000 0.000000 0.000000
 0.008187 0.002103 0.078484 0.000000 0.000000 0.000000 0.234227 0.000000 0.000066 0.283400 0.090172 0.000000 0.000000 0.048422 0.000000 0.000088 0.252868 0.001983 0.000000 0.000000
 0.000000 0.000008 0.499579 0.000000 0.000000 0.000025 0.000000 0.000117 0.000000 0.000000 0.000000 0.000000 0.000000 0.000000 0.000000 0.500270 0.000000 0.000000 0.000000 0.000000
 0.000128 0.163144 0.003232 0.000000 0.000000 0.000000 0.002389 0.401267 0.000000 0.000000 0.000000 0.000000 0.000000 0.037830 0.000000 0.000000 0.000000 0.392010 0.000000 0.000000
 0.331145 0.000000 0.000000 0.000000 0.000000 0.000000 0.000000 0.109219 0.000000 0.000000 0.000000 0.216292 0.000000 0.343343 0.000000 0.000000 0.000000 0.000000 0.000000 0.000000
 0.304673 0.000000 0.000000 0.000000 0.000000 0.000000 0.000000 0.000000 0.000000 0.000000 0.202528 0.000000 0.000000 0.171307 0.321492 0.000000 0.000000 0.000000 0.000000 0.000000
 0.000000 0.000000 0.000000 0.500000 0.000000 0.000000 0.000000 0.000000 0.000000 0.000000 0.000000 0.000000 0.000000 0.000000 0.000000 0.000000 0.000000 0.000000 0.000000 0.500000
 0.145295 0.001127 0.000000 0.000000 0.000000 0.000000 0.286894 0.053436 0.000000 0.029484 0.312818 0.166684 0.000000 0.000000 0.000000 0.000000 0.000000 0.004263 0.000000 0.000000
 0.000000 0.000000 0.000000 0.000000 0.000000 0.000000 0.000000 0.000000 0.000000 0.000000 0.000000 0.499997 0.000000 0.000000 0.000000 0.000000 0.000000 0.000000 0.500003 0.000000
 0.000000 0.307965 0.017577 0.000000 0.000000 0.047697 0.000000 0.000108 0.347721 0.000000 0.000000 0.000000 0.000000 0.000000 0.000000 0.000000 0.278930 0.000000 0.000000 0.000000
 0.000000 0.000000 0.000000 0.000000 0.000000 0.371159 0.000000 0.331102 0.000000 0.000000 0.000000 0.000000 0.000000 0.000000 0.000000 0.297740 0.000000 0.000000 0.000000 0.000000
 0.227833 0.386586 0.000003 0.000000 0.000000 0.000000 0.000000 0.002704 0.000000 0.377604 0.000000 0.000000 0.000000 0.005269 0.000000 0.000000 0.000000 0.000000 0.000000 0.000000
 0.000269 0.000000 0.000000 0.000000 0.499862 0.000000 0.000000 0.000000 0.000000 0.000000 0.000000 0.000000 0.000000 0.000000 0.499869 0.000000 0.000000 0.000000 0.000000 0.000000
 0.000000 0.000000 0.000000 0.000000 0.500000 0.000000 0.000000 0.000000 0.000000 0.000000 0.000000 0.000000 0.500000 0.000000 0.000000 0.000000 0.000000 0.000000 0.000000 0.000000
the mean of prob-rank is 2.0526315789473686
the number of false negetive edges is 0
the number of probability greater than 0 is 5.1/edge
