20
 0.000000 0.000000 0.000000 0.000000 0.000000 0.000000 0.000000 0.000000 0.000000 0.008970 0.000000 0.000000 0.000000 0.000000 0.000000 0.000000 0.495501 0.000000 0.495529 0.000000
 0.000000 0.000000 0.000000 0.000000 0.000000 0.000000 0.000000 0.289033 0.364995 0.000000 0.000000 0.000000 0.000000 0.000000 0.000000 0.000000 0.000000 0.345973 0.000000 0.000000
 0.000000 0.000000 0.000000 0.000000 0.000000 0.000000 0.000000 0.355548 0.000000 0.000000 0.055908 0.000000 0.000000 0.000000 0.217975 0.000000 0.000000 0.370569 0.000000 0.000000
 0.000000 0.000000 0.000000 0.000000 0.499406 0.000000 0.000000 0.000000 0.000000 0.499408 0.000000 0.000000 0.000000 0.000000 0.000000 0.000000 0.000000 0.000000 0.000000 0.001186
 0.000000 0.000000 0.000000 0.498901 0.000000 0.000000 0.000000 0.000000 0.000000 0.000000 0.000000 0.002195 0.000000 0.000000 0.000000 0.000000 0.000000 0.000000 0.000000 0.498903
 0.000000 0.000000 0.000000 0.000000 0.000000 0.000000 0.000000 0.000000 0.000000 0.000000 0.000000 0.000000 0.500011 0.499989 0.000000 0.000000 0.000000 0.000000 0.000000 0.000000
 0.000000 0.000000 0.000000 0.000000 0.000000 0.000000 0.000000 0.000000 0.000000 0.000000 0.000000 0.500000 0.000000 0.500000 0.000000 0.000000 0.000000 0.000000 0.000000 0.000000
 0.000000 0.215072 0.260562 0.000000 0.000000 0.000000 0.000000 0.000000 0.000000 0.000000 0.023851 0.000000 0.000000 0.000000 0.271451 0.000000 0.000000 0.229064 0.000000 0.000000
 0.000000 0.500000 0.000001 0.000000 0.000000 0.000000 0.000000 0.000000 0.000000 0.000000 0.000000 0.000000 0.000000 0.000000 0.000000 0.500000 0.000000 0.000000 0.000000 0.000000
 0.008949 0.000000 0.000000 0.494359 0.000000 0.000000 0.000000 0.000000 0.000000 0.000000 0.000000 0.000000 0.000000 0.000000 0.000000 0.000000 0.002399 0.000000 0.494293 0.000000
 0.000000 0.000000 0.067448 0.000000 0.000000 0.000000 0.000000 0.039264 0.000000 0.000000 0.000000 0.000000 0.000000 0.000000 0.446398 0.000000 0.446889 0.000000 0.000000 0.000000
 0.000000 0.000000 0.000000 0.000000 0.002196 0.000000 0.498940 0.000000 0.000000 0.000000 0.000000 0.000000 0.000000 0.000000 0.000000 0.000000 0.000000 0.000000 0.000000 0.498864
 0.000000 0.000000 0.000000 0.000000 0.000000 0.500000 0.000000 0.000000 0.000000 0.000000 0.000000 0.000000 0.000000 0.000000 0.000000 0.500000 0.000000 0.000000 0.000000 0.000000
 0.000000 0.000000 0.000000 0.000000 0.000000 0.499989 0.500011 0.000000 0.000000 0.000000 0.000000 0.000000 0.000000 0.000000 0.000000 0.000000 0.000000 0.000000 0.000000 0.000000
 0.000000 0.000000 0.227428 0.000000 0.000000 0.000000 0.000000 0.386469 0.000000 0.000000 0.386065 0.000000 0.000000 0.000000 0.000000 0.000000 0.000000 0.000038 0.000000 0.000000
 0.000000 0.000000 0.000000 0.000000 0.000000 0.000000 0.000000 0.000000 0.500000 0.000000 0.000000 0.000000 0.500000 0.000000 0.000000 0.000000 0.000000 0.000000 0.000000 0.000000
 0.485942 0.000000 0.000000 0.000000 0.000000 0.000000 0.000000 0.000000 0.000000 0.002358 0.485734 0.000000 0.000000 0.000000 0.000000 0.000000 0.000000 0.000000 0.025965 0.000000
 0.000000 0.339587 0.358224 0.000000 0.000000 0.000000 0.000000 0.302154 0.000000 0.000000 0.000000 0.000000 0.000000 0.000000 0.000036 0.000000 0.000000 0.000000 0.000000 0.000000
 0.487021 0.000000 0.000000 0.000000 0.000000 0.000000 0.000000 0.000000 0.000000 0.486957 0.000000 0.000000 0.000000 0.000000 0.000000 0.000000 0.026022 0.000000 0.000000 0.000000
 0.000000 0.000000 0.000000 0.001186 0.499445 0.000000 0.000000 0.000000 0.000000 0.000000 0.000000 0.499369 0.000000 0.000000 0.000000 0.000000 0.000000 0.000000 0.000000 0.000000
the mean of prob-rank is 1.894736842105263
the number of false negetive edges is 0
the number of probability greater than 0 is 3.1/edge
