20
 0.000000 0.000000 0.000000 0.000000 0.000000 0.000000 0.242274 0.000000 0.000000 0.000000 0.000000 0.000000 0.213303 0.000000 0.000000 0.268352 0.276070 0.000000 0.000000 0.000000
 0.000000 0.000000 0.000000 0.000000 0.000000 0.000000 0.000000 0.000000 0.336309 0.000000 0.000000 0.000000 0.000000 0.000000 0.000000 0.326242 0.000000 0.337449 0.000000 0.000000
 0.000000 0.000000 0.000000 0.000000 0.000000 0.000000 0.000000 0.000000 0.000000 0.500000 0.000000 0.500000 0.000000 0.000000 0.000000 0.000000 0.000000 0.000000 0.000000 0.000000
 0.000000 0.000000 0.000000 0.000000 0.000000 0.000000 0.000000 0.000000 0.000000 0.000000 0.000000 0.359792 0.000000 0.000000 0.000000 0.000000 0.000000 0.328400 0.311808 0.000000
 0.000000 0.000000 0.000000 0.000000 0.000000 0.429844 0.000000 0.000000 0.000000 0.000000 0.000000 0.000000 0.000000 0.000000 0.144790 0.000000 0.000000 0.000000 0.000000 0.425367
 0.000000 0.000000 0.000000 0.000000 0.316684 0.000000 0.117879 0.020415 0.000000 0.000000 0.000000 0.000000 0.305493 0.000000 0.239527 0.000000 0.000000 0.000000 0.000000 0.000002
 0.237540 0.000000 0.000000 0.000000 0.000000 0.103253 0.000000 0.001938 0.000000 0.000000 0.000000 0.000000 0.154990 0.000000 0.000000 0.224519 0.000000 0.000000 0.277760 0.000000
 0.000000 0.000000 0.000000 0.000000 0.000000 0.031123 0.003374 0.000000 0.000000 0.482056 0.000000 0.000000 0.000000 0.000000 0.000000 0.000000 0.000000 0.000000 0.000000 0.483447
 0.000000 0.364368 0.000000 0.000000 0.000000 0.000000 0.000000 0.000000 0.000000 0.000000 0.328463 0.000000 0.000000 0.000000 0.000000 0.000019 0.000000 0.307150 0.000000 0.000000
 0.000000 0.000000 0.451609 0.000000 0.000000 0.000000 0.000000 0.450309 0.000000 0.000000 0.000000 0.000000 0.000000 0.000000 0.000000 0.000000 0.000000 0.000000 0.000000 0.098082
 0.000000 0.000000 0.000000 0.000000 0.000000 0.000000 0.000000 0.000000 0.321871 0.000000 0.000000 0.000000 0.000000 0.346021 0.000000 0.000000 0.332108 0.000000 0.000000 0.000000
 0.000000 0.000000 0.500003 0.499997 0.000000 0.000000 0.000000 0.000000 0.000000 0.000000 0.000000 0.000000 0.000000 0.000000 0.000000 0.000000 0.000000 0.000000 0.000000 0.000000
 0.230105 0.000000 0.000000 0.000000 0.000000 0.294419 0.170530 0.000000 0.000000 0.000000 0.000000 0.000000 0.000000 0.000000 0.304940 0.000000 0.000005 0.000000 0.000000 0.000000
 0.000000 0.000000 0.000000 0.000000 0.000000 0.000000 0.000000 0.000000 0.000000 0.000000 0.351352 0.000000 0.000000 0.000000 0.289024 0.000000 0.359624 0.000000 0.000000 0.000000
 0.000000 0.000000 0.000000 0.000000 0.116570 0.261752 0.000000 0.000000 0.000000 0.000000 0.000000 0.000000 0.345767 0.274333 0.000000 0.000000 0.001578 0.000000 0.000000 0.000000
 0.260261 0.264682 0.000000 0.000000 0.000000 0.000000 0.222089 0.000000 0.000014 0.000000 0.000000 0.000000 0.000000 0.000000 0.000000 0.000000 0.000000 0.000000 0.252954 0.000000
 0.337454 0.000000 0.000000 0.000000 0.000000 0.000000 0.000000 0.000000 0.000000 0.000000 0.319858 0.000000 0.000006 0.341104 0.001577 0.000000 0.000000 0.000000 0.000000 0.000000
 0.000000 0.362827 0.000000 0.332356 0.000000 0.000000 0.000000 0.000000 0.304817 0.000000 0.000000 0.000000 0.000000 0.000000 0.000000 0.000000 0.000000 0.000000 0.000000 0.000000
 0.000000 0.000000 0.000000 0.310925 0.000000 0.000000 0.358770 0.000000 0.000000 0.000000 0.000000 0.000000 0.000000 0.000000 0.000000 0.330304 0.000000 0.000000 0.000000 0.000000
 0.000000 0.000000 0.000000 0.000000 0.448097 0.000002 0.000000 0.453425 0.000000 0.098476 0.000000 0.000000 0.000000 0.000000 0.000000 0.000000 0.000000 0.000000 0.000000 0.000000
the mean of prob-rank is 1.894736842105263
the number of false negetive edges is 0
the number of probability greater than 0 is 3.8/edge
