20
 0.000000 0.000000 0.000000 0.000000 0.000000 0.000000 0.000000 0.000000 0.218316 0.000000 0.000000 0.187215 0.296711 0.000000 0.032651 0.265106 0.000000 0.000000 0.000000 0.000000
 0.000000 0.000000 0.000000 0.000000 0.000000 0.478317 0.000000 0.000000 0.000000 0.479099 0.000000 0.000000 0.000000 0.000000 0.000000 0.000000 0.000001 0.000000 0.042583 0.000000
 0.000000 0.000000 0.000000 0.000000 0.000000 0.000000 0.000000 0.000000 0.000000 0.500000 0.000000 0.000000 0.000000 0.000000 0.000000 0.000000 0.000000 0.000000 0.000000 0.500000
 0.000000 0.000000 0.000000 0.000000 0.000000 0.499989 0.000000 0.000000 0.000000 0.000000 0.000000 0.500011 0.000000 0.000000 0.000000 0.000000 0.000000 0.000000 0.000000 0.000000
 0.000000 0.000000 0.000000 0.000000 0.000000 0.000000 0.000000 0.423176 0.000000 0.000000 0.424547 0.000000 0.152277 0.000000 0.000000 0.000000 0.000000 0.000000 0.000000 0.000000
 0.000000 0.445084 0.000000 0.445792 0.000000 0.000000 0.000000 0.000000 0.000000 0.000000 0.000000 0.000000 0.000000 0.000000 0.000000 0.000000 0.000000 0.000000 0.109124 0.000000
 0.000000 0.000000 0.000000 0.000000 0.000000 0.000000 0.000000 0.000052 0.000000 0.000000 0.000000 0.000000 0.000000 0.499949 0.000000 0.000031 0.499964 0.000004 0.000000 0.000000
 0.000000 0.000000 0.000000 0.000000 0.420269 0.000000 0.000044 0.000000 0.000000 0.000000 0.090098 0.000000 0.000000 0.421630 0.000000 0.000000 0.000145 0.067813 0.000000 0.000000
 0.253073 0.000000 0.000000 0.000000 0.000000 0.000000 0.000000 0.000000 0.000000 0.000000 0.000000 0.000009 0.014752 0.000000 0.343862 0.343665 0.000428 0.000000 0.044211 0.000000
 0.000000 0.500000 0.500000 0.000000 0.000000 0.000000 0.000000 0.000000 0.000000 0.000000 0.000000 0.000000 0.000000 0.000000 0.000000 0.000000 0.000000 0.000000 0.000000 0.000000
 0.000000 0.000000 0.000000 0.000000 0.451947 0.000000 0.000000 0.096576 0.000000 0.000000 0.000000 0.000000 0.000000 0.000000 0.000000 0.000000 0.000000 0.451472 0.000000 0.000005
 0.212723 0.000000 0.000000 0.337138 0.000000 0.000000 0.000000 0.000000 0.000009 0.000000 0.000000 0.000000 0.310198 0.000000 0.139929 0.000000 0.000000 0.000000 0.000003 0.000000
 0.323587 0.000000 0.000000 0.000000 0.116065 0.000000 0.000000 0.000000 0.013878 0.000000 0.000000 0.297730 0.000000 0.000004 0.000000 0.248734 0.000000 0.000000 0.000000 0.000000
 0.000000 0.000000 0.000000 0.000000 0.000000 0.000000 0.497748 0.497762 0.000000 0.000000 0.000000 0.000000 0.000006 0.000000 0.000000 0.000000 0.004484 0.000000 0.000000 0.000000
 0.040733 0.000000 0.000000 0.000000 0.000000 0.000000 0.000000 0.000000 0.370061 0.000000 0.000000 0.153632 0.000000 0.000000 0.000000 0.059587 0.006554 0.000000 0.369432 0.000000
 0.269651 0.000000 0.000000 0.000000 0.000000 0.000000 0.000019 0.000000 0.301550 0.000000 0.000000 0.000000 0.231986 0.000000 0.048584 0.000000 0.015197 0.000000 0.133014 0.000000
 0.000000 0.000001 0.000000 0.000000 0.000000 0.000000 0.449147 0.000154 0.000559 0.000000 0.000000 0.000000 0.000001 0.004046 0.007953 0.022616 0.000000 0.029239 0.448164 0.038120
 0.000000 0.000000 0.000000 0.000000 0.000000 0.000000 0.000003 0.072329 0.000000 0.000000 0.449232 0.000000 0.000000 0.000000 0.000000 0.000000 0.029276 0.000000 0.000000 0.449160
 0.000000 0.030661 0.000000 0.000000 0.000000 0.084441 0.000000 0.000000 0.044343 0.000000 0.000000 0.000003 0.000000 0.000000 0.344297 0.152040 0.344215 0.000000 0.000000 0.000000
 0.000000 0.000000 0.479923 0.000000 0.000000 0.000000 0.000000 0.000000 0.000000 0.000000 0.000005 0.000000 0.000000 0.000000 0.000000 0.000000 0.040732 0.479341 0.000000 0.000000
the mean of prob-rank is 1.4736842105263157
the number of false negetive edges is 0
the number of probability greater than 0 is 4.9/edge
