20
 0.000000 0.000000 0.015381 0.000000 0.000000 0.000000 0.000000 0.000000 0.000000 0.492114 0.492506 0.000000 0.000000 0.000000 0.000000 0.000000 0.000000 0.000000 0.000000 0.000000
 0.000000 0.000000 0.120760 0.441489 0.000000 0.000000 0.000000 0.000000 0.000000 0.000000 0.000000 0.000000 0.000000 0.000000 0.000000 0.000000 0.000000 0.437749 0.000003 0.000000
 0.013557 0.118743 0.000000 0.433584 0.000000 0.000000 0.000000 0.000000 0.000000 0.434116 0.000000 0.000000 0.000000 0.000000 0.000000 0.000000 0.000000 0.000000 0.000000 0.000000
 0.000000 0.440794 0.440254 0.000000 0.000000 0.000000 0.000000 0.000000 0.000000 0.086501 0.000000 0.000000 0.000000 0.000000 0.000000 0.017102 0.000000 0.000000 0.000000 0.015349
 0.000000 0.000000 0.000000 0.000000 0.000000 0.000000 0.000000 0.000000 0.000000 0.000001 0.000000 0.500594 0.499405 0.000000 0.000000 0.000000 0.000000 0.000000 0.000000 0.000000
 0.000000 0.000000 0.000000 0.000000 0.000000 0.000000 0.500000 0.000000 0.000000 0.000000 0.000000 0.000000 0.000000 0.000000 0.000000 0.000000 0.500000 0.000000 0.000000 0.000000
 0.000000 0.000000 0.000000 0.000000 0.000000 0.500000 0.000000 0.000000 0.000000 0.000000 0.000000 0.000000 0.500000 0.000000 0.000000 0.000000 0.000000 0.000000 0.000000 0.000000
 0.000000 0.000000 0.000000 0.000000 0.000000 0.000000 0.000000 0.000000 0.472745 0.000000 0.000000 0.000000 0.000000 0.472280 0.054974 0.000001 0.000000 0.000000 0.000000 0.000000
 0.000000 0.000000 0.000000 0.000000 0.000000 0.000000 0.000000 0.468667 0.000000 0.000000 0.000000 0.000000 0.000000 0.031465 0.034078 0.465783 0.000000 0.000000 0.000001 0.000006
 0.455126 0.000000 0.455489 0.089385 0.000001 0.000000 0.000000 0.000000 0.000000 0.000000 0.000000 0.000000 0.000000 0.000000 0.000000 0.000000 0.000000 0.000000 0.000000 0.000000
 0.500000 0.000000 0.000000 0.000000 0.000000 0.000000 0.000000 0.000000 0.000000 0.000000 0.000000 0.500000 0.000000 0.000000 0.000000 0.000000 0.000000 0.000000 0.000000 0.000000
 0.000000 0.000000 0.000000 0.000000 0.499999 0.000000 0.000000 0.000000 0.000000 0.000000 0.500001 0.000000 0.000000 0.000000 0.000000 0.000000 0.000000 0.000000 0.000000 0.000000
 0.000000 0.000000 0.000000 0.000000 0.499404 0.000000 0.500596 0.000000 0.000000 0.000000 0.000000 0.000000 0.000000 0.000000 0.000000 0.000000 0.000000 0.000000 0.000000 0.000000
 0.000000 0.000000 0.000000 0.000000 0.000000 0.000000 0.000000 0.432394 0.029058 0.000000 0.000000 0.000000 0.000000 0.000000 0.000000 0.000000 0.000000 0.108078 0.430470 0.000000
 0.000000 0.000000 0.000000 0.000000 0.000000 0.000000 0.000000 0.053161 0.033241 0.000000 0.000000 0.000000 0.000000 0.000000 0.000000 0.000000 0.457153 0.000000 0.000000 0.456446
 0.000000 0.000000 0.000000 0.016094 0.000000 0.000000 0.000000 0.000001 0.412239 0.000000 0.000000 0.000000 0.000000 0.000000 0.000000 0.000000 0.000000 0.000139 0.156737 0.414791
 0.000000 0.000000 0.000000 0.000000 0.000000 0.500000 0.000000 0.000000 0.000000 0.000000 0.000000 0.000000 0.000000 0.000000 0.500000 0.000000 0.000000 0.000000 0.000000 0.000000
 0.000000 0.442337 0.000000 0.000000 0.000000 0.000000 0.000000 0.000000 0.000000 0.000000 0.000000 0.000000 0.000000 0.111398 0.000000 0.000149 0.000000 0.000000 0.446116 0.000000
 0.000000 0.000003 0.000000 0.000000 0.000000 0.000000 0.000000 0.000000 0.000001 0.000000 0.000000 0.000000 0.000000 0.419217 0.000000 0.159274 0.000000 0.421506 0.000000 0.000000
 0.000000 0.000000 0.000000 0.017125 0.000000 0.000000 0.000000 0.000000 0.000007 0.000000 0.000000 0.000000 0.000000 0.000000 0.491054 0.491814 0.000000 0.000000 0.000000 0.000000
the mean of prob-rank is 1.5789473684210527
the number of false negetive edges is 0
the number of probability greater than 0 is 3.3/edge
