20
 0.000000 0.000000 0.000000 0.000000 0.000000 0.000000 0.000000 0.000002 0.000000 0.000000 0.000000 0.000000 0.000000 0.500001 0.000000 0.000000 0.499998 0.000000 0.000000 0.000000
 0.000000 0.000000 0.000000 0.000000 0.000008 0.000000 0.499975 0.000000 0.000006 0.000000 0.000000 0.000000 0.000000 0.000000 0.000000 0.000000 0.000000 0.000000 0.000000 0.500011
 0.000000 0.000000 0.000000 0.000000 0.000000 0.000000 0.000000 0.000000 0.000000 0.000000 0.000000 0.500001 0.000000 0.000000 0.000000 0.499999 0.000000 0.000000 0.000000 0.000000
 0.000000 0.000000 0.000000 0.000000 0.000000 0.000000 0.000000 0.000000 0.000000 0.000000 0.000000 0.499999 0.000000 0.000000 0.000000 0.000000 0.500001 0.000000 0.000000 0.000000
 0.000000 0.000006 0.000000 0.000000 0.000000 0.000000 0.000040 0.318102 0.338647 0.343205 0.000000 0.000000 0.000000 0.000000 0.000000 0.000000 0.000000 0.000000 0.000000 0.000000
 0.000000 0.000000 0.000000 0.000000 0.000000 0.000000 0.000000 0.000000 0.000000 0.000000 0.500066 0.000000 0.000000 0.000000 0.000000 0.000005 0.000000 0.499908 0.000021 0.000000
 0.000000 0.489708 0.000000 0.000000 0.000057 0.000000 0.000000 0.000000 0.000000 0.020563 0.000000 0.000000 0.000000 0.000000 0.000000 0.000000 0.000000 0.000000 0.489671 0.000000
 0.000001 0.000000 0.000000 0.000000 0.307931 0.000000 0.000000 0.000000 0.031987 0.327872 0.000000 0.000000 0.000000 0.332209 0.000000 0.000000 0.000000 0.000000 0.000000 0.000000
 0.000000 0.000004 0.000000 0.000000 0.360234 0.000000 0.000000 0.035149 0.000000 0.239512 0.000000 0.000000 0.000000 0.000021 0.000000 0.000000 0.000000 0.000000 0.000000 0.365079
 0.000000 0.000000 0.000000 0.000000 0.371646 0.000000 0.015605 0.366770 0.243818 0.000000 0.001817 0.000000 0.000000 0.000000 0.000000 0.000000 0.000000 0.000000 0.000344 0.000000
 0.000000 0.000000 0.000000 0.000000 0.000000 0.498784 0.000000 0.000000 0.000000 0.002438 0.000000 0.000000 0.000000 0.000000 0.000000 0.000000 0.000000 0.000000 0.498778 0.000000
 0.000000 0.000000 0.500000 0.499999 0.000000 0.000000 0.000000 0.000000 0.000000 0.000000 0.000000 0.000000 0.000000 0.000000 0.000000 0.000000 0.000000 0.000000 0.000000 0.000000
 0.000000 0.000000 0.000000 0.000000 0.000000 0.000000 0.000000 0.000000 0.000000 0.000000 0.000000 0.000000 0.000000 0.000000 0.500000 0.000000 0.000000 0.500000 0.000000 0.000000
 0.500004 0.000000 0.000000 0.000000 0.000000 0.000000 0.000000 0.499968 0.000028 0.000000 0.000000 0.000000 0.000000 0.000000 0.000000 0.000000 0.000000 0.000000 0.000000 0.000000
 0.000000 0.000000 0.000000 0.000000 0.000000 0.000000 0.000000 0.000000 0.000000 0.000000 0.000000 0.000000 0.500003 0.000000 0.000000 0.499997 0.000000 0.000000 0.000000 0.000000
 0.000000 0.000000 0.499999 0.000000 0.000000 0.000005 0.000000 0.000000 0.000000 0.000000 0.000000 0.000000 0.000000 0.000000 0.499995 0.000000 0.000000 0.000000 0.000000 0.000000
 0.499999 0.000000 0.000000 0.500001 0.000000 0.000000 0.000000 0.000000 0.000000 0.000000 0.000000 0.000000 0.000000 0.000000 0.000000 0.000000 0.000000 0.000000 0.000000 0.000000
 0.000000 0.000000 0.000000 0.000000 0.000000 0.499888 0.000000 0.000000 0.000000 0.000000 0.000000 0.000000 0.500047 0.000000 0.000000 0.000000 0.000000 0.000000 0.000065 0.000000
 0.000000 0.000000 0.000000 0.000000 0.000000 0.000021 0.499692 0.000000 0.000000 0.000462 0.499761 0.000000 0.000000 0.000000 0.000000 0.000000 0.000000 0.000065 0.000000 0.000000
 0.000000 0.500004 0.000000 0.000000 0.000000 0.000000 0.000000 0.000000 0.499996 0.000000 0.000000 0.000000 0.000000 0.000000 0.000000 0.000000 0.000000 0.000000 0.000000 0.000000
the mean of prob-rank is 1.5263157894736843
the number of false negetive edges is 0
the number of probability greater than 0 is 3.4/edge
