20
 0.000000 0.000000 0.000000 0.447860 0.000000 0.117873 0.000000 0.000000 0.000000 0.000000 0.000000 0.000000 0.000000 0.000000 0.000000 0.000000 0.000000 0.000000 0.000000 0.434267
 0.000000 0.000000 0.000135 0.000000 0.078437 0.295017 0.017333 0.000000 0.000000 0.262904 0.000000 0.000000 0.000000 0.000000 0.000000 0.000000 0.000000 0.080327 0.000000 0.265847
 0.000000 0.000218 0.000000 0.000000 0.000004 0.000000 0.485516 0.000000 0.000044 0.028486 0.000000 0.000000 0.000001 0.000000 0.000000 0.000000 0.000000 0.485732 0.000000 0.000000
 0.492088 0.000000 0.000000 0.000000 0.000000 0.015779 0.000000 0.492132 0.000000 0.000000 0.000000 0.000000 0.000000 0.000000 0.000000 0.000000 0.000000 0.000000 0.000000 0.000000
 0.000000 0.085055 0.000003 0.000000 0.000000 0.000000 0.000000 0.000000 0.000000 0.312038 0.000000 0.000000 0.000000 0.000000 0.000000 0.000000 0.327354 0.000000 0.000000 0.275550
 0.098229 0.364769 0.000000 0.011968 0.000000 0.000000 0.073023 0.000025 0.000000 0.000000 0.366816 0.000000 0.000000 0.000000 0.000000 0.000000 0.000000 0.000002 0.000000 0.085169
 0.000000 0.024381 0.424454 0.000000 0.000000 0.083076 0.000000 0.000000 0.000991 0.000003 0.000006 0.422277 0.000000 0.000000 0.001813 0.000000 0.000000 0.042998 0.000000 0.000000
 0.000000 0.000000 0.000000 0.499981 0.000000 0.000033 0.000000 0.000000 0.000000 0.000000 0.499985 0.000000 0.000000 0.000000 0.000000 0.000000 0.000000 0.000000 0.000000 0.000000
 0.000000 0.000000 0.000041 0.000000 0.000000 0.000000 0.001078 0.000000 0.000000 0.000000 0.000000 0.000000 0.000011 0.000000 0.461591 0.075759 0.000000 0.000000 0.461520 0.000000
 0.000000 0.302844 0.020393 0.000000 0.331475 0.000000 0.000002 0.000000 0.000000 0.000000 0.000000 0.000000 0.000000 0.000000 0.000000 0.000000 0.000000 0.345285 0.000000 0.000000
 0.000000 0.000000 0.000000 0.000000 0.000000 0.400382 0.000006 0.407412 0.000000 0.000000 0.000000 0.192200 0.000000 0.000000 0.000000 0.000000 0.000000 0.000000 0.000000 0.000000
 0.000000 0.000000 0.000000 0.000000 0.000000 0.000000 0.403225 0.000000 0.000000 0.000000 0.191291 0.000000 0.000000 0.000000 0.405484 0.000000 0.000000 0.000000 0.000000 0.000000
 0.000000 0.000000 0.000001 0.000000 0.000000 0.000000 0.000000 0.000000 0.000011 0.000000 0.000000 0.000000 0.000000 0.448658 0.000000 0.446805 0.000000 0.000000 0.104526 0.000000
 0.000000 0.000000 0.000000 0.000000 0.000000 0.000000 0.000000 0.000000 0.000000 0.000000 0.000000 0.000000 0.500000 0.000000 0.000000 0.000000 0.500000 0.000000 0.000000 0.000000
 0.000000 0.000000 0.000000 0.000000 0.000000 0.000000 0.002110 0.000000 0.494067 0.000000 0.000000 0.494183 0.000000 0.000000 0.000000 0.009640 0.000000 0.000000 0.000000 0.000000
 0.000000 0.000000 0.000000 0.000000 0.000000 0.000000 0.000000 0.000000 0.075288 0.000000 0.000000 0.000000 0.456934 0.000000 0.008950 0.000000 0.000000 0.000000 0.458829 0.000000
 0.000000 0.000000 0.000000 0.000000 0.500000 0.000000 0.000000 0.000000 0.000000 0.000000 0.000000 0.000000 0.000000 0.500000 0.000000 0.000000 0.000000 0.000000 0.000000 0.000000
 0.000000 0.112735 0.423679 0.000000 0.000000 0.000002 0.042900 0.000000 0.000000 0.420683 0.000000 0.000000 0.000000 0.000000 0.000000 0.000000 0.000000 0.000000 0.000000 0.000000
 0.000000 0.000000 0.000000 0.000000 0.000000 0.000000 0.000000 0.000000 0.447738 0.000000 0.000000 0.000000 0.104351 0.000000 0.000000 0.447911 0.000000 0.000000 0.000000 0.000000
 0.332026 0.301574 0.000000 0.000000 0.288259 0.078140 0.000000 0.000000 0.000000 0.000000 0.000000 0.000000 0.000000 0.000000 0.000000 0.000000 0.000000 0.000000 0.000000 0.000000
the mean of prob-rank is 1.5789473684210527
the number of false negetive edges is 0
the number of probability greater than 0 is 4.5/edge
