20
 0.000000 0.000000 0.000000 0.000000 0.000000 0.000000 0.000000 0.000000 0.000000 0.295732 0.000000 0.000000 0.370271 0.000000 0.000000 0.000000 0.000000 0.000000 0.000000 0.333996
 0.000000 0.000000 0.000000 0.000000 0.000000 0.000000 0.000000 0.000000 0.000000 0.000000 0.300550 0.000000 0.000000 0.344141 0.355309 0.000000 0.000000 0.000000 0.000000 0.000000
 0.000000 0.000000 0.000000 0.446352 0.049343 0.000000 0.448712 0.000000 0.000000 0.000000 0.000000 0.000000 0.000000 0.000000 0.000000 0.055593 0.000000 0.000000 0.000000 0.000000
 0.000000 0.000000 0.386672 0.000000 0.388716 0.000040 0.193597 0.000000 0.000000 0.000000 0.030973 0.000000 0.000000 0.000000 0.000000 0.000000 0.000000 0.000002 0.000000 0.000000
 0.000000 0.000000 0.052118 0.473943 0.000000 0.473939 0.000000 0.000000 0.000000 0.000000 0.000000 0.000000 0.000000 0.000000 0.000000 0.000000 0.000000 0.000000 0.000000 0.000000
 0.000000 0.000000 0.000000 0.000052 0.499974 0.000000 0.000000 0.000000 0.000000 0.000000 0.000000 0.499974 0.000000 0.000000 0.000000 0.000000 0.000000 0.000000 0.000000 0.000000
 0.000000 0.000000 0.393951 0.196204 0.000000 0.000000 0.000000 0.066238 0.000000 0.000000 0.000000 0.000000 0.000000 0.000000 0.000000 0.000000 0.000000 0.343607 0.000000 0.000000
 0.000000 0.000000 0.000000 0.000000 0.000000 0.000000 0.047019 0.000000 0.000000 0.000000 0.175297 0.000000 0.000000 0.000563 0.267927 0.262743 0.000000 0.246450 0.000000 0.000000
 0.000000 0.000000 0.000000 0.000000 0.000000 0.000000 0.000000 0.000000 0.000000 0.500000 0.000000 0.000000 0.000000 0.000000 0.000000 0.000000 0.000000 0.000000 0.500000 0.000000
 0.264425 0.000000 0.000000 0.000000 0.000000 0.000000 0.000000 0.000000 0.331209 0.000000 0.000000 0.000000 0.000000 0.000000 0.000000 0.000000 0.320079 0.000000 0.000000 0.084287
 0.000000 0.253864 0.000000 0.023914 0.000000 0.000000 0.000000 0.188130 0.000000 0.000000 0.000000 0.000000 0.000000 0.000000 0.236753 0.000000 0.000000 0.297338 0.000000 0.000000
 0.000000 0.000000 0.000000 0.000000 0.000000 0.499998 0.000000 0.000000 0.000000 0.000000 0.000000 0.000000 0.000000 0.000000 0.000000 0.000000 0.000000 0.000000 0.500002 0.000000
 0.354982 0.000000 0.000000 0.000000 0.000000 0.000000 0.000000 0.000000 0.000000 0.000000 0.000000 0.000000 0.000000 0.314815 0.000000 0.000000 0.006896 0.000000 0.000000 0.323306
 0.000000 0.339433 0.000000 0.000000 0.000000 0.000000 0.000000 0.000706 0.000000 0.000000 0.000000 0.000000 0.310668 0.000000 0.000000 0.349072 0.000115 0.000000 0.000000 0.000007
 0.000000 0.364038 0.000000 0.000000 0.000000 0.000000 0.000000 0.348784 0.000000 0.000000 0.287178 0.000000 0.000000 0.000000 0.000000 0.000000 0.000000 0.000000 0.000000 0.000000
 0.000000 0.000000 0.042543 0.000000 0.000000 0.000000 0.000000 0.322622 0.000000 0.000000 0.000000 0.000000 0.000000 0.342028 0.000000 0.000000 0.292807 0.000000 0.000000 0.000000
 0.000000 0.000000 0.000000 0.000000 0.000000 0.000000 0.000000 0.000000 0.000000 0.340818 0.000000 0.000000 0.006849 0.000115 0.000000 0.300731 0.000000 0.000000 0.000000 0.351487
 0.000000 0.000000 0.000000 0.000002 0.000000 0.000000 0.317832 0.321142 0.000000 0.000000 0.361024 0.000000 0.000000 0.000000 0.000000 0.000000 0.000000 0.000000 0.000000 0.000000
 0.000000 0.000000 0.000000 0.000000 0.000000 0.000000 0.000000 0.000000 0.500000 0.000000 0.000000 0.500000 0.000000 0.000000 0.000000 0.000000 0.000000 0.000000 0.000000 0.000000
 0.294352 0.000000 0.000000 0.000000 0.000000 0.000000 0.000000 0.000000 0.000000 0.083078 0.000000 0.000000 0.297203 0.000007 0.000000 0.000000 0.325361 0.000000 0.000000 0.000000
the mean of prob-rank is 1.6842105263157894
the number of false negetive edges is 0
the number of probability greater than 0 is 3.9/edge
