20
 0.000000 0.000000 0.000000 0.000000 0.000000 0.000000 0.000000 0.002110 0.000000 0.000000 0.427844 0.000015 0.000000 0.421518 0.000000 0.000000 0.086877 0.000094 0.000000 0.061542
 0.000000 0.000000 0.000000 0.000000 0.000000 0.000000 0.499999 0.000000 0.000000 0.500001 0.000000 0.000000 0.000000 0.000000 0.000000 0.000000 0.000000 0.000000 0.000000 0.000000
 0.000000 0.000000 0.000000 0.000000 0.000000 0.000000 0.000000 0.000000 0.000000 0.000000 0.000000 0.500000 0.500000 0.000000 0.000000 0.000000 0.000000 0.000000 0.000000 0.000000
 0.000000 0.000000 0.000000 0.000000 0.000134 0.000000 0.000000 0.000000 0.000000 0.000000 0.000000 0.000000 0.000000 0.000000 0.000000 0.499375 0.000000 0.000000 0.001257 0.499233
 0.000000 0.000000 0.000000 0.000118 0.000000 0.000000 0.000000 0.000000 0.000000 0.000000 0.000000 0.000000 0.000000 0.000000 0.430345 0.000000 0.000000 0.000000 0.441322 0.128215
 0.000000 0.000000 0.000000 0.000000 0.000000 0.000000 0.500004 0.000000 0.499996 0.000000 0.000000 0.000000 0.000000 0.000000 0.000000 0.000000 0.000000 0.000000 0.000000 0.000000
 0.000000 0.499999 0.000000 0.000000 0.000000 0.500001 0.000000 0.000000 0.000000 0.000000 0.000000 0.000000 0.000000 0.000000 0.000000 0.000000 0.000000 0.000000 0.000000 0.000000
 0.002417 0.000000 0.000000 0.000000 0.000000 0.000000 0.000000 0.000000 0.000000 0.000000 0.487798 0.000000 0.000000 0.019646 0.490138 0.000000 0.000000 0.000000 0.000000 0.000000
 0.000000 0.000000 0.000000 0.000000 0.000000 0.499997 0.000000 0.000000 0.000000 0.000000 0.000000 0.000000 0.000000 0.000000 0.000000 0.000000 0.000000 0.000000 0.500003 0.000000
 0.000000 0.500000 0.000000 0.000000 0.000000 0.000000 0.000000 0.000000 0.000000 0.000000 0.000000 0.000000 0.500000 0.000000 0.000000 0.000000 0.000000 0.000000 0.000000 0.000000
 0.471255 0.000000 0.000000 0.000000 0.000000 0.000000 0.000000 0.469000 0.000000 0.000000 0.000000 0.000000 0.000000 0.059746 0.000000 0.000000 0.000000 0.000000 0.000000 0.000000
 0.000017 0.000000 0.500021 0.000000 0.000000 0.000000 0.000000 0.000000 0.000000 0.000000 0.000000 0.000000 0.000000 0.000000 0.000000 0.000000 0.499961 0.000000 0.000000 0.000000
 0.000000 0.000000 0.500000 0.000000 0.000000 0.000000 0.000000 0.000000 0.000000 0.500000 0.000000 0.000000 0.000000 0.000000 0.000000 0.000000 0.000000 0.000000 0.000000 0.000000
 0.429095 0.000000 0.000000 0.000000 0.000000 0.000000 0.000000 0.017457 0.000000 0.000000 0.055217 0.000000 0.000000 0.000000 0.067893 0.000000 0.000000 0.000000 0.000000 0.430337
 0.000000 0.000000 0.000000 0.000000 0.457590 0.000000 0.000000 0.469259 0.000000 0.000000 0.000000 0.000000 0.000000 0.073151 0.000000 0.000000 0.000000 0.000000 0.000000 0.000000
 0.000000 0.000000 0.000000 0.499929 0.000000 0.000000 0.000000 0.000000 0.000000 0.000000 0.000000 0.000000 0.000000 0.000000 0.000000 0.000000 0.000154 0.499917 0.000000 0.000000
 0.092202 0.000000 0.000000 0.000000 0.000000 0.000000 0.000000 0.000000 0.000000 0.000000 0.000000 0.454014 0.000000 0.000000 0.000000 0.000140 0.000000 0.453645 0.000000 0.000000
 0.000106 0.000000 0.000000 0.000000 0.000000 0.000000 0.000000 0.000000 0.000000 0.000000 0.000000 0.000000 0.000000 0.000000 0.000000 0.479640 0.479204 0.000000 0.000000 0.041051
 0.000000 0.000000 0.000000 0.001257 0.499371 0.000000 0.000000 0.000000 0.499372 0.000000 0.000000 0.000000 0.000000 0.000000 0.000000 0.000000 0.000000 0.000000 0.000000 0.000000
 0.057360 0.000000 0.000000 0.398653 0.115851 0.000000 0.000000 0.000000 0.000000 0.000000 0.000000 0.000000 0.000000 0.394009 0.000000 0.000000 0.000000 0.034128 0.000000 0.000000
the mean of prob-rank is 1.5263157894736843
the number of false negetive edges is 0
the number of probability greater than 0 is 3.3/edge
