20
 0.000000 0.000000 0.000000 0.000000 0.000000 0.000000 0.000000 0.000000 0.000000 0.500000 0.000000 0.000000 0.000000 0.000000 0.000000 0.000000 0.500000 0.000000 0.000000 0.000000
 0.000000 0.000000 0.305835 0.000000 0.000000 0.010441 0.000000 0.009476 0.000000 0.000000 0.000000 0.208545 0.000000 0.000000 0.000000 0.000000 0.000000 0.162220 0.000000 0.303483
 0.000000 0.372534 0.000000 0.000000 0.000000 0.000000 0.000000 0.373444 0.000000 0.000000 0.000000 0.000000 0.000000 0.000000 0.247203 0.006818 0.000000 0.000000 0.000000 0.000000
 0.000000 0.000000 0.000000 0.000000 0.002715 0.498533 0.000000 0.000000 0.498046 0.000000 0.000707 0.000000 0.000000 0.000000 0.000000 0.000000 0.000000 0.000000 0.000000 0.000000
 0.000000 0.000000 0.000000 0.002687 0.000000 0.000000 0.000000 0.000000 0.492180 0.000000 0.493403 0.000000 0.000000 0.000000 0.000000 0.011721 0.000000 0.000000 0.000008 0.000000
 0.000000 0.016747 0.000000 0.491731 0.000000 0.000000 0.000000 0.000000 0.000000 0.000000 0.000000 0.000000 0.000000 0.000000 0.491522 0.000000 0.000000 0.000000 0.000000 0.000000
 0.000000 0.000000 0.000000 0.000000 0.000000 0.000000 0.000000 0.000000 0.000000 0.000000 0.000000 0.000000 0.499997 0.000000 0.000000 0.000000 0.000000 0.000000 0.500003 0.000000
 0.000000 0.015166 0.490693 0.000000 0.000000 0.000000 0.000000 0.000000 0.000000 0.000000 0.000000 0.000000 0.000000 0.000000 0.003629 0.490511 0.000000 0.000000 0.000000 0.000000
 0.000000 0.000000 0.000000 0.370687 0.370129 0.000000 0.000000 0.000000 0.000000 0.000000 0.000000 0.000000 0.000000 0.000000 0.061270 0.197914 0.000000 0.000000 0.000000 0.000000
 0.345474 0.000000 0.000000 0.000000 0.000000 0.000000 0.000000 0.000000 0.000000 0.000000 0.000000 0.328736 0.000000 0.000000 0.000000 0.000000 0.000000 0.000000 0.000000 0.325790
 0.000000 0.000000 0.000000 0.000708 0.499646 0.000000 0.000000 0.000000 0.000000 0.000000 0.000000 0.000000 0.000000 0.000000 0.000000 0.000000 0.000000 0.000000 0.499646 0.000000
 0.000000 0.217745 0.000000 0.000000 0.000000 0.000000 0.000000 0.000000 0.000000 0.304597 0.000000 0.000000 0.000000 0.000000 0.000000 0.000000 0.000000 0.320106 0.000000 0.157551
 0.000000 0.000000 0.000000 0.000000 0.000000 0.000000 0.499997 0.000000 0.000000 0.000000 0.000000 0.000000 0.000000 0.500003 0.000000 0.000000 0.000000 0.000000 0.000000 0.000000
 0.000000 0.000000 0.000000 0.000000 0.000000 0.000000 0.000000 0.000000 0.000000 0.000000 0.000000 0.000000 0.500000 0.000000 0.000000 0.000000 0.500000 0.000000 0.000000 0.000000
 0.000000 0.000000 0.234529 0.000000 0.000000 0.354147 0.000000 0.002621 0.058504 0.000000 0.000000 0.000000 0.000000 0.000000 0.000000 0.350199 0.000000 0.000000 0.000000 0.000000
 0.000000 0.000000 0.007122 0.000000 0.009267 0.000000 0.000000 0.389952 0.208074 0.000000 0.000000 0.000000 0.000000 0.000000 0.385584 0.000000 0.000000 0.000000 0.000000 0.000000
 0.500000 0.000000 0.000000 0.000000 0.000000 0.000000 0.000000 0.000000 0.000000 0.000000 0.000000 0.000000 0.000000 0.500000 0.000000 0.000000 0.000000 0.000000 0.000000 0.000000
 0.000000 0.209900 0.000000 0.000000 0.000000 0.000000 0.000000 0.000000 0.000000 0.000000 0.000000 0.396692 0.000000 0.000000 0.000000 0.000000 0.000000 0.000000 0.000000 0.393408
 0.000000 0.000000 0.000000 0.000000 0.000008 0.000000 0.499996 0.000000 0.000000 0.000000 0.499996 0.000000 0.000000 0.000000 0.000000 0.000000 0.000000 0.000000 0.000000 0.000000
 0.000000 0.289712 0.000000 0.000000 0.000000 0.000000 0.000000 0.000000 0.000000 0.275994 0.000000 0.144047 0.000000 0.000000 0.000000 0.000000 0.000000 0.290247 0.000000 0.000000
the mean of prob-rank is 1.4736842105263157
the number of false negetive edges is 0
the number of probability greater than 0 is 3.5/edge
