20
 0.000000 0.000000 0.000000 0.000000 0.000000 0.000000 0.000000 0.000000 0.000000 0.020251 0.000000 0.491205 0.000000 0.000000 0.000000 0.487516 0.000000 0.001028 0.000000 0.000000
 0.000000 0.000000 0.500000 0.000000 0.000000 0.000000 0.000000 0.000000 0.000000 0.000000 0.000000 0.000000 0.500000 0.000000 0.000000 0.000000 0.000000 0.000000 0.000000 0.000000
 0.000000 0.436515 0.000000 0.145165 0.000000 0.000000 0.000000 0.000000 0.000000 0.418320 0.000000 0.000000 0.000000 0.000000 0.000000 0.000000 0.000000 0.000000 0.000000 0.000000
 0.000000 0.000000 0.143247 0.000000 0.000000 0.000000 0.000000 0.015620 0.410531 0.430602 0.000000 0.000000 0.000000 0.000000 0.000000 0.000000 0.000000 0.000000 0.000000 0.000000
 0.000000 0.000000 0.000000 0.000000 0.000000 0.403864 0.000000 0.000000 0.000000 0.000000 0.000000 0.000000 0.000000 0.189256 0.406879 0.000000 0.000000 0.000000 0.000000 0.000000
 0.000000 0.000000 0.000000 0.000000 0.365036 0.000000 0.000000 0.000000 0.000000 0.012492 0.000000 0.000000 0.000000 0.000002 0.000013 0.257783 0.000000 0.000000 0.364674 0.000000
 0.000000 0.000000 0.000000 0.000000 0.000000 0.000000 0.000000 0.000000 0.000000 0.000000 0.498617 0.000000 0.000000 0.498667 0.000000 0.000000 0.002716 0.000000 0.000000 0.000000
 0.000000 0.000000 0.000000 0.017493 0.000000 0.000000 0.000000 0.000000 0.482401 0.018826 0.000000 0.000000 0.000000 0.000000 0.000559 0.000000 0.000000 0.000000 0.480721 0.000000
 0.000000 0.000000 0.000000 0.346985 0.000000 0.000000 0.000000 0.364072 0.000000 0.003813 0.000000 0.000000 0.000000 0.000000 0.275264 0.000000 0.000000 0.000000 0.009866 0.000000
 0.015892 0.000000 0.369721 0.385672 0.000000 0.013104 0.000000 0.015056 0.004041 0.000000 0.000000 0.000000 0.000000 0.000000 0.000000 0.000000 0.000000 0.000000 0.196513 0.000000
 0.000000 0.000000 0.000000 0.000000 0.000000 0.000000 0.499390 0.000000 0.000000 0.000000 0.000000 0.000000 0.000000 0.000000 0.000000 0.001174 0.499437 0.000000 0.000000 0.000000
 0.490851 0.000000 0.000000 0.000000 0.000000 0.000000 0.000000 0.000000 0.000000 0.000000 0.000000 0.000000 0.491271 0.000000 0.000000 0.000000 0.000000 0.017877 0.000000 0.000000
 0.000000 0.500000 0.000000 0.000000 0.000000 0.000000 0.000000 0.000000 0.000000 0.000000 0.000000 0.500000 0.000000 0.000000 0.000000 0.000000 0.000000 0.000000 0.000000 0.000000
 0.000000 0.000000 0.000000 0.000000 0.190905 0.000003 0.410429 0.000000 0.000000 0.000000 0.000000 0.000000 0.000000 0.000000 0.398663 0.000000 0.000000 0.000000 0.000000 0.000000
 0.000000 0.000000 0.000000 0.000000 0.366485 0.000013 0.000000 0.000425 0.277094 0.000000 0.000000 0.000000 0.000000 0.355983 0.000000 0.000000 0.000000 0.000000 0.000000 0.000000
 0.369748 0.000000 0.000000 0.000000 0.000000 0.261356 0.000000 0.000000 0.000000 0.000000 0.000876 0.000000 0.000000 0.000000 0.000000 0.000000 0.000000 0.368019 0.000000 0.000000
 0.000000 0.000000 0.000000 0.000000 0.000000 0.000000 0.002715 0.000000 0.000000 0.000000 0.498640 0.000000 0.000000 0.000000 0.000000 0.000000 0.000000 0.000000 0.000000 0.498645
 0.001032 0.000000 0.000000 0.000000 0.000000 0.000000 0.000000 0.000000 0.000000 0.000000 0.000000 0.017966 0.000000 0.000000 0.000000 0.487295 0.000000 0.000000 0.000000 0.493707
 0.000000 0.000000 0.000000 0.000000 0.000000 0.392776 0.000000 0.394728 0.010734 0.201763 0.000000 0.000000 0.000000 0.000000 0.000000 0.000000 0.000000 0.000000 0.000000 0.000000
 0.000000 0.000000 0.000000 0.000000 0.000000 0.000000 0.000000 0.000000 0.000000 0.000000 0.000000 0.000000 0.000000 0.000000 0.000000 0.000000 0.500002 0.499998 0.000000 0.000000
the mean of prob-rank is 1.4736842105263157
the number of false negetive edges is 0
the number of probability greater than 0 is 3.8/edge
