20
 0.000000 0.000000 0.000000 0.000000 0.000000 0.000000 0.000000 0.499999 0.000000 0.000000 0.500001 0.000000 0.000000 0.000000 0.000000 0.000000 0.000000 0.000000 0.000000 0.000000
 0.000000 0.000000 0.464602 0.000000 0.000000 0.000000 0.052848 0.000000 0.000000 0.000000 0.000000 0.017861 0.000000 0.000000 0.464689 0.000000 0.000000 0.000000 0.000000 0.000000
 0.000000 0.471817 0.000000 0.000000 0.000000 0.000000 0.000000 0.000000 0.000000 0.000000 0.000000 0.056270 0.000000 0.000000 0.000000 0.471913 0.000000 0.000000 0.000000 0.000000
 0.000000 0.000000 0.000000 0.000000 0.000000 0.397985 0.000000 0.000000 0.000000 0.000000 0.000196 0.000000 0.000000 0.377343 0.000000 0.000000 0.000000 0.000000 0.000000 0.224476
 0.000000 0.000000 0.000000 0.000000 0.000000 0.175861 0.370399 0.000000 0.000000 0.000067 0.086051 0.000000 0.000000 0.000000 0.000000 0.000000 0.000000 0.000000 0.000000 0.367622
 0.000000 0.000000 0.000000 0.290120 0.137641 0.000000 0.234530 0.000000 0.000000 0.000000 0.000000 0.269734 0.000000 0.000297 0.000000 0.000000 0.000000 0.000000 0.000000 0.067678
 0.000000 0.039274 0.000000 0.000000 0.345076 0.279167 0.000000 0.000000 0.000001 0.001372 0.000000 0.335107 0.000000 0.000000 0.000000 0.000000 0.000000 0.000003 0.000000 0.000000
 0.500000 0.000000 0.000000 0.000000 0.000000 0.000000 0.000000 0.000000 0.000000 0.500000 0.000000 0.000000 0.000000 0.000000 0.000000 0.000000 0.000000 0.000000 0.000000 0.000000
 0.000000 0.000000 0.000000 0.000000 0.000000 0.000000 0.000001 0.000000 0.000000 0.000000 0.000000 0.230240 0.000000 0.386669 0.000000 0.000000 0.383090 0.000000 0.000000 0.000000
 0.000000 0.000000 0.000000 0.000000 0.000091 0.000000 0.001983 0.498964 0.000000 0.000000 0.000000 0.000000 0.000000 0.000000 0.000000 0.000000 0.000000 0.498962 0.000000 0.000000
 0.449143 0.000000 0.000000 0.000221 0.104265 0.000000 0.000000 0.000000 0.000000 0.000000 0.000000 0.000000 0.000000 0.000000 0.000000 0.000000 0.000000 0.000000 0.000000 0.446372
 0.000000 0.009579 0.029716 0.000000 0.000000 0.231696 0.241825 0.000000 0.148391 0.000000 0.000000 0.000000 0.000000 0.204843 0.000000 0.000003 0.133947 0.000000 0.000000 0.000000
 0.000000 0.000000 0.000000 0.000000 0.000000 0.000000 0.000000 0.000000 0.000000 0.000000 0.000000 0.000000 0.000000 0.000000 0.500001 0.000000 0.000000 0.000000 0.499999 0.000000
 0.000000 0.000000 0.000000 0.342145 0.000000 0.000369 0.000000 0.000000 0.360866 0.000000 0.000000 0.296620 0.000000 0.000000 0.000000 0.000000 0.000000 0.000000 0.000000 0.000000
 0.000000 0.499996 0.000000 0.000000 0.000000 0.000000 0.000000 0.000000 0.000000 0.000000 0.000000 0.000000 0.500004 0.000000 0.000000 0.000000 0.000000 0.000000 0.000000 0.000000
 0.000000 0.000000 0.499997 0.000000 0.000000 0.000000 0.000000 0.000000 0.000000 0.000000 0.000000 0.000006 0.000000 0.000000 0.000000 0.000000 0.499996 0.000000 0.000000 0.000000
 0.000000 0.000000 0.000000 0.000000 0.000000 0.000000 0.000000 0.000000 0.391873 0.000000 0.000000 0.212594 0.000000 0.000000 0.000000 0.395534 0.000000 0.000000 0.000000 0.000000
 0.000000 0.000000 0.000000 0.000000 0.000000 0.000000 0.000004 0.000000 0.000000 0.499996 0.000000 0.000000 0.000000 0.000000 0.000000 0.000000 0.000000 0.000000 0.500000 0.000000
 0.000000 0.000000 0.000000 0.000000 0.000000 0.000000 0.000000 0.000000 0.000000 0.000000 0.000000 0.000000 0.499999 0.000000 0.000000 0.000000 0.000000 0.500001 0.000000 0.000000
 0.000000 0.000000 0.000000 0.202677 0.356373 0.083825 0.000000 0.000000 0.000000 0.000000 0.357125 0.000000 0.000000 0.000000 0.000000 0.000000 0.000000 0.000000 0.000000 0.000000
the mean of prob-rank is 1.8421052631578947
the number of false negetive edges is 0
the number of probability greater than 0 is 3.7/edge
