20
 0.000000 0.314673 0.000000 0.000000 0.000000 0.000000 0.000000 0.000000 0.000181 0.000000 0.059749 0.309738 0.000000 0.000000 0.000000 0.000000 0.000000 0.315651 0.000000 0.000008
 0.355642 0.000000 0.000000 0.274608 0.000000 0.000000 0.000000 0.000000 0.000000 0.000000 0.000000 0.000000 0.000000 0.000000 0.000000 0.000000 0.000000 0.000000 0.000000 0.369750
 0.000000 0.000000 0.000000 0.000000 0.000000 0.000000 0.000000 0.000000 0.499999 0.000000 0.000000 0.000003 0.000000 0.000000 0.000000 0.499998 0.000000 0.000000 0.000000 0.000000
 0.000000 0.278010 0.000000 0.000000 0.000000 0.000000 0.000000 0.000000 0.000000 0.000000 0.000000 0.000000 0.000000 0.374328 0.000000 0.000000 0.000000 0.000000 0.000000 0.347663
 0.000000 0.000000 0.000000 0.000000 0.000000 0.482942 0.000000 0.000000 0.000000 0.000000 0.000000 0.000000 0.034122 0.000000 0.482937 0.000000 0.000000 0.000000 0.000000 0.000000
 0.000000 0.000000 0.000000 0.000000 0.471525 0.000000 0.000000 0.057019 0.000000 0.000000 0.000000 0.000000 0.471456 0.000000 0.000000 0.000000 0.000000 0.000000 0.000000 0.000000
 0.000000 0.000000 0.000000 0.000000 0.000000 0.000000 0.000000 0.222626 0.000000 0.000000 0.382541 0.000000 0.000000 0.000000 0.000000 0.000000 0.027895 0.000000 0.366937 0.000000
 0.000000 0.000000 0.000000 0.000000 0.000000 0.036079 0.173637 0.000000 0.000000 0.000000 0.224837 0.000000 0.298051 0.000000 0.000000 0.000000 0.004191 0.000000 0.263204 0.000000
 0.000278 0.000000 0.502111 0.000000 0.000000 0.000000 0.000000 0.000000 0.000000 0.000000 0.000555 0.000041 0.000000 0.000000 0.000000 0.000327 0.000000 0.496688 0.000000 0.000000
 0.000000 0.000000 0.000000 0.000000 0.000000 0.000000 0.000000 0.000000 0.000000 0.000000 0.000000 0.000000 0.000000 0.500114 0.000000 0.000000 0.499886 0.000000 0.000000 0.000000
 0.054720 0.000000 0.000000 0.000000 0.000000 0.000000 0.299622 0.225787 0.000331 0.000000 0.000000 0.000000 0.000000 0.000000 0.000000 0.000000 0.229208 0.000000 0.190331 0.000000
 0.362496 0.000000 0.000002 0.000000 0.000000 0.000000 0.000000 0.000000 0.000031 0.000000 0.000000 0.000000 0.000000 0.000000 0.000000 0.000000 0.000000 0.382851 0.000000 0.254619
 0.000000 0.000000 0.000000 0.000000 0.034141 0.483146 0.000000 0.482713 0.000000 0.000000 0.000000 0.000000 0.000000 0.000000 0.000000 0.000000 0.000000 0.000000 0.000000 0.000000
 0.000000 0.000000 0.000000 0.499998 0.000000 0.000000 0.000000 0.000000 0.000000 0.500002 0.000000 0.000000 0.000000 0.000000 0.000000 0.000000 0.000000 0.000000 0.000000 0.000000
 0.000000 0.000000 0.000000 0.000000 0.499998 0.000000 0.000000 0.000000 0.000000 0.000000 0.000000 0.000000 0.000000 0.000000 0.000000 0.500002 0.000000 0.000000 0.000000 0.000000
 0.000000 0.000000 0.499832 0.000000 0.000000 0.000000 0.000000 0.000000 0.000325 0.000000 0.000000 0.000000 0.000000 0.000000 0.499843 0.000000 0.000000 0.000000 0.000000 0.000000
 0.000000 0.000000 0.000000 0.000000 0.000000 0.000000 0.025617 0.004935 0.000000 0.351130 0.268733 0.000000 0.000000 0.000000 0.000000 0.000000 0.000000 0.000000 0.349585 0.000000
 0.326626 0.000000 0.000000 0.000000 0.000000 0.000000 0.000000 0.000000 0.334869 0.000000 0.000000 0.338505 0.000000 0.000000 0.000000 0.000000 0.000000 0.000000 0.000000 0.000000
 0.000000 0.000000 0.000000 0.000000 0.000000 0.000000 0.276289 0.254097 0.000000 0.000000 0.182973 0.000000 0.000000 0.000000 0.000000 0.000000 0.286640 0.000000 0.000000 0.000000
 0.000010 0.385536 0.000000 0.358070 0.000000 0.000000 0.000000 0.000000 0.000000 0.000000 0.000000 0.256385 0.000000 0.000000 0.000000 0.000000 0.000000 0.000000 0.000000 0.000000
the mean of prob-rank is 1.5789473684210527
the number of false negetive edges is 0
the number of probability greater than 0 is 3.8/edge
