20
 0.000000 0.000000 0.000000 0.002714 0.000014 0.263755 0.000000 0.303788 0.000000 0.000000 0.000239 0.003380 0.227779 0.186992 0.000000 0.000000 0.006999 0.000006 0.000000 0.004336
 0.000000 0.000000 0.000000 0.000000 0.000000 0.000000 0.324736 0.000000 0.000000 0.097240 0.000000 0.280820 0.000000 0.000000 0.297204 0.000000 0.000000 0.000000 0.000000 0.000000
 0.000000 0.000000 0.000000 0.000000 0.366201 0.341526 0.000000 0.000000 0.000000 0.000000 0.000000 0.000000 0.000000 0.000000 0.000000 0.292273 0.000000 0.000000 0.000000 0.000000
 0.002585 0.000000 0.000000 0.000000 0.000000 0.009290 0.265885 0.000000 0.014714 0.002858 0.000109 0.000000 0.000000 0.292040 0.000402 0.000000 0.251328 0.160789 0.000000 0.000000
 0.000017 0.000000 0.367906 0.000000 0.000000 0.271277 0.000000 0.000000 0.000000 0.000000 0.000000 0.000000 0.000000 0.000000 0.000000 0.000000 0.000000 0.000000 0.360800 0.000000
 0.230717 0.000000 0.250027 0.008532 0.197678 0.000000 0.000000 0.000001 0.000000 0.000000 0.000000 0.000000 0.000000 0.047844 0.000000 0.016501 0.248698 0.000000 0.000000 0.000002
 0.000000 0.244043 0.000000 0.222502 0.000000 0.000000 0.000000 0.000000 0.000000 0.000024 0.021506 0.049225 0.000000 0.101756 0.222572 0.000000 0.000000 0.138373 0.000000 0.000000
 0.363591 0.000000 0.000000 0.000000 0.000000 0.000001 0.000000 0.000000 0.000000 0.000000 0.000000 0.000000 0.270627 0.000000 0.000000 0.000000 0.000000 0.000000 0.000014 0.365767
 0.000000 0.000000 0.000000 0.020415 0.000000 0.000000 0.000000 0.000000 0.000000 0.405025 0.000000 0.000000 0.000000 0.000008 0.000000 0.405057 0.169495 0.000000 0.000000 0.000000
 0.000000 0.129530 0.000000 0.004239 0.000000 0.000000 0.000042 0.000000 0.433028 0.000000 0.000000 0.000000 0.000000 0.000000 0.433160 0.000000 0.000000 0.000000 0.000000 0.000000
 0.000371 0.000000 0.000000 0.000178 0.000000 0.000000 0.041887 0.000000 0.000000 0.000000 0.000000 0.475520 0.000000 0.006052 0.000000 0.000000 0.000000 0.475992 0.000000 0.000000
 0.003826 0.299709 0.000000 0.000000 0.000000 0.000000 0.069908 0.000000 0.000000 0.000000 0.346723 0.000000 0.279834 0.000000 0.000000 0.000000 0.000000 0.000000 0.000000 0.000000
 0.195475 0.000000 0.000000 0.000000 0.000000 0.000000 0.000000 0.194046 0.000000 0.000000 0.000000 0.212163 0.000000 0.000000 0.000000 0.000000 0.000000 0.000000 0.178978 0.219338
 0.182722 0.000000 0.000000 0.299624 0.000000 0.053446 0.124754 0.000000 0.000006 0.000000 0.003810 0.000000 0.000000 0.000000 0.000000 0.000000 0.047482 0.288157 0.000000 0.000000
 0.000000 0.323401 0.000000 0.000487 0.000000 0.000000 0.322270 0.000000 0.000000 0.353841 0.000000 0.000000 0.000000 0.000000 0.000000 0.000000 0.000000 0.000000 0.000000 0.000000
 0.000000 0.000000 0.282914 0.000000 0.000000 0.021818 0.000000 0.000000 0.354540 0.000000 0.000000 0.000000 0.000000 0.000000 0.000000 0.000000 0.340728 0.000000 0.000000 0.000000
 0.006818 0.000000 0.000000 0.257031 0.000000 0.276931 0.000000 0.000000 0.124941 0.000000 0.000000 0.000000 0.000000 0.047330 0.000000 0.286949 0.000000 0.000000 0.000000 0.000000
 0.000006 0.000000 0.000000 0.178843 0.000000 0.000000 0.183920 0.000000 0.000000 0.000000 0.324829 0.000000 0.000000 0.312401 0.000000 0.000000 0.000000 0.000000 0.000000 0.000000
 0.000000 0.000000 0.000000 0.000000 0.369714 0.000000 0.000000 0.000014 0.000000 0.000000 0.000000 0.000000 0.256540 0.000000 0.000000 0.000000 0.000000 0.000000 0.000000 0.373732
 0.004988 0.000000 0.000000 0.000000 0.000000 0.000003 0.000000 0.351530 0.000000 0.000000 0.000000 0.000000 0.293994 0.000000 0.000000 0.000000 0.000000 0.000000 0.349486 0.000000
the mean of prob-rank is 1.9473684210526316
the number of false negetive edges is 0
the number of probability greater than 0 is 5.75/edge
