20
 0.000000 0.000000 0.000000 0.000000 0.000000 0.005956 0.000000 0.000000 0.000000 0.000000 0.000000 0.000000 0.000000 0.339677 0.343076 0.000000 0.000000 0.000000 0.000000 0.311291
 0.000000 0.000000 0.000000 0.000000 0.000025 0.000000 0.000000 0.002197 0.000000 0.000000 0.000000 0.001224 0.000000 0.000000 0.498244 0.000000 0.000000 0.000000 0.498311 0.000000
 0.000000 0.000000 0.000000 0.000000 0.000000 0.003907 0.497257 0.000000 0.000000 0.000000 0.000000 0.000000 0.000000 0.000000 0.001602 0.000000 0.000000 0.000000 0.497235 0.000000
 0.000000 0.000000 0.000000 0.000000 0.000000 0.000000 0.000000 0.000000 0.499995 0.000000 0.000000 0.000000 0.000000 0.000000 0.000000 0.500002 0.000000 0.000000 0.000000 0.000003
 0.000000 0.000025 0.000000 0.000000 0.000000 0.000000 0.000000 0.499872 0.000000 0.000000 0.499888 0.000000 0.000000 0.000000 0.000000 0.000000 0.000000 0.000000 0.000215 0.000000
 0.005817 0.000000 0.002633 0.000000 0.000000 0.000000 0.000009 0.000000 0.335095 0.000000 0.000000 0.000000 0.000000 0.326484 0.000002 0.000000 0.000000 0.000000 0.000000 0.329960
 0.000000 0.000000 0.499993 0.000000 0.000000 0.000014 0.000000 0.000000 0.000000 0.000000 0.000000 0.000000 0.000000 0.000000 0.000000 0.000000 0.499993 0.000000 0.000000 0.000000
 0.000000 0.002199 0.000000 0.000000 0.498902 0.000000 0.000000 0.000000 0.000000 0.000000 0.000000 0.498899 0.000000 0.000000 0.000000 0.000000 0.000000 0.000000 0.000000 0.000000
 0.000000 0.000000 0.000000 0.499996 0.000000 0.500003 0.000000 0.000000 0.000000 0.000000 0.000000 0.000000 0.000000 0.000000 0.000000 0.000000 0.000000 0.000000 0.000000 0.000001
 0.000000 0.000000 0.000000 0.000000 0.000000 0.000000 0.000000 0.000000 0.000000 0.000000 0.500002 0.000000 0.000000 0.000000 0.000000 0.000000 0.499998 0.000000 0.000000 0.000000
 0.000000 0.000000 0.000000 0.000000 0.500000 0.000000 0.000000 0.000000 0.000000 0.500000 0.000000 0.000000 0.000000 0.000000 0.000000 0.000000 0.000000 0.000000 0.000000 0.000000
 0.000000 0.001219 0.000000 0.000000 0.000000 0.000000 0.000000 0.496428 0.000000 0.000000 0.000000 0.000000 0.496354 0.000000 0.000000 0.000000 0.000000 0.005999 0.000000 0.000000
 0.000000 0.000000 0.000000 0.000000 0.000000 0.000000 0.000000 0.000000 0.000000 0.000000 0.000000 0.483130 0.000000 0.000000 0.000008 0.033643 0.000000 0.483219 0.000000 0.000000
 0.333994 0.000000 0.000000 0.000000 0.000000 0.328668 0.000000 0.000000 0.000000 0.000000 0.000000 0.000000 0.000000 0.000000 0.000002 0.000000 0.000000 0.000000 0.000000 0.337337
 0.497930 0.497862 0.001604 0.000000 0.000000 0.000003 0.000000 0.000000 0.000000 0.000000 0.000000 0.000000 0.000008 0.000002 0.000000 0.000000 0.000000 0.000047 0.001326 0.001218
 0.000000 0.000000 0.000000 0.482861 0.000000 0.000000 0.000000 0.000000 0.000000 0.000000 0.000000 0.000000 0.033618 0.000000 0.000000 0.000000 0.000000 0.482514 0.000000 0.001008
 0.000000 0.000000 0.000000 0.000000 0.000000 0.000000 0.500002 0.000000 0.000000 0.499998 0.000000 0.000000 0.000000 0.000000 0.000000 0.000000 0.000000 0.000000 0.000000 0.000000
 0.000000 0.000000 0.000000 0.000000 0.000000 0.000000 0.000000 0.000000 0.000000 0.000000 0.000000 0.006007 0.497152 0.000000 0.000047 0.496794 0.000000 0.000000 0.000000 0.000000
 0.000000 0.499238 0.499217 0.000000 0.000215 0.000000 0.000000 0.000000 0.000000 0.000000 0.000000 0.000000 0.000000 0.000000 0.001330 0.000000 0.000000 0.000000 0.000000 0.000000
 0.313251 0.000000 0.000000 0.000002 0.000000 0.339945 0.000000 0.000000 0.000001 0.000000 0.000000 0.000000 0.000000 0.345236 0.000845 0.000720 0.000000 0.000000 0.000000 0.000000
the mean of prob-rank is 1.5789473684210527
the number of false negetive edges is 0
the number of probability greater than 0 is 4.0/edge
