20
 0.000000 0.000000 0.000000 0.000000 0.000000 0.000000 0.000000 0.000000 0.000000 0.000000 0.500000 0.000000 0.000000 0.000000 0.000000 0.000000 0.500000 0.000000 0.000000 0.000000
 0.000000 0.000000 0.000000 0.000000 0.498468 0.000000 0.000000 0.000000 0.000000 0.000000 0.000000 0.000000 0.000000 0.000005 0.000026 0.000000 0.003057 0.000000 0.498444 0.000000
 0.000000 0.000000 0.000000 0.000000 0.000000 0.000000 0.000000 0.000000 0.000000 0.000000 0.000000 0.000000 0.000000 0.000000 0.000000 0.500628 0.000000 0.000000 0.000000 0.499372
 0.000000 0.000000 0.000000 0.000000 0.000000 0.000000 0.000000 0.000000 0.419110 0.000000 0.000000 0.162244 0.000000 0.000000 0.000000 0.000000 0.000000 0.000000 0.000000 0.418646
 0.000000 0.498490 0.000000 0.000000 0.000000 0.000000 0.000000 0.000000 0.000000 0.000000 0.000000 0.000000 0.000000 0.000000 0.498486 0.000000 0.003023 0.000000 0.000000 0.000000
 0.000000 0.000000 0.000000 0.000000 0.000000 0.000000 0.000000 0.000000 0.000161 0.499920 0.000000 0.000000 0.000000 0.000000 0.000000 0.000000 0.000000 0.499919 0.000000 0.000000
 0.000000 0.000000 0.000000 0.000000 0.000000 0.000000 0.000000 0.000000 0.000000 0.000000 0.148950 0.000000 0.431581 0.000000 0.000000 0.000000 0.000000 0.419470 0.000000 0.000000
 0.000000 0.000000 0.000000 0.000000 0.000000 0.000000 0.000000 0.000000 0.367439 0.000000 0.000000 0.000000 0.385433 0.000000 0.000000 0.000000 0.000000 0.247128 0.000000 0.000000
 0.000000 0.000000 0.000000 0.419490 0.000000 0.000135 0.000000 0.400039 0.000000 0.000255 0.000000 0.000655 0.000000 0.000000 0.000000 0.000000 0.000000 0.000000 0.000000 0.179426
 0.000000 0.000000 0.000000 0.000000 0.000000 0.499849 0.000000 0.000000 0.000304 0.000000 0.000000 0.499848 0.000000 0.000000 0.000000 0.000000 0.000000 0.000000 0.000000 0.000000
 0.427078 0.000000 0.000000 0.000000 0.000000 0.000000 0.147396 0.000000 0.000000 0.000000 0.000000 0.425526 0.000000 0.000000 0.000000 0.000000 0.000000 0.000000 0.000000 0.000000
 0.000000 0.000000 0.000000 0.162110 0.000000 0.000000 0.000000 0.000000 0.000653 0.419027 0.417505 0.000000 0.000000 0.000706 0.000000 0.000000 0.000000 0.000000 0.000000 0.000000
 0.000000 0.000000 0.000000 0.000000 0.000000 0.000000 0.500072 0.499922 0.000000 0.000000 0.000000 0.000000 0.000000 0.000000 0.000000 0.000000 0.000000 0.000006 0.000000 0.000000
 0.000000 0.000005 0.000000 0.000000 0.000000 0.000000 0.000000 0.000000 0.000000 0.000000 0.000000 0.000841 0.000000 0.000000 0.000000 0.000000 0.499525 0.000000 0.499629 0.000000
 0.000000 0.000026 0.000000 0.000000 0.499994 0.000000 0.000000 0.000000 0.000000 0.000000 0.000000 0.000000 0.000000 0.000000 0.000000 0.499968 0.000000 0.000000 0.000012 0.000000
 0.000000 0.000000 0.500015 0.000000 0.000000 0.000000 0.000000 0.000000 0.000000 0.000000 0.000000 0.000000 0.000000 0.000000 0.499985 0.000000 0.000000 0.000000 0.000001 0.000000
 0.497020 0.003048 0.000000 0.000000 0.003014 0.000000 0.000000 0.000000 0.000000 0.000000 0.000000 0.000000 0.000000 0.496917 0.000000 0.000000 0.000000 0.000000 0.000000 0.000000
 0.000000 0.000000 0.000000 0.000000 0.000000 0.382712 0.371973 0.245310 0.000000 0.000000 0.000000 0.000000 0.000004 0.000000 0.000000 0.000000 0.000000 0.000000 0.000000 0.000000
 0.000000 0.499982 0.000000 0.000000 0.000000 0.000000 0.000000 0.000000 0.000000 0.000000 0.000000 0.000000 0.000000 0.500006 0.000012 0.000001 0.000000 0.000000 0.000000 0.000000
 0.000000 0.000000 0.411641 0.411959 0.000000 0.000000 0.000000 0.000000 0.176400 0.000000 0.000000 0.000000 0.000000 0.000000 0.000000 0.000000 0.000000 0.000000 0.000000 0.000000
the mean of prob-rank is 1.5789473684210527
the number of false negetive edges is 0
the number of probability greater than 0 is 3.4/edge
