20
 0.000000 0.000000 0.000000 0.000000 0.000000 0.499995 0.000000 0.000000 0.000000 0.000000 0.000000 0.500005 0.000000 0.000000 0.000000 0.000000 0.000000 0.000000 0.000000 0.000000
 0.000000 0.000000 0.000000 0.000000 0.000000 0.000000 0.000000 0.000000 0.000000 0.000000 0.156792 0.000000 0.000000 0.000000 0.000000 0.426412 0.000000 0.000000 0.000000 0.416796
 0.000000 0.000000 0.000000 0.000000 0.000000 0.000000 0.000000 0.000000 0.000000 0.000000 0.000000 0.000000 0.000000 0.000000 0.500000 0.000000 0.000000 0.500000 0.000000 0.000000
 0.000000 0.000000 0.000000 0.000000 0.000000 0.140650 0.000000 0.000000 0.430888 0.000000 0.000000 0.000000 0.000000 0.000000 0.000000 0.428462 0.000000 0.000000 0.000000 0.000000
 0.000000 0.000000 0.000000 0.000000 0.000000 0.000000 0.000000 0.000000 0.000000 0.000000 0.001193 0.000000 0.000000 0.000000 0.000000 0.000000 0.000000 0.499401 0.499405 0.000000
 0.430959 0.000000 0.000000 0.140676 0.000000 0.000000 0.000000 0.000000 0.428347 0.000000 0.000000 0.000000 0.000000 0.000000 0.000000 0.000019 0.000000 0.000000 0.000000 0.000000
 0.000000 0.000000 0.000000 0.000000 0.000000 0.000000 0.000000 0.000000 0.000000 0.500000 0.000000 0.500000 0.000000 0.000000 0.000000 0.000000 0.000000 0.000000 0.000000 0.000000
 0.000000 0.000000 0.000000 0.000000 0.000000 0.000000 0.000000 0.000000 0.000000 0.000000 0.000000 0.000000 0.426115 0.425203 0.001270 0.000000 0.147412 0.000000 0.000000 0.000000
 0.000000 0.000000 0.000000 0.400931 0.000000 0.398493 0.000000 0.000000 0.000000 0.000000 0.000000 0.000000 0.000000 0.000000 0.000000 0.200576 0.000000 0.000000 0.000000 0.000000
 0.000000 0.000000 0.000000 0.000000 0.000000 0.000000 0.481378 0.000000 0.000000 0.000000 0.000000 0.000000 0.000000 0.041411 0.000000 0.000000 0.477212 0.000000 0.000000 0.000000
 0.000000 0.156168 0.000000 0.000000 0.001015 0.000000 0.000000 0.000000 0.000000 0.000000 0.000000 0.000000 0.000000 0.000000 0.000000 0.000000 0.000000 0.000000 0.418113 0.424705
 0.500000 0.000000 0.000000 0.000000 0.000000 0.000000 0.500000 0.000000 0.000000 0.000000 0.000000 0.000000 0.000000 0.000000 0.000000 0.000000 0.000000 0.000000 0.000000 0.000000
 0.000000 0.000000 0.000000 0.000000 0.000000 0.000000 0.000000 0.499983 0.000000 0.000000 0.000000 0.000000 0.000000 0.000000 0.499981 0.000000 0.000000 0.000004 0.000032 0.000000
 0.000000 0.000000 0.000000 0.000000 0.000000 0.000000 0.000000 0.478502 0.000000 0.041252 0.000000 0.000000 0.000000 0.000000 0.000717 0.000000 0.479529 0.000000 0.000000 0.000000
 0.000000 0.000000 0.498854 0.000000 0.000000 0.000000 0.000000 0.001487 0.000000 0.000000 0.000000 0.000000 0.498852 0.000746 0.000000 0.000000 0.000000 0.000061 0.000000 0.000000
 0.000000 0.400852 0.000000 0.398595 0.000000 0.000017 0.000000 0.000000 0.200536 0.000000 0.000000 0.000000 0.000000 0.000000 0.000000 0.000000 0.000000 0.000000 0.000000 0.000000
 0.000000 0.000000 0.000000 0.000000 0.000000 0.000000 0.000000 0.148011 0.000000 0.424143 0.000000 0.000000 0.000000 0.427846 0.000000 0.000000 0.000000 0.000000 0.000000 0.000000
 0.000000 0.000000 0.499297 0.000000 0.499293 0.000000 0.000000 0.000000 0.000000 0.000000 0.000000 0.000000 0.000004 0.000000 0.000061 0.000000 0.000000 0.000000 0.001346 0.000000
 0.000000 0.000000 0.000000 0.000000 0.383463 0.000000 0.000000 0.000000 0.000000 0.000000 0.377503 0.000000 0.000025 0.000000 0.000000 0.000000 0.000000 0.001033 0.000000 0.237976
 0.000000 0.376228 0.000000 0.000000 0.000000 0.000000 0.000000 0.000000 0.000000 0.000000 0.384900 0.000000 0.000000 0.000000 0.000000 0.000000 0.000000 0.000000 0.238872 0.000000
the mean of prob-rank is 1.6842105263157894
the number of false negetive edges is 0
the number of probability greater than 0 is 3.4/edge
