20
 0.000000 0.000000 0.000000 0.000000 0.000000 0.000000 0.000002 0.000000 0.000014 0.000000 0.000000 0.370673 0.000000 0.000000 0.000000 0.329920 0.000000 0.000000 0.299390 0.000000
 0.000000 0.000000 0.000000 0.000000 0.000000 0.000000 0.000000 0.000000 0.000000 0.000000 0.000000 0.000000 0.000000 0.500000 0.000000 0.000000 0.500000 0.000000 0.000000 0.000000
 0.000000 0.000000 0.000000 0.302395 0.000000 0.000000 0.000000 0.000000 0.000000 0.135017 0.000000 0.257608 0.000000 0.000000 0.304980 0.000000 0.000000 0.000000 0.000000 0.000000
 0.000000 0.000000 0.314410 0.000000 0.000000 0.000000 0.000000 0.000000 0.000000 0.181735 0.000000 0.000000 0.000000 0.323442 0.180413 0.000000 0.000000 0.000000 0.000000 0.000000
 0.000000 0.000000 0.000000 0.000000 0.000000 0.000000 0.000000 0.000000 0.000000 0.000000 0.000000 0.000000 0.500000 0.000000 0.000000 0.000000 0.500000 0.000000 0.000000 0.000000
 0.000000 0.000000 0.000000 0.000000 0.000000 0.000000 0.000000 0.000000 0.310200 0.000000 0.000000 0.000000 0.000000 0.000000 0.000000 0.328432 0.000000 0.000000 0.000000 0.361367
 0.000002 0.000000 0.000000 0.000000 0.000000 0.000000 0.000000 0.239701 0.000000 0.000000 0.331757 0.061292 0.000000 0.000000 0.000000 0.000000 0.000000 0.358375 0.008872 0.000000
 0.000000 0.000000 0.000000 0.000000 0.000000 0.000000 0.252924 0.000000 0.000000 0.000000 0.000000 0.000000 0.387022 0.000000 0.000000 0.000000 0.000000 0.360054 0.000000 0.000000
 0.000010 0.000000 0.000000 0.000000 0.000000 0.233585 0.000000 0.000000 0.000000 0.000000 0.241314 0.000000 0.000000 0.000000 0.000000 0.245046 0.000000 0.000000 0.260769 0.019275
 0.000000 0.000000 0.147812 0.191354 0.000000 0.000000 0.000000 0.000000 0.000000 0.000000 0.000000 0.000000 0.000000 0.000000 0.339966 0.000000 0.000000 0.000000 0.000000 0.320868
 0.000000 0.000000 0.000000 0.000000 0.000000 0.000000 0.324148 0.000000 0.317839 0.000000 0.000000 0.000000 0.000000 0.000000 0.000000 0.000000 0.000000 0.000000 0.358013 0.000000
 0.361828 0.000000 0.299745 0.000000 0.000000 0.000000 0.060481 0.000000 0.000000 0.000000 0.000000 0.000000 0.000000 0.000000 0.000000 0.000000 0.000000 0.277945 0.000000 0.000000
 0.000000 0.000000 0.000000 0.000000 0.499988 0.000000 0.000000 0.499947 0.000000 0.000000 0.000000 0.000000 0.000000 0.000000 0.000000 0.000000 0.000000 0.000064 0.000000 0.000000
 0.000000 0.500000 0.000000 0.500000 0.000000 0.000000 0.000000 0.000000 0.000000 0.000000 0.000000 0.000000 0.000000 0.000000 0.000000 0.000000 0.000000 0.000000 0.000000 0.000000
 0.000000 0.000000 0.386523 0.219912 0.000000 0.000000 0.000000 0.000000 0.000000 0.393565 0.000000 0.000000 0.000000 0.000000 0.000000 0.000000 0.000000 0.000000 0.000000 0.000000
 0.256259 0.000000 0.000000 0.000000 0.000000 0.261772 0.000000 0.000000 0.259372 0.000000 0.000000 0.000000 0.000000 0.000000 0.000000 0.000000 0.000000 0.000000 0.000000 0.222597
 0.000000 0.500000 0.000000 0.000000 0.500000 0.000000 0.000000 0.000000 0.000000 0.000000 0.000000 0.000000 0.000000 0.000000 0.000000 0.000000 0.000000 0.000000 0.000000 0.000000
 0.000000 0.000000 0.000000 0.000000 0.000000 0.000000 0.365195 0.347724 0.000000 0.000000 0.000000 0.287032 0.000048 0.000000 0.000000 0.000000 0.000000 0.000000 0.000000 0.000000
 0.289512 0.000000 0.000000 0.000000 0.000000 0.000000 0.008672 0.000000 0.343630 0.000000 0.358186 0.000000 0.000000 0.000000 0.000000 0.000000 0.000000 0.000000 0.000000 0.000000
 0.000000 0.000000 0.000000 0.000000 0.000000 0.358957 0.000000 0.000000 0.025427 0.338198 0.000000 0.000000 0.000000 0.000000 0.000000 0.277418 0.000000 0.000000 0.000000 0.000000
the mean of prob-rank is 1.736842105263158
the number of false negetive edges is 0
the number of probability greater than 0 is 3.6/edge
