20
 0.000000 0.000000 0.000000 0.000000 0.000000 0.000000 0.350248 0.000000 0.000000 0.000000 0.000000 0.000000 0.000000 0.000000 0.000000 0.281212 0.000000 0.000000 0.000000 0.368540
 0.000000 0.000000 0.000000 0.000000 0.000000 0.008162 0.000000 0.495764 0.000000 0.000000 0.000000 0.496075 0.000000 0.000000 0.000000 0.000000 0.000000 0.000000 0.000000 0.000000
 0.000000 0.000000 0.000000 0.000000 0.000000 0.000000 0.000000 0.000000 0.500000 0.000000 0.000000 0.000000 0.000000 0.500000 0.000000 0.000000 0.000000 0.000000 0.000000 0.000000
 0.000000 0.000000 0.000000 0.000000 0.500000 0.000000 0.000000 0.000000 0.000000 0.000000 0.000000 0.000000 0.000000 0.000000 0.500000 0.000000 0.000000 0.000000 0.000000 0.000000
 0.000000 0.000000 0.000000 0.360823 0.000000 0.000000 0.296855 0.000000 0.000000 0.000000 0.000000 0.000000 0.000000 0.000000 0.000000 0.342322 0.000000 0.000000 0.000000 0.000000
 0.000000 0.008142 0.000000 0.000000 0.000000 0.000000 0.000000 0.000000 0.000000 0.000000 0.494083 0.002885 0.000000 0.000000 0.000000 0.000000 0.000000 0.000328 0.494562 0.000000
 0.342711 0.000000 0.000000 0.000000 0.296679 0.000000 0.000000 0.000000 0.000000 0.000000 0.000000 0.000000 0.000000 0.000000 0.000000 0.360610 0.000000 0.000000 0.000000 0.000000
 0.000000 0.496830 0.000000 0.000000 0.000000 0.000000 0.000000 0.000000 0.000000 0.000012 0.000880 0.000000 0.005155 0.000000 0.000000 0.000000 0.000000 0.497123 0.000000 0.000000
 0.000000 0.000000 0.500002 0.000000 0.000000 0.000000 0.000000 0.000000 0.000000 0.499998 0.000000 0.000000 0.000000 0.000000 0.000000 0.000000 0.000000 0.000000 0.000000 0.000000
 0.000000 0.000000 0.000000 0.000000 0.000000 0.000000 0.000000 0.000012 0.499991 0.000000 0.000000 0.000000 0.499996 0.000000 0.000000 0.000000 0.000000 0.000000 0.000000 0.000000
 0.000000 0.000000 0.000000 0.000000 0.000000 0.483631 0.000000 0.000857 0.000000 0.000000 0.000000 0.000000 0.000000 0.000000 0.000000 0.000000 0.000000 0.484378 0.031134 0.000000
 0.000000 0.498609 0.000000 0.000000 0.000000 0.002907 0.000000 0.000000 0.000000 0.000000 0.000000 0.000000 0.498485 0.000000 0.000000 0.000000 0.000000 0.000000 0.000000 0.000000
 0.000000 0.000000 0.000000 0.000000 0.000000 0.000000 0.000000 0.005159 0.000000 0.497483 0.000000 0.497359 0.000000 0.000000 0.000000 0.000000 0.000000 0.000000 0.000000 0.000000
 0.000000 0.000000 0.500000 0.000000 0.000000 0.000000 0.000000 0.000000 0.000000 0.000000 0.000000 0.000000 0.000000 0.000000 0.500000 0.000000 0.000000 0.000000 0.000000 0.000000
 0.000000 0.000000 0.000000 0.500000 0.000000 0.000000 0.000000 0.000000 0.000000 0.000000 0.000000 0.000000 0.000000 0.500000 0.000000 0.000000 0.000000 0.000000 0.000000 0.000000
 0.281378 0.000000 0.000000 0.000000 0.349848 0.000000 0.368757 0.000000 0.000000 0.000000 0.000000 0.000000 0.000000 0.000000 0.000000 0.000000 0.000000 0.000000 0.000000 0.000016
 0.000000 0.000000 0.000000 0.000000 0.000000 0.000000 0.000000 0.000000 0.000000 0.000000 0.000000 0.000000 0.000000 0.000000 0.000000 0.000000 0.000000 0.000000 0.500000 0.500000
 0.000000 0.000000 0.000000 0.000000 0.000000 0.000331 0.000000 0.499825 0.000000 0.000000 0.499843 0.000000 0.000000 0.000000 0.000000 0.000000 0.000000 0.000000 0.000000 0.000000
 0.000000 0.000000 0.000000 0.000000 0.000000 0.484288 0.000000 0.000000 0.000000 0.000000 0.031146 0.000000 0.000000 0.000000 0.000000 0.000000 0.484565 0.000000 0.000000 0.000000
 0.499989 0.000000 0.000000 0.000000 0.000000 0.000000 0.000000 0.000000 0.000000 0.000000 0.000000 0.000000 0.000000 0.000000 0.000000 0.000022 0.499989 0.000000 0.000000 0.000000
the mean of prob-rank is 1.5263157894736843
the number of false negetive edges is 0
the number of probability greater than 0 is 3.0/edge
