20
 0.000000 0.000000 0.000000 0.293722 0.000000 0.000000 0.000000 0.000000 0.000000 0.000000 0.307900 0.000000 0.000000 0.288912 0.000000 0.043615 0.000000 0.000000 0.000000 0.065852
 0.000000 0.000000 0.000000 0.000000 0.412265 0.000000 0.000001 0.000000 0.001292 0.000000 0.083799 0.000000 0.000000 0.065487 0.000000 0.000000 0.023252 0.000000 0.413889 0.000016
 0.000000 0.000000 0.000000 0.000000 0.000000 0.469260 0.000000 0.000000 0.000000 0.000000 0.000000 0.000000 0.061432 0.000000 0.000000 0.000000 0.000000 0.469308 0.000000 0.000000
 0.379614 0.000000 0.000000 0.000000 0.000000 0.000000 0.000000 0.000000 0.000000 0.213954 0.000000 0.000000 0.000011 0.000000 0.000000 0.399134 0.000000 0.007287 0.000000 0.000000
 0.000000 0.455832 0.000000 0.000000 0.000000 0.000000 0.458198 0.000000 0.000000 0.000000 0.000000 0.000000 0.000000 0.085970 0.000000 0.000000 0.000000 0.000000 0.000000 0.000000
 0.000000 0.000000 0.384506 0.000000 0.000000 0.000000 0.000000 0.000000 0.000000 0.000000 0.000000 0.241997 0.373497 0.000000 0.000000 0.000000 0.000000 0.000000 0.000000 0.000000
 0.000000 0.000001 0.000000 0.000000 0.499404 0.000000 0.000000 0.000000 0.499649 0.000000 0.000000 0.000000 0.000000 0.000000 0.000946 0.000000 0.000000 0.000000 0.000000 0.000000
 0.000000 0.000000 0.000000 0.000000 0.000000 0.000000 0.000000 0.000000 0.000000 0.350651 0.000000 0.000712 0.003326 0.000000 0.000000 0.000000 0.340737 0.000000 0.000000 0.304575
 0.000000 0.001556 0.000000 0.000000 0.000000 0.000000 0.499203 0.000000 0.000000 0.000000 0.000000 0.000000 0.000000 0.000000 0.499242 0.000000 0.000000 0.000000 0.000000 0.000000
 0.000000 0.000000 0.000000 0.213352 0.000000 0.000000 0.000000 0.398012 0.000000 0.000000 0.000000 0.000000 0.388635 0.000000 0.000000 0.000000 0.000000 0.000000 0.000000 0.000000
 0.277631 0.056276 0.000000 0.000000 0.000000 0.000000 0.000000 0.000000 0.000000 0.000000 0.000000 0.000000 0.000000 0.233100 0.000000 0.000000 0.002586 0.000000 0.156779 0.273629
 0.000000 0.000000 0.000000 0.000000 0.000000 0.205569 0.000000 0.000663 0.000000 0.000000 0.000000 0.000000 0.168250 0.000000 0.326660 0.000000 0.298857 0.000000 0.000000 0.000000
 0.000000 0.000000 0.047218 0.000010 0.000000 0.350353 0.000000 0.003421 0.000000 0.352219 0.000000 0.185792 0.000000 0.000000 0.000000 0.000000 0.000000 0.060987 0.000000 0.000000
 0.300043 0.050652 0.000000 0.000000 0.060140 0.000000 0.000000 0.000000 0.000000 0.000000 0.268474 0.000000 0.000000 0.000000 0.000000 0.000000 0.000000 0.000000 0.320690 0.000000
 0.000000 0.000000 0.000000 0.000000 0.000000 0.000000 0.000946 0.000000 0.499520 0.000000 0.000000 0.499534 0.000000 0.000000 0.000000 0.000000 0.000000 0.000000 0.000000 0.000000
 0.066040 0.000000 0.000000 0.467611 0.000000 0.000000 0.000000 0.000000 0.000000 0.000000 0.000000 0.000000 0.000000 0.000000 0.000000 0.000000 0.000000 0.466349 0.000000 0.000000
 0.000000 0.019093 0.000000 0.000000 0.000000 0.000000 0.000000 0.330871 0.000000 0.000000 0.003162 0.311518 0.000000 0.000000 0.000000 0.000000 0.000000 0.000000 0.000000 0.335356
 0.000000 0.000000 0.457744 0.008357 0.000000 0.000000 0.000000 0.000000 0.000000 0.000000 0.000000 0.000000 0.077391 0.000000 0.000000 0.456508 0.000000 0.000000 0.000000 0.000000
 0.000000 0.389744 0.000000 0.000000 0.000000 0.000000 0.000000 0.000000 0.000000 0.000000 0.219834 0.000000 0.000000 0.390422 0.000000 0.000000 0.000000 0.000000 0.000000 0.000000
 0.069926 0.000013 0.000000 0.000000 0.000000 0.000000 0.000000 0.284843 0.000000 0.000000 0.322236 0.000000 0.000000 0.000000 0.000000 0.000000 0.322981 0.000000 0.000000 0.000000
the mean of prob-rank is 1.736842105263158
the number of false negetive edges is 0
the number of probability greater than 0 is 4.35/edge
