20
 0.000000 0.000000 0.000000 0.000000 0.000000 0.000000 0.333638 0.000000 0.002604 0.000000 0.000000 0.000000 0.031326 0.000000 0.002162 0.293407 0.000396 0.000000 0.336468 0.000000
 0.000000 0.000000 0.500000 0.500000 0.000000 0.000000 0.000000 0.000000 0.000000 0.000000 0.000000 0.000000 0.000000 0.000000 0.000000 0.000000 0.000000 0.000000 0.000000 0.000000
 0.000000 0.500001 0.000000 0.000000 0.000000 0.000000 0.000000 0.000000 0.000000 0.499999 0.000000 0.000000 0.000000 0.000000 0.000000 0.000000 0.000000 0.000000 0.000000 0.000000
 0.000000 0.497638 0.000000 0.000000 0.000000 0.000000 0.000000 0.000000 0.000000 0.000000 0.000000 0.000000 0.000000 0.497615 0.004747 0.000000 0.000000 0.000000 0.000000 0.000000
 0.000000 0.000000 0.000000 0.000000 0.000000 0.000000 0.000000 0.000000 0.000000 0.000000 0.000000 0.000000 0.421562 0.000000 0.000000 0.000000 0.027716 0.426211 0.000000 0.124511
 0.000000 0.000000 0.000000 0.000000 0.000000 0.000000 0.000000 0.000000 0.000000 0.500000 0.500000 0.000000 0.000000 0.000000 0.000000 0.000000 0.000000 0.000000 0.000000 0.000000
 0.370019 0.000000 0.000000 0.000000 0.000000 0.000000 0.000000 0.000000 0.235269 0.000000 0.000000 0.001046 0.000000 0.000000 0.000000 0.373159 0.000000 0.000000 0.000176 0.020331
 0.000000 0.000000 0.000000 0.000000 0.000000 0.000000 0.000000 0.000000 0.000000 0.000000 0.000000 0.497161 0.000000 0.005780 0.497059 0.000000 0.000000 0.000000 0.000000 0.000000
 0.003046 0.000000 0.000000 0.000000 0.000000 0.000000 0.248171 0.000000 0.000000 0.000000 0.000000 0.393675 0.000000 0.000000 0.000000 0.355108 0.000000 0.000000 0.000000 0.000000
 0.000000 0.000000 0.499999 0.000000 0.000000 0.500001 0.000000 0.000000 0.000000 0.000000 0.000000 0.000000 0.000000 0.000000 0.000000 0.000000 0.000000 0.000000 0.000000 0.000000
 0.000000 0.000000 0.000000 0.000000 0.000000 0.500000 0.000000 0.000000 0.000000 0.000000 0.000000 0.000000 0.500000 0.000000 0.000000 0.000000 0.000000 0.000000 0.000000 0.000000
 0.000000 0.000000 0.000000 0.000000 0.000000 0.000000 0.001399 0.499307 0.499293 0.000000 0.000000 0.000000 0.000000 0.000000 0.000000 0.000000 0.000000 0.000000 0.000000 0.000000
 0.041096 0.000000 0.000000 0.000000 0.436660 0.000000 0.000000 0.000000 0.000000 0.000000 0.441476 0.000000 0.000000 0.000000 0.000000 0.000000 0.000000 0.080768 0.000000 0.000000
 0.000000 0.000000 0.000000 0.497099 0.000000 0.000000 0.000000 0.005779 0.000000 0.000000 0.000000 0.000000 0.000000 0.000000 0.497121 0.000000 0.000000 0.000000 0.000000 0.000000
 0.003187 0.000000 0.000000 0.004732 0.000000 0.000000 0.000000 0.495990 0.000000 0.000000 0.000000 0.000000 0.000000 0.496091 0.000000 0.000000 0.000000 0.000000 0.000000 0.000000
 0.314335 0.000000 0.000000 0.000000 0.000000 0.000000 0.360467 0.000000 0.325198 0.000000 0.000000 0.000000 0.000000 0.000000 0.000000 0.000000 0.000000 0.000000 0.000001 0.000000
 0.000561 0.000000 0.000000 0.000000 0.031033 0.000000 0.000000 0.000000 0.000000 0.000000 0.000000 0.000000 0.000000 0.000000 0.000000 0.000000 0.000000 0.014030 0.477213 0.477163
 0.000000 0.000000 0.000000 0.000000 0.452878 0.000000 0.000000 0.000000 0.000000 0.000000 0.000000 0.000000 0.082855 0.000000 0.000000 0.000000 0.013314 0.000000 0.000000 0.450953
 0.499841 0.000000 0.000000 0.000000 0.000000 0.000000 0.000235 0.000000 0.000000 0.000000 0.000000 0.000000 0.000000 0.000000 0.000000 0.000002 0.499922 0.000000 0.000000 0.000000
 0.000000 0.000000 0.000000 0.000000 0.124724 0.000000 0.023257 0.000000 0.000000 0.000000 0.000000 0.000000 0.000000 0.000000 0.000000 0.000000 0.426895 0.425125 0.000000 0.000000
the mean of prob-rank is 1.5789473684210527
the number of false negetive edges is 0
the number of probability greater than 0 is 3.6/edge
