20
 0.000000 0.021004 0.000000 0.000000 0.458385 0.000000 0.000000 0.000000 0.000000 0.062437 0.000000 0.000004 0.000000 0.000000 0.000000 0.000000 0.000000 0.000000 0.000000 0.458171
 0.020685 0.000000 0.000000 0.000000 0.449946 0.000000 0.000000 0.000000 0.451426 0.000000 0.000000 0.000000 0.000000 0.000000 0.000000 0.000000 0.000000 0.000000 0.060797 0.017147
 0.000000 0.000000 0.000000 0.238001 0.000000 0.000000 0.208702 0.000000 0.000000 0.146848 0.017577 0.000000 0.224705 0.040633 0.000000 0.123534 0.000000 0.000000 0.000000 0.000000
 0.000000 0.000000 0.324527 0.000000 0.000000 0.000000 0.345781 0.000000 0.000000 0.064541 0.000000 0.000000 0.265151 0.000000 0.000000 0.000000 0.000000 0.000000 0.000000 0.000000
 0.459573 0.458065 0.000000 0.000000 0.000000 0.000000 0.000000 0.000000 0.000000 0.000000 0.000000 0.000000 0.000000 0.000000 0.000000 0.000000 0.000000 0.000000 0.000000 0.082363
 0.000000 0.000000 0.000000 0.000000 0.000000 0.000000 0.000000 0.000000 0.246881 0.000000 0.000000 0.000000 0.000000 0.000000 0.376823 0.000000 0.000000 0.000000 0.376295 0.000000
 0.000000 0.000000 0.297605 0.361610 0.000000 0.000000 0.000000 0.000000 0.000000 0.340785 0.000000 0.000000 0.000000 0.000000 0.000000 0.000000 0.000000 0.000000 0.000000 0.000000
 0.000000 0.000000 0.000000 0.000000 0.000000 0.000000 0.000000 0.000000 0.000000 0.000000 0.309738 0.000000 0.007118 0.138798 0.065582 0.000001 0.315925 0.162838 0.000000 0.000000
 0.000000 0.376625 0.000000 0.000000 0.000000 0.246750 0.000000 0.000000 0.000000 0.000000 0.000000 0.000000 0.000000 0.000000 0.000000 0.000000 0.000000 0.000000 0.376626 0.000000
 0.048028 0.000000 0.204164 0.065807 0.000000 0.000000 0.332260 0.000000 0.000000 0.000000 0.000000 0.349741 0.000000 0.000000 0.000000 0.000000 0.000000 0.000000 0.000000 0.000000
 0.000000 0.000000 0.024829 0.000000 0.000000 0.000000 0.000000 0.345385 0.000000 0.000000 0.000000 0.000000 0.027723 0.358247 0.000000 0.243816 0.000000 0.000000 0.000000 0.000000
 0.000004 0.000000 0.000000 0.000000 0.000000 0.000000 0.000000 0.000000 0.000000 0.409389 0.000000 0.000000 0.004106 0.000000 0.000000 0.000000 0.169511 0.006558 0.000000 0.410432
 0.000000 0.000000 0.253093 0.219021 0.000000 0.000000 0.000000 0.006329 0.000000 0.000000 0.022105 0.002842 0.000000 0.000231 0.000000 0.280197 0.216183 0.000000 0.000000 0.000000
 0.000000 0.000000 0.062184 0.000000 0.000000 0.000000 0.000000 0.167679 0.000000 0.000000 0.388122 0.000000 0.000313 0.000000 0.000000 0.381701 0.000000 0.000000 0.000000 0.000000
 0.000000 0.000000 0.000000 0.000000 0.000000 0.454237 0.000000 0.092725 0.000000 0.000000 0.000000 0.000000 0.000000 0.000000 0.000000 0.000000 0.000000 0.453018 0.000000 0.000019
 0.000000 0.000000 0.155521 0.000000 0.000000 0.000000 0.000000 0.000001 0.000000 0.000000 0.217296 0.000000 0.313184 0.313999 0.000000 0.000000 0.000000 0.000000 0.000000 0.000000
 0.000000 0.000000 0.000000 0.000000 0.000000 0.000000 0.000000 0.315401 0.000000 0.000000 0.000000 0.131729 0.242737 0.000000 0.000000 0.000000 0.000000 0.310133 0.000000 0.000000
 0.000000 0.000000 0.000000 0.000000 0.000000 0.000000 0.000000 0.203803 0.000000 0.000000 0.000000 0.006389 0.000000 0.000000 0.401010 0.000000 0.388798 0.000000 0.000000 0.000000
 0.000000 0.063132 0.000000 0.000000 0.000000 0.468104 0.000000 0.000000 0.468765 0.000000 0.000000 0.000000 0.000000 0.000000 0.000000 0.000000 0.000000 0.000000 0.000000 0.000000
 0.452032 0.017178 0.000000 0.000000 0.081049 0.000000 0.000000 0.000000 0.000000 0.000000 0.000000 0.449722 0.000000 0.000000 0.000019 0.000000 0.000000 0.000000 0.000000 0.000000
the mean of prob-rank is 1.5789473684210527
the number of false negetive edges is 0
the number of probability greater than 0 is 4.6/edge
