20
 0.000000 0.000000 0.000000 0.000000 0.000000 0.000000 0.000000 0.492085 0.000000 0.000000 0.000000 0.000000 0.000000 0.015747 0.000000 0.000000 0.000000 0.000000 0.492168 0.000000
 0.000000 0.000000 0.000000 0.000000 0.000000 0.000000 0.000000 0.000000 0.500000 0.000000 0.000000 0.000000 0.000000 0.000000 0.000000 0.000000 0.000000 0.500000 0.000000 0.000000
 0.000000 0.000000 0.000000 0.000000 0.491582 0.000000 0.000000 0.000000 0.000000 0.000000 0.000000 0.000064 0.016768 0.000000 0.491586 0.000000 0.000000 0.000000 0.000000 0.000000
 0.000000 0.000000 0.000000 0.000000 0.000000 0.000000 0.000000 0.000000 0.001109 0.000002 0.007524 0.000000 0.386964 0.000000 0.000000 0.155853 0.403237 0.045312 0.000000 0.000000
 0.000000 0.000000 0.472566 0.000000 0.000000 0.000719 0.000000 0.000000 0.000000 0.040650 0.000000 0.472350 0.011380 0.000000 0.002335 0.000000 0.000000 0.000000 0.000000 0.000000
 0.000000 0.000000 0.000000 0.000000 0.000760 0.000000 0.000000 0.000000 0.000000 0.000000 0.000000 0.000000 0.000000 0.000000 0.499612 0.000000 0.000000 0.000000 0.000000 0.499627
 0.000000 0.000000 0.000000 0.000000 0.000000 0.000000 0.000000 0.499313 0.000000 0.000000 0.001377 0.000000 0.000000 0.499310 0.000000 0.000000 0.000000 0.000000 0.000000 0.000000
 0.489738 0.000000 0.000000 0.000000 0.000000 0.000000 0.489820 0.000000 0.020107 0.000000 0.000335 0.000000 0.000000 0.000000 0.000000 0.000000 0.000000 0.000000 0.000000 0.000000
 0.000000 0.487208 0.000000 0.001340 0.000000 0.000000 0.000000 0.020000 0.000000 0.000000 0.487080 0.000000 0.000000 0.000000 0.000000 0.002120 0.002069 0.000183 0.000000 0.000000
 0.000000 0.000000 0.000000 0.000002 0.038904 0.000000 0.000000 0.000000 0.000000 0.000000 0.000000 0.064293 0.000001 0.000000 0.000000 0.444548 0.000001 0.452250 0.000000 0.000000
 0.000000 0.000000 0.000000 0.009229 0.000000 0.000000 0.001364 0.000338 0.494515 0.000000 0.000000 0.000000 0.000000 0.494553 0.000000 0.000000 0.000000 0.000000 0.000000 0.000000
 0.000000 0.000000 0.000059 0.000000 0.459355 0.000000 0.000000 0.000000 0.000000 0.065330 0.000000 0.000000 0.459246 0.000000 0.000000 0.016010 0.000000 0.000000 0.000000 0.000000
 0.000000 0.000000 0.014945 0.420457 0.010551 0.000000 0.000000 0.000000 0.000000 0.000001 0.000000 0.437831 0.000000 0.000000 0.000008 0.053872 0.062334 0.000000 0.000000 0.000000
 0.015748 0.000000 0.000000 0.000000 0.000000 0.000000 0.492170 0.000000 0.000000 0.000000 0.492082 0.000000 0.000000 0.000000 0.000000 0.000000 0.000000 0.000000 0.000000 0.000000
 0.000000 0.000000 0.498771 0.000000 0.002464 0.498755 0.000000 0.000000 0.000000 0.000000 0.000000 0.000000 0.000010 0.000000 0.000000 0.000000 0.000000 0.000000 0.000000 0.000000
 0.000000 0.000000 0.000000 0.147017 0.000000 0.000000 0.000000 0.000000 0.001655 0.373875 0.000000 0.013251 0.046770 0.000000 0.000000 0.000000 0.380069 0.037364 0.000000 0.000000
 0.000000 0.000000 0.000000 0.465564 0.000000 0.000000 0.000000 0.000000 0.001977 0.000001 0.000000 0.000000 0.066236 0.000000 0.000000 0.465188 0.000000 0.001033 0.000000 0.000000
 0.000000 0.451848 0.000000 0.050774 0.000000 0.000000 0.000000 0.000000 0.000170 0.451820 0.000000 0.000000 0.000000 0.000000 0.000000 0.044385 0.001003 0.000000 0.000000 0.000000
 0.500000 0.000000 0.000000 0.000000 0.000000 0.000000 0.000000 0.000000 0.000000 0.000000 0.000000 0.000000 0.000000 0.000000 0.000000 0.000000 0.000000 0.000000 0.000000 0.500000
 0.000000 0.000000 0.000000 0.000000 0.000000 0.500000 0.000000 0.000000 0.000000 0.000000 0.000000 0.000000 0.000000 0.000000 0.000000 0.000000 0.000000 0.000000 0.500000 0.000000
the mean of prob-rank is 1.4736842105263157
the number of false negetive edges is 0
the number of probability greater than 0 is 4.6/edge
