20
 0.000000 0.000000 0.438689 0.000000 0.000000 0.000000 0.000000 0.000000 0.122418 0.436843 0.001976 0.000000 0.000000 0.000000 0.000000 0.000000 0.000000 0.000000 0.000074 0.000000
 0.000000 0.000000 0.000000 0.424407 0.000000 0.000000 0.000000 0.000000 0.000000 0.000000 0.000000 0.000000 0.444681 0.000000 0.000000 0.000000 0.000000 0.000000 0.000000 0.130912
 0.498609 0.000000 0.000000 0.000000 0.000000 0.000000 0.000000 0.000000 0.000000 0.002885 0.498506 0.000000 0.000000 0.000000 0.000000 0.000000 0.000000 0.000000 0.000000 0.000000
 0.000000 0.353319 0.000000 0.000000 0.000000 0.000000 0.000000 0.000000 0.000000 0.000000 0.000000 0.000000 0.000000 0.000000 0.276484 0.000000 0.000000 0.000000 0.000000 0.370198
 0.000000 0.000000 0.000000 0.000000 0.000000 0.000000 0.000000 0.000000 0.000000 0.000000 0.000000 0.500000 0.500000 0.000000 0.000000 0.000000 0.000000 0.000000 0.000000 0.000000
 0.000000 0.000000 0.000000 0.000000 0.000000 0.000000 0.337237 0.127561 0.255272 0.000000 0.000000 0.000000 0.000000 0.007709 0.000000 0.272221 0.000000 0.000000 0.000000 0.000000
 0.000000 0.000000 0.000000 0.000000 0.000000 0.466410 0.000000 0.466502 0.000008 0.000000 0.000000 0.000000 0.000000 0.000000 0.000000 0.000000 0.000000 0.052321 0.014760 0.000000
 0.000000 0.000000 0.000000 0.000000 0.000000 0.113196 0.299318 0.000000 0.263458 0.000000 0.000000 0.000000 0.000000 0.000000 0.000000 0.080476 0.000000 0.023684 0.219868 0.000000
 0.073303 0.000000 0.000000 0.000000 0.000000 0.198784 0.000004 0.231195 0.000000 0.000000 0.000000 0.000000 0.000000 0.000000 0.000000 0.239446 0.000000 0.000000 0.257267 0.000000
 0.485755 0.000000 0.002823 0.000000 0.000000 0.000000 0.000000 0.000000 0.000000 0.000000 0.011999 0.011617 0.000000 0.000000 0.000000 0.000000 0.487807 0.000000 0.000000 0.000000
 0.002191 0.000000 0.486252 0.000000 0.000000 0.000000 0.000000 0.000000 0.000000 0.011963 0.000000 0.000000 0.000000 0.000000 0.000000 0.000000 0.000000 0.485659 0.013935 0.000000
 0.000000 0.000000 0.000000 0.000000 0.494209 0.000000 0.000000 0.000000 0.000000 0.011770 0.000000 0.000000 0.000000 0.000000 0.000000 0.000000 0.494022 0.000000 0.000000 0.000000
 0.000000 0.499999 0.000000 0.000000 0.500001 0.000000 0.000000 0.000000 0.000000 0.000000 0.000000 0.000000 0.000000 0.000000 0.000000 0.000000 0.000000 0.000000 0.000000 0.000000
 0.000000 0.000000 0.000000 0.000000 0.000000 0.011305 0.000000 0.000000 0.000000 0.000000 0.000000 0.000000 0.000000 0.000000 0.494644 0.494052 0.000000 0.000000 0.000000 0.000000
 0.000000 0.000000 0.000000 0.273902 0.000000 0.000000 0.000000 0.000000 0.000000 0.000000 0.000000 0.000000 0.000000 0.366741 0.000000 0.000000 0.000000 0.000000 0.000000 0.359357
 0.000000 0.000000 0.000000 0.000000 0.000000 0.270241 0.000000 0.090030 0.305252 0.000000 0.000000 0.000000 0.000000 0.334477 0.000000 0.000000 0.000000 0.000000 0.000000 0.000000
 0.000000 0.000000 0.000000 0.000000 0.000000 0.000000 0.000000 0.000000 0.000000 0.500095 0.000000 0.499905 0.000000 0.000000 0.000000 0.000000 0.000000 0.000000 0.000000 0.000000
 0.000000 0.000000 0.000000 0.000000 0.000000 0.000000 0.051213 0.036130 0.000000 0.000000 0.456003 0.000000 0.000000 0.000000 0.000000 0.000000 0.000000 0.000000 0.456654 0.000000
 0.000061 0.000000 0.000000 0.000000 0.000000 0.000000 0.011403 0.264749 0.353013 0.000000 0.010327 0.000000 0.000000 0.000000 0.000000 0.000000 0.000000 0.360447 0.000000 0.000000
 0.000000 0.129446 0.000000 0.439704 0.000000 0.000000 0.000000 0.000000 0.000000 0.000000 0.000000 0.000000 0.000000 0.000000 0.430850 0.000000 0.000000 0.000000 0.000000 0.000000
the mean of prob-rank is 1.631578947368421
the number of false negetive edges is 0
the number of probability greater than 0 is 3.9/edge
