20
 0.000000 0.000000 0.000000 0.000000 0.000000 0.000000 0.000000 0.000000 0.000000 0.000000 0.499999 0.000000 0.000000 0.000000 0.000000 0.000000 0.500001 0.000000 0.000000 0.000000
 0.000000 0.000000 0.000000 0.329426 0.000000 0.333767 0.000306 0.000000 0.336496 0.000000 0.000000 0.000000 0.000000 0.000000 0.000000 0.000000 0.000000 0.000000 0.000005 0.000000
 0.000000 0.000000 0.000000 0.000000 0.000000 0.000000 0.000000 0.499998 0.000000 0.500002 0.000000 0.000000 0.000000 0.000000 0.000000 0.000000 0.000000 0.000000 0.000000 0.000000
 0.000000 0.265223 0.000000 0.000000 0.000000 0.260762 0.147000 0.000000 0.000009 0.000000 0.000000 0.263766 0.000000 0.000000 0.000000 0.000000 0.000000 0.000000 0.063239 0.000000
 0.000000 0.000000 0.000000 0.000000 0.000000 0.000000 0.000000 0.000000 0.000000 0.000000 0.000000 0.000000 0.000000 0.000000 0.000000 0.500000 0.500000 0.000000 0.000000 0.000000
 0.000000 0.334024 0.000000 0.324135 0.000000 0.000000 0.000000 0.000000 0.000000 0.000000 0.000000 0.000000 0.341842 0.000000 0.000000 0.000000 0.000000 0.000000 0.000000 0.000000
 0.000000 0.000280 0.000000 0.167007 0.000000 0.000000 0.000000 0.000000 0.200544 0.000000 0.000000 0.021801 0.000000 0.297935 0.000000 0.000000 0.000000 0.000000 0.312433 0.000000
 0.000000 0.000000 0.499997 0.000000 0.000000 0.000000 0.000000 0.000000 0.000000 0.000000 0.000000 0.000000 0.000000 0.000000 0.000000 0.500003 0.000000 0.000000 0.000000 0.000000
 0.000000 0.346679 0.000000 0.000012 0.000000 0.000000 0.225885 0.000000 0.000000 0.000000 0.000000 0.000000 0.000000 0.351488 0.000000 0.000000 0.000000 0.000034 0.075902 0.000000
 0.000000 0.000000 0.492981 0.000000 0.000000 0.000000 0.000000 0.000000 0.000000 0.000000 0.000000 0.000000 0.000000 0.014170 0.000000 0.000000 0.000000 0.492849 0.000000 0.000000
 0.499999 0.000000 0.000000 0.000000 0.000000 0.000000 0.000000 0.000000 0.000000 0.000000 0.000000 0.000000 0.000000 0.000000 0.000000 0.000000 0.000000 0.000000 0.000000 0.500001
 0.000000 0.000000 0.000000 0.326163 0.000000 0.000000 0.023728 0.000000 0.000000 0.000000 0.000000 0.000000 0.000000 0.286730 0.340008 0.000000 0.000000 0.000000 0.023371 0.000000
 0.000000 0.000000 0.000000 0.000000 0.000000 0.500003 0.000000 0.000000 0.000000 0.000000 0.000000 0.000000 0.000000 0.000000 0.000000 0.000000 0.000000 0.499997 0.000000 0.000000
 0.000000 0.000000 0.000000 0.000000 0.000000 0.000000 0.250948 0.000000 0.262843 0.007564 0.000000 0.221890 0.000000 0.000000 0.000000 0.000000 0.000000 0.000000 0.256754 0.000000
 0.000000 0.000000 0.000000 0.000000 0.000000 0.000000 0.000000 0.000000 0.000000 0.000000 0.000000 0.499960 0.000000 0.000000 0.000000 0.000000 0.000000 0.000000 0.000000 0.500040
 0.000000 0.000000 0.000000 0.000000 0.500000 0.000000 0.000000 0.500000 0.000000 0.000000 0.000000 0.000000 0.000000 0.000000 0.000000 0.000000 0.000000 0.000000 0.000000 0.000000
 0.500000 0.000000 0.000000 0.000000 0.500000 0.000000 0.000000 0.000000 0.000000 0.000000 0.000000 0.000000 0.000000 0.000000 0.000000 0.000000 0.000000 0.000000 0.000000 0.000000
 0.000000 0.000000 0.000000 0.000000 0.000000 0.000000 0.000000 0.000000 0.000049 0.499911 0.000000 0.000000 0.500040 0.000000 0.000000 0.000000 0.000000 0.000000 0.000000 0.000000
 0.000000 0.000006 0.000000 0.092351 0.000000 0.000000 0.401600 0.000000 0.086618 0.000000 0.000000 0.027601 0.000000 0.391825 0.000000 0.000000 0.000000 0.000000 0.000000 0.000000
 0.000000 0.000000 0.000000 0.000000 0.000000 0.000000 0.000000 0.000000 0.000000 0.000000 0.500000 0.000000 0.000000 0.000000 0.500000 0.000000 0.000000 0.000000 0.000000 0.000000
the mean of prob-rank is 1.7894736842105263
the number of false negetive edges is 0
the number of probability greater than 0 is 3.4/edge
