20
 0.000000 0.000000 0.000000 0.000000 0.000000 0.000000 0.000000 0.000000 0.000000 0.000000 0.397260 0.000005 0.000000 0.215078 0.387657 0.000000 0.000000 0.000000 0.000000 0.000000
 0.000000 0.000000 0.000000 0.000000 0.000000 0.000000 0.000000 0.000000 0.000000 0.000000 0.000000 0.000000 0.500009 0.000000 0.000000 0.000000 0.000000 0.499991 0.000000 0.000000
 0.000000 0.000000 0.000000 0.000000 0.000000 0.000000 0.000000 0.000000 0.000000 0.472294 0.000000 0.000000 0.471933 0.000000 0.000000 0.000000 0.000000 0.000000 0.055773 0.000000
 0.000000 0.000000 0.000000 0.000000 0.000000 0.000000 0.500000 0.000000 0.000000 0.000000 0.500000 0.000000 0.000000 0.000000 0.000000 0.000000 0.000000 0.000000 0.000000 0.000001
 0.000000 0.000000 0.000000 0.000000 0.000000 0.054754 0.000000 0.167730 0.000000 0.000000 0.000000 0.325669 0.000000 0.328530 0.000000 0.000000 0.123317 0.000000 0.000000 0.000000
 0.000000 0.000000 0.000000 0.000000 0.065214 0.000000 0.000000 0.000000 0.000000 0.000000 0.000000 0.392621 0.000000 0.000000 0.377490 0.000000 0.000000 0.000000 0.000000 0.164675
 0.000000 0.000000 0.000000 0.408955 0.000000 0.000000 0.000000 0.000000 0.000000 0.000000 0.000000 0.000000 0.000000 0.000000 0.184283 0.000000 0.000000 0.000000 0.000000 0.406762
 0.000000 0.000000 0.000000 0.000000 0.203601 0.000000 0.000000 0.000000 0.000000 0.000000 0.000000 0.000000 0.000000 0.400521 0.000000 0.000000 0.395878 0.000000 0.000000 0.000000
 0.000000 0.000000 0.000000 0.000000 0.000000 0.000000 0.000000 0.000000 0.000000 0.000000 0.000000 0.000000 0.000000 0.000000 0.000000 0.500000 0.500000 0.000000 0.000000 0.000000
 0.000000 0.000000 0.462123 0.000000 0.000000 0.000000 0.000000 0.000000 0.000000 0.000000 0.000000 0.000000 0.075944 0.000000 0.000000 0.000000 0.000000 0.000000 0.461933 0.000000
 0.500000 0.000000 0.000000 0.500000 0.000000 0.000000 0.000000 0.000000 0.000000 0.000000 0.000000 0.000000 0.000000 0.000000 0.000000 0.000000 0.000000 0.000000 0.000000 0.000000
 0.000004 0.000000 0.000000 0.000000 0.355122 0.359457 0.000000 0.000000 0.000000 0.000000 0.000000 0.000000 0.000000 0.000000 0.285417 0.000000 0.000000 0.000000 0.000000 0.000000
 0.000000 0.462192 0.461839 0.000000 0.000000 0.000000 0.000000 0.000000 0.000000 0.075955 0.000000 0.000000 0.000000 0.000000 0.000000 0.000000 0.000000 0.000013 0.000000 0.000000
 0.213396 0.000000 0.000000 0.000000 0.392450 0.000000 0.000000 0.394154 0.000000 0.000000 0.000000 0.000000 0.000000 0.000000 0.000000 0.000000 0.000000 0.000000 0.000000 0.000000
 0.306837 0.000000 0.000000 0.000000 0.000000 0.302035 0.141692 0.000000 0.000000 0.000000 0.000000 0.249435 0.000000 0.000000 0.000000 0.000000 0.000000 0.000000 0.000000 0.000000
 0.000000 0.000000 0.000000 0.000000 0.000000 0.000000 0.000000 0.000000 0.500000 0.000000 0.000000 0.000000 0.000000 0.000000 0.000000 0.000000 0.000000 0.500000 0.000000 0.000000
 0.000000 0.000000 0.000000 0.000000 0.158219 0.000000 0.000000 0.418437 0.423344 0.000000 0.000000 0.000000 0.000000 0.000000 0.000000 0.000000 0.000000 0.000000 0.000000 0.000000
 0.000000 0.499984 0.000000 0.000000 0.000000 0.000000 0.000000 0.000000 0.000000 0.000000 0.000000 0.000000 0.000014 0.000000 0.000000 0.500002 0.000000 0.000000 0.000000 0.000000
 0.000000 0.000000 0.055764 0.000000 0.000000 0.000000 0.000000 0.000000 0.000000 0.472021 0.000000 0.000000 0.000000 0.000000 0.000000 0.000000 0.000000 0.000000 0.000000 0.472215
 0.000000 0.000000 0.000000 0.000001 0.000000 0.173606 0.412086 0.000000 0.000000 0.000000 0.000000 0.000000 0.000000 0.000000 0.000000 0.000000 0.000000 0.000000 0.414307 0.000000
the mean of prob-rank is 1.631578947368421
the number of false negetive edges is 0
the number of probability greater than 0 is 3.1/edge
