20
 0.000000 0.000000 0.000000 0.500000 0.000000 0.000000 0.000000 0.000000 0.000000 0.000000 0.500000 0.000000 0.000000 0.000000 0.000000 0.000000 0.000000 0.000000 0.000000 0.000000
 0.000000 0.000000 0.000002 0.000000 0.255449 0.125156 0.000536 0.049646 0.000000 0.185355 0.000000 0.000000 0.000000 0.000000 0.000000 0.134676 0.249179 0.000000 0.000000 0.000000
 0.000000 0.000002 0.000000 0.000000 0.172299 0.169481 0.270636 0.000000 0.000000 0.000000 0.000000 0.061949 0.000000 0.000000 0.000000 0.000000 0.000000 0.001300 0.052206 0.272127
 0.500000 0.000000 0.000000 0.000000 0.000000 0.000000 0.000000 0.000000 0.000000 0.000000 0.000000 0.500000 0.000000 0.000000 0.000000 0.000000 0.000000 0.000000 0.000000 0.000000
 0.000000 0.301524 0.194467 0.000000 0.000000 0.305973 0.195860 0.000000 0.000000 0.000000 0.000000 0.000000 0.000000 0.000000 0.000000 0.000000 0.001429 0.000747 0.000000 0.000000
 0.000000 0.154318 0.199819 0.000000 0.319619 0.000000 0.005844 0.000000 0.000000 0.000000 0.000000 0.000006 0.000000 0.000000 0.000000 0.320386 0.000009 0.000000 0.000000 0.000000
 0.000000 0.000767 0.369937 0.000000 0.237205 0.006775 0.000000 0.000000 0.000000 0.000000 0.000000 0.000000 0.000000 0.000000 0.000000 0.000000 0.000195 0.373727 0.000001 0.011394
 0.000000 0.086638 0.000000 0.000000 0.000000 0.000000 0.000000 0.000000 0.000000 0.456052 0.000000 0.000000 0.000000 0.000000 0.456235 0.000000 0.001075 0.000000 0.000000 0.000000
 0.000000 0.000000 0.000000 0.000000 0.000000 0.000000 0.000000 0.000000 0.000000 0.000000 0.000000 0.000000 0.499998 0.500001 0.000000 0.000000 0.000000 0.000000 0.000001 0.000000
 0.000000 0.258671 0.000000 0.000000 0.000000 0.000000 0.000000 0.364702 0.000000 0.000000 0.000000 0.000000 0.000000 0.000000 0.011792 0.000000 0.364835 0.000000 0.000000 0.000000
 0.500000 0.000000 0.000000 0.000000 0.000000 0.000000 0.000000 0.000000 0.000000 0.000000 0.000000 0.000000 0.500000 0.000000 0.000000 0.000000 0.000000 0.000000 0.000000 0.000000
 0.000000 0.000000 0.101786 0.449237 0.000000 0.000008 0.000000 0.000000 0.000000 0.000000 0.000000 0.000000 0.000000 0.000000 0.000000 0.448968 0.000000 0.000000 0.000000 0.000000
 0.000000 0.000000 0.000000 0.000000 0.000000 0.000000 0.000000 0.000000 0.499935 0.000000 0.499937 0.000000 0.000000 0.000128 0.000000 0.000000 0.000000 0.000000 0.000000 0.000000
 0.000000 0.000000 0.000000 0.000000 0.000000 0.000000 0.000000 0.000000 0.499997 0.000000 0.000000 0.000000 0.000128 0.000000 0.000000 0.000000 0.000000 0.000000 0.000052 0.499823
 0.000000 0.000000 0.000000 0.000000 0.000000 0.000000 0.000000 0.459748 0.000000 0.014860 0.000000 0.000000 0.000000 0.000000 0.000000 0.000000 0.070226 0.000000 0.455167 0.000000
 0.000000 0.205361 0.000000 0.000000 0.000000 0.396220 0.000000 0.000000 0.000000 0.000000 0.000000 0.398418 0.000000 0.000000 0.000000 0.000000 0.000000 0.000000 0.000000 0.000000
 0.000000 0.405820 0.000000 0.000000 0.001971 0.000012 0.000222 0.001004 0.000000 0.425770 0.000000 0.000000 0.000000 0.000000 0.065038 0.000000 0.000000 0.099044 0.001119 0.000000
 0.000000 0.000000 0.002126 0.000000 0.001082 0.000000 0.447198 0.000000 0.000000 0.000000 0.000000 0.000000 0.000000 0.000000 0.000000 0.000000 0.104027 0.000000 0.445566 0.000000
 0.000000 0.000000 0.071608 0.000000 0.000000 0.000000 0.000001 0.000000 0.000000 0.000000 0.000000 0.000000 0.000000 0.000039 0.371291 0.000000 0.000986 0.373652 0.000000 0.182423
 0.000000 0.000000 0.396238 0.000000 0.000000 0.000000 0.012137 0.000000 0.000000 0.000000 0.000000 0.000000 0.000000 0.397973 0.000000 0.000000 0.000000 0.000000 0.193652 0.000000
the mean of prob-rank is 1.5263157894736843
the number of false negetive edges is 0
the number of probability greater than 0 is 4.7/edge
