20
 0.000000 0.000000 0.497215 0.000000 0.000000 0.000000 0.000000 0.000000 0.005587 0.000000 0.000000 0.000000 0.000000 0.000000 0.000000 0.000000 0.000000 0.000000 0.497198 0.000000
 0.000000 0.000000 0.000000 0.000000 0.000000 0.000000 0.000000 0.000000 0.000000 0.000000 0.000000 0.000000 0.000000 0.000000 0.000000 0.500000 0.000000 0.000000 0.000000 0.500000
 0.403933 0.000000 0.000000 0.000000 0.400982 0.000000 0.000000 0.000000 0.194253 0.000000 0.000000 0.000000 0.000000 0.000000 0.000000 0.000000 0.000000 0.000000 0.000832 0.000000
 0.000000 0.000000 0.000000 0.000000 0.000000 0.000000 0.337209 0.000000 0.000000 0.155091 0.000000 0.000000 0.000000 0.000000 0.000000 0.316868 0.000000 0.190820 0.000012 0.000000
 0.000000 0.000000 0.375722 0.000000 0.000000 0.000000 0.000000 0.000000 0.000000 0.000000 0.378486 0.000000 0.000000 0.000000 0.000000 0.000000 0.000000 0.000000 0.245792 0.000000
 0.000000 0.000000 0.000000 0.000000 0.000000 0.000000 0.000000 0.000000 0.000000 0.000890 0.000000 0.000000 0.499556 0.499553 0.000000 0.000000 0.000000 0.000000 0.000000 0.000000
 0.000000 0.000000 0.000000 0.342778 0.000000 0.000000 0.000000 0.000000 0.000000 0.344624 0.000000 0.000000 0.006540 0.000000 0.000000 0.006209 0.277772 0.013040 0.009037 0.000000
 0.000000 0.000000 0.000000 0.000000 0.000000 0.000000 0.000000 0.000000 0.000000 0.000000 0.000000 0.000000 0.000000 0.000000 0.500003 0.000000 0.499997 0.000000 0.000000 0.000000
 0.003322 0.000000 0.142176 0.000000 0.000000 0.000000 0.000000 0.000000 0.000000 0.000000 0.000000 0.295636 0.000000 0.077369 0.000000 0.226533 0.000000 0.000000 0.254964 0.000000
 0.000000 0.000000 0.000000 0.173651 0.000000 0.000681 0.379597 0.000000 0.000000 0.000000 0.000000 0.000000 0.374978 0.004602 0.000000 0.000630 0.000000 0.000000 0.065861 0.000000
 0.000000 0.000000 0.000000 0.000000 0.500000 0.000000 0.000000 0.000000 0.000000 0.000000 0.000000 0.000000 0.000000 0.000000 0.500000 0.000000 0.000000 0.000000 0.000000 0.000000
 0.000000 0.000000 0.000000 0.000000 0.000000 0.000000 0.000000 0.000000 0.393092 0.000000 0.000000 0.000000 0.000000 0.390350 0.000000 0.216558 0.000000 0.000000 0.000000 0.000000
 0.000000 0.000000 0.000000 0.000000 0.000000 0.382199 0.007205 0.000000 0.000000 0.375053 0.000000 0.000000 0.000000 0.000000 0.000000 0.000000 0.000000 0.000000 0.235542 0.000000
 0.000000 0.000000 0.000000 0.000000 0.000000 0.441128 0.000000 0.000000 0.115443 0.005313 0.000000 0.438042 0.000000 0.000000 0.000000 0.000075 0.000000 0.000000 0.000000 0.000000
 0.000000 0.000000 0.000000 0.000000 0.000000 0.000000 0.000000 0.500000 0.000000 0.000000 0.500000 0.000000 0.000000 0.000000 0.000000 0.000000 0.000000 0.000000 0.000000 0.000000
 0.000000 0.306249 0.000000 0.284342 0.000000 0.000000 0.005481 0.000000 0.234660 0.000505 0.000000 0.168712 0.000000 0.000052 0.000000 0.000000 0.000000 0.000000 0.000000 0.000000
 0.000000 0.000000 0.000000 0.000000 0.000000 0.000000 0.289552 0.361626 0.000000 0.000000 0.000000 0.000000 0.000000 0.000000 0.000000 0.000000 0.000000 0.348823 0.000000 0.000000
 0.000000 0.000000 0.000000 0.218302 0.000000 0.000000 0.014676 0.000000 0.000000 0.000000 0.000000 0.000000 0.000000 0.000000 0.000000 0.000000 0.376606 0.000000 0.000000 0.390416
 0.300420 0.000000 0.000619 0.000010 0.195102 0.000000 0.007826 0.000000 0.259093 0.051780 0.000000 0.000000 0.185149 0.000000 0.000000 0.000000 0.000000 0.000000 0.000000 0.000000
 0.000000 0.500010 0.000000 0.000000 0.000000 0.000000 0.000000 0.000000 0.000000 0.000000 0.000000 0.000000 0.000000 0.000000 0.000000 0.000000 0.000000 0.499990 0.000000 0.000000
the mean of prob-rank is 2.0
the number of false negetive edges is 0
the number of probability greater than 0 is 4.1/edge
