20
 0.000000 0.499747 0.000002 0.000000 0.000000 0.000000 0.000000 0.000000 0.000000 0.000000 0.000000 0.000000 0.000000 0.000000 0.000000 0.000000 0.500251 0.000000 0.000000 0.000000
 0.498346 0.000000 0.000500 0.000000 0.000000 0.000000 0.000000 0.000000 0.498737 0.000000 0.000000 0.000000 0.000000 0.000000 0.000000 0.000000 0.002417 0.000000 0.000000 0.000000
 0.000002 0.000503 0.000000 0.000000 0.000000 0.000000 0.000000 0.004689 0.492873 0.000000 0.000000 0.000000 0.000000 0.000000 0.000000 0.000000 0.000000 0.000000 0.501932 0.000000
 0.000000 0.000000 0.000000 0.000000 0.000000 0.000000 0.000000 0.000000 0.000000 0.000000 0.499998 0.000000 0.000000 0.500000 0.000000 0.000000 0.000000 0.000001 0.000000 0.000000
 0.000000 0.000000 0.000000 0.000000 0.000000 0.000000 0.000000 0.000000 0.000000 0.000000 0.000000 0.000000 0.500002 0.000000 0.000000 0.000000 0.000000 0.499998 0.000000 0.000000
 0.000000 0.000000 0.000000 0.000000 0.000000 0.000000 0.000000 0.322507 0.000021 0.000000 0.000000 0.347190 0.000000 0.330282 0.000000 0.000000 0.000000 0.000000 0.000000 0.000000
 0.000000 0.000000 0.000000 0.000000 0.000000 0.000000 0.000000 0.465025 0.000000 0.000000 0.000000 0.053841 0.000000 0.015019 0.000000 0.000000 0.000000 0.000000 0.466115 0.000000
 0.000000 0.000000 0.003325 0.000000 0.000000 0.330250 0.355090 0.000000 0.000000 0.000000 0.000000 0.310702 0.000000 0.000000 0.000000 0.000000 0.000000 0.000000 0.000633 0.000000
 0.000000 0.402977 0.395794 0.000000 0.000000 0.000024 0.000000 0.000000 0.000000 0.000000 0.000000 0.000000 0.000000 0.000000 0.182572 0.000000 0.000269 0.000000 0.000000 0.018364
 0.000000 0.000000 0.000000 0.000000 0.000000 0.000000 0.000000 0.000000 0.000000 0.000000 0.000000 0.000000 0.499999 0.000000 0.000000 0.500001 0.000000 0.000000 0.000000 0.000000
 0.000000 0.000000 0.000000 0.499999 0.000000 0.000000 0.000000 0.000000 0.000000 0.000000 0.000000 0.000000 0.000000 0.000000 0.000000 0.000000 0.000000 0.500001 0.000000 0.000000
 0.000000 0.000000 0.000000 0.000000 0.000000 0.352925 0.040812 0.308430 0.000000 0.000000 0.000000 0.000000 0.000000 0.297833 0.000000 0.000000 0.000000 0.000000 0.000000 0.000000
 0.000000 0.000000 0.000000 0.000000 0.499999 0.000000 0.000000 0.000000 0.000000 0.499997 0.000000 0.000000 0.000000 0.000000 0.000000 0.000005 0.000000 0.000000 0.000000 0.000000
 0.000000 0.000000 0.000000 0.353930 0.000000 0.336318 0.011404 0.000000 0.000000 0.000000 0.000000 0.298348 0.000000 0.000000 0.000000 0.000000 0.000000 0.000000 0.000000 0.000000
 0.000000 0.000000 0.000000 0.000000 0.000000 0.000000 0.000000 0.000000 0.185199 0.000000 0.000000 0.000000 0.000000 0.000000 0.000000 0.000000 0.405931 0.000000 0.000000 0.408870
 0.000000 0.000000 0.000000 0.000000 0.000000 0.000000 0.000000 0.000000 0.000000 0.500254 0.000000 0.000000 0.000005 0.000000 0.000000 0.000000 0.000000 0.000000 0.000000 0.499742
 0.500418 0.002424 0.000000 0.000000 0.000000 0.000000 0.000000 0.000000 0.000334 0.000000 0.000000 0.000000 0.000000 0.000000 0.496824 0.000000 0.000000 0.000000 0.000000 0.000000
 0.000000 0.000000 0.000000 0.000001 0.499997 0.000000 0.000000 0.000000 0.000000 0.000000 0.500002 0.000000 0.000000 0.000000 0.000000 0.000000 0.000000 0.000000 0.000000 0.000000
 0.000000 0.000000 0.499556 0.000000 0.000000 0.000000 0.499556 0.000888 0.000000 0.000000 0.000000 0.000000 0.000000 0.000000 0.000000 0.000000 0.000000 0.000000 0.000000 0.000000
 0.000000 0.000000 0.000000 0.000000 0.000000 0.000000 0.000000 0.000000 0.022284 0.000000 0.000000 0.000000 0.000000 0.000000 0.489108 0.488608 0.000000 0.000000 0.000000 0.000000
the mean of prob-rank is 1.5263157894736843
the number of false negetive edges is 0
the number of probability greater than 0 is 3.5/edge
