20
 0.000000 0.000000 0.037260 0.000000 0.000000 0.000000 0.209736 0.000000 0.000000 0.000000 0.000000 0.000000 0.341464 0.000000 0.332209 0.000000 0.000000 0.079332 0.000000 0.000000
 0.000000 0.000000 0.000000 0.000000 0.000000 0.000000 0.000000 0.000000 0.085810 0.000000 0.365937 0.000000 0.000000 0.000000 0.323671 0.224581 0.000000 0.000001 0.000000 0.000000
 0.032756 0.000000 0.000000 0.000000 0.000000 0.000000 0.263287 0.000000 0.000000 0.000000 0.000000 0.155064 0.181378 0.000000 0.066933 0.000000 0.000000 0.000000 0.300582 0.000000
 0.000000 0.000000 0.000000 0.000000 0.427423 0.000000 0.000000 0.000309 0.000000 0.000000 0.000000 0.000000 0.000000 0.144466 0.000000 0.000000 0.422698 0.000000 0.000000 0.005104
 0.000000 0.000000 0.000000 0.416736 0.000000 0.000000 0.000000 0.154976 0.000000 0.000000 0.000000 0.000000 0.000000 0.412936 0.000000 0.000000 0.000000 0.000000 0.000000 0.015352
 0.000000 0.000000 0.000000 0.000000 0.000000 0.000000 0.000049 0.075502 0.000769 0.000000 0.000000 0.000000 0.000000 0.443919 0.000000 0.000000 0.036154 0.443606 0.000000 0.000000
 0.216890 0.000000 0.309714 0.000000 0.000000 0.000039 0.000000 0.000000 0.000000 0.000000 0.000000 0.000000 0.350456 0.000000 0.019095 0.000000 0.054192 0.049615 0.000000 0.000000
 0.000000 0.000000 0.000000 0.000285 0.146437 0.066968 0.000000 0.000000 0.000000 0.387886 0.000000 0.000000 0.000000 0.000000 0.000000 0.000401 0.000000 0.004249 0.000000 0.393774
 0.000000 0.082316 0.000000 0.000000 0.000000 0.000608 0.000000 0.000000 0.000000 0.351013 0.218789 0.000000 0.000000 0.000000 0.000000 0.000000 0.000000 0.347274 0.000000 0.000000
 0.000000 0.000000 0.000000 0.000000 0.000000 0.000000 0.000000 0.394997 0.400967 0.000000 0.000000 0.000000 0.000000 0.000000 0.000000 0.203518 0.000000 0.000007 0.000000 0.000511
 0.000000 0.329060 0.000000 0.000000 0.000000 0.000000 0.000000 0.000000 0.205093 0.000000 0.000000 0.000000 0.000000 0.000000 0.283630 0.182216 0.000000 0.000001 0.000000 0.000000
 0.000000 0.000000 0.207493 0.000000 0.000000 0.000000 0.000000 0.000000 0.000000 0.000000 0.000000 0.000000 0.000000 0.000000 0.000000 0.000000 0.402213 0.000000 0.390295 0.000000
 0.300265 0.000000 0.181429 0.000000 0.000000 0.000000 0.298007 0.000000 0.000000 0.000000 0.000000 0.000000 0.000000 0.000000 0.177503 0.000000 0.000038 0.042757 0.000000 0.000000
 0.000000 0.000000 0.000000 0.141943 0.416131 0.419929 0.000000 0.000000 0.000000 0.000000 0.000000 0.000000 0.000000 0.000000 0.000000 0.000000 0.021997 0.000000 0.000000 0.000000
 0.248833 0.226528 0.057030 0.000000 0.000000 0.000000 0.013831 0.000000 0.000000 0.000000 0.220750 0.000000 0.151196 0.000000 0.000000 0.000000 0.000000 0.003648 0.078185 0.000000
 0.000000 0.229346 0.000000 0.000000 0.000000 0.000000 0.000000 0.000380 0.000000 0.189667 0.206937 0.000000 0.000000 0.000000 0.000000 0.000000 0.000000 0.000000 0.000000 0.373670
 0.000000 0.000000 0.000000 0.434480 0.000000 0.035778 0.067334 0.000000 0.000000 0.000000 0.000000 0.439337 0.000056 0.023012 0.000000 0.000000 0.000000 0.000003 0.000000 0.000000
 0.091775 0.000001 0.000000 0.000000 0.000000 0.395244 0.055503 0.004268 0.391314 0.000007 0.000001 0.000000 0.056250 0.000000 0.005634 0.000000 0.000002 0.000000 0.000000 0.000000
 0.000000 0.000000 0.439434 0.000000 0.000000 0.000000 0.000000 0.000000 0.000000 0.000000 0.000000 0.426415 0.000000 0.000000 0.134151 0.000000 0.000000 0.000000 0.000000 0.000000
 0.000000 0.000000 0.000000 0.005825 0.017970 0.000000 0.000000 0.487813 0.000000 0.000621 0.000000 0.000000 0.000000 0.000000 0.000000 0.487770 0.000000 0.000000 0.000000 0.000000
the mean of prob-rank is 1.5789473684210527
the number of false negetive edges is 0
the number of probability greater than 0 is 5.5/edge
