20
 0.000000 0.000000 0.000000 0.353851 0.000000 0.000000 0.314638 0.000000 0.000000 0.000000 0.331511 0.000000 0.000000 0.000000 0.000000 0.000000 0.000000 0.000000 0.000000 0.000000
 0.000000 0.000000 0.000000 0.000000 0.000000 0.000000 0.000000 0.002311 0.000001 0.000000 0.000000 0.396192 0.000000 0.000000 0.262751 0.338746 0.000000 0.000000 0.000000 0.000000
 0.000000 0.000000 0.000000 0.000000 0.000000 0.000000 0.263553 0.000000 0.000000 0.000000 0.308460 0.000000 0.000000 0.000000 0.000000 0.000000 0.147196 0.280792 0.000000 0.000000
 0.500000 0.000000 0.000000 0.000000 0.000000 0.000000 0.000000 0.000000 0.000000 0.000000 0.000000 0.000000 0.500000 0.000000 0.000000 0.000000 0.000000 0.000000 0.000000 0.000000
 0.000000 0.000000 0.000000 0.000000 0.000000 0.031621 0.000000 0.000321 0.000000 0.000000 0.000000 0.000000 0.000000 0.000000 0.484930 0.000000 0.000000 0.000000 0.000000 0.483128
 0.000000 0.000000 0.000000 0.000000 0.025952 0.000000 0.000000 0.000000 0.000000 0.000000 0.000000 0.000000 0.000000 0.000000 0.000000 0.000000 0.000001 0.184842 0.391214 0.397991
 0.324093 0.000000 0.311422 0.000000 0.000000 0.000000 0.000000 0.000000 0.000000 0.000000 0.000000 0.000000 0.000000 0.000000 0.000000 0.000000 0.364485 0.000000 0.000000 0.000000
 0.000000 0.002342 0.000000 0.000000 0.000266 0.000000 0.000000 0.000000 0.003690 0.000000 0.000000 0.401498 0.000000 0.000000 0.398919 0.000000 0.000000 0.000000 0.193285 0.000000
 0.000000 0.000000 0.000000 0.000000 0.000000 0.000000 0.000000 0.003027 0.000000 0.000000 0.193551 0.000721 0.000000 0.000000 0.000000 0.305463 0.000000 0.167958 0.329280 0.000000
 0.000000 0.000000 0.000000 0.000000 0.000000 0.000000 0.000000 0.000000 0.000000 0.000000 0.000000 0.000000 0.500000 0.500000 0.000000 0.000000 0.000000 0.000000 0.000000 0.000000
 0.297583 0.000000 0.317637 0.000000 0.000000 0.000000 0.000000 0.000000 0.186707 0.000000 0.000000 0.000000 0.000000 0.000000 0.000000 0.000000 0.000000 0.198072 0.000000 0.000000
 0.000000 0.493668 0.000000 0.000000 0.000000 0.000000 0.000000 0.493674 0.001081 0.000000 0.000000 0.000000 0.000000 0.000000 0.005240 0.000000 0.000000 0.000000 0.006337 0.000000
 0.000000 0.000000 0.000000 0.500000 0.000000 0.000000 0.000000 0.000000 0.000000 0.500000 0.000000 0.000000 0.000000 0.000000 0.000000 0.000000 0.000000 0.000000 0.000000 0.000000
 0.000000 0.000000 0.000000 0.000000 0.000000 0.000000 0.000000 0.000000 0.000000 0.500000 0.000000 0.000000 0.000000 0.000000 0.000000 0.500000 0.000000 0.000000 0.000000 0.000000
 0.000000 0.248628 0.000000 0.000000 0.374900 0.000000 0.000000 0.372492 0.000000 0.000000 0.000000 0.003979 0.000000 0.000000 0.000000 0.000000 0.000000 0.000000 0.000000 0.000000
 0.000000 0.307257 0.000000 0.000000 0.000000 0.000000 0.000000 0.000000 0.333375 0.000000 0.000000 0.000000 0.000000 0.359368 0.000000 0.000000 0.000000 0.000000 0.000000 0.000000
 0.000000 0.000000 0.193223 0.000000 0.000000 0.000001 0.404915 0.000000 0.000000 0.000000 0.000000 0.000000 0.000000 0.000000 0.000000 0.000000 0.000000 0.401861 0.000000 0.000000
 0.000000 0.000000 0.258678 0.000000 0.000000 0.131977 0.000000 0.000000 0.144947 0.000000 0.177200 0.000000 0.000000 0.000000 0.000000 0.000000 0.282024 0.000000 0.000945 0.004228
 0.000000 0.000000 0.000000 0.000000 0.000000 0.370369 0.000000 0.181388 0.376786 0.000000 0.000000 0.004837 0.000000 0.000000 0.000000 0.000000 0.000000 0.001253 0.000000 0.065368
 0.000000 0.000000 0.000000 0.000000 0.456038 0.457739 0.000000 0.000000 0.000000 0.000000 0.000000 0.000000 0.000000 0.000000 0.000000 0.000000 0.000000 0.006810 0.079413 0.000000
the mean of prob-rank is 1.631578947368421
the number of false negetive edges is 0
the number of probability greater than 0 is 3.9/edge
