20
 0.000000 0.000000 0.000000 0.000000 0.347560 0.000000 0.000000 0.371289 0.000690 0.000040 0.000000 0.000000 0.280421 0.000000 0.000000 0.000000 0.000000 0.000000 0.000000 0.000000
 0.000000 0.000000 0.000752 0.358123 0.000000 0.266436 0.000000 0.000000 0.000000 0.000000 0.000000 0.000000 0.000000 0.000000 0.000000 0.000000 0.000012 0.000000 0.000000 0.374677
 0.000000 0.001005 0.000000 0.000000 0.000000 0.000000 0.000000 0.000000 0.000000 0.000000 0.000000 0.000000 0.000000 0.000000 0.000000 0.000000 0.500730 0.001265 0.000000 0.497000
 0.000000 0.295050 0.000000 0.000000 0.000000 0.117831 0.308631 0.000000 0.000000 0.000000 0.000000 0.000000 0.000018 0.000000 0.000000 0.179661 0.000000 0.000000 0.000000 0.098810
 0.247329 0.000000 0.000000 0.000000 0.000000 0.000000 0.206810 0.039782 0.000000 0.024927 0.225387 0.000000 0.248928 0.000000 0.000000 0.006836 0.000000 0.000000 0.000000 0.000000
 0.000000 0.235757 0.000000 0.126551 0.000001 0.000000 0.306158 0.000000 0.000000 0.000000 0.000000 0.000000 0.000000 0.000000 0.000000 0.331533 0.000000 0.000000 0.000000 0.000000
 0.000000 0.000000 0.000000 0.363439 0.284528 0.335684 0.000000 0.000000 0.000000 0.000000 0.000000 0.000000 0.014535 0.001577 0.000000 0.000238 0.000000 0.000000 0.000000 0.000000
 0.381470 0.000000 0.000000 0.000000 0.057437 0.000000 0.000000 0.000000 0.360426 0.003950 0.000005 0.000000 0.196701 0.000000 0.000000 0.000000 0.000000 0.000000 0.000011 0.000000
 0.000649 0.000000 0.000000 0.000000 0.000000 0.000000 0.000000 0.330032 0.000000 0.000004 0.000000 0.348619 0.000000 0.000000 0.000000 0.000000 0.000000 0.000000 0.320697 0.000000
 0.000050 0.000000 0.000000 0.000000 0.044486 0.000000 0.000000 0.004883 0.000005 0.000000 0.471545 0.469536 0.000000 0.000000 0.009495 0.000000 0.000000 0.000000 0.000000 0.000000
 0.000000 0.000000 0.000000 0.000000 0.313909 0.000000 0.000000 0.000004 0.000000 0.367988 0.000000 0.082489 0.000000 0.000000 0.125368 0.110241 0.000000 0.000000 0.000000 0.000000
 0.000000 0.000000 0.000000 0.000000 0.000000 0.000000 0.000000 0.000000 0.310616 0.309898 0.069765 0.000000 0.000000 0.000000 0.089418 0.000000 0.000000 0.000000 0.220303 0.000000
 0.232166 0.000000 0.000000 0.000018 0.289610 0.000000 0.012291 0.158506 0.000000 0.000000 0.000000 0.000000 0.000000 0.307397 0.000000 0.000000 0.000000 0.000013 0.000000 0.000000
 0.000000 0.000000 0.000000 0.000000 0.000000 0.000000 0.002166 0.000000 0.000000 0.000000 0.000000 0.000000 0.499065 0.000000 0.000000 0.000000 0.000000 0.498769 0.000000 0.000000
 0.000000 0.000000 0.000000 0.000000 0.000000 0.000000 0.000000 0.000000 0.000000 0.007724 0.130689 0.110213 0.000000 0.000000 0.000000 0.367769 0.000000 0.000000 0.383605 0.000000
 0.000000 0.000000 0.000000 0.203016 0.009025 0.348816 0.000228 0.000000 0.000000 0.000000 0.104498 0.000000 0.000000 0.000000 0.334417 0.000000 0.000000 0.000000 0.000000 0.000000
 0.000000 0.000016 0.499989 0.000000 0.000000 0.000000 0.000000 0.000000 0.000000 0.000000 0.000000 0.000000 0.000000 0.000000 0.000000 0.000000 0.000000 0.499994 0.000000 0.000000
 0.000000 0.000000 0.001262 0.000000 0.000000 0.000000 0.000000 0.000000 0.000000 0.000000 0.000000 0.000000 0.000021 0.499211 0.000000 0.000000 0.499506 0.000000 0.000000 0.000000
 0.000000 0.000000 0.000000 0.000000 0.000000 0.000000 0.000000 0.000011 0.349624 0.000000 0.000000 0.269558 0.000000 0.000000 0.380807 0.000000 0.000000 0.000000 0.000000 0.000000
 0.000000 0.432407 0.429181 0.138412 0.000000 0.000000 0.000000 0.000000 0.000000 0.000000 0.000000 0.000000 0.000000 0.000000 0.000000 0.000000 0.000000 0.000000 0.000000 0.000000
the mean of prob-rank is 1.7894736842105263
the number of false negetive edges is 0
the number of probability greater than 0 is 5.1/edge
