20
 0.000000 0.000000 0.000000 0.027272 0.000000 0.000000 0.000000 0.000000 0.000000 0.486267 0.000000 0.000000 0.000000 0.486460 0.000000 0.000000 0.000000 0.000000 0.000000 0.000000
 0.000000 0.000000 0.000000 0.000000 0.000000 0.000000 0.000000 0.000000 0.000000 0.000000 0.500000 0.000000 0.000000 0.000000 0.500000 0.000000 0.000000 0.000000 0.000000 0.000000
 0.000000 0.000000 0.000000 0.000000 0.000000 0.000000 0.491784 0.000447 0.491623 0.000000 0.000000 0.000000 0.000000 0.000000 0.000000 0.000000 0.000000 0.000000 0.000000 0.016146
 0.027197 0.000000 0.000000 0.000000 0.000000 0.000000 0.000000 0.000000 0.000000 0.003057 0.000000 0.000000 0.000000 0.484704 0.000000 0.000000 0.000000 0.485042 0.000000 0.000000
 0.000000 0.000000 0.000000 0.000000 0.000000 0.000000 0.000000 0.000000 0.000000 0.000000 0.500000 0.000000 0.500000 0.000000 0.000000 0.000000 0.000000 0.000000 0.000000 0.000000
 0.000000 0.000000 0.000000 0.000000 0.000000 0.000000 0.000000 0.000000 0.000000 0.000000 0.000000 0.349793 0.000000 0.000000 0.000000 0.321467 0.000000 0.000000 0.328740 0.000000
 0.000000 0.000000 0.496832 0.000000 0.000000 0.000000 0.000000 0.000000 0.000000 0.000000 0.000000 0.000000 0.000000 0.000000 0.007767 0.000000 0.000000 0.000000 0.000000 0.495401
 0.000000 0.000000 0.000455 0.000000 0.000000 0.000000 0.000000 0.000000 0.499788 0.000000 0.000000 0.000000 0.000000 0.000000 0.499757 0.000000 0.000000 0.000000 0.000000 0.000000
 0.000000 0.000000 0.498134 0.000000 0.000000 0.000000 0.000000 0.498334 0.000000 0.000000 0.000000 0.000000 0.000000 0.000000 0.000000 0.000000 0.000000 0.003532 0.000000 0.000000
 0.498322 0.000000 0.000000 0.003142 0.000000 0.000000 0.000000 0.000000 0.000000 0.000000 0.000000 0.000000 0.000000 0.000000 0.000000 0.000000 0.000000 0.000000 0.498536 0.000000
 0.000000 0.500000 0.000000 0.000000 0.500000 0.000000 0.000000 0.000000 0.000000 0.000000 0.000000 0.000000 0.000000 0.000000 0.000000 0.000000 0.000000 0.000000 0.000000 0.000000
 0.000000 0.000000 0.000000 0.000000 0.000000 0.348390 0.000000 0.000000 0.000000 0.000000 0.000000 0.000000 0.000000 0.000000 0.000000 0.336710 0.000000 0.000000 0.314900 0.000000
 0.000000 0.000000 0.000000 0.000000 0.500000 0.000000 0.000000 0.000000 0.000000 0.000000 0.000000 0.000000 0.000000 0.000000 0.000000 0.000000 0.500000 0.000000 0.000000 0.000000
 0.461735 0.000000 0.000000 0.461349 0.000000 0.000000 0.000000 0.000000 0.000000 0.000000 0.000000 0.000000 0.000000 0.000000 0.000000 0.000000 0.000071 0.076844 0.000000 0.000000
 0.000000 0.496138 0.000000 0.000000 0.000000 0.000000 0.007755 0.496107 0.000000 0.000000 0.000000 0.000000 0.000000 0.000000 0.000000 0.000000 0.000000 0.000000 0.000000 0.000000
 0.000000 0.000000 0.000000 0.000000 0.000000 0.318498 0.000000 0.000000 0.000000 0.000000 0.000000 0.334944 0.000000 0.000000 0.000000 0.000000 0.000000 0.000000 0.000000 0.346558
 0.000000 0.000000 0.000000 0.000000 0.000000 0.000000 0.000000 0.000000 0.000000 0.000000 0.000000 0.000000 0.499962 0.000077 0.000000 0.000000 0.000000 0.499961 0.000000 0.000000
 0.000000 0.000000 0.000000 0.460044 0.000000 0.000000 0.000000 0.000000 0.003262 0.000000 0.000000 0.000000 0.000000 0.076573 0.000000 0.000000 0.460122 0.000000 0.000000 0.000000
 0.000000 0.000000 0.000000 0.000000 0.000000 0.330491 0.000000 0.000000 0.000000 0.351657 0.000000 0.317853 0.000000 0.000000 0.000000 0.000000 0.000000 0.000000 0.000000 0.000000
 0.000000 0.000000 0.016173 0.000000 0.000000 0.000000 0.491189 0.000000 0.000000 0.000000 0.000000 0.000000 0.000000 0.000000 0.000000 0.492638 0.000000 0.000000 0.000000 0.000000
the mean of prob-rank is 1.5263157894736843
the number of false negetive edges is 0
the number of probability greater than 0 is 3.0/edge
