20
 0.000000 0.000000 0.000000 0.458448 0.000000 0.000387 0.010814 0.000000 0.000000 0.459574 0.070777 0.000000 0.000000 0.000000 0.000000 0.000000 0.000000 0.000000 0.000000 0.000000
 0.000000 0.000000 0.000000 0.000000 0.000000 0.000000 0.000000 0.000000 0.000000 0.000000 0.000000 0.000000 0.000000 0.499996 0.500004 0.000000 0.000000 0.000000 0.000000 0.000000
 0.000000 0.000000 0.000000 0.000000 0.000000 0.000000 0.500000 0.500000 0.000000 0.000000 0.000000 0.000000 0.000000 0.000000 0.000000 0.000000 0.000000 0.000000 0.000000 0.000000
 0.474953 0.000000 0.000000 0.000000 0.000000 0.000000 0.000000 0.028818 0.000000 0.000189 0.476119 0.000000 0.000000 0.000000 0.019920 0.000000 0.000000 0.000000 0.000000 0.000000
 0.000000 0.000000 0.000000 0.000000 0.000000 0.492548 0.000000 0.000000 0.014243 0.000000 0.000000 0.000000 0.000000 0.000000 0.000000 0.000000 0.000000 0.000000 0.000000 0.493209
 0.000418 0.000000 0.000000 0.000000 0.495901 0.000000 0.000000 0.000000 0.000123 0.005532 0.000000 0.000000 0.000000 0.000000 0.000000 0.000000 0.000000 0.496567 0.001394 0.000063
 0.011629 0.000000 0.494205 0.000000 0.000000 0.000000 0.000000 0.000000 0.000000 0.000000 0.000000 0.000000 0.000000 0.000000 0.000000 0.000000 0.000000 0.000000 0.000000 0.494166
 0.000000 0.000000 0.485518 0.029387 0.000000 0.000000 0.000000 0.000000 0.000000 0.000000 0.485095 0.000000 0.000000 0.000000 0.000000 0.000000 0.000000 0.000000 0.000000 0.000000
 0.000000 0.000000 0.000000 0.000000 0.014135 0.000121 0.000000 0.000000 0.000000 0.000000 0.000000 0.000000 0.000000 0.000000 0.000000 0.489462 0.000000 0.489391 0.000000 0.006891
 0.456818 0.000000 0.000000 0.000182 0.000000 0.005090 0.000000 0.000000 0.000000 0.000000 0.057266 0.000000 0.000000 0.000000 0.456164 0.000000 0.000000 0.000000 0.024481 0.000000
 0.067591 0.000000 0.000000 0.438886 0.000000 0.000000 0.000000 0.438504 0.000000 0.055018 0.000000 0.000000 0.000000 0.000000 0.000000 0.000000 0.000000 0.000000 0.000000 0.000000
 0.000000 0.000000 0.000000 0.000000 0.000000 0.000000 0.000000 0.000000 0.000000 0.000000 0.000000 0.000000 0.000000 0.000000 0.000000 0.000000 0.497585 0.006164 0.496251 0.000000
 0.000000 0.000000 0.000000 0.000000 0.000000 0.000000 0.000000 0.000000 0.000000 0.000000 0.000000 0.000000 0.000000 0.000000 0.000000 0.500000 0.500000 0.000000 0.000000 0.000000
 0.000000 0.499996 0.000000 0.000000 0.000000 0.000000 0.000000 0.000000 0.000000 0.000000 0.000000 0.000000 0.000000 0.000000 0.000000 0.000000 0.000000 0.000000 0.500004 0.000000
 0.000000 0.490098 0.000000 0.020505 0.000000 0.000000 0.000000 0.000000 0.000000 0.489397 0.000000 0.000000 0.000000 0.000000 0.000000 0.000000 0.000000 0.000000 0.000000 0.000000
 0.000000 0.000000 0.000000 0.000000 0.000000 0.000000 0.000000 0.000000 0.499999 0.000000 0.000000 0.000000 0.500001 0.000000 0.000000 0.000000 0.000000 0.000000 0.000000 0.000000
 0.000000 0.000000 0.000000 0.000000 0.000000 0.000000 0.000000 0.000000 0.000000 0.000000 0.000000 0.500000 0.500000 0.000000 0.000000 0.000000 0.000000 0.000000 0.000000 0.000000
 0.000000 0.000000 0.000000 0.000000 0.000000 0.496958 0.000000 0.000000 0.496885 0.000000 0.000000 0.006157 0.000000 0.000000 0.000000 0.000000 0.000000 0.000000 0.000000 0.000000
 0.000000 0.000000 0.000000 0.000000 0.000000 0.001367 0.000000 0.000000 0.000000 0.026094 0.000000 0.485616 0.000000 0.486923 0.000000 0.000000 0.000000 0.000000 0.000000 0.000000
 0.000000 0.000000 0.000000 0.000000 0.496493 0.000063 0.496454 0.000000 0.006989 0.000000 0.000000 0.000000 0.000000 0.000000 0.000000 0.000000 0.000000 0.000000 0.000000 0.000000
the mean of prob-rank is 1.5263157894736843
the number of false negetive edges is 0
the number of probability greater than 0 is 3.5/edge
