20
 0.000000 0.000000 0.098391 0.000000 0.000000 0.000000 0.000000 0.391172 0.000000 0.000000 0.081336 0.023802 0.000000 0.393932 0.000000 0.000000 0.000000 0.000000 0.000000 0.011366
 0.000000 0.000000 0.000000 0.000000 0.447807 0.000000 0.000000 0.000000 0.000000 0.000000 0.006552 0.002387 0.000001 0.000000 0.000000 0.000000 0.436674 0.000000 0.000000 0.106578
 0.087931 0.000000 0.000000 0.000000 0.000000 0.000000 0.000000 0.233674 0.000000 0.352788 0.325607 0.000000 0.000000 0.000000 0.000000 0.000000 0.000000 0.000000 0.000000 0.000000
 0.000000 0.000000 0.000000 0.000000 0.000000 0.000067 0.000000 0.084685 0.000000 0.000000 0.000058 0.005441 0.000657 0.012898 0.000000 0.000000 0.444238 0.446015 0.000000 0.005942
 0.000000 0.494047 0.000000 0.000000 0.000000 0.000000 0.000000 0.000000 0.000000 0.000000 0.000000 0.000000 0.493902 0.000000 0.000000 0.000000 0.000000 0.000000 0.012051 0.000000
 0.000000 0.000000 0.000000 0.000076 0.000000 0.000000 0.000000 0.000000 0.000000 0.000000 0.000000 0.000000 0.000000 0.499921 0.000000 0.000000 0.000000 0.500003 0.000000 0.000000
 0.000000 0.000000 0.000000 0.000000 0.000000 0.000000 0.000000 0.000000 0.000000 0.000000 0.000000 0.000000 0.006536 0.000000 0.496731 0.000000 0.000000 0.000000 0.496733 0.000000
 0.263437 0.000000 0.176089 0.050449 0.000000 0.000000 0.000000 0.000000 0.010596 0.000000 0.197321 0.237586 0.000000 0.000000 0.000000 0.000001 0.000000 0.000000 0.000000 0.064522
 0.000000 0.000000 0.000000 0.000000 0.000000 0.000000 0.000000 0.016905 0.000000 0.424150 0.135718 0.000000 0.000000 0.000000 0.000000 0.423227 0.000000 0.000000 0.000000 0.000000
 0.000000 0.000000 0.499928 0.000000 0.000000 0.000000 0.000000 0.000000 0.499927 0.000000 0.000145 0.000000 0.000000 0.000000 0.000000 0.000000 0.000000 0.000000 0.000000 0.000000
 0.049657 0.003526 0.222436 0.000032 0.000000 0.000000 0.000000 0.178880 0.077115 0.000070 0.009156 0.236601 0.000000 0.000000 0.000000 0.014402 0.000461 0.000000 0.000000 0.207663
 0.017949 0.001587 0.000000 0.003630 0.000000 0.000000 0.000000 0.266041 0.000000 0.000000 0.292250 0.000000 0.000000 0.000000 0.000000 0.000177 0.120677 0.000000 0.000000 0.297689
 0.000000 0.000001 0.000000 0.000729 0.495479 0.000000 0.006522 0.000000 0.000000 0.000000 0.000000 0.000000 0.000000 0.000000 0.000000 0.000000 0.000000 0.001648 0.495622 0.000000
 0.492394 0.000000 0.000000 0.014261 0.000000 0.493343 0.000000 0.000000 0.000000 0.000000 0.000000 0.000000 0.000000 0.000000 0.000000 0.000000 0.000000 0.000002 0.000000 0.000000
 0.000000 0.000000 0.000000 0.000000 0.000000 0.000000 0.499984 0.000000 0.000000 0.000000 0.000000 0.000000 0.000000 0.000000 0.000000 0.500016 0.000000 0.000000 0.000000 0.000000
 0.000000 0.000000 0.000000 0.000000 0.000000 0.000000 0.000000 0.000002 0.470573 0.000000 0.028182 0.000280 0.000000 0.000000 0.471601 0.000000 0.000000 0.000000 0.000000 0.029361
 0.000000 0.318452 0.000000 0.325089 0.000000 0.000000 0.000000 0.000000 0.000000 0.000000 0.000625 0.132385 0.000000 0.000000 0.000000 0.000000 0.000000 0.000000 0.000000 0.223448
 0.000000 0.000000 0.000000 0.499030 0.000000 0.499308 0.000000 0.000000 0.000000 0.000000 0.000000 0.000000 0.001660 0.000002 0.000000 0.000000 0.000000 0.000000 0.000000 0.000000
 0.000000 0.000000 0.000000 0.000000 0.012050 0.000000 0.493961 0.000000 0.000000 0.000000 0.000000 0.000000 0.493989 0.000000 0.000000 0.000000 0.000000 0.000000 0.000000 0.000000
 0.009196 0.076016 0.000000 0.004253 0.000000 0.000000 0.000000 0.077516 0.000000 0.000000 0.275206 0.319392 0.000000 0.000000 0.000000 0.019885 0.218536 0.000000 0.000000 0.000000
the mean of prob-rank is 1.5263157894736843
the number of false negetive edges is 0
the number of probability greater than 0 is 5.2/edge
