20
 0.000000 0.000000 0.405777 0.000000 0.000000 0.000000 0.000000 0.000000 0.187310 0.000000 0.000000 0.000000 0.000000 0.000000 0.000000 0.000000 0.000000 0.000000 0.406913 0.000000
 0.000000 0.000000 0.000000 0.000000 0.485217 0.000000 0.002909 0.000000 0.000000 0.001440 0.000000 0.000000 0.000154 0.000045 0.000000 0.000000 0.486767 0.000002 0.000000 0.023466
 0.421478 0.000000 0.000000 0.000000 0.000000 0.000000 0.000000 0.000000 0.035967 0.422369 0.000001 0.000000 0.000000 0.000000 0.005485 0.000000 0.000000 0.000000 0.114699 0.000000
 0.000000 0.000000 0.000000 0.000000 0.000000 0.200368 0.000000 0.000000 0.007742 0.213159 0.246913 0.000000 0.125953 0.000000 0.000000 0.000000 0.000000 0.205864 0.000000 0.000000
 0.000000 0.314960 0.000000 0.000000 0.000000 0.000000 0.000000 0.000000 0.000000 0.005725 0.000000 0.000000 0.276926 0.000000 0.000000 0.000000 0.000000 0.087478 0.000000 0.314911
 0.000000 0.000000 0.000000 0.287536 0.000000 0.000000 0.000000 0.000000 0.357463 0.000000 0.347564 0.000001 0.006806 0.000000 0.000000 0.000000 0.000000 0.000629 0.000000 0.000000
 0.000000 0.002907 0.000000 0.000000 0.000000 0.000000 0.000000 0.000000 0.000000 0.000000 0.000000 0.486496 0.000000 0.001763 0.000000 0.025562 0.000000 0.000000 0.000000 0.483271
 0.000000 0.000000 0.000000 0.000000 0.000000 0.000000 0.000000 0.000000 0.000000 0.000000 0.000000 0.000000 0.000000 0.390628 0.215707 0.393664 0.000000 0.000000 0.000000 0.000000
 0.155768 0.000000 0.028796 0.010510 0.000000 0.338186 0.000000 0.000000 0.000000 0.000465 0.090426 0.313600 0.000010 0.000000 0.000000 0.000000 0.000000 0.000001 0.062238 0.000000
 0.000000 0.000682 0.230375 0.197154 0.004177 0.000000 0.000000 0.000000 0.000317 0.000000 0.201185 0.000000 0.192778 0.000014 0.000000 0.000000 0.000042 0.173276 0.000000 0.000000
 0.000000 0.000000 0.000001 0.308213 0.000000 0.302328 0.000000 0.000000 0.083141 0.271520 0.000000 0.000000 0.013088 0.000000 0.000000 0.000000 0.000000 0.021709 0.000000 0.000000
 0.000000 0.000000 0.000000 0.000000 0.000000 0.000001 0.308451 0.000000 0.285855 0.000000 0.000000 0.000000 0.073674 0.000000 0.000000 0.000000 0.000000 0.269899 0.000000 0.062119
 0.000000 0.000088 0.000000 0.141525 0.245447 0.005329 0.000000 0.000000 0.000008 0.234197 0.011782 0.066893 0.000000 0.000000 0.000000 0.000000 0.000000 0.280063 0.000000 0.014667
 0.000000 0.000039 0.000000 0.000000 0.000000 0.000000 0.001555 0.425585 0.000000 0.000027 0.000000 0.000000 0.000000 0.000000 0.000000 0.143733 0.429062 0.000000 0.000000 0.000000
 0.000000 0.000000 0.005075 0.000000 0.000000 0.000000 0.000000 0.214181 0.000000 0.000000 0.000000 0.000000 0.000000 0.000000 0.000000 0.390567 0.000000 0.000000 0.390177 0.000000
 0.000000 0.000000 0.000000 0.000000 0.000000 0.000000 0.021135 0.402071 0.000000 0.000000 0.000000 0.000000 0.000000 0.134744 0.401751 0.000000 0.000000 0.000000 0.040299 0.000000
 0.000000 0.499953 0.000000 0.000000 0.000000 0.000000 0.000000 0.000000 0.000000 0.000090 0.000000 0.000000 0.000000 0.499956 0.000000 0.000000 0.000000 0.000000 0.000000 0.000000
 0.000000 0.000001 0.000000 0.192859 0.064643 0.000411 0.000000 0.000000 0.000000 0.175508 0.016293 0.204316 0.233501 0.000000 0.000000 0.000000 0.000000 0.000000 0.000000 0.112468
 0.391657 0.000000 0.106286 0.000000 0.000000 0.000000 0.000000 0.000000 0.072035 0.000000 0.000000 0.000000 0.000000 0.000000 0.390784 0.039238 0.000000 0.000000 0.000000 0.000000
 0.000000 0.017380 0.000000 0.000000 0.359320 0.000000 0.358150 0.000000 0.000000 0.000000 0.000000 0.072610 0.018882 0.000000 0.000000 0.000000 0.000000 0.173658 0.000000 0.000000
the mean of prob-rank is 1.631578947368421
the number of false negetive edges is 0
the number of probability greater than 0 is 5.95/edge
