20
 0.000000 0.000000 0.444306 0.000000 0.000002 0.000000 0.000000 0.445151 0.000000 0.000000 0.000000 0.000000 0.000000 0.013471 0.097069 0.000000 0.000000 0.000000 0.000000 0.000000
 0.000000 0.000000 0.000000 0.000072 0.000000 0.441147 0.000000 0.000000 0.000000 0.000000 0.000000 0.000000 0.439528 0.000000 0.000000 0.000000 0.000000 0.000000 0.000000 0.119252
 0.401143 0.000000 0.000000 0.000000 0.000000 0.000000 0.000000 0.196959 0.000000 0.000000 0.401892 0.000000 0.000000 0.000000 0.000007 0.000000 0.000000 0.000000 0.000000 0.000000
 0.000000 0.000082 0.000000 0.000000 0.000000 0.499951 0.000000 0.000000 0.000000 0.000000 0.000000 0.499967 0.000000 0.000000 0.000000 0.000000 0.000000 0.000000 0.000000 0.000000
 0.000003 0.000000 0.000000 0.000000 0.000000 0.000000 0.000409 0.000000 0.000000 0.000000 0.499791 0.000000 0.000000 0.499797 0.000000 0.000000 0.000000 0.000000 0.000000 0.000000
 0.000000 0.488764 0.000000 0.488748 0.000000 0.000000 0.000000 0.000000 0.000000 0.000000 0.000000 0.000000 0.022488 0.000000 0.000000 0.000000 0.000000 0.000000 0.000000 0.000000
 0.000000 0.000000 0.000000 0.000000 0.000403 0.000000 0.000000 0.000000 0.000000 0.000000 0.002413 0.000000 0.491738 0.001454 0.012658 0.000000 0.000000 0.000001 0.000000 0.491333
 0.403115 0.000000 0.197551 0.000000 0.000000 0.000000 0.000000 0.000000 0.000000 0.000000 0.000001 0.000000 0.000000 0.000000 0.399333 0.000000 0.000000 0.000000 0.000000 0.000000
 0.000000 0.000000 0.000000 0.000000 0.000000 0.000000 0.000000 0.000000 0.000000 0.000000 0.000000 0.000000 0.000000 0.000000 0.373756 0.248630 0.377614 0.000000 0.000000 0.000000
 0.000000 0.000000 0.000000 0.000000 0.000000 0.000000 0.000000 0.000000 0.000000 0.000000 0.000000 0.500000 0.000000 0.000000 0.000000 0.000000 0.000000 0.000000 0.500000 0.000000
 0.000000 0.000000 0.497997 0.000000 0.498010 0.000000 0.002444 0.000001 0.000000 0.000000 0.000000 0.000000 0.000000 0.000069 0.001479 0.000000 0.000000 0.000000 0.000000 0.000000
 0.000000 0.000000 0.000000 0.500000 0.000000 0.000000 0.000000 0.000000 0.000000 0.500000 0.000000 0.000000 0.000000 0.000000 0.000000 0.000000 0.000000 0.000000 0.000000 0.000000
 0.000000 0.478491 0.000000 0.000000 0.000000 0.022096 0.480253 0.000000 0.000000 0.000000 0.000000 0.000000 0.000000 0.000000 0.000008 0.000000 0.000000 0.000001 0.000146 0.019005
 0.014890 0.000000 0.000000 0.000000 0.492048 0.000000 0.001455 0.000000 0.000000 0.000000 0.000068 0.000000 0.000000 0.000000 0.000000 0.000000 0.000000 0.000000 0.000000 0.491539
 0.073337 0.000000 0.000006 0.000000 0.000000 0.000000 0.008658 0.333162 0.332874 0.000000 0.000999 0.000000 0.000005 0.000000 0.000000 0.000000 0.250958 0.000000 0.000000 0.000000
 0.000000 0.000000 0.000000 0.000000 0.000000 0.000000 0.000000 0.000000 0.249585 0.000000 0.000000 0.000000 0.000000 0.000000 0.000000 0.000000 0.371342 0.379073 0.000000 0.000000
 0.000000 0.000000 0.000000 0.000000 0.000000 0.000000 0.000000 0.000000 0.366860 0.000000 0.000000 0.000000 0.000000 0.000000 0.273754 0.359386 0.000000 0.000000 0.000000 0.000000
 0.000000 0.000000 0.000000 0.000000 0.000000 0.000000 0.000001 0.000000 0.000000 0.000000 0.000000 0.000000 0.000001 0.000000 0.000000 0.499999 0.000000 0.000000 0.499999 0.000000
 0.000000 0.000000 0.000000 0.000000 0.000000 0.000000 0.000000 0.000000 0.000000 0.499924 0.000000 0.000000 0.000152 0.000000 0.000000 0.000000 0.000000 0.499924 0.000000 0.000000
 0.000000 0.117123 0.000000 0.000000 0.000000 0.000000 0.432911 0.000000 0.000000 0.000000 0.000000 0.000000 0.017146 0.432820 0.000000 0.000000 0.000000 0.000000 0.000000 0.000000
the mean of prob-rank is 1.4210526315789473
the number of false negetive edges is 0
the number of probability greater than 0 is 4.05/edge
