20
 0.000000 0.000000 0.000000 0.000000 0.000000 0.000001 0.000000 0.000000 0.499962 0.000000 0.000000 0.000000 0.500037 0.000000 0.000000 0.000000 0.000000 0.000000 0.000000 0.000000
 0.000000 0.000000 0.349727 0.000000 0.000000 0.000000 0.000000 0.000000 0.000000 0.000000 0.000000 0.000000 0.000000 0.304750 0.000000 0.000000 0.000000 0.000017 0.000000 0.345506
 0.000000 0.329139 0.000000 0.000000 0.000000 0.000000 0.000000 0.000000 0.000000 0.000000 0.139719 0.000000 0.000000 0.262652 0.000000 0.000000 0.000000 0.268490 0.000000 0.000001
 0.000000 0.000000 0.000000 0.000000 0.000000 0.000000 0.000000 0.000000 0.000000 0.000000 0.000000 0.365545 0.000000 0.000000 0.000000 0.351360 0.000000 0.000000 0.149489 0.133606
 0.000000 0.000000 0.000000 0.000000 0.000000 0.000000 0.000000 0.000000 0.000000 0.500000 0.000000 0.000000 0.000000 0.000000 0.500000 0.000000 0.000000 0.000000 0.000000 0.000000
 0.000001 0.000000 0.000000 0.000000 0.000000 0.000000 0.000000 0.499990 0.000000 0.000000 0.000000 0.000000 0.500009 0.000000 0.000000 0.000000 0.000000 0.000000 0.000000 0.000000
 0.000000 0.000000 0.000000 0.000000 0.000000 0.000000 0.000000 0.000000 0.000000 0.000000 0.000000 0.000000 0.000000 0.000000 0.000000 0.500000 0.500000 0.000000 0.000000 0.000000
 0.000000 0.000000 0.000000 0.000000 0.000000 0.499990 0.000000 0.000000 0.000000 0.500010 0.000000 0.000000 0.000000 0.000000 0.000000 0.000000 0.000000 0.000000 0.000000 0.000000
 0.498315 0.000000 0.000000 0.000000 0.000000 0.000000 0.000000 0.000000 0.000000 0.000000 0.000000 0.000000 0.003283 0.000000 0.000000 0.000000 0.498402 0.000000 0.000000 0.000000
 0.000000 0.000000 0.000000 0.000000 0.500000 0.000000 0.000000 0.500000 0.000000 0.000000 0.000000 0.000000 0.000000 0.000000 0.000000 0.000000 0.000000 0.000000 0.000000 0.000000
 0.000000 0.000000 0.176660 0.000000 0.000000 0.000000 0.000000 0.000000 0.000000 0.000000 0.000000 0.000000 0.000000 0.000000 0.417763 0.000000 0.000000 0.405486 0.000000 0.000091
 0.000000 0.000000 0.000000 0.377638 0.000000 0.000000 0.000000 0.000000 0.000000 0.000000 0.000000 0.000000 0.000000 0.000000 0.000000 0.249145 0.000000 0.000000 0.373217 0.000000
 0.498352 0.000000 0.000000 0.000000 0.000000 0.498366 0.000000 0.000000 0.003283 0.000000 0.000000 0.000000 0.000000 0.000000 0.000000 0.000000 0.000000 0.000000 0.000000 0.000000
 0.000000 0.325969 0.298513 0.000000 0.000000 0.000000 0.000000 0.000000 0.000000 0.000000 0.000000 0.000000 0.000000 0.000000 0.000000 0.000000 0.000000 0.000000 0.375518 0.000000
 0.000000 0.000000 0.000000 0.000000 0.500000 0.000000 0.000000 0.000000 0.000000 0.000000 0.500000 0.000000 0.000000 0.000000 0.000000 0.000000 0.000000 0.000000 0.000000 0.000000
 0.000000 0.000000 0.000000 0.366735 0.000000 0.000000 0.381542 0.000000 0.000000 0.000000 0.000000 0.251720 0.000000 0.000000 0.000000 0.000000 0.000000 0.000000 0.000003 0.000000
 0.000000 0.000000 0.000000 0.000000 0.000000 0.000000 0.500000 0.000000 0.500000 0.000000 0.000000 0.000000 0.000000 0.000000 0.000000 0.000000 0.000000 0.000000 0.000000 0.000000
 0.000000 0.000017 0.292625 0.000000 0.000000 0.000000 0.000000 0.000000 0.000000 0.000000 0.349524 0.000000 0.000000 0.000000 0.000000 0.000000 0.000000 0.000000 0.000000 0.357834
 0.000000 0.000000 0.000000 0.170590 0.000000 0.000000 0.000000 0.000000 0.000000 0.000000 0.000000 0.412261 0.000000 0.417146 0.000000 0.000003 0.000000 0.000000 0.000000 0.000000
 0.000000 0.419937 0.000001 0.155959 0.000000 0.000000 0.000000 0.000000 0.000000 0.000000 0.000093 0.000000 0.000000 0.000000 0.000000 0.000000 0.000000 0.424010 0.000000 0.000000
the mean of prob-rank is 1.631578947368421
the number of false negetive edges is 0
the number of probability greater than 0 is 3.0/edge
