20
 0.000000 0.000000 0.065670 0.231688 0.000000 0.000000 0.000000 0.263194 0.000000 0.000000 0.117393 0.000000 0.000000 0.049200 0.272856 0.000000 0.000000 0.000000 0.000000 0.000000
 0.000000 0.000000 0.201509 0.095462 0.000000 0.000000 0.263352 0.000000 0.000000 0.242283 0.017538 0.000000 0.000000 0.000000 0.000000 0.000000 0.000000 0.179835 0.000000 0.000021
 0.062162 0.197727 0.000000 0.125078 0.000000 0.000021 0.166949 0.176754 0.000000 0.000005 0.258384 0.012921 0.000000 0.000000 0.000000 0.000000 0.000000 0.000000 0.000000 0.000000
 0.196359 0.083868 0.111989 0.000000 0.000000 0.007472 0.190976 0.000000 0.000000 0.062090 0.231249 0.115997 0.000000 0.000000 0.000000 0.000000 0.000000 0.000000 0.000000 0.000000
 0.000000 0.000000 0.000000 0.000000 0.000000 0.000000 0.000000 0.000000 0.000000 0.000000 0.000000 0.000000 0.000000 0.000000 0.000000 0.000000 0.500000 0.000000 0.000000 0.500000
 0.000000 0.000000 0.000032 0.012777 0.000000 0.000000 0.000000 0.000000 0.000000 0.347914 0.000000 0.395607 0.000000 0.243667 0.000003 0.000000 0.000000 0.000000 0.000000 0.000000
 0.000000 0.283378 0.183080 0.233908 0.000000 0.000000 0.000000 0.000000 0.000000 0.272731 0.026861 0.000000 0.000000 0.000000 0.000000 0.000000 0.000000 0.000042 0.000000 0.000000
 0.333131 0.000000 0.236349 0.000000 0.000000 0.000000 0.000000 0.000000 0.000000 0.000000 0.000002 0.000000 0.000000 0.000000 0.084981 0.345537 0.000000 0.000000 0.000000 0.000000
 0.000000 0.000000 0.000000 0.000000 0.000000 0.000000 0.000000 0.000000 0.000000 0.000000 0.000000 0.000000 0.500000 0.000000 0.000000 0.000000 0.000000 0.000000 0.500000 0.000000
 0.000000 0.223528 0.000004 0.065203 0.000000 0.213676 0.233838 0.000000 0.000000 0.000000 0.000000 0.026093 0.000000 0.001504 0.000000 0.000000 0.000000 0.236153 0.000000 0.000000
 0.165979 0.025705 0.385942 0.385784 0.000000 0.000000 0.036587 0.000003 0.000000 0.000000 0.000000 0.000000 0.000000 0.000000 0.000000 0.000000 0.000000 0.000000 0.000000 0.000000
 0.000000 0.000000 0.018922 0.189724 0.000000 0.378422 0.000000 0.000000 0.000000 0.040639 0.000000 0.000000 0.000000 0.372292 0.000000 0.000000 0.000000 0.000000 0.000000 0.000000
 0.000000 0.000000 0.000000 0.000000 0.000000 0.000000 0.000000 0.000000 0.500001 0.000000 0.000000 0.000000 0.000000 0.000000 0.000000 0.499999 0.000000 0.000000 0.000000 0.000000
 0.064685 0.000000 0.000000 0.000000 0.000000 0.221070 0.000000 0.000000 0.000000 0.002222 0.000000 0.353104 0.000000 0.000000 0.358919 0.000000 0.000000 0.000000 0.000000 0.000000
 0.445120 0.000000 0.000000 0.000000 0.000000 0.000003 0.000000 0.109529 0.000000 0.000000 0.000000 0.000000 0.000000 0.445348 0.000000 0.000000 0.000000 0.000000 0.000000 0.000000
 0.000000 0.000000 0.000000 0.000000 0.000000 0.000000 0.000000 0.500001 0.000000 0.000000 0.000000 0.000000 0.499999 0.000000 0.000000 0.000000 0.000000 0.000000 0.000000 0.000000
 0.000000 0.000000 0.000000 0.000000 0.500000 0.000000 0.000000 0.000000 0.000000 0.000000 0.000000 0.000000 0.000000 0.000000 0.000000 0.000000 0.000000 0.500000 0.000000 0.000000
 0.000000 0.257204 0.000000 0.000000 0.000000 0.000000 0.000055 0.000000 0.000000 0.366089 0.000000 0.000000 0.000000 0.000000 0.000000 0.000000 0.376652 0.000000 0.000000 0.000000
 0.000000 0.000000 0.000000 0.000000 0.000000 0.000000 0.000000 0.000000 0.500000 0.000000 0.000000 0.000000 0.000000 0.000000 0.000000 0.000000 0.000000 0.000000 0.000000 0.500000
 0.000000 0.000040 0.000000 0.000000 0.499980 0.000000 0.000000 0.000000 0.000000 0.000000 0.000000 0.000000 0.000000 0.000000 0.000000 0.000000 0.000000 0.000000 0.499980 0.000000
the mean of prob-rank is 1.6842105263157894
the number of false negetive edges is 0
the number of probability greater than 0 is 4.7/edge
