20
 0.000000 0.000000 0.324197 0.000000 0.003742 0.000000 0.000000 0.000000 0.000000 0.169375 0.000000 0.000000 0.000000 0.000003 0.000000 0.000000 0.325065 0.000000 0.000000 0.177619
 0.000000 0.000000 0.000000 0.000000 0.364607 0.000000 0.000000 0.000000 0.000000 0.373485 0.000000 0.000000 0.228820 0.000000 0.000000 0.000000 0.000000 0.000000 0.000000 0.033088
 0.339401 0.000000 0.000000 0.000000 0.016886 0.000000 0.000000 0.000000 0.000000 0.000000 0.022976 0.000000 0.000000 0.000000 0.000000 0.000000 0.290288 0.000000 0.000000 0.330449
 0.000000 0.000000 0.000000 0.000000 0.000000 0.500000 0.000000 0.500000 0.000000 0.000000 0.000000 0.000000 0.000000 0.000000 0.000000 0.000000 0.000000 0.000000 0.000000 0.000000
 0.004206 0.361196 0.018127 0.000000 0.000000 0.000000 0.000000 0.000000 0.000000 0.246481 0.000000 0.000000 0.000000 0.000000 0.000000 0.000000 0.000000 0.000000 0.000000 0.369990
 0.000000 0.000000 0.000000 0.498294 0.000000 0.000000 0.000000 0.000001 0.003411 0.000000 0.000000 0.000000 0.000000 0.000000 0.000000 0.498295 0.000000 0.000000 0.000000 0.000000
 0.000000 0.000000 0.000000 0.000000 0.000000 0.000000 0.000000 0.000000 0.000000 0.000000 0.000000 0.000000 0.471086 0.057378 0.471536 0.000000 0.000000 0.000000 0.000000 0.000000
 0.000000 0.000000 0.000000 0.499610 0.000000 0.000001 0.000000 0.000000 0.499525 0.000000 0.000000 0.000000 0.000000 0.000000 0.000864 0.000000 0.000000 0.000000 0.000000 0.000000
 0.000000 0.000000 0.000000 0.000000 0.000000 0.003411 0.000000 0.498252 0.000000 0.000000 0.000000 0.000000 0.000000 0.000000 0.000000 0.000000 0.000000 0.000000 0.498337 0.000000
 0.161447 0.313819 0.000000 0.000000 0.209061 0.000000 0.000000 0.000000 0.000000 0.000000 0.000000 0.000000 0.310482 0.000000 0.000000 0.000000 0.000000 0.000000 0.000000 0.005192
 0.000000 0.000000 0.032264 0.000000 0.000000 0.000000 0.000000 0.000000 0.000000 0.000000 0.000000 0.000000 0.000000 0.000000 0.000000 0.000000 0.484004 0.483732 0.000000 0.000000
 0.000000 0.000000 0.000000 0.000000 0.000000 0.000000 0.000000 0.000000 0.000000 0.000000 0.000000 0.000000 0.000000 0.491788 0.000000 0.491951 0.002515 0.013747 0.000000 0.000000
 0.000000 0.224496 0.000000 0.000000 0.000000 0.000000 0.366078 0.000000 0.000000 0.362532 0.000000 0.000000 0.000000 0.046894 0.000000 0.000000 0.000000 0.000000 0.000000 0.000000
 0.000004 0.000000 0.000000 0.000000 0.000000 0.000000 0.054111 0.000000 0.000000 0.000000 0.000000 0.444543 0.056909 0.000000 0.444433 0.000000 0.000000 0.000000 0.000000 0.000000
 0.000000 0.000000 0.000000 0.000000 0.000000 0.000000 0.499712 0.000865 0.000000 0.000000 0.000000 0.000000 0.000000 0.499423 0.000000 0.000000 0.000000 0.000000 0.000000 0.000000
 0.000000 0.000000 0.000000 0.000000 0.000000 0.499548 0.000000 0.000000 0.000000 0.000000 0.000000 0.499548 0.000000 0.000000 0.000000 0.000000 0.000000 0.000904 0.000000 0.000000
 0.348311 0.000000 0.297113 0.000000 0.000000 0.000000 0.000000 0.000000 0.000000 0.000000 0.352772 0.001803 0.000000 0.000000 0.000000 0.000000 0.000000 0.000000 0.000000 0.000000
 0.000000 0.000000 0.000000 0.000000 0.000000 0.000000 0.000000 0.000000 0.000000 0.000000 0.492574 0.013772 0.000000 0.000000 0.000000 0.000892 0.000000 0.000000 0.492762 0.000000
 0.000000 0.000000 0.000000 0.000000 0.000000 0.000000 0.000000 0.000000 0.500045 0.000000 0.000000 0.000000 0.000000 0.000000 0.000000 0.000000 0.000000 0.499954 0.000000 0.000000
 0.207231 0.034030 0.368269 0.000000 0.384116 0.000000 0.000000 0.000000 0.000000 0.006355 0.000000 0.000000 0.000000 0.000000 0.000000 0.000000 0.000000 0.000000 0.000000 0.000000
the mean of prob-rank is 1.5263157894736843
the number of false negetive edges is 0
the number of probability greater than 0 is 3.8/edge
