20
 0.000000 0.000000 0.000000 0.000000 0.143487 0.000000 0.000000 0.000000 0.423992 0.000000 0.000000 0.000000 0.000000 0.000000 0.000000 0.000000 0.000000 0.432521 0.000000 0.000000
 0.000000 0.000000 0.000000 0.500000 0.000000 0.000000 0.000000 0.000000 0.000000 0.000000 0.500000 0.000000 0.000000 0.000000 0.000000 0.000000 0.000000 0.000000 0.000000 0.000000
 0.000000 0.000000 0.000000 0.000000 0.000000 0.389570 0.000000 0.000000 0.000000 0.000000 0.000000 0.000000 0.000000 0.216885 0.000000 0.000000 0.393545 0.000000 0.000000 0.000000
 0.000000 0.500000 0.000000 0.000000 0.500000 0.000000 0.000000 0.000000 0.000000 0.000000 0.000000 0.000000 0.000000 0.000000 0.000000 0.000000 0.000000 0.000000 0.000000 0.000000
 0.142586 0.000000 0.000000 0.429806 0.000000 0.000000 0.000000 0.000000 0.000000 0.000000 0.000000 0.000000 0.000000 0.000000 0.000000 0.000000 0.000000 0.427608 0.000000 0.000000
 0.000000 0.000000 0.427514 0.000000 0.000000 0.000000 0.000000 0.000000 0.000000 0.000000 0.431876 0.000000 0.000000 0.000000 0.000000 0.000000 0.140609 0.000000 0.000000 0.000000
 0.000000 0.000000 0.000000 0.000000 0.000000 0.000000 0.000000 0.000000 0.499995 0.000000 0.000000 0.000000 0.000000 0.000000 0.000000 0.000000 0.000000 0.000000 0.000000 0.500005
 0.000000 0.000000 0.000000 0.000000 0.000000 0.000000 0.000000 0.000000 0.000000 0.000000 0.000000 0.247756 0.378910 0.000000 0.373156 0.000178 0.000000 0.000000 0.000000 0.000000
 0.409118 0.000000 0.000000 0.000000 0.000000 0.000000 0.417340 0.000000 0.000000 0.000000 0.000000 0.000000 0.000000 0.000000 0.000000 0.000000 0.000000 0.173542 0.000000 0.000000
 0.000000 0.000000 0.000000 0.000000 0.000000 0.000000 0.000000 0.000000 0.000000 0.000000 0.000000 0.000000 0.000000 0.000000 0.000000 0.000000 0.000000 0.000000 0.500000 0.500000
 0.000000 0.500000 0.000000 0.000000 0.000000 0.500000 0.000000 0.000000 0.000000 0.000000 0.000000 0.000000 0.000000 0.000000 0.000000 0.000000 0.000000 0.000000 0.000000 0.000000
 0.000000 0.000000 0.000000 0.000000 0.000000 0.000000 0.000000 0.243932 0.000000 0.000000 0.000000 0.000000 0.013792 0.000000 0.373062 0.000000 0.000000 0.000000 0.369214 0.000000
 0.000000 0.000000 0.000000 0.000000 0.000000 0.000000 0.000000 0.483495 0.000000 0.000000 0.000000 0.017875 0.000000 0.000000 0.015352 0.483277 0.000000 0.000000 0.000000 0.000000
 0.000000 0.000000 0.216499 0.000000 0.000000 0.000000 0.000000 0.000000 0.000000 0.000000 0.000000 0.000000 0.000000 0.000000 0.000000 0.392844 0.390656 0.000000 0.000000 0.000000
 0.000000 0.000000 0.000000 0.000000 0.000000 0.000000 0.000000 0.447425 0.000000 0.000000 0.000000 0.454326 0.014426 0.000000 0.000000 0.000000 0.000000 0.000000 0.083824 0.000000
 0.000000 0.000000 0.000000 0.000000 0.000000 0.000000 0.000000 0.000235 0.000000 0.000000 0.000000 0.000000 0.499769 0.499997 0.000000 0.000000 0.000000 0.000000 0.000000 0.000000
 0.000000 0.000000 0.431033 0.000000 0.000000 0.140335 0.000000 0.000000 0.000000 0.000000 0.000000 0.000000 0.000000 0.428632 0.000000 0.000000 0.000000 0.000000 0.000000 0.000000
 0.414816 0.000000 0.000000 0.000000 0.412695 0.000000 0.000000 0.000000 0.172489 0.000000 0.000000 0.000000 0.000000 0.000000 0.000000 0.000000 0.000000 0.000000 0.000000 0.000000
 0.000000 0.000000 0.000000 0.000000 0.000000 0.000000 0.000000 0.000000 0.000000 0.459942 0.000000 0.455198 0.000000 0.000000 0.084860 0.000000 0.000000 0.000000 0.000000 0.000000
 0.000000 0.000000 0.000000 0.000000 0.000000 0.000000 0.500000 0.000000 0.000000 0.500000 0.000000 0.000000 0.000000 0.000000 0.000000 0.000000 0.000000 0.000000 0.000000 0.000000
the mean of prob-rank is 1.5789473684210527
the number of false negetive edges is 0
the number of probability greater than 0 is 2.9/edge
