20
 0.000000 0.000000 0.000000 0.000000 0.255981 0.000000 0.000000 0.000000 0.000000 0.000000 0.000000 0.000000 0.000000 0.000000 0.308415 0.000000 0.260842 0.000000 0.174761 0.000000
 0.000000 0.000000 0.000000 0.000000 0.000000 0.000000 0.000000 0.000000 0.000000 0.000000 0.344967 0.000000 0.000000 0.000000 0.000000 0.306707 0.036403 0.000000 0.311922 0.000000
 0.000000 0.000000 0.000000 0.007666 0.000000 0.000000 0.381259 0.000000 0.000000 0.000000 0.000000 0.362290 0.061238 0.000000 0.000000 0.001817 0.000000 0.000000 0.000000 0.185730
 0.000000 0.000000 0.007618 0.000000 0.000000 0.000000 0.000000 0.000000 0.000000 0.000000 0.000000 0.251007 0.362053 0.000000 0.000000 0.000000 0.000000 0.000000 0.000000 0.379322
 0.256933 0.000000 0.000000 0.000000 0.000000 0.000000 0.000000 0.000000 0.000000 0.000000 0.071849 0.000000 0.000000 0.000000 0.073627 0.000000 0.000000 0.308451 0.289139 0.000000
 0.000000 0.000000 0.000000 0.000000 0.000000 0.000000 0.000000 0.500000 0.000000 0.000001 0.000000 0.000000 0.000000 0.500000 0.000000 0.000000 0.000000 0.000000 0.000000 0.000000
 0.000000 0.000000 0.343468 0.000000 0.000000 0.000000 0.000000 0.000000 0.000000 0.321561 0.000000 0.000000 0.000000 0.000008 0.321777 0.000000 0.000000 0.000000 0.000000 0.013186
 0.000000 0.000000 0.000000 0.000000 0.000000 0.500000 0.000000 0.000000 0.000000 0.000000 0.000000 0.000000 0.000000 0.000000 0.000000 0.000000 0.000000 0.500000 0.000000 0.000000
 0.000000 0.000000 0.000000 0.000000 0.000000 0.000000 0.000000 0.000000 0.000000 0.000000 0.000000 0.000000 0.000000 0.000000 0.000000 0.500000 0.500000 0.000000 0.000000 0.000000
 0.000000 0.000000 0.000000 0.000000 0.000000 0.000001 0.359534 0.000000 0.000000 0.000000 0.000000 0.000000 0.000000 0.384531 0.000000 0.000000 0.000000 0.000000 0.000000 0.255934
 0.000000 0.335113 0.000000 0.000000 0.077780 0.000000 0.000000 0.000000 0.000000 0.000000 0.000000 0.000000 0.000000 0.000000 0.000000 0.174891 0.000002 0.094714 0.317502 0.000000
 0.000000 0.000000 0.276231 0.192611 0.000000 0.000000 0.000000 0.000000 0.000000 0.000000 0.000000 0.000000 0.271027 0.000000 0.000000 0.228212 0.000000 0.000000 0.000000 0.031920
 0.000000 0.000000 0.055487 0.330155 0.000000 0.000000 0.000000 0.000000 0.000000 0.000000 0.000000 0.322079 0.000000 0.000000 0.000000 0.000000 0.000000 0.000000 0.000000 0.292280
 0.000000 0.000000 0.000000 0.000000 0.000000 0.499994 0.000012 0.000000 0.000000 0.499994 0.000000 0.000000 0.000000 0.000000 0.000000 0.000000 0.000000 0.000000 0.000000 0.000000
 0.322495 0.000000 0.000000 0.000000 0.076703 0.000000 0.301733 0.000000 0.000000 0.000000 0.000000 0.000000 0.000000 0.000000 0.000000 0.000000 0.226707 0.000000 0.072361 0.000000
 0.000000 0.277398 0.001485 0.000000 0.000000 0.000000 0.000000 0.000000 0.312000 0.000000 0.162829 0.244620 0.000000 0.000000 0.000000 0.000000 0.000051 0.000000 0.000000 0.001618
 0.291987 0.036432 0.000000 0.000000 0.000000 0.000000 0.000000 0.000000 0.345238 0.000000 0.000002 0.000000 0.000000 0.000000 0.242697 0.000056 0.000000 0.000000 0.083588 0.000000
 0.000000 0.000000 0.000000 0.000000 0.437206 0.000000 0.000000 0.438781 0.000000 0.000000 0.124013 0.000000 0.000000 0.000000 0.000000 0.000000 0.000000 0.000000 0.000000 0.000000
 0.148382 0.236777 0.000000 0.000000 0.244585 0.000000 0.000000 0.000000 0.000000 0.000000 0.248099 0.000000 0.000000 0.000000 0.058756 0.000000 0.063401 0.000000 0.000000 0.000000
 0.000000 0.000000 0.154436 0.317435 0.000000 0.000000 0.012170 0.000000 0.000000 0.211277 0.000000 0.034811 0.268226 0.000000 0.000000 0.001646 0.000000 0.000000 0.000000 0.000000
the mean of prob-rank is 1.631578947368421
the number of false negetive edges is 0
the number of probability greater than 0 is 4.5/edge
