20
 0.000000 0.000000 0.000000 0.210388 0.000000 0.000000 0.000000 0.228429 0.000000 0.000000 0.000000 0.000000 0.000000 0.000000 0.248959 0.202181 0.000000 0.110043 0.000000 0.000000
 0.000000 0.000000 0.000000 0.499999 0.000000 0.000000 0.500001 0.000000 0.000000 0.000000 0.000000 0.000000 0.000000 0.000000 0.000000 0.000000 0.000000 0.000000 0.000000 0.000000
 0.000000 0.000000 0.000000 0.000000 0.280499 0.000001 0.000000 0.308993 0.000000 0.318701 0.000000 0.000000 0.000595 0.000000 0.000000 0.000462 0.000000 0.000000 0.090749 0.000000
 0.277708 0.328626 0.000000 0.000000 0.000000 0.000000 0.000000 0.000000 0.000000 0.000000 0.000000 0.000000 0.311022 0.000000 0.082639 0.000000 0.000000 0.000005 0.000000 0.000000
 0.000000 0.000000 0.256240 0.000000 0.000000 0.000005 0.000000 0.137473 0.000000 0.039207 0.275934 0.000001 0.000000 0.000000 0.000000 0.000000 0.000000 0.000000 0.291140 0.000000
 0.000000 0.000000 0.000001 0.000000 0.000007 0.000000 0.000000 0.000000 0.000000 0.209874 0.392403 0.397715 0.000000 0.000000 0.000000 0.000000 0.000000 0.000000 0.000000 0.000000
 0.000000 0.500006 0.000000 0.000000 0.000000 0.000000 0.000000 0.000000 0.000000 0.000000 0.000000 0.000000 0.000000 0.000000 0.000000 0.000000 0.000000 0.000000 0.000000 0.499994
 0.215731 0.000000 0.227961 0.000000 0.111023 0.000000 0.000000 0.000000 0.000000 0.003859 0.000000 0.000000 0.000000 0.000000 0.022002 0.199205 0.000000 0.000000 0.220219 0.000000
 0.000000 0.000000 0.000000 0.000000 0.000000 0.000000 0.000000 0.000000 0.000000 0.000000 0.000000 0.000000 0.040972 0.479599 0.000000 0.000000 0.000001 0.000000 0.000000 0.479428
 0.000000 0.000000 0.272266 0.000000 0.036665 0.143601 0.000000 0.004468 0.000000 0.000000 0.231305 0.049990 0.048447 0.000000 0.000000 0.000000 0.000000 0.000039 0.213219 0.000000
 0.000000 0.000000 0.000000 0.000000 0.339502 0.353243 0.000000 0.000000 0.000000 0.304317 0.000000 0.000079 0.000000 0.000000 0.000000 0.000000 0.000000 0.000000 0.002859 0.000000
 0.000000 0.000000 0.000000 0.000000 0.000002 0.458264 0.000000 0.000000 0.000000 0.084184 0.000102 0.000000 0.000000 0.000000 0.000000 0.000000 0.457448 0.000000 0.000000 0.000000
 0.000000 0.000000 0.000741 0.375581 0.000000 0.000000 0.000000 0.000000 0.033898 0.070614 0.000000 0.000000 0.000000 0.097909 0.000000 0.000130 0.000000 0.395954 0.000000 0.025172
 0.000000 0.000000 0.000000 0.000000 0.000000 0.000000 0.000000 0.000000 0.445321 0.000000 0.000000 0.000000 0.109884 0.000000 0.000000 0.000000 0.444795 0.000000 0.000000 0.000000
 0.331123 0.000000 0.000000 0.083268 0.000000 0.000000 0.000000 0.030986 0.000000 0.000000 0.000000 0.000000 0.000000 0.000000 0.000000 0.322695 0.000000 0.231928 0.000000 0.000000
 0.227534 0.000000 0.000406 0.000000 0.000000 0.000000 0.000000 0.237381 0.000000 0.000000 0.000000 0.000000 0.000092 0.000000 0.273048 0.000000 0.000000 0.261538 0.000000 0.000000
 0.000000 0.000000 0.000000 0.000000 0.000000 0.000000 0.000000 0.000000 0.000001 0.000000 0.000000 0.499751 0.000000 0.500248 0.000000 0.000000 0.000000 0.000000 0.000000 0.000000
 0.143797 0.000000 0.000000 0.000005 0.000000 0.000000 0.000000 0.000000 0.000000 0.000046 0.000000 0.000000 0.324604 0.000000 0.227867 0.303681 0.000000 0.000000 0.000000 0.000000
 0.000000 0.000000 0.094523 0.000000 0.331955 0.000000 0.000000 0.310911 0.000000 0.259962 0.002649 0.000000 0.000000 0.000000 0.000000 0.000000 0.000000 0.000000 0.000000 0.000000
 0.000000 0.000000 0.000000 0.000000 0.000000 0.000000 0.484736 0.000000 0.484516 0.000000 0.000000 0.000000 0.030748 0.000000 0.000000 0.000000 0.000000 0.000000 0.000000 0.000000
the mean of prob-rank is 1.7894736842105263
the number of false negetive edges is 0
the number of probability greater than 0 is 5.0/edge
