20
 0.000000 0.000000 0.000000 0.000000 0.000000 0.000000 0.000000 0.000000 0.000000 0.500000 0.000000 0.000000 0.000000 0.000000 0.000000 0.000000 0.000000 0.000000 0.000000 0.500000
 0.000000 0.000000 0.000000 0.000028 0.000000 0.000000 0.000000 0.000000 0.000000 0.000000 0.000000 0.000000 0.000000 0.000000 0.000000 0.500652 0.000000 0.000000 0.499320 0.000000
 0.000000 0.000000 0.000000 0.161775 0.000000 0.000000 0.000000 0.323245 0.000000 0.225955 0.000000 0.000000 0.000000 0.000000 0.000000 0.000000 0.000000 0.289025 0.000000 0.000000
 0.000000 0.000023 0.199180 0.000000 0.000000 0.000000 0.000000 0.023786 0.000000 0.000000 0.000000 0.000000 0.000000 0.000000 0.000000 0.397827 0.000000 0.378501 0.000683 0.000000
 0.000000 0.000000 0.000000 0.000000 0.000000 0.000000 0.000000 0.000000 0.000000 0.000000 0.000000 0.000000 0.078351 0.000036 0.000000 0.000000 0.461177 0.000000 0.460436 0.000000
 0.000000 0.000000 0.000000 0.000000 0.000000 0.000000 0.499986 0.000000 0.000000 0.000000 0.499989 0.000000 0.000000 0.000000 0.000000 0.000000 0.000026 0.000000 0.000000 0.000000
 0.000000 0.000000 0.000000 0.000000 0.000000 0.448900 0.000000 0.000000 0.000000 0.000000 0.000000 0.000000 0.000000 0.014412 0.448209 0.000000 0.088479 0.000000 0.000000 0.000000
 0.000000 0.000000 0.359413 0.021480 0.000000 0.000000 0.000000 0.000000 0.000000 0.296310 0.000000 0.000000 0.000000 0.000000 0.000000 0.000000 0.000000 0.322797 0.000000 0.000000
 0.000000 0.000000 0.000000 0.000000 0.000000 0.000000 0.000000 0.000000 0.000000 0.000000 0.000000 0.500000 0.000000 0.000000 0.000000 0.000000 0.000000 0.000000 0.000000 0.500000
 0.296323 0.000000 0.207135 0.000000 0.000000 0.000000 0.000000 0.244296 0.000000 0.000000 0.000000 0.000000 0.000000 0.000000 0.000000 0.000000 0.000000 0.252246 0.000000 0.000000
 0.000000 0.000000 0.000000 0.000000 0.000000 0.500000 0.000000 0.000000 0.000000 0.000000 0.000000 0.500000 0.000000 0.000000 0.000000 0.000000 0.000000 0.000000 0.000000 0.000000
 0.000000 0.000000 0.000000 0.000000 0.000000 0.000000 0.000000 0.000000 0.500000 0.000000 0.500000 0.000000 0.000000 0.000000 0.000000 0.000000 0.000000 0.000000 0.000000 0.000000
 0.000000 0.000000 0.000000 0.000000 0.078311 0.000000 0.000000 0.000000 0.000000 0.000000 0.000000 0.000000 0.000000 0.460798 0.460138 0.000000 0.000751 0.000000 0.000002 0.000000
 0.000000 0.000000 0.000000 0.000000 0.000036 0.000000 0.015152 0.000000 0.000000 0.000000 0.000000 0.000000 0.471796 0.000000 0.049617 0.000000 0.463398 0.000000 0.000000 0.000000
 0.000000 0.000000 0.000000 0.000000 0.000000 0.000000 0.461333 0.000000 0.000000 0.000000 0.000000 0.000000 0.461241 0.048577 0.000000 0.000000 0.000000 0.000000 0.028849 0.000000
 0.000000 0.489396 0.000000 0.489201 0.000000 0.000000 0.000000 0.000000 0.000000 0.000000 0.000000 0.000000 0.000000 0.000000 0.000000 0.000000 0.000000 0.000000 0.021403 0.000000
 0.000000 0.000000 0.000000 0.000000 0.458574 0.000024 0.090385 0.000000 0.000000 0.000000 0.000000 0.000000 0.000747 0.450271 0.000000 0.000000 0.000000 0.000000 0.000000 0.000000
 0.000000 0.000000 0.248747 0.264579 0.000000 0.000000 0.000000 0.249856 0.000000 0.236818 0.000000 0.000000 0.000000 0.000000 0.000000 0.000000 0.000000 0.000000 0.000000 0.000000
 0.000000 0.474106 0.000000 0.000816 0.474606 0.000000 0.000000 0.000000 0.000000 0.000000 0.000000 0.000000 0.000002 0.000000 0.029681 0.020790 0.000000 0.000000 0.000000 0.000000
 0.500000 0.000000 0.000000 0.000000 0.000000 0.000000 0.000000 0.000000 0.500000 0.000000 0.000000 0.000000 0.000000 0.000000 0.000000 0.000000 0.000000 0.000000 0.000000 0.000000
the mean of prob-rank is 1.631578947368421
the number of false negetive edges is 0
the number of probability greater than 0 is 3.7/edge
