20
 0.000000 0.000000 0.000000 0.000000 0.000000 0.000000 0.001143 0.000000 0.000000 0.000000 0.000000 0.000000 0.000000 0.000000 0.000000 0.000000 0.499424 0.000000 0.000000 0.499433
 0.000000 0.000000 0.000000 0.000000 0.000000 0.000000 0.000000 0.000000 0.396934 0.000000 0.000000 0.000000 0.000000 0.000005 0.396283 0.017058 0.000000 0.000000 0.189721 0.000000
 0.000000 0.000000 0.000000 0.336016 0.000000 0.000000 0.000000 0.000000 0.000000 0.000000 0.000555 0.216651 0.000000 0.000000 0.000000 0.000000 0.000000 0.352577 0.094202 0.000000
 0.000000 0.000000 0.275345 0.000000 0.000000 0.000000 0.280947 0.240160 0.000000 0.000000 0.203549 0.000000 0.000000 0.000000 0.000000 0.000000 0.000000 0.000000 0.000000 0.000000
 0.000000 0.000000 0.000000 0.000000 0.000000 0.000000 0.000000 0.500000 0.000000 0.000000 0.000000 0.000000 0.499999 0.000000 0.000000 0.000000 0.000000 0.000000 0.000000 0.000000
 0.000000 0.000000 0.000000 0.000000 0.000000 0.000000 0.000003 0.000000 0.000000 0.000000 0.000000 0.000000 0.499999 0.000000 0.000000 0.000000 0.000000 0.000000 0.000000 0.499999
 0.000929 0.000000 0.000000 0.394526 0.000000 0.000002 0.000000 0.000003 0.000000 0.405483 0.000000 0.000000 0.000000 0.000000 0.000000 0.199038 0.000000 0.000000 0.000000 0.000018
 0.000000 0.000000 0.000000 0.304257 0.366133 0.000000 0.000003 0.000000 0.000000 0.000000 0.329607 0.000000 0.000000 0.000000 0.000000 0.000000 0.000000 0.000000 0.000000 0.000000
 0.000000 0.499983 0.000000 0.000000 0.000000 0.000000 0.000000 0.000000 0.000000 0.000000 0.000000 0.500017 0.000000 0.000000 0.000000 0.000000 0.000000 0.000000 0.000000 0.000000
 0.000000 0.000000 0.000000 0.000000 0.000000 0.000000 0.450648 0.000000 0.000000 0.000000 0.000000 0.000000 0.000000 0.000000 0.101248 0.448104 0.000000 0.000000 0.000000 0.000000
 0.000000 0.000000 0.000604 0.270255 0.000000 0.000000 0.000000 0.345430 0.000000 0.000000 0.000000 0.000000 0.000000 0.000000 0.000000 0.000000 0.000000 0.383711 0.000000 0.000000
 0.000000 0.000000 0.223567 0.000000 0.000000 0.000000 0.000000 0.000000 0.363939 0.000000 0.000000 0.000000 0.000000 0.000000 0.000000 0.000000 0.000000 0.051778 0.360717 0.000000
 0.000000 0.000000 0.000000 0.000000 0.500000 0.500000 0.000000 0.000000 0.000000 0.000000 0.000000 0.000000 0.000000 0.000000 0.000000 0.000000 0.000000 0.000000 0.000000 0.000000
 0.000000 0.000006 0.000000 0.000000 0.000000 0.000000 0.000000 0.000000 0.000000 0.000000 0.000000 0.000000 0.000000 0.000000 0.499954 0.000000 0.500040 0.000000 0.000000 0.000000
 0.000000 0.449156 0.000000 0.000000 0.000000 0.000000 0.000000 0.000000 0.000000 0.100998 0.000000 0.000000 0.000000 0.449847 0.000000 0.000000 0.000000 0.000000 0.000000 0.000000
 0.000000 0.017013 0.000000 0.000000 0.000000 0.000000 0.194179 0.000000 0.000000 0.393351 0.000000 0.000000 0.000000 0.000000 0.000000 0.000000 0.000000 0.000000 0.395457 0.000000
 0.499996 0.000000 0.000000 0.000000 0.000000 0.000000 0.000000 0.000000 0.000000 0.000000 0.000000 0.000000 0.000000 0.500004 0.000000 0.000000 0.000000 0.000000 0.000000 0.000000
 0.000000 0.000000 0.466721 0.000000 0.000000 0.000000 0.000000 0.000000 0.000000 0.000000 0.466858 0.066421 0.000000 0.000000 0.000000 0.000000 0.000000 0.000000 0.000000 0.000000
 0.000000 0.174748 0.097661 0.000000 0.000000 0.000000 0.000000 0.000000 0.000000 0.000000 0.000000 0.362395 0.000000 0.000000 0.000000 0.365197 0.000000 0.000000 0.000000 0.000000
 0.499989 0.000000 0.000000 0.000000 0.000000 0.499989 0.000022 0.000000 0.000000 0.000000 0.000000 0.000000 0.000000 0.000000 0.000000 0.000000 0.000000 0.000000 0.000000 0.000000
the mean of prob-rank is 1.5263157894736843
the number of false negetive edges is 0
the number of probability greater than 0 is 3.5/edge
