20
 0.000000 0.000000 0.000000 0.000000 0.000000 0.000000 0.000000 0.000000 0.370294 0.000000 0.000000 0.000000 0.000000 0.000000 0.000000 0.318648 0.000000 0.000000 0.311058 0.000000
 0.000000 0.000000 0.000000 0.344586 0.000000 0.273961 0.000000 0.000000 0.000000 0.016757 0.000000 0.000000 0.043267 0.000000 0.000000 0.000000 0.000000 0.321429 0.000000 0.000000
 0.000000 0.000000 0.000000 0.000000 0.000000 0.000000 0.000000 0.000000 0.000000 0.301219 0.040109 0.000000 0.058683 0.000000 0.000000 0.298341 0.000000 0.000000 0.301647 0.000000
 0.000000 0.499982 0.000000 0.000000 0.000000 0.000000 0.000000 0.000028 0.000000 0.000000 0.000000 0.000000 0.000000 0.000000 0.000000 0.000000 0.499985 0.000004 0.000000 0.000000
 0.000000 0.000000 0.000000 0.000000 0.000000 0.000000 0.000000 0.000000 0.000000 0.000000 0.069721 0.466026 0.000000 0.464253 0.000000 0.000000 0.000000 0.000000 0.000000 0.000000
 0.000000 0.228876 0.000000 0.000000 0.000000 0.000000 0.000000 0.000000 0.000000 0.239517 0.000000 0.000000 0.000000 0.243726 0.287881 0.000000 0.000000 0.000000 0.000000 0.000000
 0.000000 0.000000 0.000000 0.000000 0.000000 0.000000 0.000000 0.000000 0.499999 0.000000 0.000000 0.000000 0.000000 0.000000 0.000000 0.000000 0.000000 0.000000 0.000000 0.500001
 0.000000 0.000000 0.000000 0.000020 0.000000 0.000000 0.000000 0.000000 0.000000 0.000000 0.000000 0.000000 0.000000 0.000000 0.000000 0.000000 0.320437 0.321856 0.000000 0.357687
 0.499999 0.000000 0.000000 0.000000 0.000000 0.000000 0.499998 0.000000 0.000000 0.000000 0.000000 0.000000 0.000000 0.000000 0.000000 0.000000 0.000000 0.000000 0.000003 0.000000
 0.000000 0.013368 0.265816 0.000000 0.000000 0.228717 0.000000 0.000000 0.000000 0.000000 0.000000 0.000000 0.271537 0.005309 0.215100 0.000000 0.000000 0.000001 0.000151 0.000000
 0.000000 0.000000 0.056534 0.000000 0.065689 0.000000 0.000000 0.000000 0.000000 0.000000 0.000000 0.438951 0.000000 0.000210 0.000000 0.438616 0.000000 0.000000 0.000000 0.000000
 0.000000 0.000000 0.000000 0.000000 0.463599 0.000000 0.000000 0.000000 0.000000 0.000000 0.463464 0.000000 0.000000 0.009192 0.000000 0.063744 0.000000 0.000000 0.000000 0.000000
 0.000000 0.042068 0.063114 0.000000 0.000000 0.000000 0.000000 0.000000 0.000000 0.330940 0.000000 0.000000 0.000000 0.000000 0.000000 0.000000 0.000000 0.234100 0.329777 0.000000
 0.000000 0.000000 0.000000 0.000000 0.346382 0.294373 0.000000 0.000000 0.000000 0.006715 0.000166 0.006894 0.000000 0.000000 0.345469 0.000000 0.000000 0.000000 0.000000 0.000000
 0.000000 0.000000 0.000000 0.000000 0.000000 0.360225 0.000000 0.000000 0.000000 0.281865 0.000000 0.000000 0.000000 0.357910 0.000000 0.000000 0.000000 0.000000 0.000000 0.000000
 0.291240 0.000000 0.324134 0.000000 0.000000 0.000000 0.000000 0.000000 0.000000 0.000000 0.338088 0.046536 0.000000 0.000000 0.000000 0.000000 0.000000 0.000000 0.000002 0.000000
 0.000000 0.000000 0.000000 0.360610 0.000000 0.000000 0.000000 0.323055 0.000000 0.000000 0.000000 0.000000 0.000000 0.000000 0.000000 0.000000 0.000000 0.316335 0.000000 0.000000
 0.000000 0.273660 0.000000 0.000003 0.000000 0.000000 0.000000 0.263988 0.000000 0.000001 0.000000 0.000000 0.204991 0.000000 0.000000 0.000000 0.257357 0.000000 0.000000 0.000000
 0.300739 0.000000 0.346672 0.000000 0.000000 0.000000 0.000000 0.000000 0.000002 0.000197 0.000000 0.000000 0.352389 0.000000 0.000000 0.000002 0.000000 0.000000 0.000000 0.000000
 0.000000 0.000000 0.000000 0.000000 0.000000 0.000000 0.500002 0.499998 0.000000 0.000000 0.000000 0.000000 0.000000 0.000000 0.000000 0.000000 0.000000 0.000000 0.000000 0.000000
the mean of prob-rank is 1.736842105263158
the number of false negetive edges is 0
the number of probability greater than 0 is 4.2/edge
