20
 0.000000 0.000000 0.000000 0.000000 0.304406 0.000000 0.000000 0.000000 0.000000 0.000000 0.000000 0.000000 0.000000 0.328048 0.210342 0.001242 0.000000 0.000000 0.000000 0.155962
 0.000000 0.000000 0.000000 0.086256 0.200965 0.205775 0.000720 0.176216 0.000000 0.206689 0.123362 0.000017 0.000000 0.000000 0.000000 0.000000 0.000000 0.000000 0.000000 0.000001
 0.000000 0.000000 0.000000 0.000000 0.000000 0.390929 0.000000 0.000000 0.383999 0.000000 0.000000 0.000000 0.144225 0.000000 0.000000 0.000000 0.000000 0.000000 0.080846 0.000001
 0.000000 0.160768 0.000000 0.000000 0.000000 0.000662 0.000000 0.000000 0.000000 0.419699 0.000000 0.418871 0.000000 0.000000 0.000000 0.000000 0.000000 0.000000 0.000000 0.000000
 0.316126 0.304044 0.000000 0.000000 0.000000 0.048180 0.000000 0.000000 0.000000 0.000000 0.000000 0.000000 0.000000 0.000000 0.000000 0.000000 0.000000 0.000000 0.000001 0.331650
 0.000000 0.232903 0.254865 0.000402 0.036044 0.000000 0.000000 0.000000 0.213773 0.205802 0.000000 0.000294 0.000000 0.000000 0.000000 0.000000 0.000000 0.000000 0.002024 0.053893
 0.000000 0.001600 0.000000 0.000000 0.000000 0.000000 0.000000 0.000000 0.000000 0.000000 0.497949 0.500451 0.000000 0.000000 0.000000 0.000000 0.000000 0.000000 0.000000 0.000000
 0.000000 0.282549 0.000000 0.000000 0.000000 0.000000 0.000000 0.000000 0.000000 0.000000 0.356394 0.000000 0.000000 0.000000 0.000000 0.000000 0.361057 0.000000 0.000000 0.000000
 0.000000 0.000000 0.332841 0.000000 0.000000 0.284215 0.000000 0.000000 0.000000 0.000000 0.000000 0.000000 0.037747 0.000000 0.000002 0.000000 0.000000 0.000000 0.338847 0.006349
 0.000000 0.306524 0.000000 0.333944 0.000000 0.269658 0.000000 0.000000 0.000000 0.000000 0.000000 0.089875 0.000000 0.000000 0.000000 0.000000 0.000000 0.000000 0.000000 0.000000
 0.000000 0.216544 0.000000 0.000000 0.000000 0.000000 0.393293 0.390164 0.000000 0.000000 0.000000 0.000000 0.000000 0.000000 0.000000 0.000000 0.000000 0.000000 0.000000 0.000000
 0.000000 0.000034 0.000000 0.439971 0.000000 0.000508 0.440842 0.000000 0.000000 0.118645 0.000000 0.000000 0.000000 0.000000 0.000000 0.000000 0.000000 0.000000 0.000000 0.000000
 0.000000 0.000000 0.148967 0.000000 0.000000 0.000000 0.000000 0.000000 0.044981 0.000000 0.000000 0.000000 0.000000 0.000000 0.403783 0.000000 0.000000 0.000000 0.401106 0.001163
 0.500018 0.000000 0.000000 0.000000 0.000000 0.000000 0.000000 0.000000 0.000000 0.000000 0.000000 0.000000 0.000000 0.000000 0.000036 0.499946 0.000000 0.000000 0.000000 0.000000
 0.243357 0.000000 0.000000 0.000000 0.000000 0.000000 0.000000 0.000000 0.000002 0.000000 0.000000 0.000000 0.379537 0.000027 0.000000 0.000000 0.000000 0.000000 0.000470 0.376607
 0.001889 0.000000 0.000000 0.000000 0.000000 0.000000 0.000000 0.000000 0.000000 0.000000 0.000000 0.000000 0.000000 0.499020 0.000000 0.000000 0.000000 0.499091 0.000000 0.000000
 0.000000 0.000000 0.000000 0.000000 0.000000 0.000000 0.000000 0.500001 0.000000 0.000000 0.000000 0.000000 0.000000 0.000000 0.000000 0.000000 0.000000 0.499999 0.000000 0.000000
 0.000000 0.000000 0.000000 0.000000 0.000000 0.000000 0.000000 0.000000 0.000000 0.000000 0.000000 0.000000 0.000000 0.000000 0.000000 0.500000 0.500000 0.000000 0.000000 0.000000
 0.000000 0.000000 0.088640 0.000000 0.000001 0.003403 0.000000 0.000000 0.428615 0.000000 0.000000 0.000000 0.425773 0.000000 0.000531 0.000000 0.000000 0.000000 0.000000 0.053038
 0.169914 0.000001 0.000001 0.000000 0.347925 0.075573 0.000000 0.000000 0.006696 0.000000 0.000000 0.000000 0.001029 0.000000 0.354636 0.000000 0.000000 0.000000 0.044225 0.000000
the mean of prob-rank is 1.4736842105263157
the number of false negetive edges is 0
the number of probability greater than 0 is 4.6/edge
