20
 0.000000 0.000000 0.000000 0.000000 0.407081 0.142918 0.000000 0.000000 0.000000 0.000000 0.000000 0.035794 0.000000 0.000000 0.000000 0.414207 0.000000 0.000000 0.000000 0.000000
 0.000000 0.000000 0.440287 0.000000 0.118612 0.000027 0.000000 0.441074 0.000000 0.000000 0.000000 0.000000 0.000000 0.000000 0.000000 0.000000 0.000000 0.000000 0.000000 0.000000
 0.000000 0.469316 0.000000 0.000000 0.000000 0.000000 0.000000 0.060527 0.000000 0.470156 0.000000 0.000000 0.000000 0.000000 0.000000 0.000000 0.000000 0.000000 0.000000 0.000000
 0.000000 0.000000 0.000000 0.000000 0.000000 0.000000 0.489672 0.000000 0.000000 0.000000 0.489672 0.000000 0.000000 0.000000 0.000000 0.020655 0.000000 0.000000 0.000000 0.000000
 0.335873 0.091928 0.000000 0.000000 0.000000 0.340891 0.000000 0.058337 0.000000 0.000000 0.000000 0.000002 0.000000 0.000000 0.166626 0.006344 0.000000 0.000000 0.000000 0.000000
 0.147457 0.000026 0.000000 0.000000 0.426282 0.000000 0.000000 0.000000 0.000000 0.000000 0.000000 0.426236 0.000000 0.000000 0.000000 0.000000 0.000000 0.000000 0.000000 0.000000
 0.000000 0.000000 0.000000 0.382585 0.000000 0.000000 0.000000 0.000000 0.000000 0.000000 0.000000 0.000000 0.000000 0.000000 0.380967 0.236448 0.000000 0.000000 0.000000 0.000000
 0.000000 0.435347 0.056046 0.000000 0.074293 0.000000 0.000000 0.000000 0.000000 0.000000 0.000000 0.000000 0.000000 0.000000 0.434315 0.000000 0.000000 0.000000 0.000000 0.000000
 0.000000 0.000000 0.000000 0.000000 0.000000 0.000000 0.000000 0.000000 0.000000 0.499740 0.000000 0.000000 0.000000 0.000000 0.000000 0.000000 0.000515 0.000000 0.499745 0.000000
 0.000000 0.000000 0.500000 0.000000 0.000000 0.000000 0.000000 0.000000 0.499996 0.000000 0.000000 0.000000 0.000000 0.000000 0.000000 0.000000 0.000000 0.000000 0.000004 0.000000
 0.000000 0.000000 0.000000 0.500000 0.000000 0.000000 0.000000 0.000000 0.000000 0.000000 0.000000 0.000000 0.500000 0.000000 0.000000 0.000000 0.000000 0.000000 0.000000 0.000000
 0.033766 0.000000 0.000000 0.000000 0.000002 0.389713 0.000000 0.000000 0.000000 0.000000 0.000000 0.000000 0.000000 0.185671 0.000000 0.000000 0.000000 0.390848 0.000000 0.000000
 0.000000 0.000000 0.000000 0.000000 0.000000 0.000000 0.000000 0.000000 0.000000 0.000000 0.500000 0.000000 0.000000 0.000000 0.000000 0.000000 0.000000 0.000000 0.000000 0.500000
 0.000000 0.000000 0.000000 0.000000 0.000000 0.000000 0.000000 0.000000 0.000000 0.000000 0.000000 0.193038 0.000000 0.000000 0.000000 0.400607 0.000000 0.000000 0.000000 0.406355
 0.000000 0.000000 0.000000 0.000000 0.186138 0.000000 0.380261 0.380970 0.000000 0.000000 0.000000 0.000000 0.000000 0.000000 0.000000 0.052631 0.000000 0.000000 0.000000 0.000000
 0.353163 0.000000 0.000000 0.014901 0.006556 0.000000 0.218325 0.000000 0.000000 0.000000 0.000000 0.000000 0.000000 0.348263 0.048687 0.000000 0.000000 0.000000 0.000000 0.010105
 0.000000 0.000000 0.000000 0.000000 0.000000 0.000000 0.000000 0.000000 0.000515 0.000000 0.000000 0.000000 0.000000 0.000000 0.000000 0.000000 0.000000 0.499747 0.499738 0.000000
 0.000000 0.000000 0.000000 0.000000 0.000000 0.000000 0.000000 0.000000 0.000000 0.000000 0.000000 0.500000 0.000000 0.000000 0.000000 0.000000 0.500000 0.000000 0.000000 0.000000
 0.000000 0.000000 0.000000 0.000000 0.000000 0.000000 0.000000 0.000000 0.500002 0.000004 0.000000 0.000000 0.000000 0.000000 0.000000 0.000000 0.499994 0.000000 0.000000 0.000000
 0.000000 0.000000 0.000000 0.000000 0.000000 0.000000 0.000000 0.000000 0.000000 0.000000 0.000000 0.000000 0.492950 0.492950 0.000000 0.014101 0.000000 0.000000 0.000000 0.000000
the mean of prob-rank is 1.5789473684210527
the number of false negetive edges is 0
the number of probability greater than 0 is 3.6/edge
