20
 0.000000 0.000000 0.000000 0.000000 0.000000 0.000000 0.000000 0.000000 0.465832 0.000000 0.003732 0.000000 0.000000 0.064507 0.000000 0.000000 0.465929 0.000000 0.000000 0.000000
 0.000000 0.000000 0.000000 0.000000 0.000000 0.000000 0.000000 0.000000 0.000000 0.000000 0.000000 0.000000 0.000000 0.000000 0.499987 0.000000 0.000025 0.499988 0.000000 0.000000
 0.000000 0.000000 0.000000 0.000000 0.000000 0.000000 0.000000 0.000000 0.000000 0.000000 0.000000 0.000000 0.000000 0.000000 0.500000 0.000000 0.000000 0.000000 0.000000 0.500000
 0.000000 0.000000 0.000000 0.000000 0.000000 0.000000 0.000000 0.000000 0.000000 0.000487 0.000000 0.499756 0.000000 0.000000 0.000000 0.499756 0.000000 0.000000 0.000000 0.000001
 0.000000 0.000000 0.000000 0.000000 0.000000 0.000000 0.499393 0.000000 0.000000 0.000000 0.001213 0.000000 0.000000 0.000000 0.000000 0.000000 0.000000 0.499394 0.000000 0.000000
 0.000000 0.000000 0.000000 0.000000 0.000000 0.000000 0.474261 0.000000 0.000000 0.000000 0.052247 0.000000 0.000000 0.473492 0.000000 0.000000 0.000000 0.000000 0.000000 0.000000
 0.000000 0.000000 0.000000 0.000000 0.498485 0.498487 0.000000 0.000000 0.000000 0.000000 0.003027 0.000000 0.000000 0.000000 0.000000 0.000000 0.000001 0.000000 0.000000 0.000000
 0.000000 0.000000 0.000000 0.000000 0.000000 0.000000 0.000000 0.000000 0.500000 0.000000 0.000000 0.000000 0.500000 0.000000 0.000000 0.000000 0.000000 0.000000 0.000000 0.000000
 0.410104 0.000000 0.000000 0.000000 0.000000 0.000000 0.000000 0.410806 0.000000 0.000000 0.000000 0.000000 0.000000 0.000000 0.000000 0.000000 0.179090 0.000000 0.000000 0.000000
 0.000000 0.000000 0.000000 0.000487 0.000000 0.000000 0.000000 0.000000 0.000000 0.000000 0.000000 0.000000 0.000000 0.000000 0.000000 0.499758 0.000000 0.000000 0.499755 0.000000
 0.003776 0.000000 0.000000 0.000000 0.001147 0.052017 0.002867 0.000000 0.000000 0.000000 0.000000 0.000000 0.000000 0.467768 0.000000 0.000000 0.472177 0.000249 0.000000 0.000000
 0.000000 0.000000 0.000000 0.499502 0.000000 0.000000 0.000000 0.000000 0.000000 0.000000 0.000000 0.000000 0.000000 0.000000 0.000000 0.000997 0.000000 0.000000 0.000000 0.499501
 0.000000 0.000000 0.000000 0.000000 0.000000 0.000000 0.000000 0.500000 0.000000 0.000000 0.000000 0.000000 0.000000 0.000000 0.000000 0.000000 0.000000 0.000000 0.500000 0.000000
 0.063127 0.000000 0.000000 0.000000 0.000000 0.455903 0.000000 0.000000 0.000000 0.000000 0.452378 0.000000 0.000000 0.000000 0.000000 0.000000 0.028592 0.000000 0.000000 0.000000
 0.000000 0.499999 0.500001 0.000000 0.000000 0.000000 0.000000 0.000000 0.000000 0.000000 0.000000 0.000000 0.000000 0.000000 0.000000 0.000000 0.000000 0.000000 0.000000 0.000000
 0.000000 0.000000 0.000000 0.499503 0.000000 0.000000 0.000000 0.000000 0.000000 0.499500 0.000000 0.000997 0.000000 0.000000 0.000000 0.000000 0.000000 0.000000 0.000000 0.000000
 0.399861 0.000020 0.000000 0.000000 0.000000 0.000000 0.000001 0.000000 0.174580 0.000000 0.400462 0.000000 0.000000 0.025075 0.000000 0.000000 0.000000 0.000000 0.000000 0.000000
 0.000000 0.499868 0.000000 0.000000 0.499869 0.000000 0.000000 0.000000 0.000000 0.000000 0.000263 0.000000 0.000000 0.000000 0.000000 0.000000 0.000000 0.000000 0.000000 0.000000
 0.000000 0.000000 0.000000 0.000000 0.000000 0.000000 0.000000 0.000000 0.000000 0.499996 0.000000 0.000000 0.500004 0.000000 0.000000 0.000000 0.000000 0.000000 0.000000 0.000000
 0.000000 0.000000 0.500000 0.000001 0.000000 0.000000 0.000000 0.000000 0.000000 0.000000 0.000000 0.499999 0.000000 0.000000 0.000000 0.000000 0.000000 0.000000 0.000000 0.000000
the mean of prob-rank is 1.5263157894736843
the number of false negetive edges is 0
the number of probability greater than 0 is 3.15/edge
