20
 0.000000 0.000000 0.000000 0.000000 0.000000 0.000000 0.051535 0.000000 0.000000 0.000000 0.321785 0.000000 0.301811 0.000000 0.000256 0.030855 0.000000 0.000000 0.000000 0.293758
 0.000000 0.000000 0.000000 0.479422 0.000000 0.042384 0.000000 0.000000 0.000000 0.000000 0.000000 0.000000 0.000000 0.000000 0.000000 0.478194 0.000000 0.000000 0.000000 0.000000
 0.000000 0.000000 0.000000 0.356574 0.000001 0.000000 0.000000 0.000000 0.007097 0.000000 0.000000 0.072859 0.000000 0.000000 0.041375 0.000000 0.074079 0.348462 0.099553 0.000000
 0.000000 0.444247 0.439517 0.000000 0.000000 0.003866 0.000000 0.000000 0.000000 0.000000 0.000000 0.000000 0.000000 0.000000 0.000000 0.000000 0.000000 0.112370 0.000000 0.000000
 0.000000 0.000000 0.000002 0.000000 0.000000 0.000000 0.000000 0.499243 0.000000 0.000000 0.000000 0.000109 0.000000 0.000000 0.000000 0.000000 0.499370 0.000000 0.001276 0.000000
 0.000000 0.042176 0.000000 0.004152 0.000000 0.000000 0.000000 0.000000 0.000000 0.000000 0.000000 0.000000 0.000000 0.477075 0.000001 0.476596 0.000000 0.000000 0.000000 0.000000
 0.054836 0.000000 0.000000 0.000000 0.000000 0.000000 0.000000 0.269963 0.000000 0.000000 0.000003 0.000000 0.332803 0.000000 0.000000 0.000000 0.000000 0.000000 0.000000 0.342395
 0.000000 0.000000 0.000000 0.000000 0.276735 0.000000 0.218248 0.000000 0.000000 0.000000 0.000000 0.000000 0.264116 0.000000 0.000000 0.000000 0.000000 0.000000 0.000000 0.240902
 0.000000 0.000000 0.009794 0.000000 0.000000 0.000000 0.000000 0.000000 0.000000 0.497387 0.000000 0.492818 0.000000 0.000000 0.000000 0.000000 0.000000 0.000000 0.000000 0.000000
 0.000000 0.000000 0.000000 0.000000 0.000000 0.000000 0.000000 0.000000 0.500022 0.000000 0.000000 0.000000 0.000000 0.000000 0.000000 0.000000 0.000000 0.499978 0.000000 0.000000
 0.492389 0.000000 0.000000 0.000000 0.000000 0.000000 0.000004 0.000000 0.000000 0.000000 0.000000 0.000000 0.000000 0.000000 0.492346 0.000018 0.000000 0.000000 0.000000 0.015243
 0.000000 0.000000 0.092173 0.000000 0.000099 0.000000 0.000000 0.000000 0.451769 0.000000 0.000000 0.000000 0.000000 0.000000 0.000000 0.000000 0.000000 0.000000 0.455957 0.000000
 0.242782 0.000000 0.000000 0.000000 0.000000 0.000000 0.251598 0.246983 0.000000 0.000000 0.000000 0.000000 0.000000 0.000000 0.000000 0.023753 0.000000 0.000000 0.000000 0.234884
 0.000000 0.000000 0.000000 0.000000 0.000000 0.475941 0.000000 0.000000 0.000000 0.000000 0.000000 0.000000 0.000000 0.000000 0.475903 0.048157 0.000000 0.000000 0.000000 0.000000
 0.000333 0.000000 0.047971 0.000000 0.000000 0.000001 0.000000 0.000000 0.000000 0.000000 0.417829 0.000000 0.000000 0.417831 0.000000 0.116036 0.000000 0.000000 0.000000 0.000000
 0.037412 0.389169 0.000000 0.000000 0.000000 0.389777 0.000000 0.000000 0.000000 0.000000 0.000015 0.000000 0.035804 0.039478 0.108345 0.000000 0.000000 0.000000 0.000000 0.000000
 0.000000 0.000000 0.093487 0.000000 0.454837 0.000000 0.000000 0.000000 0.000000 0.000000 0.000000 0.000000 0.000000 0.000000 0.000000 0.000000 0.000000 0.000000 0.451676 0.000000
 0.000000 0.000000 0.435574 0.113955 0.000000 0.000000 0.000000 0.000000 0.000000 0.450472 0.000000 0.000000 0.000000 0.000000 0.000000 0.000000 0.000000 0.000000 0.000000 0.000000
 0.000000 0.000000 0.121585 0.000000 0.001125 0.000000 0.000000 0.000000 0.000000 0.000000 0.000000 0.440175 0.000000 0.000000 0.000000 0.000000 0.437115 0.000000 0.000000 0.000000
 0.245300 0.000000 0.000000 0.000000 0.000000 0.000000 0.268704 0.233851 0.000000 0.000000 0.008318 0.000000 0.243826 0.000000 0.000000 0.000000 0.000000 0.000000 0.000000 0.000000
the mean of prob-rank is 1.5789473684210527
the number of false negetive edges is 0
the number of probability greater than 0 is 4.5/edge
