20
 0.000000 0.000000 0.000000 0.000000 0.000000 0.000000 0.000000 0.004762 0.000000 0.497084 0.496900 0.000891 0.000000 0.000000 0.000000 0.000000 0.000000 0.000000 0.000363 0.000000
 0.000000 0.000000 0.000000 0.000000 0.000000 0.000000 0.000000 0.082831 0.459803 0.000000 0.000000 0.457366 0.000000 0.000000 0.000000 0.000000 0.000000 0.000000 0.000000 0.000000
 0.000000 0.000000 0.000000 0.488735 0.000000 0.489139 0.022126 0.000000 0.000000 0.000000 0.000000 0.000000 0.000000 0.000000 0.000000 0.000000 0.000000 0.000000 0.000000 0.000000
 0.000000 0.000000 0.464506 0.000000 0.000000 0.070603 0.000000 0.000000 0.000000 0.000000 0.000000 0.000000 0.000000 0.000000 0.464890 0.000000 0.000000 0.000000 0.000000 0.000000
 0.000000 0.000000 0.000000 0.000000 0.000000 0.000000 0.000000 0.000000 0.000000 0.003522 0.000000 0.000000 0.000000 0.000000 0.000000 0.000000 0.000000 0.498307 0.498171 0.000000
 0.000000 0.000000 0.464845 0.070596 0.000000 0.000000 0.464559 0.000000 0.000000 0.000000 0.000000 0.000000 0.000000 0.000000 0.000000 0.000000 0.000000 0.000000 0.000000 0.000000
 0.000000 0.000000 0.022124 0.000000 0.000000 0.488788 0.000000 0.000000 0.489089 0.000000 0.000000 0.000000 0.000000 0.000000 0.000000 0.000000 0.000000 0.000000 0.000000 0.000000
 0.004372 0.082193 0.000000 0.000000 0.000000 0.000000 0.000000 0.000000 0.001072 0.455273 0.000000 0.000740 0.000000 0.000000 0.000000 0.000000 0.000000 0.000000 0.456351 0.000000
 0.000000 0.499350 0.000000 0.000000 0.000000 0.000000 0.499477 0.001173 0.000000 0.000000 0.000000 0.000000 0.000000 0.000000 0.000000 0.000000 0.000000 0.000000 0.000000 0.000000
 0.493808 0.000000 0.000000 0.000000 0.003490 0.000000 0.000000 0.492619 0.000000 0.000000 0.000352 0.000001 0.000000 0.000000 0.000000 0.000000 0.000000 0.000000 0.009730 0.000000
 0.499728 0.000000 0.000000 0.000000 0.000000 0.000000 0.000000 0.000000 0.000000 0.000356 0.000000 0.499915 0.000000 0.000000 0.000000 0.000000 0.000000 0.000000 0.000000 0.000000
 0.000897 0.497619 0.000000 0.000000 0.000000 0.000000 0.000000 0.000812 0.000000 0.000001 0.500396 0.000000 0.000000 0.000000 0.000000 0.000000 0.000000 0.000000 0.000275 0.000000
 0.000000 0.000000 0.000000 0.000000 0.000000 0.000000 0.000000 0.000000 0.000000 0.000000 0.000000 0.000000 0.000000 0.000000 0.000000 0.500000 0.000000 0.000000 0.000000 0.500000
 0.000000 0.000000 0.000000 0.000000 0.000000 0.000000 0.000000 0.000000 0.000000 0.000000 0.000000 0.000000 0.000000 0.000000 0.499999 0.000000 0.500001 0.000000 0.000000 0.000000
 0.000000 0.000000 0.000000 0.500001 0.000000 0.000000 0.000000 0.000000 0.000000 0.000000 0.000000 0.000000 0.000000 0.499999 0.000000 0.000000 0.000000 0.000000 0.000000 0.000000
 0.000000 0.000000 0.000000 0.000000 0.000000 0.000000 0.000000 0.000000 0.000000 0.000000 0.000000 0.000000 0.500000 0.000000 0.000000 0.000000 0.500000 0.000000 0.000000 0.000000
 0.000000 0.000000 0.000000 0.000000 0.000000 0.000000 0.000000 0.000000 0.000000 0.000000 0.000000 0.000000 0.000000 0.500000 0.000000 0.500000 0.000000 0.000000 0.000000 0.000000
 0.000000 0.000000 0.000000 0.000000 0.500000 0.000000 0.000000 0.000000 0.000000 0.000000 0.000000 0.000000 0.000000 0.000000 0.000000 0.000000 0.000000 0.000000 0.000000 0.500000
 0.000361 0.000000 0.000000 0.000000 0.494753 0.000000 0.000000 0.494862 0.000000 0.009751 0.000000 0.000272 0.000000 0.000000 0.000000 0.000000 0.000000 0.000000 0.000000 0.000000
 0.000000 0.000000 0.000000 0.000000 0.000000 0.000000 0.000000 0.000000 0.000000 0.000000 0.000000 0.000000 0.500000 0.000000 0.000000 0.000000 0.000000 0.500000 0.000000 0.000000
the mean of prob-rank is 1.5789473684210527
the number of false negetive edges is 0
the number of probability greater than 0 is 3.2/edge
