20
 0.000000 0.000000 0.361007 0.193668 0.000000 0.000000 0.000000 0.000000 0.000000 0.000000 0.000000 0.000000 0.000000 0.000000 0.000000 0.000000 0.000000 0.077791 0.367534 0.000000
 0.000000 0.000000 0.000000 0.464882 0.462410 0.000000 0.000000 0.000000 0.000000 0.000000 0.000000 0.000000 0.072708 0.000000 0.000000 0.000000 0.000000 0.000000 0.000000 0.000000
 0.418280 0.000000 0.000000 0.000036 0.109517 0.426481 0.000000 0.000000 0.000000 0.000000 0.000000 0.000000 0.000000 0.000000 0.000000 0.000000 0.000000 0.000000 0.045687 0.000000
 0.208896 0.397091 0.000033 0.000000 0.000000 0.000000 0.000000 0.000000 0.000000 0.000000 0.000000 0.000000 0.393980 0.000000 0.000000 0.000000 0.000000 0.000000 0.000000 0.000000
 0.000000 0.370823 0.095718 0.000000 0.000000 0.000000 0.000000 0.000000 0.000000 0.357891 0.000000 0.009149 0.000000 0.166419 0.000000 0.000000 0.000000 0.000000 0.000000 0.000000
 0.000000 0.000000 0.497121 0.000000 0.000000 0.000000 0.000000 0.000000 0.000000 0.000000 0.004785 0.000000 0.000000 0.000000 0.497198 0.000000 0.000000 0.000000 0.000896 0.000000
 0.000000 0.000000 0.000000 0.000000 0.000000 0.000000 0.000000 0.000000 0.500000 0.000000 0.000000 0.000000 0.000000 0.000000 0.500000 0.000000 0.000000 0.000000 0.000000 0.000000
 0.000000 0.000000 0.000000 0.000000 0.000000 0.000000 0.000000 0.000000 0.000000 0.000000 0.000000 0.000000 0.000000 0.000000 0.000000 0.000000 0.500000 0.000000 0.000000 0.500000
 0.000000 0.000000 0.000000 0.000000 0.000000 0.000000 0.499999 0.000000 0.000000 0.000000 0.000000 0.000000 0.000000 0.000001 0.000000 0.499999 0.000000 0.000000 0.000000 0.000000
 0.000000 0.000000 0.000000 0.000000 0.366186 0.000000 0.000000 0.000000 0.000000 0.000000 0.000000 0.252368 0.000000 0.381447 0.000000 0.000000 0.000000 0.000000 0.000000 0.000000
 0.000000 0.000000 0.000000 0.000000 0.000000 0.004789 0.000000 0.000000 0.000000 0.000000 0.000000 0.000000 0.000000 0.000000 0.000003 0.000000 0.000000 0.497575 0.497633 0.000000
 0.000000 0.000000 0.000000 0.000000 0.009163 0.000000 0.000000 0.000000 0.000000 0.247038 0.000000 0.000000 0.000000 0.370408 0.000000 0.373391 0.000000 0.000000 0.000000 0.000000
 0.000000 0.072793 0.000000 0.461780 0.000000 0.000000 0.000000 0.000000 0.000000 0.000000 0.000000 0.000000 0.000000 0.000000 0.000000 0.000000 0.000000 0.000000 0.000000 0.465427
 0.000000 0.000000 0.000000 0.000000 0.183068 0.000000 0.000000 0.000000 0.000001 0.410103 0.000000 0.406827 0.000000 0.000000 0.000000 0.000002 0.000000 0.000000 0.000000 0.000000
 0.000000 0.000000 0.000000 0.000000 0.000000 0.499996 0.500001 0.000000 0.000000 0.000000 0.000003 0.000000 0.000000 0.000000 0.000000 0.000000 0.000000 0.000000 0.000000 0.000000
 0.000000 0.000000 0.000000 0.000000 0.000000 0.000000 0.000000 0.000000 0.499999 0.000000 0.000000 0.499999 0.000000 0.000002 0.000000 0.000000 0.000000 0.000000 0.000000 0.000000
 0.000000 0.000000 0.000000 0.000000 0.000000 0.000000 0.000000 0.500000 0.000000 0.000000 0.000000 0.000000 0.000000 0.000000 0.000000 0.000000 0.000000 0.500000 0.000000 0.000000
 0.095562 0.000000 0.000000 0.000000 0.000000 0.000000 0.000000 0.000000 0.000000 0.000000 0.452190 0.000000 0.000000 0.000000 0.000000 0.000000 0.452248 0.000000 0.000000 0.000000
 0.473767 0.000000 0.050829 0.000000 0.000000 0.000855 0.000000 0.000000 0.000000 0.000000 0.474549 0.000000 0.000000 0.000000 0.000000 0.000000 0.000000 0.000000 0.000000 0.000000
 0.000000 0.000000 0.000000 0.000000 0.000000 0.000000 0.000000 0.500000 0.000000 0.000000 0.000000 0.000000 0.500000 0.000000 0.000000 0.000000 0.000000 0.000000 0.000000 0.000000
the mean of prob-rank is 1.5263157894736843
the number of false negetive edges is 0
the number of probability greater than 0 is 3.4/edge
