20
 0.000000 0.000000 0.000000 0.000000 0.000000 0.500000 0.000000 0.000000 0.000000 0.000000 0.000000 0.000000 0.000000 0.000000 0.500000 0.000000 0.000000 0.000000 0.000000 0.000000
 0.000000 0.000000 0.000000 0.014628 0.462798 0.000000 0.007077 0.000000 0.000000 0.000000 0.000000 0.001000 0.000000 0.000000 0.000000 0.056049 0.458447 0.000000 0.000000 0.000000
 0.000000 0.000000 0.000000 0.000000 0.000000 0.000000 0.499996 0.500004 0.000000 0.000000 0.000000 0.000000 0.000000 0.000000 0.000000 0.000000 0.000000 0.000000 0.000000 0.000000
 0.000000 0.014992 0.000000 0.000000 0.000000 0.000000 0.008477 0.000011 0.000000 0.000000 0.028984 0.000000 0.000000 0.000000 0.000000 0.002100 0.471197 0.474239 0.000000 0.000000
 0.000000 0.485712 0.000000 0.000000 0.000000 0.000000 0.018629 0.000000 0.001226 0.000000 0.000000 0.000032 0.000000 0.000000 0.000000 0.485621 0.008780 0.000000 0.000000 0.000000
 0.344795 0.000000 0.000000 0.000000 0.000000 0.000000 0.000000 0.000000 0.333259 0.000000 0.000000 0.000000 0.000000 0.321946 0.000000 0.000000 0.000000 0.000000 0.000000 0.000000
 0.000000 0.007380 0.482606 0.008625 0.018510 0.000000 0.000000 0.000000 0.000000 0.000000 0.000000 0.000000 0.000000 0.000000 0.000668 0.482210 0.000000 0.000000 0.000000 0.000000
 0.000000 0.000000 0.499996 0.000011 0.000000 0.000000 0.000000 0.000000 0.000000 0.000000 0.000000 0.000000 0.000000 0.000000 0.499993 0.000000 0.000000 0.000000 0.000000 0.000000
 0.000000 0.000000 0.000000 0.000000 0.000899 0.344268 0.000000 0.000000 0.000000 0.298664 0.000000 0.000000 0.000000 0.356169 0.000000 0.000000 0.000000 0.000000 0.000000 0.000000
 0.000000 0.000000 0.000000 0.000000 0.000000 0.000000 0.000000 0.000000 0.301499 0.000000 0.000000 0.000000 0.000006 0.338930 0.000000 0.000000 0.000000 0.000000 0.359565 0.000000
 0.000000 0.000000 0.000000 0.029611 0.000000 0.000000 0.000000 0.000000 0.000000 0.000000 0.000000 0.000000 0.000000 0.000000 0.000000 0.000000 0.001791 0.484234 0.000000 0.484364
 0.000000 0.000928 0.000000 0.000000 0.000028 0.000000 0.000000 0.000000 0.000000 0.000000 0.000000 0.000000 0.429468 0.000000 0.000000 0.000000 0.141704 0.000004 0.000000 0.427868
 0.000000 0.000000 0.000000 0.000000 0.000000 0.000000 0.000000 0.000000 0.000000 0.000009 0.000000 0.499934 0.000000 0.000000 0.000000 0.000000 0.000000 0.000000 0.500058 0.000000
 0.000000 0.000000 0.000000 0.000000 0.000000 0.324628 0.000000 0.000000 0.347651 0.327712 0.000000 0.000000 0.000000 0.000000 0.000000 0.000000 0.000000 0.000000 0.000009 0.000000
 0.499655 0.000000 0.000000 0.000000 0.000000 0.000000 0.000692 0.499653 0.000000 0.000000 0.000000 0.000000 0.000000 0.000000 0.000000 0.000000 0.000000 0.000000 0.000000 0.000000
 0.000000 0.057000 0.000000 0.002084 0.470561 0.000000 0.470259 0.000000 0.000000 0.000000 0.000000 0.000000 0.000000 0.000000 0.000000 0.000000 0.000096 0.000000 0.000000 0.000000
 0.000000 0.376756 0.000000 0.377831 0.006875 0.000000 0.000000 0.000000 0.000000 0.000000 0.001405 0.125461 0.000000 0.000000 0.000000 0.000077 0.000000 0.000000 0.000000 0.111594
 0.000000 0.000000 0.000000 0.473353 0.000000 0.000000 0.000000 0.000000 0.000000 0.000000 0.473082 0.000004 0.000000 0.000000 0.000000 0.000000 0.000000 0.000000 0.000000 0.053561
 0.000000 0.000000 0.000000 0.000000 0.000000 0.000000 0.000000 0.000000 0.000000 0.499993 0.000000 0.000000 0.499995 0.000012 0.000000 0.000000 0.000000 0.000000 0.000000 0.000000
 0.000000 0.000000 0.000000 0.000000 0.000000 0.000000 0.000000 0.000000 0.000000 0.000000 0.416106 0.414650 0.000000 0.000000 0.000000 0.000000 0.122147 0.047098 0.000000 0.000000
the mean of prob-rank is 1.5263157894736843
the number of false negetive edges is 0
the number of probability greater than 0 is 4.3/edge
