20
 0.000000 0.000000 0.399669 0.000001 0.000002 0.048119 0.000000 0.000000 0.000000 0.014523 0.000000 0.000000 0.000000 0.397236 0.128548 0.000000 0.011902 0.000000 0.000000 0.000000
 0.000000 0.000000 0.000000 0.000000 0.000000 0.000000 0.000000 0.000000 0.000000 0.000000 0.000000 0.500000 0.000000 0.000000 0.000000 0.500000 0.000000 0.000000 0.000000 0.000000
 0.439622 0.000000 0.000000 0.000000 0.000000 0.014501 0.000000 0.000000 0.000000 0.000000 0.000000 0.000000 0.000000 0.106665 0.439212 0.000000 0.000000 0.000000 0.000000 0.000000
 0.000001 0.000000 0.000000 0.000000 0.000000 0.000000 0.000000 0.000000 0.000000 0.000000 0.453857 0.000000 0.000000 0.000000 0.000000 0.000000 0.000000 0.454040 0.000000 0.092102
 0.000002 0.000000 0.000000 0.000000 0.000000 0.047218 0.000000 0.000000 0.007423 0.026419 0.000000 0.000001 0.435967 0.000000 0.000000 0.049745 0.433225 0.000000 0.000000 0.000000
 0.050103 0.000000 0.013727 0.000000 0.045071 0.000000 0.000000 0.000000 0.027045 0.000000 0.000000 0.000000 0.414667 0.000000 0.416132 0.000000 0.033256 0.000000 0.000000 0.000000
 0.000000 0.000000 0.000000 0.000000 0.000000 0.000000 0.000000 0.000000 0.000000 0.500001 0.499999 0.000000 0.000000 0.000000 0.000000 0.000000 0.000000 0.000000 0.000000 0.000000
 0.000000 0.000000 0.000000 0.000000 0.000000 0.000000 0.000000 0.000000 0.000000 0.000000 0.000000 0.500000 0.000000 0.000000 0.000000 0.000000 0.000000 0.000000 0.000000 0.500000
 0.000000 0.000000 0.000000 0.000000 0.008078 0.030833 0.000000 0.000000 0.000000 0.000000 0.000000 0.000000 0.014350 0.000000 0.000095 0.474286 0.000003 0.000000 0.472355 0.000000
 0.017335 0.000000 0.000000 0.000000 0.028909 0.000000 0.477060 0.000000 0.000000 0.000000 0.000000 0.000000 0.000000 0.000000 0.000000 0.000000 0.476696 0.000000 0.000000 0.000000
 0.000000 0.000000 0.000000 0.483928 0.000000 0.000000 0.484122 0.000000 0.000000 0.000000 0.000000 0.000000 0.000000 0.000000 0.000000 0.000000 0.000000 0.031950 0.000000 0.000000
 0.000000 0.499999 0.000000 0.000000 0.000001 0.000000 0.000000 0.500000 0.000000 0.000000 0.000000 0.000000 0.000000 0.000000 0.000000 0.000000 0.000000 0.000000 0.000000 0.000000
 0.000000 0.000000 0.000000 0.000000 0.403406 0.401973 0.000000 0.000000 0.012202 0.000000 0.000000 0.000000 0.000000 0.000000 0.000000 0.000000 0.182419 0.000000 0.000000 0.000000
 0.444118 0.000000 0.108416 0.000000 0.000000 0.000000 0.000000 0.000000 0.000000 0.000000 0.000000 0.000000 0.000000 0.000000 0.000628 0.000000 0.000000 0.000000 0.446838 0.000000
 0.133495 0.000000 0.414659 0.000000 0.000000 0.415033 0.000000 0.000000 0.000084 0.000000 0.000000 0.000000 0.000000 0.000583 0.000000 0.000000 0.000000 0.000000 0.036146 0.000000
 0.000000 0.473088 0.000000 0.000000 0.053980 0.000000 0.000000 0.000000 0.472932 0.000000 0.000000 0.000000 0.000000 0.000000 0.000000 0.000000 0.000000 0.000000 0.000000 0.000000
 0.011656 0.000000 0.000000 0.000000 0.388951 0.031280 0.000000 0.000000 0.000002 0.391115 0.000000 0.000000 0.176996 0.000000 0.000000 0.000000 0.000000 0.000000 0.000000 0.000000
 0.000000 0.000000 0.000000 0.484849 0.000000 0.000000 0.000000 0.000000 0.000000 0.000000 0.031998 0.000000 0.000000 0.000000 0.000000 0.000000 0.000000 0.000000 0.000000 0.483152
 0.000000 0.000000 0.000000 0.000000 0.000000 0.000000 0.000000 0.000000 0.478036 0.000000 0.000000 0.000000 0.000000 0.480148 0.041816 0.000000 0.000000 0.000000 0.000000 0.000000
 0.000000 0.000000 0.000000 0.092232 0.000000 0.000000 0.000000 0.454680 0.000000 0.000000 0.000000 0.000000 0.000000 0.000000 0.000000 0.000000 0.000000 0.453088 0.000000 0.000000
the mean of prob-rank is 1.5263157894736843
the number of false negetive edges is 0
the number of probability greater than 0 is 4.1/edge
