20
 0.000000 0.000000 0.000000 0.000000 0.000000 0.000000 0.000000 0.000000 0.000000 0.000000 0.000011 0.362980 0.000000 0.000000 0.324550 0.000000 0.000000 0.000000 0.000000 0.312459
 0.000000 0.000000 0.000000 0.000000 0.000005 0.011997 0.000000 0.000000 0.000000 0.000000 0.493944 0.000135 0.493919 0.000000 0.000000 0.000000 0.000000 0.000000 0.000000 0.000000
 0.000000 0.000000 0.000000 0.000000 0.000000 0.000000 0.000000 0.000000 0.000000 0.000000 0.000000 0.000000 0.000000 0.000000 0.499649 0.499571 0.000000 0.000000 0.000000 0.000780
 0.000000 0.000000 0.000000 0.000000 0.263946 0.000000 0.214671 0.000000 0.000000 0.058392 0.000000 0.000000 0.000000 0.000000 0.000000 0.000000 0.260096 0.000000 0.202894 0.000000
 0.000000 0.000004 0.000000 0.413151 0.000000 0.412330 0.000271 0.000000 0.000000 0.000006 0.000011 0.000000 0.000000 0.013631 0.000000 0.000000 0.160596 0.000000 0.000000 0.000000
 0.000000 0.008188 0.000000 0.000000 0.335401 0.000000 0.000000 0.000000 0.000000 0.000000 0.334792 0.000000 0.000000 0.155356 0.000000 0.000000 0.000000 0.166262 0.000000 0.000000
 0.000000 0.000000 0.000000 0.233302 0.000188 0.000000 0.000000 0.000000 0.282768 0.203128 0.000000 0.000000 0.000000 0.000000 0.000000 0.000000 0.000000 0.000000 0.280614 0.000000
 0.000000 0.000000 0.000000 0.000000 0.000000 0.000000 0.000000 0.000000 0.066745 0.062157 0.000000 0.000000 0.000000 0.049265 0.000000 0.347475 0.000000 0.340993 0.000000 0.133365
 0.000000 0.000000 0.000000 0.000000 0.000000 0.000000 0.328333 0.064181 0.000000 0.334122 0.000000 0.000000 0.000000 0.000000 0.000000 0.000000 0.000000 0.000000 0.273365 0.000000
 0.000000 0.000000 0.000000 0.071468 0.000004 0.000000 0.228758 0.057969 0.324061 0.000000 0.000000 0.000000 0.000000 0.317740 0.000000 0.000000 0.000000 0.000000 0.000000 0.000000
 0.000012 0.389646 0.000000 0.000000 0.000010 0.386952 0.000000 0.000000 0.000000 0.000000 0.000000 0.223379 0.000001 0.000000 0.000000 0.000000 0.000000 0.000000 0.000000 0.000000
 0.391309 0.000107 0.000000 0.000000 0.000000 0.000000 0.000000 0.000000 0.000000 0.000000 0.224333 0.000000 0.384250 0.000000 0.000000 0.000000 0.000000 0.000000 0.000000 0.000000
 0.000000 0.377601 0.000000 0.000000 0.000000 0.000000 0.000000 0.000000 0.000000 0.000000 0.000001 0.370807 0.000000 0.000000 0.000000 0.000000 0.251591 0.000000 0.000000 0.000000
 0.000000 0.000000 0.000000 0.000000 0.012543 0.175741 0.000000 0.054069 0.000000 0.373919 0.000000 0.000000 0.000000 0.000000 0.000000 0.000000 0.000000 0.381358 0.000000 0.002371
 0.306351 0.000000 0.342626 0.000000 0.000000 0.000000 0.000000 0.000000 0.000000 0.000000 0.000000 0.000000 0.000000 0.000000 0.000000 0.027259 0.000000 0.000000 0.000000 0.323765
 0.000000 0.000000 0.480832 0.000000 0.000000 0.000000 0.000000 0.480908 0.000000 0.000000 0.000000 0.000000 0.000000 0.000000 0.038261 0.000000 0.000000 0.000000 0.000000 0.000000
 0.000000 0.000000 0.000000 0.323888 0.127762 0.000000 0.000000 0.000000 0.000000 0.000000 0.000000 0.000000 0.219674 0.000000 0.000000 0.000000 0.000000 0.000000 0.328676 0.000000
 0.000000 0.000000 0.000000 0.000000 0.000000 0.146199 0.000000 0.290911 0.000000 0.000000 0.000000 0.000000 0.000000 0.296441 0.000000 0.000000 0.000000 0.000000 0.000000 0.266448
 0.000000 0.000000 0.000000 0.215463 0.000000 0.000000 0.274199 0.000000 0.230046 0.000000 0.000000 0.000000 0.000000 0.000000 0.000000 0.000000 0.280291 0.000000 0.000000 0.000000
 0.278025 0.000000 0.000504 0.000000 0.000000 0.000000 0.000000 0.123964 0.000000 0.000000 0.000000 0.000000 0.000000 0.002008 0.305199 0.000000 0.000000 0.290301 0.000000 0.000000
the mean of prob-rank is 2.0
the number of false negetive edges is 0
the number of probability greater than 0 is 4.8/edge
