20
 0.000000 0.000000 0.000000 0.004199 0.000000 0.000000 0.497953 0.000000 0.000000 0.000000 0.000000 0.000000 0.000000 0.000000 0.000000 0.497848 0.000000 0.000000 0.000000 0.000000
 0.000000 0.000000 0.000000 0.000000 0.000000 0.000000 0.000000 0.000000 0.000000 0.485491 0.028309 0.000000 0.486200 0.000000 0.000000 0.000000 0.000000 0.000000 0.000000 0.000000
 0.000000 0.000000 0.000000 0.000000 0.000000 0.404811 0.000000 0.000000 0.174230 0.000000 0.001363 0.000000 0.000000 0.000000 0.000000 0.002640 0.000000 0.406148 0.010808 0.000000
 0.004196 0.000000 0.000000 0.000000 0.000000 0.000000 0.000000 0.000000 0.000000 0.000000 0.000000 0.000000 0.000000 0.000000 0.497546 0.000000 0.000668 0.000000 0.000000 0.497590
 0.000000 0.000000 0.000000 0.000000 0.000000 0.499997 0.500003 0.000000 0.000000 0.000000 0.000000 0.000000 0.000000 0.000000 0.000000 0.000000 0.000000 0.000000 0.000000 0.000000
 0.000000 0.000000 0.430620 0.000000 0.432037 0.000000 0.000000 0.000000 0.014738 0.000000 0.000000 0.000000 0.000000 0.000000 0.000000 0.000000 0.000000 0.000000 0.122604 0.000000
 0.500000 0.000000 0.000000 0.000000 0.500000 0.000000 0.000000 0.000000 0.000000 0.000000 0.000000 0.000000 0.000000 0.000000 0.000000 0.000000 0.000000 0.000000 0.000000 0.000000
 0.000000 0.000000 0.000000 0.000000 0.000000 0.000000 0.000000 0.000000 0.000000 0.500000 0.000000 0.500000 0.000000 0.000000 0.000000 0.000000 0.000000 0.000000 0.000000 0.000000
 0.000000 0.000000 0.174647 0.000000 0.000000 0.013888 0.000000 0.000000 0.000000 0.000000 0.000000 0.000000 0.000000 0.404255 0.000000 0.000000 0.000000 0.000092 0.407119 0.000000
 0.000000 0.467470 0.000000 0.000000 0.000000 0.000000 0.000000 0.468152 0.000000 0.000000 0.000000 0.000000 0.064379 0.000000 0.000000 0.000000 0.000000 0.000000 0.000000 0.000000
 0.000000 0.028055 0.001617 0.000000 0.000000 0.000000 0.000000 0.000000 0.000000 0.000000 0.000000 0.000000 0.000000 0.481829 0.000000 0.006664 0.000000 0.481835 0.000000 0.000000
 0.000000 0.000000 0.000000 0.000000 0.000000 0.000000 0.000000 0.457032 0.000000 0.000000 0.000000 0.000000 0.000000 0.096730 0.000000 0.000000 0.000000 0.000000 0.446238 0.000000
 0.000000 0.467851 0.000000 0.000000 0.000000 0.000000 0.000000 0.000000 0.000000 0.064337 0.000000 0.000000 0.000000 0.000000 0.000000 0.000000 0.467812 0.000000 0.000000 0.000000
 0.000000 0.000000 0.000000 0.000000 0.000000 0.000000 0.000000 0.000000 0.440250 0.000000 0.443362 0.093838 0.000000 0.000000 0.000000 0.000000 0.000000 0.000000 0.022549 0.000000
 0.000000 0.000000 0.000000 0.497171 0.000000 0.000000 0.000000 0.000000 0.000000 0.000000 0.000000 0.000000 0.000000 0.000000 0.000000 0.002393 0.497212 0.000000 0.000000 0.003224
 0.493751 0.000000 0.003211 0.000000 0.000000 0.000000 0.000000 0.000000 0.000000 0.000000 0.006830 0.000000 0.000000 0.000000 0.002377 0.000000 0.000000 0.000000 0.000000 0.493832
 0.000000 0.000000 0.000000 0.000671 0.000000 0.000000 0.000000 0.000000 0.000000 0.000000 0.000000 0.000000 0.499651 0.000000 0.499678 0.000000 0.000000 0.000000 0.000000 0.000000
 0.000000 0.000000 0.499945 0.000000 0.000000 0.000000 0.000000 0.000000 0.000112 0.000000 0.499943 0.000000 0.000000 0.000000 0.000000 0.000000 0.000000 0.000000 0.000000 0.000000
 0.000000 0.000000 0.011384 0.000000 0.000000 0.121396 0.000000 0.000000 0.427784 0.000000 0.000000 0.417680 0.000000 0.021757 0.000000 0.000000 0.000000 0.000000 0.000000 0.000000
 0.000000 0.000000 0.000000 0.498390 0.000000 0.000000 0.000000 0.000000 0.000000 0.000000 0.000000 0.000000 0.000000 0.000000 0.003232 0.498379 0.000000 0.000000 0.000000 0.000000
the mean of prob-rank is 1.5789473684210527
the number of false negetive edges is 0
the number of probability greater than 0 is 3.6/edge
