20
 0.000000 0.000000 0.000000 0.000000 0.479281 0.000000 0.000000 0.000000 0.000000 0.000000 0.000000 0.000000 0.000000 0.041460 0.000000 0.000000 0.000000 0.479259 0.000000 0.000000
 0.000000 0.000000 0.000000 0.000000 0.000000 0.000000 0.000000 0.000000 0.000000 0.000000 0.000000 0.184283 0.000000 0.000000 0.280305 0.000000 0.244175 0.000000 0.291238 0.000000
 0.000000 0.000000 0.000000 0.000000 0.000000 0.500000 0.000000 0.000000 0.000000 0.000000 0.000000 0.000000 0.500000 0.000000 0.000000 0.000000 0.000000 0.000000 0.000000 0.000000
 0.000000 0.000000 0.000000 0.000000 0.000000 0.500000 0.000000 0.000000 0.000000 0.000000 0.000000 0.000000 0.000000 0.000000 0.000000 0.500000 0.000000 0.000000 0.000000 0.000001
 0.500000 0.000000 0.000000 0.000000 0.000000 0.000000 0.000000 0.000000 0.000000 0.000000 0.000000 0.000000 0.000000 0.000000 0.000000 0.500000 0.000000 0.000000 0.000000 0.000000
 0.000000 0.000000 0.499998 0.499996 0.000000 0.000000 0.000000 0.000006 0.000000 0.000000 0.000000 0.000000 0.000000 0.000000 0.000000 0.000000 0.000000 0.000000 0.000000 0.000000
 0.000000 0.000000 0.000000 0.000000 0.000000 0.000000 0.000000 0.000000 0.000000 0.000000 0.500000 0.000000 0.500000 0.000000 0.000000 0.000000 0.000000 0.000000 0.000000 0.000000
 0.000000 0.000000 0.000000 0.000000 0.000000 0.000005 0.000000 0.000000 0.000000 0.000000 0.437428 0.436548 0.000000 0.000000 0.030524 0.000000 0.095496 0.000000 0.000000 0.000000
 0.000000 0.000000 0.000000 0.000000 0.000000 0.000000 0.000000 0.000000 0.000000 0.482566 0.000000 0.000000 0.000000 0.000000 0.000000 0.000000 0.000000 0.000000 0.034960 0.482474
 0.000000 0.000000 0.000000 0.000000 0.000000 0.000000 0.000000 0.000000 0.499629 0.000000 0.000000 0.000000 0.000000 0.498929 0.000000 0.000000 0.000000 0.001442 0.000000 0.000000
 0.000000 0.000000 0.000000 0.000000 0.000000 0.000000 0.500067 0.499895 0.000000 0.000000 0.000000 0.000002 0.000000 0.000000 0.000000 0.000000 0.000000 0.000000 0.000035 0.000000
 0.000000 0.182158 0.000000 0.000000 0.000000 0.000000 0.000000 0.287201 0.000000 0.000000 0.000001 0.000000 0.000000 0.000000 0.247608 0.000000 0.283031 0.000000 0.000000 0.000000
 0.000000 0.000000 0.500000 0.000000 0.000000 0.000000 0.500000 0.000000 0.000000 0.000000 0.000000 0.000000 0.000000 0.000000 0.000000 0.000000 0.000000 0.000000 0.000000 0.000000
 0.041487 0.000000 0.000000 0.000000 0.000000 0.000000 0.000000 0.000000 0.000000 0.478920 0.000000 0.000000 0.000000 0.000000 0.000000 0.000000 0.000000 0.479593 0.000000 0.000000
 0.000000 0.299226 0.000000 0.000000 0.000000 0.000000 0.000000 0.021687 0.000000 0.000000 0.000000 0.267407 0.000000 0.000000 0.000000 0.000000 0.310898 0.000000 0.000399 0.100383
 0.000000 0.000000 0.000000 0.499999 0.500001 0.000000 0.000000 0.000000 0.000000 0.000000 0.000000 0.000000 0.000000 0.000000 0.000000 0.000000 0.000000 0.000000 0.000000 0.000000
 0.000000 0.272518 0.000000 0.000000 0.000000 0.000000 0.000000 0.070936 0.000000 0.000000 0.000000 0.319569 0.000000 0.000000 0.325043 0.000000 0.000000 0.000000 0.000013 0.011921
 0.499268 0.000000 0.000000 0.000000 0.000000 0.000000 0.000000 0.000000 0.000000 0.001441 0.000000 0.000000 0.000000 0.499291 0.000000 0.000000 0.000000 0.000000 0.000000 0.000000
 0.000000 0.482276 0.000000 0.000000 0.000000 0.000000 0.000000 0.000000 0.034939 0.000000 0.000034 0.000000 0.000000 0.000000 0.000620 0.000000 0.000019 0.000000 0.000000 0.482113
 0.000000 0.000000 0.000000 0.000001 0.000000 0.000000 0.000000 0.000000 0.423823 0.000000 0.000000 0.000000 0.000000 0.000000 0.136870 0.000000 0.015546 0.000000 0.423760 0.000000
the mean of prob-rank is 1.5263157894736843
the number of false negetive edges is 0
the number of probability greater than 0 is 3.5/edge
