20
 0.000000 0.000000 0.000000 0.038830 0.000000 0.000000 0.000000 0.000000 0.000000 0.480596 0.000000 0.000000 0.000000 0.000001 0.000000 0.000000 0.480574 0.000000 0.000000 0.000000
 0.000000 0.000000 0.000000 0.000000 0.323450 0.000000 0.000000 0.000010 0.000000 0.316261 0.000000 0.125753 0.000000 0.000000 0.234439 0.000000 0.000086 0.000000 0.000000 0.000000
 0.000000 0.000000 0.000000 0.000000 0.000000 0.000000 0.000000 0.000000 0.000000 0.000000 0.000001 0.000000 0.000000 0.000000 0.000000 0.000000 0.000000 0.499862 0.500117 0.000021
 0.038187 0.000000 0.000000 0.000000 0.000000 0.000000 0.000000 0.000000 0.019253 0.000000 0.000000 0.000000 0.472633 0.469927 0.000000 0.000000 0.000000 0.000000 0.000000 0.000000
 0.000000 0.301199 0.000000 0.000000 0.000000 0.000000 0.000000 0.284226 0.000000 0.000004 0.000000 0.282882 0.000000 0.000000 0.131686 0.000000 0.000002 0.000000 0.000000 0.000000
 0.000000 0.000000 0.000000 0.000000 0.000000 0.000000 0.000000 0.490412 0.000000 0.000000 0.490004 0.000000 0.000000 0.000000 0.000000 0.000000 0.000000 0.000000 0.000619 0.018965
 0.000000 0.000000 0.000000 0.000000 0.000000 0.000000 0.000000 0.000000 0.498501 0.000000 0.000000 0.000000 0.000000 0.000000 0.000000 0.498842 0.002657 0.000000 0.000000 0.000000
 0.000000 0.000011 0.000000 0.000000 0.321165 0.340370 0.000000 0.000000 0.000000 0.000000 0.000000 0.000000 0.000000 0.000000 0.338450 0.000000 0.000000 0.000000 0.000004 0.000000
 0.000000 0.000000 0.000000 0.019057 0.000000 0.000000 0.467488 0.000000 0.000000 0.000000 0.000000 0.000000 0.467611 0.045844 0.000000 0.000000 0.000000 0.000000 0.000000 0.000000
 0.359324 0.351311 0.000000 0.000000 0.000005 0.000000 0.000000 0.000000 0.000000 0.000000 0.000000 0.289237 0.000000 0.000000 0.000000 0.000000 0.000123 0.000000 0.000000 0.000000
 0.000000 0.000000 0.000001 0.000000 0.000000 0.496871 0.000000 0.000000 0.000000 0.000000 0.000000 0.000000 0.000000 0.000000 0.000000 0.000000 0.000000 0.000000 0.005843 0.497286
 0.000000 0.124092 0.000000 0.000000 0.299768 0.000000 0.000000 0.000000 0.000000 0.256941 0.000000 0.000000 0.000000 0.000000 0.319198 0.000000 0.000000 0.000000 0.000000 0.000000
 0.000000 0.000000 0.000000 0.450078 0.000000 0.000000 0.000000 0.000000 0.449887 0.000000 0.000000 0.000000 0.000000 0.100036 0.000000 0.000000 0.000000 0.000000 0.000000 0.000000
 0.000001 0.000000 0.000000 0.429578 0.000000 0.000000 0.000000 0.000000 0.042340 0.000000 0.000000 0.000000 0.096029 0.000000 0.000000 0.000000 0.432052 0.000000 0.000000 0.000000
 0.000000 0.229623 0.000000 0.000000 0.138510 0.000000 0.000000 0.315042 0.000000 0.000000 0.000000 0.316825 0.000000 0.000000 0.000000 0.000000 0.000000 0.000000 0.000000 0.000000
 0.000000 0.000000 0.000000 0.000000 0.000000 0.000000 0.500000 0.000000 0.000000 0.000000 0.000000 0.000000 0.000000 0.000000 0.000000 0.000000 0.000000 0.500000 0.000000 0.000000
 0.498507 0.000133 0.000000 0.000000 0.000003 0.000000 0.002656 0.000000 0.000000 0.000171 0.000000 0.000000 0.000000 0.498530 0.000000 0.000000 0.000000 0.000000 0.000000 0.000000
 0.000000 0.000000 0.499872 0.000000 0.000000 0.000000 0.000000 0.000000 0.000000 0.000000 0.000000 0.000000 0.000000 0.000000 0.000000 0.500127 0.000000 0.000000 0.000000 0.000001
 0.000000 0.000000 0.496772 0.000000 0.000000 0.000627 0.000000 0.000006 0.000000 0.000000 0.005837 0.000000 0.000000 0.000000 0.000000 0.000000 0.000000 0.000000 0.000000 0.496759
 0.000000 0.000000 0.000021 0.000000 0.000000 0.018969 0.000000 0.000000 0.000000 0.000000 0.490511 0.000000 0.000000 0.000000 0.000000 0.000000 0.000000 0.000001 0.490499 0.000000
the mean of prob-rank is 1.5263157894736843
the number of false negetive edges is 0
the number of probability greater than 0 is 4.0/edge
