20
 0.000000 0.482724 0.000000 0.000000 0.000000 0.000000 0.000000 0.034676 0.481465 0.000000 0.000000 0.000000 0.000000 0.000000 0.000000 0.000000 0.000000 0.001135 0.000000 0.000000
 0.500000 0.000000 0.000000 0.000000 0.000000 0.000000 0.000000 0.000000 0.000000 0.000000 0.000000 0.500000 0.000000 0.000000 0.000000 0.000000 0.000000 0.000000 0.000000 0.000000
 0.000000 0.000000 0.000000 0.000000 0.000000 0.000000 0.000000 0.000000 0.000000 0.000000 0.000000 0.500000 0.000000 0.000000 0.000000 0.500000 0.000000 0.000000 0.000000 0.000000
 0.000000 0.000000 0.000000 0.000000 0.037790 0.000000 0.000000 0.481000 0.481138 0.000000 0.000000 0.000000 0.000000 0.000071 0.000000 0.000000 0.000000 0.000000 0.000000 0.000000
 0.000000 0.000000 0.000000 0.037932 0.000000 0.000000 0.000000 0.000000 0.000000 0.000000 0.000000 0.000000 0.479354 0.482714 0.000000 0.000000 0.000000 0.000000 0.000000 0.000000
 0.000000 0.000000 0.000000 0.000000 0.000000 0.000000 0.000000 0.000000 0.000000 0.000000 0.186736 0.000000 0.405697 0.000000 0.000000 0.000000 0.000000 0.000000 0.000000 0.407568
 0.000000 0.000000 0.000000 0.000000 0.000000 0.000000 0.000000 0.475117 0.000000 0.048902 0.000000 0.000000 0.000000 0.000815 0.475165 0.000000 0.000000 0.000000 0.000000 0.000000
 0.034166 0.000000 0.000000 0.475483 0.000000 0.000000 0.475543 0.000000 0.014808 0.000000 0.000000 0.000000 0.000000 0.000000 0.000000 0.000000 0.000000 0.000000 0.000000 0.000000
 0.434270 0.000000 0.000000 0.435395 0.000000 0.000000 0.000000 0.013555 0.000000 0.000000 0.000000 0.000000 0.000000 0.000000 0.000000 0.000000 0.000000 0.116779 0.000000 0.000000
 0.000000 0.000000 0.000000 0.000000 0.000000 0.000000 0.048911 0.000000 0.000000 0.000000 0.000000 0.000000 0.000529 0.475264 0.475296 0.000000 0.000000 0.000000 0.000000 0.000000
 0.000000 0.000000 0.000000 0.000000 0.000000 0.168606 0.000000 0.000000 0.000000 0.000000 0.000000 0.000000 0.091193 0.000000 0.000000 0.000000 0.000000 0.367962 0.019287 0.352952
 0.000000 0.500000 0.500000 0.000000 0.000000 0.000000 0.000000 0.000000 0.000000 0.000000 0.000000 0.000000 0.000000 0.000000 0.000000 0.000000 0.000000 0.000000 0.000000 0.000000
 0.000000 0.000000 0.000000 0.000000 0.436773 0.438027 0.000000 0.000000 0.000000 0.000489 0.109047 0.000000 0.000000 0.000015 0.000000 0.000000 0.000000 0.015649 0.000000 0.000000
 0.000000 0.000000 0.000000 0.000074 0.499095 0.000000 0.000857 0.000000 0.000000 0.499301 0.000000 0.000000 0.000017 0.000000 0.000656 0.000000 0.000000 0.000000 0.000000 0.000000
 0.000000 0.000000 0.000000 0.000000 0.000000 0.000000 0.499650 0.000000 0.000000 0.499693 0.000000 0.000000 0.000000 0.000657 0.000000 0.000000 0.000000 0.000000 0.000000 0.000000
 0.000000 0.000000 0.500000 0.000000 0.000000 0.000000 0.000000 0.000000 0.000000 0.000000 0.000000 0.000000 0.000000 0.000000 0.000000 0.000000 0.500000 0.000000 0.000000 0.000000
 0.000000 0.000000 0.000000 0.000000 0.000000 0.000000 0.000000 0.000000 0.000000 0.000000 0.000000 0.000000 0.000000 0.000000 0.000000 0.499953 0.000000 0.000000 0.499679 0.000368
 0.001031 0.000000 0.000000 0.000000 0.000000 0.000000 0.000000 0.000000 0.117573 0.000000 0.438322 0.000000 0.015590 0.000000 0.000000 0.000000 0.000000 0.000000 0.427484 0.000000
 0.000000 0.000000 0.000000 0.000000 0.000000 0.000000 0.000000 0.000000 0.000000 0.000000 0.021616 0.000000 0.000000 0.000000 0.000000 0.000000 0.412196 0.402183 0.000000 0.164006
 0.000000 0.000000 0.000000 0.000000 0.000000 0.424175 0.000000 0.000000 0.000000 0.000000 0.406832 0.000000 0.000000 0.000000 0.000000 0.000000 0.000312 0.000000 0.168680 0.000000
the mean of prob-rank is 1.4210526315789473
the number of false negetive edges is 0
the number of probability greater than 0 is 3.7/edge
