20
 0.000000 0.499855 0.000000 0.000000 0.000000 0.000000 0.000000 0.000000 0.000000 0.000000 0.000000 0.000000 0.000000 0.000000 0.000000 0.000000 0.000000 0.000000 0.499860 0.000284
 0.499997 0.000000 0.500003 0.000000 0.000000 0.000000 0.000000 0.000000 0.000000 0.000000 0.000000 0.000000 0.000000 0.000000 0.000000 0.000000 0.000000 0.000000 0.000000 0.000000
 0.000000 0.500000 0.000000 0.500000 0.000000 0.000000 0.000000 0.000000 0.000000 0.000000 0.000000 0.000000 0.000000 0.000000 0.000000 0.000000 0.000000 0.000000 0.000000 0.000000
 0.000000 0.000000 0.500000 0.000000 0.500000 0.000000 0.000000 0.000000 0.000000 0.000000 0.000000 0.000000 0.000000 0.000000 0.000000 0.000000 0.000000 0.000000 0.000000 0.000000
 0.000000 0.000000 0.000000 0.499772 0.000000 0.000000 0.000000 0.000000 0.000000 0.000000 0.000000 0.000000 0.000000 0.000458 0.000000 0.000000 0.000000 0.499771 0.000000 0.000000
 0.000000 0.000000 0.000000 0.000000 0.000000 0.000000 0.000000 0.000000 0.499937 0.000000 0.000006 0.000000 0.000000 0.500057 0.000000 0.000000 0.000000 0.000000 0.000000 0.000000
 0.000000 0.000000 0.000000 0.000000 0.000000 0.000000 0.000000 0.000000 0.000000 0.355927 0.000000 0.000000 0.000000 0.000000 0.328825 0.315173 0.000075 0.000000 0.000000 0.000000
 0.000000 0.000000 0.000000 0.000000 0.000000 0.000000 0.000000 0.000000 0.000000 0.000000 0.000000 0.215124 0.250680 0.000000 0.114512 0.242600 0.000000 0.000000 0.000000 0.177084
 0.000000 0.000000 0.000000 0.000000 0.000000 0.499940 0.000000 0.000000 0.000000 0.000000 0.500060 0.000000 0.000000 0.000000 0.000000 0.000000 0.000000 0.000000 0.000000 0.000000
 0.000000 0.000000 0.000000 0.000000 0.000000 0.000000 0.497289 0.000000 0.000000 0.000000 0.000000 0.000000 0.000000 0.000000 0.000000 0.005235 0.497405 0.000071 0.000000 0.000000
 0.000000 0.000000 0.000000 0.000000 0.000000 0.000006 0.000000 0.000000 0.498767 0.000000 0.000000 0.000000 0.000000 0.000000 0.000000 0.000000 0.498757 0.002469 0.000000 0.000000
 0.000000 0.000000 0.000000 0.000000 0.000000 0.000000 0.000000 0.300485 0.000000 0.000000 0.000000 0.000000 0.000000 0.000000 0.349358 0.350157 0.000000 0.000000 0.000000 0.000000
 0.000000 0.000000 0.000000 0.000000 0.000000 0.000000 0.000000 0.349495 0.000000 0.000000 0.000000 0.000000 0.000000 0.000000 0.302111 0.000000 0.000000 0.000000 0.000000 0.348394
 0.000000 0.000000 0.000000 0.000000 0.000458 0.499772 0.000000 0.000000 0.000000 0.000000 0.000000 0.000000 0.000000 0.000000 0.000000 0.000000 0.000000 0.499771 0.000000 0.000000
 0.000000 0.000000 0.000000 0.000000 0.000000 0.000000 0.284587 0.140745 0.000000 0.000000 0.000000 0.307411 0.266335 0.000000 0.000000 0.000922 0.000000 0.000000 0.000000 0.000000
 0.000000 0.000000 0.000000 0.000000 0.000000 0.000000 0.308835 0.337599 0.000000 0.003671 0.000000 0.348851 0.000000 0.000000 0.001044 0.000000 0.000000 0.000000 0.000000 0.000000
 0.000000 0.000000 0.000000 0.000000 0.000000 0.000000 0.000105 0.000000 0.000000 0.499953 0.499942 0.000000 0.000000 0.000000 0.000000 0.000000 0.000000 0.000000 0.000000 0.000000
 0.000000 0.000000 0.000000 0.000000 0.498730 0.000000 0.000000 0.000000 0.000000 0.000071 0.002469 0.000000 0.000000 0.498730 0.000000 0.000000 0.000000 0.000000 0.000000 0.000000
 0.500001 0.000000 0.000000 0.000000 0.000000 0.000000 0.000000 0.000000 0.000000 0.000000 0.000000 0.000000 0.000000 0.000000 0.000000 0.000000 0.000000 0.000000 0.000000 0.499999
 0.000210 0.000000 0.000000 0.000000 0.000000 0.000000 0.000000 0.261262 0.000000 0.000000 0.000000 0.000000 0.368678 0.000000 0.000000 0.000000 0.000000 0.000000 0.369850 0.000000
the mean of prob-rank is 1.4736842105263157
the number of false negetive edges is 0
the number of probability greater than 0 is 3.3/edge
