20
 0.000000 0.000000 0.500009 0.000000 0.000000 0.000000 0.000000 0.000000 0.000000 0.000000 0.000000 0.000000 0.499991 0.000000 0.000000 0.000000 0.000000 0.000000 0.000000 0.000000
 0.000000 0.000000 0.000000 0.000000 0.449397 0.101829 0.448774 0.000000 0.000000 0.000000 0.000000 0.000000 0.000000 0.000000 0.000000 0.000000 0.000000 0.000000 0.000000 0.000000
 0.500002 0.000000 0.000000 0.000000 0.000000 0.000000 0.000000 0.000000 0.000000 0.000000 0.000000 0.000000 0.000000 0.000000 0.000000 0.499998 0.000000 0.000000 0.000000 0.000000
 0.000000 0.000000 0.000000 0.000000 0.000000 0.000000 0.000000 0.117212 0.236187 0.000000 0.000000 0.000000 0.000000 0.000000 0.220382 0.000000 0.000000 0.215693 0.210526 0.000000
 0.000000 0.384394 0.000000 0.000000 0.000000 0.312764 0.002733 0.000000 0.300108 0.000000 0.000000 0.000000 0.000000 0.000000 0.000000 0.000000 0.000000 0.000000 0.000000 0.000000
 0.000000 0.062161 0.000000 0.000000 0.223211 0.000000 0.000000 0.000000 0.000053 0.000000 0.000000 0.000000 0.000000 0.174845 0.000000 0.000000 0.274331 0.000000 0.238767 0.026632
 0.000000 0.497882 0.000000 0.000000 0.003545 0.000000 0.000000 0.000000 0.000000 0.000000 0.000000 0.000000 0.000000 0.000000 0.000000 0.498573 0.000000 0.000000 0.000000 0.000000
 0.000000 0.000000 0.000000 0.184255 0.000000 0.000000 0.000000 0.000000 0.000000 0.394758 0.391663 0.000000 0.000000 0.000000 0.000000 0.000000 0.000000 0.029323 0.000000 0.000000
 0.000000 0.000000 0.000000 0.345686 0.287403 0.000072 0.000000 0.000000 0.000000 0.000000 0.000000 0.000000 0.000000 0.000000 0.000000 0.000000 0.000000 0.000000 0.000168 0.366672
 0.000000 0.000000 0.000000 0.000000 0.000000 0.000000 0.000000 0.498850 0.000000 0.000000 0.001517 0.000000 0.000002 0.000000 0.000000 0.000000 0.000000 0.499631 0.000000 0.000000
 0.000000 0.000000 0.000000 0.000000 0.000000 0.000000 0.000000 0.496883 0.000000 0.001523 0.000000 0.000000 0.501594 0.000000 0.000000 0.000000 0.000000 0.000000 0.000000 0.000000
 0.000000 0.000000 0.000000 0.000000 0.000000 0.000000 0.000000 0.000000 0.000000 0.000000 0.000000 0.000000 0.000000 0.496178 0.496018 0.000000 0.000000 0.007772 0.000033 0.000000
 0.499990 0.000000 0.000000 0.000000 0.000000 0.000000 0.000000 0.000000 0.000000 0.000002 0.500008 0.000000 0.000000 0.000000 0.000000 0.000000 0.000000 0.000000 0.000000 0.000000
 0.000000 0.000000 0.000000 0.000000 0.000000 0.243258 0.000000 0.000000 0.000000 0.000000 0.000000 0.381669 0.000000 0.000000 0.000000 0.000000 0.000000 0.000000 0.375073 0.000000
 0.000000 0.000000 0.000000 0.317810 0.000000 0.000000 0.000000 0.000000 0.000000 0.000000 0.000000 0.362589 0.000000 0.000000 0.000000 0.000000 0.000000 0.315610 0.003991 0.000000
 0.000000 0.000000 0.499998 0.000000 0.000000 0.000000 0.500002 0.000000 0.000000 0.000000 0.000000 0.000000 0.000000 0.000000 0.000000 0.000000 0.000000 0.000000 0.000000 0.000000
 0.000000 0.000000 0.000000 0.000000 0.000000 0.481373 0.000000 0.000000 0.000000 0.000000 0.000000 0.000000 0.000000 0.000000 0.000000 0.000000 0.000000 0.000000 0.037290 0.481337
 0.000000 0.000000 0.000000 0.304368 0.000000 0.000000 0.000000 0.026322 0.000000 0.354918 0.000000 0.005559 0.000000 0.000000 0.308833 0.000000 0.000000 0.000000 0.000000 0.000000
 0.000000 0.000000 0.000000 0.231055 0.000000 0.240256 0.000000 0.000000 0.000126 0.000000 0.000000 0.000018 0.000000 0.271270 0.003038 0.000000 0.021384 0.000000 0.000000 0.232853
 0.000000 0.000000 0.000000 0.000000 0.000000 0.033059 0.000000 0.000000 0.339188 0.000000 0.000000 0.000000 0.000000 0.000000 0.000000 0.000000 0.340503 0.000000 0.287250 0.000000
the mean of prob-rank is 1.5789473684210527
the number of false negetive edges is 0
the number of probability greater than 0 is 3.9/edge
