20
 0.000000 0.000000 0.000000 0.000000 0.000000 0.000000 0.000000 0.000000 0.000000 0.000000 0.000000 0.000000 0.000000 0.500000 0.500000 0.000000 0.000000 0.000000 0.000000 0.000000
 0.000000 0.000000 0.000009 0.000000 0.000000 0.500003 0.000000 0.000000 0.000000 0.000000 0.000000 0.000000 0.000000 0.000000 0.000000 0.000000 0.000000 0.499988 0.000000 0.000000
 0.000000 0.000009 0.000000 0.000000 0.000000 0.499997 0.000000 0.000000 0.000000 0.000000 0.000000 0.000000 0.000000 0.000000 0.000000 0.000000 0.499994 0.000000 0.000000 0.000000
 0.000000 0.000000 0.000000 0.000000 0.000000 0.000000 0.000002 0.000000 0.000000 0.500000 0.499998 0.000000 0.000000 0.000000 0.000000 0.000000 0.000000 0.000000 0.000000 0.000000
 0.000000 0.000000 0.000000 0.000000 0.000000 0.008133 0.000000 0.000000 0.000000 0.000000 0.000000 0.332708 0.000000 0.044192 0.000000 0.000000 0.034095 0.341645 0.000000 0.239227
 0.000000 0.494142 0.494144 0.000000 0.011714 0.000000 0.000000 0.000000 0.000000 0.000000 0.000000 0.000000 0.000000 0.000000 0.000000 0.000000 0.000000 0.000000 0.000000 0.000000
 0.000000 0.000000 0.000000 0.000002 0.000000 0.000000 0.000000 0.000000 0.000000 0.500883 0.000000 0.000000 0.499073 0.000000 0.000000 0.000042 0.000000 0.000000 0.000000 0.000000
 0.000000 0.000000 0.000000 0.000000 0.000000 0.000000 0.000000 0.000000 0.000000 0.000000 0.500000 0.000000 0.000000 0.000000 0.500000 0.000000 0.000000 0.000000 0.000000 0.000000
 0.000000 0.000000 0.000000 0.000000 0.000000 0.000000 0.000000 0.000000 0.000000 0.000000 0.000000 0.217984 0.000011 0.000000 0.000000 0.000000 0.389937 0.000000 0.392068 0.000000
 0.000000 0.000000 0.000000 0.499426 0.000000 0.000000 0.499426 0.000000 0.000000 0.000000 0.000000 0.000000 0.001148 0.000000 0.000000 0.000000 0.000000 0.000000 0.000000 0.000000
 0.000000 0.000000 0.000000 0.499998 0.000000 0.000000 0.000000 0.500000 0.000000 0.000000 0.000000 0.000000 0.000000 0.000000 0.000000 0.000000 0.000000 0.000000 0.000000 0.000003
 0.000000 0.000000 0.000000 0.000000 0.319348 0.000000 0.000000 0.000000 0.183092 0.000000 0.000000 0.000000 0.000000 0.000000 0.000000 0.000000 0.169437 0.000000 0.000000 0.328124
 0.000000 0.000000 0.000000 0.000000 0.000000 0.000000 0.498514 0.000000 0.000013 0.001150 0.000000 0.000000 0.000000 0.000000 0.000000 0.500322 0.000000 0.000000 0.000001 0.000000
 0.417158 0.000000 0.000000 0.000000 0.053733 0.000000 0.000000 0.000000 0.000000 0.000000 0.000000 0.000000 0.000000 0.000000 0.000000 0.000000 0.000000 0.115384 0.000000 0.413725
 0.500000 0.000000 0.000000 0.000000 0.000000 0.000000 0.000000 0.500000 0.000000 0.000000 0.000000 0.000000 0.000000 0.000000 0.000000 0.000000 0.000000 0.000000 0.000000 0.000000
 0.000000 0.000000 0.000000 0.000000 0.000000 0.000000 0.000042 0.000000 0.000000 0.000000 0.000000 0.000000 0.499987 0.000000 0.000000 0.000000 0.000000 0.000000 0.499972 0.000000
 0.000000 0.000000 0.383366 0.000000 0.038098 0.000000 0.000000 0.000000 0.381285 0.000000 0.000000 0.197250 0.000000 0.000000 0.000000 0.000000 0.000000 0.000000 0.000000 0.000000
 0.000000 0.440057 0.000000 0.000000 0.438221 0.000000 0.000000 0.000000 0.000000 0.000000 0.000000 0.000000 0.000000 0.121722 0.000000 0.000000 0.000000 0.000000 0.000000 0.000000
 0.000000 0.000000 0.000000 0.000000 0.000000 0.000000 0.000000 0.000000 0.500007 0.000000 0.000000 0.000000 0.000001 0.000000 0.000000 0.499992 0.000000 0.000000 0.000000 0.000000
 0.000000 0.000000 0.000000 0.000000 0.259650 0.000000 0.000000 0.000000 0.000000 0.000000 0.000002 0.371035 0.000000 0.369313 0.000000 0.000000 0.000000 0.000000 0.000000 0.000000
the mean of prob-rank is 1.5789473684210527
the number of false negetive edges is 0
the number of probability greater than 0 is 3.3/edge
