20
 0.000000 0.000000 0.000000 0.000000 0.000000 0.000000 0.000000 0.500001 0.000000 0.000000 0.000000 0.000000 0.000000 0.000000 0.000000 0.000000 0.000000 0.000000 0.000000 0.499999
 0.000000 0.000000 0.041153 0.000000 0.000000 0.000000 0.000000 0.000001 0.000000 0.460865 0.000000 0.462735 0.000000 0.000000 0.035247 0.000000 0.000000 0.000000 0.000000 0.000000
 0.000000 0.042605 0.000000 0.000000 0.000000 0.000000 0.000000 0.000000 0.478317 0.479070 0.000000 0.000004 0.000000 0.000000 0.000000 0.000000 0.000004 0.000000 0.000000 0.000000
 0.000000 0.000000 0.000000 0.000000 0.000000 0.000000 0.000000 0.000000 0.000000 0.000000 0.000004 0.000000 0.000000 0.000000 0.000000 0.000000 0.000000 0.000000 0.500000 0.499995
 0.000000 0.000000 0.000000 0.000000 0.000000 0.000034 0.000000 0.000000 0.000000 0.000000 0.425117 0.000000 0.000356 0.000000 0.423056 0.000000 0.000000 0.151437 0.000000 0.000000
 0.000000 0.000000 0.000000 0.000000 0.000031 0.000000 0.000000 0.000000 0.094081 0.038163 0.000000 0.000000 0.387815 0.095817 0.000003 0.000000 0.000000 0.384091 0.000000 0.000000
 0.000000 0.000000 0.000000 0.000000 0.000000 0.000000 0.000000 0.000000 0.000002 0.000000 0.000000 0.000000 0.000000 0.000000 0.000000 0.500001 0.499998 0.000000 0.000000 0.000000
 0.500001 0.000001 0.000000 0.000000 0.000000 0.000000 0.000000 0.000000 0.000000 0.000000 0.000000 0.499999 0.000000 0.000000 0.000000 0.000000 0.000000 0.000000 0.000000 0.000000
 0.000000 0.000000 0.445197 0.000000 0.000000 0.108163 0.000002 0.000000 0.000000 0.000741 0.000000 0.000000 0.000000 0.000000 0.000000 0.000000 0.445898 0.000000 0.000000 0.000000
 0.000000 0.442477 0.444272 0.000000 0.000000 0.043715 0.000000 0.000000 0.000738 0.000000 0.000000 0.000000 0.000000 0.068793 0.000005 0.000000 0.000000 0.000000 0.000000 0.000000
 0.000000 0.000000 0.000000 0.000004 0.464914 0.000000 0.000000 0.000000 0.000000 0.000000 0.000000 0.000000 0.000000 0.000000 0.000000 0.000000 0.000000 0.071243 0.463839 0.000000
 0.000000 0.499999 0.000004 0.000000 0.000000 0.000000 0.000000 0.499997 0.000000 0.000000 0.000000 0.000000 0.000000 0.000000 0.000000 0.000000 0.000000 0.000000 0.000000 0.000000
 0.000000 0.000000 0.000000 0.000000 0.000345 0.412855 0.000000 0.000000 0.000000 0.000000 0.000000 0.000000 0.000000 0.412133 0.174666 0.000000 0.000000 0.000000 0.000000 0.000000
 0.000000 0.000000 0.000000 0.000000 0.000000 0.103650 0.000000 0.000000 0.000000 0.064965 0.000000 0.000000 0.418786 0.000000 0.412599 0.000000 0.000000 0.000000 0.000000 0.000000
 0.000000 0.028549 0.000000 0.000000 0.372985 0.000003 0.000000 0.000000 0.000000 0.000004 0.000000 0.000000 0.158555 0.368590 0.000000 0.000000 0.000000 0.000000 0.071314 0.000000
 0.000000 0.000000 0.000000 0.000000 0.000000 0.000000 0.500000 0.000000 0.000000 0.000000 0.000000 0.000000 0.000000 0.000000 0.000000 0.000000 0.000000 0.500000 0.000000 0.000000
 0.000000 0.000000 0.000004 0.000000 0.000000 0.000000 0.499996 0.000000 0.499999 0.000000 0.000000 0.000000 0.000000 0.000000 0.000000 0.000000 0.000000 0.000000 0.000000 0.000000
 0.000000 0.000000 0.000000 0.000000 0.142502 0.396163 0.000000 0.000000 0.000000 0.000000 0.061301 0.000000 0.000000 0.000000 0.000000 0.400034 0.000000 0.000000 0.000000 0.000000
 0.000000 0.000000 0.000000 0.457047 0.000000 0.000000 0.000000 0.000000 0.000000 0.000000 0.455990 0.000000 0.000000 0.000000 0.086962 0.000000 0.000000 0.000000 0.000000 0.000001
 0.500001 0.000000 0.000000 0.499998 0.000000 0.000000 0.000000 0.000000 0.000000 0.000000 0.000000 0.000000 0.000000 0.000000 0.000000 0.000000 0.000000 0.000000 0.000001 0.000000
the mean of prob-rank is 1.4736842105263157
the number of false negetive edges is 0
the number of probability greater than 0 is 3.9/edge
