20
 0.000000 0.000000 0.000000 0.428744 0.000000 0.000000 0.000000 0.000000 0.446928 0.000000 0.000000 0.000000 0.124312 0.000016 0.000000 0.000000 0.000000 0.000000 0.000000 0.000000
 0.000000 0.000000 0.000000 0.000000 0.000000 0.500005 0.000000 0.000000 0.000000 0.000000 0.000000 0.000000 0.000000 0.499995 0.000000 0.000000 0.000000 0.000000 0.000000 0.000000
 0.000000 0.000000 0.000000 0.000000 0.000001 0.000000 0.000002 0.000000 0.000000 0.393474 0.215887 0.000000 0.000000 0.000000 0.390636 0.000000 0.000000 0.000000 0.000000 0.000000
 0.411960 0.000000 0.000000 0.000000 0.000000 0.000000 0.000000 0.000000 0.158606 0.000000 0.000000 0.000000 0.000001 0.000000 0.000000 0.000000 0.000000 0.429432 0.000000 0.000000
 0.000000 0.000000 0.000001 0.000000 0.000000 0.000000 0.392580 0.000000 0.000000 0.000000 0.387614 0.000000 0.000000 0.000000 0.219805 0.000000 0.000000 0.000000 0.000000 0.000000
 0.000000 0.498514 0.000000 0.000000 0.000000 0.000000 0.000000 0.000000 0.000000 0.000000 0.000000 0.000000 0.000000 0.000000 0.000000 0.000000 0.003060 0.000000 0.498426 0.000000
 0.000000 0.000000 0.000003 0.000000 0.500010 0.000000 0.000000 0.499987 0.000000 0.000000 0.000000 0.000000 0.000000 0.000000 0.000000 0.000000 0.000000 0.000000 0.000000 0.000000
 0.000000 0.000000 0.000000 0.000000 0.000000 0.000000 0.499988 0.000000 0.000000 0.000000 0.000000 0.000000 0.000000 0.000000 0.000000 0.500012 0.000000 0.000000 0.000000 0.000000
 0.426149 0.000000 0.000000 0.157393 0.000000 0.000000 0.000000 0.000000 0.000000 0.000000 0.000000 0.000000 0.402512 0.013945 0.000000 0.000000 0.000000 0.000000 0.000000 0.000000
 0.000000 0.000000 0.488003 0.000000 0.000000 0.000000 0.000000 0.000000 0.000000 0.000000 0.000000 0.000000 0.000000 0.000000 0.000000 0.000000 0.487795 0.000000 0.024202 0.000000
 0.000000 0.000000 0.216350 0.000000 0.389331 0.000000 0.000000 0.000000 0.000000 0.000000 0.000000 0.000000 0.000000 0.000000 0.394319 0.000000 0.000000 0.000000 0.000000 0.000000
 0.000000 0.000000 0.000000 0.000000 0.000000 0.000000 0.000000 0.000000 0.000000 0.000000 0.000000 0.000000 0.000000 0.000000 0.000000 0.000000 0.000000 0.500000 0.000000 0.500000
 0.125141 0.000000 0.000000 0.000001 0.000000 0.000000 0.000000 0.000000 0.424952 0.000000 0.000000 0.000000 0.000000 0.449906 0.000000 0.000000 0.000000 0.000000 0.000000 0.000000
 0.000017 0.491937 0.000000 0.000000 0.000000 0.000000 0.000000 0.000000 0.016099 0.000000 0.000000 0.000000 0.491947 0.000000 0.000000 0.000000 0.000000 0.000000 0.000000 0.000000
 0.000000 0.000000 0.388919 0.000000 0.219337 0.000000 0.000000 0.000000 0.000000 0.000000 0.391744 0.000000 0.000000 0.000000 0.000000 0.000000 0.000000 0.000000 0.000000 0.000000
 0.000000 0.000000 0.000000 0.000000 0.000000 0.000000 0.000000 0.500000 0.000000 0.000000 0.000000 0.000000 0.000000 0.000000 0.000000 0.000000 0.000000 0.000000 0.000000 0.500000
 0.000000 0.000000 0.000000 0.000000 0.000000 0.003060 0.000000 0.000000 0.000000 0.498365 0.000000 0.000000 0.000000 0.000000 0.000000 0.000000 0.000000 0.000000 0.498575 0.000000
 0.000000 0.000000 0.000000 0.500000 0.000000 0.000000 0.000000 0.000000 0.000000 0.000000 0.000000 0.500000 0.000000 0.000000 0.000000 0.000000 0.000000 0.000000 0.000000 0.000000
 0.000000 0.000000 0.000000 0.000000 0.000000 0.487858 0.000000 0.000000 0.000000 0.024199 0.000000 0.000000 0.000000 0.000000 0.000000 0.000000 0.487943 0.000000 0.000000 0.000000
 0.000000 0.000000 0.000000 0.000000 0.000000 0.000000 0.000000 0.000000 0.000000 0.000000 0.000000 0.500000 0.000000 0.000000 0.000000 0.500000 0.000000 0.000000 0.000000 0.000000
the mean of prob-rank is 1.5263157894736843
the number of false negetive edges is 0
the number of probability greater than 0 is 3.0/edge
