20
 0.000000 0.000000 0.000000 0.000000 0.000000 0.000000 0.000000 0.499994 0.499997 0.000010 0.000000 0.000000 0.000000 0.000000 0.000000 0.000000 0.000000 0.000000 0.000000 0.000000
 0.000000 0.000000 0.018314 0.000000 0.038043 0.000003 0.471973 0.000000 0.000000 0.000000 0.000000 0.000000 0.000000 0.000000 0.000000 0.000000 0.000000 0.471667 0.000000 0.000000
 0.000000 0.013882 0.000000 0.000000 0.357731 0.000024 0.278866 0.000000 0.000000 0.000000 0.000000 0.349497 0.000000 0.000000 0.000000 0.000000 0.000000 0.000000 0.000000 0.000000
 0.000000 0.000000 0.000000 0.000000 0.000000 0.000000 0.000000 0.000000 0.000000 0.000000 0.418104 0.000000 0.000000 0.000165 0.000000 0.000000 0.412618 0.000000 0.169114 0.000000
 0.000000 0.030043 0.372712 0.000000 0.000000 0.001199 0.358532 0.000000 0.000000 0.000000 0.000000 0.237514 0.000000 0.000000 0.000000 0.000000 0.000000 0.000000 0.000000 0.000000
 0.000000 0.000003 0.000033 0.000000 0.001562 0.000000 0.026056 0.485529 0.000000 0.001050 0.000000 0.000000 0.000000 0.485330 0.000000 0.000000 0.000000 0.000437 0.000000 0.000000
 0.000000 0.357691 0.278829 0.000000 0.344076 0.019195 0.000000 0.000000 0.000000 0.000000 0.000000 0.000000 0.000000 0.000000 0.000000 0.000000 0.000000 0.000209 0.000000 0.000000
 0.499632 0.000000 0.000000 0.000000 0.000000 0.499625 0.000000 0.000000 0.000000 0.000739 0.000000 0.000004 0.000000 0.000000 0.000000 0.000000 0.000000 0.000000 0.000000 0.000000
 0.500000 0.000000 0.000000 0.000000 0.000000 0.000000 0.000000 0.000000 0.000000 0.000000 0.000000 0.000000 0.000000 0.000000 0.000000 0.000000 0.000000 0.000000 0.000000 0.500000
 0.000007 0.000000 0.000000 0.000000 0.000000 0.000782 0.000000 0.000534 0.000000 0.000000 0.000000 0.000000 0.000000 0.361105 0.000000 0.000000 0.279299 0.000000 0.358272 0.000000
 0.000000 0.000000 0.000000 0.500028 0.000000 0.000000 0.000000 0.000000 0.000000 0.000000 0.000000 0.000000 0.000000 0.000057 0.000000 0.499915 0.000000 0.000000 0.000000 0.000000
 0.000000 0.000000 0.373711 0.000000 0.243762 0.000000 0.000000 0.000003 0.000000 0.000000 0.000000 0.000000 0.382524 0.000000 0.000000 0.000000 0.000000 0.000000 0.000000 0.000000
 0.000000 0.000000 0.000000 0.000000 0.000000 0.000000 0.000000 0.000000 0.000000 0.000000 0.000000 0.500000 0.000000 0.000000 0.000000 0.000000 0.000000 0.000000 0.000000 0.500000
 0.000000 0.000000 0.000000 0.000163 0.000000 0.413657 0.000000 0.000000 0.000000 0.413364 0.000047 0.000000 0.000000 0.000000 0.000000 0.005856 0.000000 0.010839 0.156073 0.000000
 0.000000 0.000000 0.000000 0.000000 0.000000 0.000000 0.000000 0.000000 0.000000 0.000000 0.000000 0.000000 0.000000 0.000000 0.000000 0.500005 0.000000 0.499995 0.000000 0.000000
 0.000000 0.000000 0.000000 0.000000 0.000000 0.000000 0.000000 0.000000 0.000000 0.000000 0.496430 0.000000 0.000000 0.007027 0.496543 0.000000 0.000000 0.000000 0.000000 0.000000
 0.000000 0.000000 0.000000 0.357863 0.000000 0.000000 0.000000 0.000000 0.000000 0.280153 0.000000 0.000000 0.000000 0.000000 0.000000 0.000000 0.000000 0.000000 0.361984 0.000000
 0.000000 0.493019 0.000000 0.000000 0.000000 0.000444 0.000288 0.000000 0.000000 0.000000 0.000000 0.000000 0.000000 0.012921 0.493328 0.000000 0.000000 0.000000 0.000000 0.000000
 0.000000 0.000000 0.000000 0.145975 0.000000 0.000000 0.000000 0.000000 0.000000 0.357657 0.000000 0.000000 0.000000 0.136107 0.000000 0.000000 0.360261 0.000000 0.000000 0.000000
 0.000000 0.000000 0.000000 0.000000 0.000000 0.000000 0.000000 0.000000 0.500000 0.000000 0.000000 0.000000 0.500000 0.000000 0.000000 0.000000 0.000000 0.000000 0.000000 0.000000
the mean of prob-rank is 1.8421052631578947
the number of false negetive edges is 0
the number of probability greater than 0 is 4.1/edge
