20
 0.000000 0.499943 0.500055 0.000000 0.000000 0.000000 0.000000 0.000000 0.000001 0.000000 0.000000 0.000000 0.000000 0.000000 0.000000 0.000000 0.000000 0.000000 0.000000 0.000000
 0.499941 0.000000 0.000000 0.000000 0.000000 0.000000 0.000000 0.000000 0.000000 0.000000 0.000007 0.000000 0.000000 0.000000 0.000000 0.500052 0.000000 0.000000 0.000000 0.000000
 0.500004 0.000000 0.000000 0.000000 0.000000 0.000000 0.499996 0.000000 0.000000 0.000000 0.000000 0.000000 0.000000 0.000000 0.000000 0.000000 0.000000 0.000000 0.000000 0.000000
 0.000000 0.000000 0.000000 0.000000 0.000000 0.000000 0.000000 0.000000 0.000000 0.000000 0.000000 0.476646 0.046471 0.476883 0.000000 0.000000 0.000000 0.000000 0.000000 0.000000
 0.000000 0.000000 0.000000 0.000000 0.000000 0.499948 0.000000 0.000000 0.000000 0.000000 0.000000 0.000000 0.000063 0.000000 0.000000 0.000000 0.000000 0.499989 0.000000 0.000000
 0.000000 0.000000 0.000000 0.000000 0.499977 0.000000 0.000000 0.000000 0.000000 0.000000 0.000000 0.000000 0.000000 0.000000 0.000000 0.000000 0.000000 0.000000 0.000000 0.500023
 0.000000 0.000000 0.499964 0.000000 0.000000 0.000000 0.000000 0.000000 0.000066 0.000000 0.000000 0.000000 0.000000 0.000000 0.000000 0.000000 0.499970 0.000000 0.000000 0.000000
 0.000000 0.000000 0.000000 0.000000 0.000000 0.000000 0.000000 0.000000 0.497730 0.004826 0.000000 0.000000 0.000000 0.000000 0.497427 0.000000 0.000000 0.000000 0.000000 0.000017
 0.000001 0.000000 0.000000 0.000000 0.000000 0.000000 0.000059 0.448247 0.000000 0.447547 0.000000 0.000000 0.000000 0.001139 0.062618 0.000000 0.000000 0.000000 0.000000 0.040389
 0.000000 0.000000 0.000000 0.000000 0.000000 0.000000 0.000000 0.004345 0.447422 0.000000 0.000000 0.059548 0.447907 0.000000 0.037984 0.000000 0.000000 0.000000 0.000000 0.002794
 0.000000 0.000007 0.000000 0.000000 0.000000 0.000000 0.000000 0.000000 0.000000 0.000000 0.000000 0.000000 0.000000 0.000000 0.000000 0.499985 0.000000 0.500008 0.000000 0.000000
 0.000000 0.000000 0.000000 0.468722 0.000000 0.000000 0.000000 0.000000 0.000000 0.062317 0.000000 0.000000 0.468961 0.000000 0.000000 0.000000 0.000000 0.000000 0.000000 0.000000
 0.000000 0.000000 0.000000 0.046467 0.000060 0.000000 0.000000 0.000000 0.000000 0.476621 0.000000 0.476848 0.000000 0.000000 0.000000 0.000000 0.000000 0.000000 0.000000 0.000004
 0.000000 0.000000 0.000000 0.499362 0.000000 0.000000 0.000000 0.000000 0.001269 0.000000 0.000000 0.000000 0.000000 0.000000 0.000000 0.000000 0.000000 0.000000 0.499369 0.000000
 0.000000 0.000000 0.000000 0.000000 0.000000 0.000000 0.000000 0.450658 0.062994 0.038222 0.000000 0.000000 0.000000 0.000000 0.000000 0.000000 0.000000 0.000000 0.000000 0.448126
 0.000000 0.500014 0.000000 0.000000 0.000000 0.000000 0.000000 0.000000 0.000000 0.000000 0.499986 0.000000 0.000000 0.000000 0.000000 0.000000 0.000000 0.000000 0.000000 0.000000
 0.000000 0.000000 0.000000 0.000000 0.000000 0.000000 0.499999 0.000000 0.000000 0.000000 0.000000 0.000000 0.000000 0.000000 0.000000 0.000000 0.000000 0.000000 0.500000 0.000000
 0.000000 0.000000 0.000000 0.000000 0.500000 0.000000 0.000000 0.000000 0.000000 0.000000 0.500000 0.000000 0.000000 0.000000 0.000000 0.000000 0.000000 0.000000 0.000000 0.000000
 0.000000 0.000000 0.000000 0.000000 0.000000 0.000000 0.000000 0.000000 0.000000 0.000000 0.000000 0.000000 0.000000 0.499999 0.000000 0.000000 0.500001 0.000000 0.000000 0.000000
 0.000000 0.000000 0.000000 0.000000 0.000000 0.478432 0.000000 0.000016 0.043109 0.002983 0.000000 0.000000 0.000004 0.000000 0.475455 0.000000 0.000000 0.000000 0.000000 0.000000
the mean of prob-rank is 1.5789473684210527
the number of false negetive edges is 0
the number of probability greater than 0 is 3.4/edge
