20
 0.000000 0.000000 0.374494 0.000000 0.000000 0.000000 0.000000 0.000000 0.000000 0.000000 0.362415 0.000000 0.000000 0.000000 0.263091 0.000000 0.000000 0.000000 0.000000 0.000000
 0.000000 0.000000 0.000000 0.000000 0.000000 0.000000 0.000000 0.000000 0.000000 0.000000 0.000000 0.000000 0.000000 0.500000 0.000000 0.000000 0.500000 0.000000 0.000000 0.000000
 0.500000 0.000000 0.000000 0.000000 0.000000 0.000000 0.000000 0.000000 0.000000 0.000000 0.000000 0.000000 0.000000 0.000000 0.000000 0.000000 0.000000 0.000000 0.000000 0.500000
 0.000000 0.000000 0.000000 0.000000 0.000000 0.000000 0.000000 0.000000 0.000000 0.000000 0.000000 0.499154 0.000000 0.000000 0.000000 0.001675 0.000000 0.000000 0.000017 0.499154
 0.000000 0.000000 0.000000 0.000000 0.000000 0.000000 0.499999 0.500000 0.000000 0.000001 0.000000 0.000000 0.000000 0.000000 0.000000 0.000000 0.000000 0.000000 0.000000 0.000000
 0.000000 0.000000 0.000000 0.000000 0.000000 0.000000 0.000001 0.000000 0.499855 0.000000 0.000000 0.000000 0.499864 0.000000 0.000000 0.000000 0.000000 0.000000 0.000280 0.000000
 0.000000 0.000000 0.000000 0.000000 0.499984 0.000001 0.000000 0.000000 0.000019 0.000000 0.000000 0.000000 0.000011 0.499986 0.000000 0.000000 0.000000 0.000000 0.000000 0.000000
 0.000000 0.000000 0.000000 0.000000 0.497989 0.000000 0.000000 0.000000 0.004021 0.497986 0.000000 0.000000 0.000000 0.000003 0.000000 0.000000 0.000000 0.000000 0.000000 0.000000
 0.000000 0.000000 0.000000 0.000000 0.000000 0.497980 0.000019 0.004021 0.000000 0.497980 0.000000 0.000000 0.000000 0.000000 0.000000 0.000000 0.000000 0.000000 0.000000 0.000000
 0.000000 0.000000 0.000000 0.000000 0.000001 0.000000 0.000000 0.500003 0.499996 0.000000 0.000000 0.000000 0.000000 0.000000 0.000000 0.000000 0.000000 0.000000 0.000000 0.000000
 0.350082 0.000000 0.000000 0.000000 0.000000 0.000000 0.000000 0.000000 0.000000 0.000000 0.000000 0.000000 0.000000 0.000000 0.361749 0.000000 0.000000 0.000000 0.288169 0.000000
 0.000000 0.000000 0.000000 0.499747 0.000000 0.000000 0.000000 0.000000 0.000000 0.000000 0.000000 0.000000 0.000000 0.000000 0.000000 0.499745 0.000000 0.000507 0.000000 0.000000
 0.000000 0.000000 0.000000 0.000000 0.000000 0.499419 0.000011 0.000000 0.000000 0.000000 0.000000 0.000000 0.000000 0.000000 0.000000 0.001337 0.000000 0.000000 0.499233 0.000000
 0.000000 0.499999 0.000000 0.000000 0.000000 0.000000 0.499998 0.000003 0.000000 0.000000 0.000000 0.000000 0.000000 0.000000 0.000000 0.000000 0.000000 0.000000 0.000000 0.000000
 0.269655 0.000000 0.000000 0.000000 0.000000 0.000000 0.000000 0.000000 0.000000 0.000000 0.383837 0.000000 0.000000 0.000000 0.000000 0.000000 0.000000 0.000000 0.346509 0.000000
 0.000000 0.000000 0.000000 0.001669 0.000000 0.000000 0.000000 0.000000 0.000000 0.000000 0.000000 0.497246 0.001332 0.000000 0.000000 0.000000 0.000000 0.497247 0.002507 0.000000
 0.000000 0.500000 0.000000 0.000000 0.000000 0.000000 0.000000 0.000000 0.000000 0.000000 0.000000 0.000000 0.000000 0.000000 0.000000 0.000000 0.000000 0.500000 0.000000 0.000000
 0.000000 0.000000 0.000000 0.000000 0.000000 0.000000 0.000000 0.000000 0.000000 0.000000 0.000000 0.000507 0.000000 0.000000 0.000000 0.499746 0.499746 0.000000 0.000000 0.000000
 0.000000 0.000000 0.000000 0.000012 0.000000 0.000207 0.000000 0.000000 0.000000 0.000000 0.294534 0.000000 0.369601 0.000000 0.333782 0.001864 0.000000 0.000000 0.000000 0.000000
 0.000000 0.000000 0.500000 0.500000 0.000000 0.000000 0.000000 0.000000 0.000000 0.000000 0.000000 0.000000 0.000000 0.000000 0.000000 0.000000 0.000000 0.000000 0.000000 0.000000
the mean of prob-rank is 1.5263157894736843
the number of false negetive edges is 0
the number of probability greater than 0 is 3.3/edge
