20
 0.000000 0.499158 0.000000 0.000000 0.000000 0.000000 0.000000 0.001700 0.000000 0.499143 0.000000 0.000000 0.000000 0.000000 0.000000 0.000000 0.000000 0.000000 0.000000 0.000000
 0.499724 0.000000 0.000000 0.000000 0.000000 0.000000 0.000000 0.000572 0.000000 0.000000 0.000000 0.000000 0.000000 0.000000 0.000000 0.000000 0.499703 0.000000 0.000000 0.000000
 0.000000 0.000000 0.000000 0.000000 0.000000 0.000000 0.381335 0.000000 0.389346 0.000000 0.000000 0.000000 0.000002 0.000000 0.000000 0.000000 0.000000 0.000000 0.229318 0.000000
 0.000000 0.000000 0.000000 0.000000 0.499810 0.000000 0.500175 0.000000 0.000000 0.000000 0.000000 0.000000 0.000013 0.000000 0.000000 0.000000 0.000000 0.000000 0.000001 0.000000
 0.000000 0.000000 0.000000 0.498936 0.000000 0.000000 0.001764 0.000000 0.000000 0.499300 0.000000 0.000000 0.000000 0.000000 0.000000 0.000000 0.000000 0.000000 0.000000 0.000000
 0.000000 0.000000 0.000000 0.000000 0.000000 0.000000 0.000000 0.000000 0.000000 0.000000 0.500007 0.000000 0.000000 0.000000 0.499993 0.000000 0.000000 0.000000 0.000000 0.000000
 0.000000 0.000000 0.483045 0.493194 0.001742 0.000000 0.000000 0.000000 0.000000 0.000000 0.000000 0.000000 0.012802 0.000000 0.000000 0.000000 0.000000 0.000000 0.009217 0.000000
 0.001708 0.000574 0.000000 0.000000 0.000000 0.000000 0.000000 0.000000 0.000000 0.000000 0.000000 0.000000 0.000000 0.000000 0.000000 0.497178 0.499493 0.000000 0.000000 0.001047
 0.000000 0.000000 0.480475 0.000000 0.000000 0.000000 0.000000 0.000000 0.000000 0.000000 0.034100 0.000000 0.023607 0.000000 0.000000 0.000000 0.000000 0.000000 0.461818 0.000000
 0.499993 0.000000 0.000000 0.000000 0.500007 0.000000 0.000000 0.000000 0.000000 0.000000 0.000000 0.000000 0.000000 0.000000 0.000000 0.000000 0.000000 0.000000 0.000000 0.000000
 0.000000 0.000000 0.000000 0.000000 0.000000 0.482881 0.000000 0.000000 0.034271 0.000000 0.000000 0.000000 0.482772 0.000000 0.000077 0.000000 0.000000 0.000000 0.000000 0.000000
 0.000000 0.000000 0.000000 0.000000 0.000000 0.000000 0.000000 0.000000 0.000000 0.000000 0.000000 0.000000 0.000000 0.000000 0.000000 0.000000 0.000000 0.500000 0.000000 0.500000
 0.000000 0.000000 0.000002 0.000013 0.000000 0.000000 0.012513 0.000000 0.023686 0.000000 0.481985 0.000000 0.000000 0.000000 0.000000 0.000000 0.000000 0.000000 0.481800 0.000000
 0.000000 0.000000 0.000000 0.000000 0.000000 0.000000 0.000000 0.000000 0.000000 0.000000 0.000000 0.000000 0.000000 0.000000 0.499998 0.000000 0.000000 0.500002 0.000000 0.000000
 0.000000 0.000000 0.000000 0.000000 0.000000 0.499955 0.000000 0.000000 0.000000 0.000000 0.000079 0.000000 0.000000 0.499965 0.000000 0.000000 0.000000 0.000000 0.000000 0.000000
 0.000000 0.000000 0.000000 0.000000 0.000000 0.000000 0.000000 0.431517 0.000000 0.000000 0.000000 0.000000 0.000000 0.000000 0.000000 0.000000 0.133254 0.000000 0.000000 0.435229
 0.000000 0.434347 0.000000 0.000000 0.000000 0.000000 0.000000 0.432664 0.000000 0.000000 0.000000 0.000000 0.000000 0.000000 0.000000 0.132989 0.000000 0.000000 0.000000 0.000000
 0.000000 0.000000 0.000000 0.000000 0.000000 0.000000 0.000000 0.000000 0.000000 0.000000 0.000000 0.500000 0.000000 0.500000 0.000000 0.000000 0.000000 0.000000 0.000000 0.000000
 0.000000 0.000000 0.229333 0.000001 0.000000 0.000000 0.007277 0.000000 0.374253 0.000000 0.000000 0.000000 0.389136 0.000000 0.000000 0.000000 0.000000 0.000000 0.000000 0.000000
 0.000000 0.000000 0.000000 0.000000 0.000000 0.000000 0.000000 0.001043 0.000000 0.000000 0.000000 0.499480 0.000000 0.000000 0.000000 0.499478 0.000000 0.000000 0.000000 0.000000
the mean of prob-rank is 1.631578947368421
the number of false negetive edges is 0
the number of probability greater than 0 is 3.4/edge
