20
 0.000000 0.000000 0.000000 0.008373 0.000000 0.402125 0.000000 0.000000 0.000000 0.000000 0.114332 0.000000 0.000016 0.000000 0.000000 0.071919 0.000000 0.000000 0.000000 0.403236
 0.000000 0.000000 0.000000 0.367138 0.000000 0.000000 0.000000 0.000000 0.080125 0.000000 0.000000 0.000000 0.366139 0.000000 0.000000 0.000000 0.000000 0.186598 0.000000 0.000000
 0.000000 0.000000 0.000000 0.000000 0.000000 0.000000 0.000000 0.364484 0.000000 0.000000 0.351633 0.000000 0.000000 0.000000 0.000000 0.003362 0.000000 0.000000 0.000000 0.280521
 0.008633 0.412971 0.000000 0.000000 0.000000 0.000000 0.000000 0.000000 0.121639 0.038500 0.000000 0.000000 0.000349 0.000000 0.000000 0.415790 0.000000 0.000126 0.000000 0.001991
 0.000000 0.000000 0.000000 0.000000 0.000000 0.000000 0.000000 0.000000 0.000000 0.000000 0.000000 0.000000 0.000000 0.000016 0.499991 0.000000 0.499993 0.000000 0.000000 0.000000
 0.386998 0.000000 0.000000 0.000000 0.000000 0.000000 0.000000 0.000000 0.000000 0.000000 0.384891 0.000000 0.228025 0.000000 0.000000 0.000000 0.000000 0.000086 0.000000 0.000000
 0.000000 0.000000 0.000000 0.000000 0.000000 0.000000 0.000000 0.461994 0.000000 0.072992 0.000000 0.465014 0.000000 0.000000 0.000000 0.000000 0.000000 0.000000 0.000000 0.000000
 0.000000 0.000000 0.416943 0.000000 0.000000 0.000000 0.414234 0.000000 0.000000 0.000000 0.000038 0.000000 0.000000 0.000000 0.000000 0.168785 0.000000 0.000000 0.000000 0.000000
 0.000000 0.069569 0.000000 0.093892 0.000000 0.000000 0.000000 0.000000 0.000000 0.315717 0.000000 0.000000 0.000424 0.000000 0.000000 0.000000 0.000000 0.314258 0.206139 0.000000
 0.000000 0.000000 0.000000 0.032314 0.000000 0.000000 0.054778 0.000000 0.343292 0.000000 0.000000 0.000000 0.000000 0.000000 0.000000 0.275612 0.000000 0.000000 0.294005 0.000000
 0.104841 0.000000 0.356727 0.000000 0.000000 0.366736 0.000000 0.000034 0.000000 0.000000 0.000000 0.000000 0.000000 0.000000 0.000000 0.000000 0.000000 0.000000 0.000000 0.171663
 0.000000 0.000000 0.000000 0.000000 0.000000 0.000000 0.500000 0.000000 0.000000 0.000000 0.000000 0.000000 0.000000 0.000000 0.500000 0.000000 0.000000 0.000000 0.000000 0.000000
 0.000015 0.383876 0.000000 0.000325 0.000000 0.227721 0.000000 0.000000 0.000512 0.000000 0.000000 0.000000 0.000000 0.000000 0.000000 0.000000 0.000000 0.387551 0.000000 0.000000
 0.000000 0.000000 0.000000 0.000000 0.000016 0.000000 0.000000 0.000000 0.000000 0.000000 0.000000 0.000000 0.000000 0.000000 0.000000 0.000000 0.500065 0.000000 0.499918 0.000000
 0.000000 0.000000 0.000000 0.000000 0.499997 0.000000 0.000000 0.000000 0.000000 0.000000 0.000000 0.500003 0.000000 0.000000 0.000000 0.000000 0.000000 0.000000 0.000000 0.000000
 0.054121 0.000000 0.002799 0.303445 0.000000 0.000000 0.000000 0.122839 0.000000 0.239651 0.000000 0.000000 0.000000 0.000000 0.000000 0.000000 0.000000 0.000000 0.000000 0.277145
 0.000000 0.000000 0.000000 0.000000 0.499502 0.000000 0.000000 0.000000 0.000000 0.000000 0.000000 0.000000 0.000000 0.499504 0.000000 0.000000 0.000000 0.000000 0.000994 0.000000
 0.000000 0.202502 0.000000 0.000122 0.000000 0.000088 0.000000 0.000000 0.392788 0.000000 0.000000 0.000000 0.401149 0.000000 0.000000 0.000000 0.000000 0.000000 0.003351 0.000000
 0.000000 0.000000 0.000000 0.000000 0.000000 0.000000 0.000000 0.000000 0.257449 0.337691 0.000000 0.000000 0.000000 0.400714 0.000000 0.000000 0.000797 0.003348 0.000000 0.000000
 0.317258 0.000000 0.244174 0.001519 0.000000 0.000000 0.000000 0.000000 0.000000 0.000000 0.147287 0.000000 0.000000 0.000000 0.000000 0.289761 0.000000 0.000000 0.000000 0.000000
the mean of prob-rank is 1.5263157894736843
the number of false negetive edges is 0
the number of probability greater than 0 is 4.5/edge
