20
 0.000000 0.000000 0.000000 0.000000 0.000000 0.000000 0.000000 0.000000 0.000000 0.000000 0.007322 0.000000 0.000000 0.000000 0.000000 0.496423 0.000000 0.496255 0.000000 0.000000
 0.000000 0.000000 0.000000 0.000093 0.000000 0.000000 0.000000 0.000000 0.000000 0.000000 0.000000 0.000000 0.000000 0.000000 0.000000 0.499947 0.499960 0.000000 0.000000 0.000000
 0.000000 0.000000 0.000000 0.000268 0.000000 0.000000 0.000000 0.000000 0.000000 0.000000 0.499863 0.000001 0.000000 0.000000 0.000000 0.000000 0.000000 0.000000 0.000000 0.499868
 0.000000 0.000093 0.000268 0.000000 0.000000 0.000000 0.000000 0.000000 0.000000 0.500262 0.000000 0.000000 0.000000 0.000000 0.000000 0.000000 0.499376 0.000000 0.000000 0.000000
 0.000000 0.000000 0.000000 0.000000 0.000000 0.000000 0.000000 0.000000 0.499999 0.000000 0.000000 0.000000 0.000000 0.500001 0.000000 0.000000 0.000000 0.000000 0.000000 0.000000
 0.000000 0.000000 0.000000 0.000000 0.000000 0.000000 0.000000 0.500000 0.000000 0.000000 0.000000 0.000000 0.500000 0.000000 0.000000 0.000000 0.000000 0.000000 0.000000 0.000000
 0.000000 0.000000 0.000000 0.000000 0.000000 0.000000 0.000000 0.000000 0.000000 0.499999 0.000000 0.000000 0.000000 0.000000 0.000000 0.000000 0.000000 0.000000 0.500001 0.000000
 0.000000 0.000000 0.000000 0.000000 0.000000 0.486485 0.000000 0.000000 0.027094 0.000000 0.000000 0.486421 0.000000 0.000000 0.000000 0.000000 0.000000 0.000000 0.000000 0.000000
 0.000000 0.000000 0.000000 0.000000 0.486489 0.000000 0.000000 0.027094 0.000000 0.000000 0.000000 0.486416 0.000000 0.000000 0.000000 0.000000 0.000000 0.000000 0.000000 0.000000
 0.000000 0.000000 0.000000 0.499881 0.000000 0.000000 0.499881 0.000000 0.000000 0.000000 0.000000 0.000000 0.000000 0.000000 0.000000 0.000000 0.000238 0.000000 0.000000 0.000000
 0.007321 0.000000 0.496334 0.000000 0.000000 0.000000 0.000000 0.000000 0.000000 0.000000 0.000000 0.000000 0.000000 0.000000 0.496345 0.000000 0.000000 0.000000 0.000000 0.000000
 0.000000 0.000000 0.000001 0.000000 0.000000 0.000000 0.000000 0.494948 0.494939 0.000000 0.000000 0.000000 0.000000 0.003302 0.000000 0.000000 0.000000 0.000000 0.000000 0.006810
 0.000000 0.000000 0.000000 0.000000 0.000000 0.500001 0.000000 0.000000 0.000000 0.000000 0.000000 0.000000 0.000000 0.000000 0.000000 0.000000 0.000000 0.000000 0.499999 0.000000
 0.000000 0.000000 0.000000 0.000000 0.498444 0.000000 0.000000 0.000000 0.000000 0.000000 0.000000 0.003325 0.000000 0.000000 0.000000 0.000000 0.000000 0.000000 0.000000 0.498231
 0.000000 0.000000 0.000000 0.000000 0.000000 0.000000 0.000000 0.000000 0.000000 0.000000 0.500000 0.000000 0.000000 0.000000 0.000000 0.000000 0.000000 0.500000 0.000000 0.000000
 0.499996 0.499983 0.000000 0.000000 0.000000 0.000000 0.000000 0.000000 0.000000 0.000000 0.000000 0.000000 0.000000 0.000000 0.000000 0.000000 0.000021 0.000000 0.000000 0.000000
 0.000000 0.500314 0.000000 0.499427 0.000000 0.000000 0.000000 0.000000 0.000000 0.000238 0.000000 0.000000 0.000000 0.000000 0.000000 0.000021 0.000000 0.000000 0.000000 0.000000
 0.465596 0.000000 0.000000 0.000000 0.000000 0.000000 0.000000 0.000000 0.000000 0.000000 0.000000 0.000000 0.000000 0.000000 0.465754 0.000000 0.000000 0.000000 0.000000 0.068650
 0.000000 0.000000 0.000000 0.000000 0.000000 0.000000 0.500001 0.000000 0.000000 0.000000 0.000000 0.000000 0.499999 0.000000 0.000000 0.000000 0.000000 0.000000 0.000000 0.000000
 0.000000 0.000000 0.462805 0.000000 0.000000 0.000000 0.000000 0.000000 0.000000 0.000000 0.000000 0.006367 0.000000 0.462612 0.000000 0.000000 0.000000 0.068216 0.000000 0.000000
the mean of prob-rank is 1.4736842105263157
the number of false negetive edges is 0
the number of probability greater than 0 is 2.9/edge
