20
 0.000000 0.000000 0.000000 0.000000 0.000000 0.000000 0.000000 0.000000 0.500001 0.000000 0.000000 0.000000 0.000000 0.000000 0.000000 0.000000 0.000000 0.000000 0.000000 0.499999
 0.000000 0.000000 0.000000 0.000000 0.000000 0.355332 0.000000 0.000246 0.000000 0.000000 0.000000 0.000000 0.290544 0.000000 0.000000 0.000000 0.000000 0.353878 0.000000 0.000000
 0.000000 0.000000 0.000000 0.000000 0.405767 0.000000 0.000000 0.000000 0.000000 0.187835 0.000000 0.000000 0.000000 0.000000 0.000002 0.000000 0.000000 0.000000 0.406396 0.000000
 0.000000 0.000000 0.000000 0.000000 0.000000 0.000000 0.499773 0.000000 0.000000 0.000000 0.000000 0.000000 0.000000 0.000000 0.000000 0.500227 0.000000 0.000000 0.000000 0.000000
 0.000000 0.000000 0.469579 0.000000 0.000000 0.000464 0.000000 0.000000 0.000000 0.000450 0.000288 0.470582 0.000003 0.000084 0.000000 0.000000 0.000000 0.000000 0.058550 0.000000
 0.000000 0.493366 0.000000 0.000000 0.000486 0.000000 0.000000 0.000000 0.000000 0.000000 0.000000 0.000000 0.000000 0.000000 0.000000 0.493351 0.000000 0.000000 0.012796 0.000000
 0.000000 0.000000 0.000000 0.499773 0.000000 0.000000 0.000000 0.000000 0.000000 0.000000 0.000000 0.000000 0.000000 0.000000 0.000000 0.000000 0.500227 0.000000 0.000000 0.000000
 0.000000 0.000282 0.000000 0.000000 0.000000 0.000000 0.000000 0.000000 0.000000 0.000000 0.000000 0.407557 0.390452 0.000000 0.000000 0.000000 0.000000 0.201709 0.000000 0.000000
 0.500225 0.000000 0.000000 0.000000 0.000000 0.000000 0.000000 0.000000 0.000000 0.000000 0.000001 0.000000 0.000000 0.000000 0.000000 0.000000 0.499773 0.000000 0.000000 0.000000
 0.000000 0.000000 0.187961 0.000000 0.000389 0.000000 0.000000 0.000000 0.000000 0.000000 0.000002 0.000000 0.000000 0.000000 0.406838 0.000000 0.000000 0.000000 0.404810 0.000000
 0.000000 0.000000 0.000000 0.000000 0.000306 0.000000 0.000000 0.000000 0.000001 0.000002 0.000000 0.000000 0.000000 0.500043 0.499649 0.000000 0.000000 0.000000 0.000000 0.000000
 0.000000 0.000000 0.000000 0.000000 0.498681 0.000000 0.000000 0.498667 0.000000 0.000000 0.000000 0.000000 0.002652 0.000000 0.000000 0.000000 0.000000 0.000000 0.000000 0.000000
 0.000000 0.293991 0.000000 0.000000 0.000002 0.000000 0.000000 0.344497 0.000000 0.000000 0.000000 0.001913 0.000000 0.000000 0.000000 0.000000 0.000000 0.359597 0.000000 0.000000
 0.000000 0.000000 0.000000 0.000000 0.000089 0.000000 0.000000 0.000000 0.000000 0.000000 0.499940 0.000000 0.000000 0.000000 0.000000 0.000000 0.000000 0.000000 0.000000 0.499971
 0.000000 0.000000 0.000003 0.000000 0.000000 0.000000 0.000000 0.000000 0.000000 0.490221 0.489888 0.000000 0.000000 0.000000 0.000000 0.000000 0.000008 0.000000 0.019880 0.000000
 0.000000 0.000001 0.000000 0.497392 0.000000 0.497308 0.000000 0.000000 0.000000 0.000000 0.000000 0.000000 0.000000 0.000000 0.000000 0.000000 0.000000 0.000000 0.005299 0.000000
 0.000000 0.000000 0.000000 0.000000 0.000000 0.000000 0.499461 0.000000 0.499010 0.000000 0.000000 0.000000 0.000000 0.000000 0.000008 0.000000 0.000000 0.000000 0.001520 0.000000
 0.000000 0.399798 0.000000 0.000000 0.000000 0.000000 0.000000 0.198705 0.000000 0.000000 0.000000 0.000000 0.401497 0.000000 0.000000 0.000000 0.000000 0.000000 0.000000 0.000000
 0.000000 0.000000 0.454515 0.000000 0.056584 0.011794 0.000000 0.000000 0.000000 0.452438 0.000000 0.000000 0.000000 0.000000 0.018440 0.004845 0.001384 0.000000 0.000000 0.000000
 0.499999 0.000000 0.000000 0.000000 0.000000 0.000000 0.000000 0.000000 0.000000 0.000000 0.000000 0.000000 0.000000 0.500001 0.000000 0.000000 0.000000 0.000000 0.000000 0.000000
the mean of prob-rank is 1.5789473684210527
the number of false negetive edges is 0
the number of probability greater than 0 is 3.8/edge
