20
 0.000000 0.500000 0.499999 0.000000 0.000000 0.000000 0.000000 0.000000 0.000000 0.000000 0.000000 0.000000 0.000000 0.000000 0.000000 0.000000 0.000000 0.000000 0.000000 0.000000
 0.414853 0.000000 0.000000 0.000340 0.000000 0.000000 0.000000 0.000000 0.000000 0.000000 0.000000 0.000000 0.010797 0.000000 0.162246 0.000000 0.000000 0.411764 0.000000 0.000000
 0.499890 0.000000 0.000000 0.000218 0.000000 0.000000 0.000000 0.000000 0.000000 0.000000 0.499891 0.000000 0.000000 0.000000 0.000000 0.000000 0.000000 0.000000 0.000000 0.000000
 0.000000 0.000241 0.000129 0.000000 0.000000 0.001476 0.008421 0.000000 0.248070 0.000000 0.000000 0.007354 0.288284 0.000000 0.000000 0.288336 0.000000 0.157689 0.000000 0.000000
 0.000000 0.000000 0.000000 0.000000 0.000000 0.000000 0.000000 0.417594 0.000000 0.000000 0.000000 0.000000 0.000000 0.409381 0.000000 0.173026 0.000000 0.000000 0.000000 0.000000
 0.000000 0.000000 0.000000 0.001829 0.000000 0.000000 0.273864 0.000000 0.364582 0.000000 0.000449 0.000000 0.000000 0.000000 0.000000 0.000000 0.000000 0.000000 0.000000 0.359275
 0.000000 0.000000 0.000000 0.008327 0.000000 0.218490 0.000000 0.000000 0.285867 0.000000 0.000000 0.000000 0.000000 0.000000 0.000000 0.001795 0.000000 0.000000 0.265396 0.220125
 0.000000 0.000000 0.000000 0.000000 0.500000 0.000000 0.000000 0.000000 0.000000 0.000000 0.000000 0.000000 0.000000 0.000000 0.000000 0.000000 0.000000 0.000000 0.500000 0.000000
 0.000000 0.000000 0.000000 0.244895 0.000000 0.290369 0.285380 0.000000 0.000000 0.000000 0.000000 0.000000 0.004107 0.000000 0.000000 0.156813 0.000000 0.000000 0.000000 0.018436
 0.000000 0.000000 0.000000 0.000000 0.000000 0.000000 0.000000 0.000000 0.000000 0.000000 0.000000 0.000000 0.000000 0.499926 0.000002 0.000000 0.500072 0.000000 0.000000 0.000000
 0.000000 0.000000 0.499705 0.000000 0.000000 0.000615 0.000000 0.000000 0.000000 0.000000 0.000000 0.000000 0.000000 0.000000 0.000000 0.000000 0.000000 0.000000 0.000000 0.499680
 0.000000 0.000000 0.000000 0.007665 0.000000 0.000000 0.000000 0.000000 0.000000 0.000000 0.000000 0.000000 0.214292 0.003445 0.303430 0.175312 0.000000 0.295855 0.000000 0.000000
 0.000000 0.006757 0.000000 0.254052 0.000000 0.000000 0.000000 0.000000 0.003666 0.000000 0.000000 0.181178 0.000000 0.077650 0.000000 0.244947 0.000000 0.231749 0.000000 0.000000
 0.000000 0.000000 0.000000 0.000000 0.384439 0.000000 0.000000 0.000000 0.000000 0.392037 0.000000 0.004400 0.117280 0.000000 0.000000 0.101844 0.000000 0.000000 0.000000 0.000000
 0.000000 0.161897 0.000000 0.000000 0.000000 0.000000 0.000000 0.000000 0.000000 0.000002 0.000000 0.409021 0.000000 0.000000 0.000000 0.000000 0.413936 0.015144 0.000000 0.000000
 0.000000 0.000000 0.000000 0.209284 0.088606 0.000000 0.001317 0.000000 0.115296 0.000000 0.000000 0.122081 0.201747 0.055538 0.000000 0.000000 0.000000 0.004001 0.202130 0.000000
 0.000000 0.000000 0.000000 0.000000 0.000000 0.000000 0.000000 0.000000 0.000000 0.500014 0.000000 0.000000 0.000000 0.000000 0.499986 0.000000 0.000000 0.000000 0.000000 0.000000
 0.000000 0.288613 0.000000 0.155630 0.000000 0.000000 0.000000 0.000000 0.000000 0.000000 0.000000 0.280137 0.259543 0.000000 0.010637 0.005440 0.000000 0.000000 0.000000 0.000000
 0.000000 0.000000 0.000000 0.000000 0.000000 0.000000 0.318935 0.350126 0.000000 0.000000 0.000000 0.000000 0.000000 0.000000 0.000000 0.330939 0.000000 0.000000 0.000000 0.000000
 0.000000 0.000000 0.000000 0.000000 0.000000 0.351023 0.269576 0.000000 0.022616 0.000000 0.356785 0.000000 0.000000 0.000000 0.000000 0.000000 0.000000 0.000000 0.000000 0.000000
the mean of prob-rank is 1.6842105263157894
the number of false negetive edges is 0
the number of probability greater than 0 is 4.7/edge
