20
 0.000000 0.499906 0.000002 0.000000 0.000050 0.000000 0.000000 0.000000 0.000000 0.000000 0.000000 0.000000 0.000000 0.000000 0.000028 0.000000 0.000000 0.500013 0.000000 0.000000
 0.499817 0.000000 0.000000 0.000000 0.000000 0.499924 0.000000 0.000000 0.000000 0.000000 0.000000 0.000000 0.000000 0.000000 0.000259 0.000000 0.000000 0.000000 0.000000 0.000000
 0.000001 0.000000 0.000000 0.286486 0.000001 0.000000 0.000000 0.236230 0.276667 0.000000 0.000000 0.000000 0.000000 0.000000 0.200614 0.000000 0.000000 0.000000 0.000000 0.000000
 0.000000 0.000000 0.318830 0.000000 0.000000 0.000000 0.127612 0.220787 0.000000 0.000000 0.002027 0.000000 0.000000 0.000000 0.330743 0.000000 0.000000 0.000000 0.000000 0.000000
 0.000050 0.000000 0.000001 0.000000 0.000000 0.000000 0.000000 0.000000 0.003163 0.000000 0.000000 0.000000 0.000000 0.000000 0.000000 0.000000 0.000000 0.498346 0.498440 0.000000
 0.000000 0.500013 0.000000 0.000000 0.000000 0.000000 0.000000 0.000000 0.000000 0.000000 0.499987 0.000000 0.000000 0.000000 0.000000 0.000000 0.000000 0.000000 0.000000 0.000000
 0.000000 0.000000 0.000000 0.112922 0.000000 0.000000 0.000000 0.177455 0.000000 0.133395 0.000000 0.000000 0.272511 0.292664 0.011052 0.000000 0.000000 0.000000 0.000000 0.000000
 0.000000 0.000000 0.190629 0.160093 0.000000 0.000000 0.145412 0.000000 0.152017 0.238913 0.000000 0.000000 0.000000 0.000000 0.112937 0.000000 0.000000 0.000000 0.000000 0.000000
 0.000000 0.000000 0.318133 0.000000 0.002168 0.000000 0.000000 0.216615 0.000000 0.070931 0.000000 0.341528 0.000000 0.000000 0.000000 0.000000 0.000000 0.000000 0.050518 0.000107
 0.000000 0.000000 0.000000 0.000000 0.000000 0.000000 0.171007 0.373771 0.077876 0.000000 0.000000 0.000000 0.003911 0.000000 0.000000 0.000000 0.000000 0.000000 0.000000 0.373435
 0.000000 0.000000 0.000000 0.002177 0.000000 0.355206 0.000000 0.000000 0.000000 0.000000 0.000000 0.000000 0.000000 0.325136 0.317480 0.000000 0.000000 0.000000 0.000000 0.000000
 0.000000 0.000000 0.000000 0.000000 0.000000 0.000000 0.000000 0.000000 0.478409 0.000000 0.000000 0.000000 0.000000 0.000000 0.000000 0.478675 0.000000 0.000000 0.000000 0.042916
 0.000000 0.000000 0.000000 0.000000 0.000000 0.000000 0.343358 0.000000 0.000000 0.003844 0.000000 0.000000 0.000000 0.284042 0.000000 0.000000 0.000000 0.000000 0.000000 0.368755
 0.000000 0.000000 0.000000 0.000000 0.000000 0.000000 0.372356 0.000000 0.000000 0.000000 0.340824 0.000000 0.286820 0.000000 0.000000 0.000000 0.000000 0.000000 0.000000 0.000000
 0.000018 0.000168 0.219307 0.324882 0.000000 0.000000 0.012269 0.152994 0.000000 0.000000 0.290362 0.000000 0.000000 0.000000 0.000000 0.000000 0.000000 0.000000 0.000000 0.000000
 0.000000 0.000000 0.000000 0.000000 0.000000 0.000000 0.000000 0.000000 0.000000 0.000000 0.000000 0.499990 0.000000 0.000000 0.000000 0.000000 0.500010 0.000000 0.000000 0.000000
 0.000000 0.000000 0.000000 0.000000 0.000000 0.000000 0.000000 0.000000 0.000000 0.000000 0.000000 0.000000 0.000000 0.000000 0.000000 0.500001 0.000000 0.000000 0.499999 0.000000
 0.500068 0.000000 0.000000 0.000000 0.499932 0.000000 0.000000 0.000000 0.000000 0.000000 0.000000 0.000000 0.000000 0.000000 0.000000 0.000000 0.000000 0.000000 0.000000 0.000000
 0.000000 0.000000 0.000000 0.000000 0.465567 0.000000 0.000000 0.000000 0.068830 0.000000 0.000000 0.000000 0.000000 0.000000 0.000000 0.000000 0.465604 0.000000 0.000000 0.000000
 0.000000 0.000000 0.000000 0.000000 0.000000 0.000000 0.000000 0.000000 0.000150 0.477307 0.000000 0.042993 0.479549 0.000000 0.000000 0.000000 0.000000 0.000000 0.000000 0.000000
the mean of prob-rank is 1.631578947368421
the number of false negetive edges is 0
the number of probability greater than 0 is 4.15/edge
