20
 0.000000 0.499947 0.000000 0.000000 0.000000 0.000000 0.000000 0.000000 0.000000 0.000000 0.000000 0.000000 0.000000 0.000000 0.000000 0.000000 0.000000 0.000047 0.500006 0.000000
 0.487987 0.000000 0.023969 0.000000 0.000000 0.000000 0.488045 0.000000 0.000000 0.000000 0.000000 0.000000 0.000000 0.000000 0.000000 0.000000 0.000000 0.000000 0.000000 0.000000
 0.000000 0.023968 0.000000 0.000000 0.488021 0.000000 0.488011 0.000000 0.000000 0.000000 0.000000 0.000000 0.000000 0.000000 0.000000 0.000000 0.000000 0.000000 0.000000 0.000000
 0.000000 0.000000 0.000000 0.000000 0.000000 0.032338 0.000000 0.000000 0.000000 0.000000 0.000000 0.000000 0.000000 0.000000 0.000000 0.000000 0.020815 0.470176 0.476670 0.000000
 0.000000 0.000000 0.496941 0.000000 0.000000 0.000000 0.000000 0.000000 0.000000 0.000000 0.496905 0.000050 0.000000 0.000000 0.000000 0.000000 0.000000 0.000000 0.006103 0.000000
 0.000000 0.000000 0.000000 0.031012 0.000000 0.000000 0.000000 0.000000 0.000000 0.000000 0.000000 0.000000 0.000000 0.457214 0.000000 0.001525 0.456747 0.053502 0.000000 0.000000
 0.000000 0.500009 0.499991 0.000000 0.000000 0.000000 0.000000 0.000000 0.000000 0.000000 0.000000 0.000000 0.000000 0.000000 0.000000 0.000000 0.000000 0.000000 0.000000 0.000000
 0.000000 0.000000 0.000000 0.000000 0.000000 0.000000 0.000000 0.000000 0.000000 0.500000 0.000000 0.000000 0.000000 0.000000 0.000000 0.000000 0.000000 0.000000 0.000000 0.500000
 0.000000 0.000000 0.000000 0.000000 0.000000 0.000000 0.000000 0.000000 0.000000 0.499308 0.000000 0.000000 0.000000 0.001383 0.000000 0.499310 0.000000 0.000000 0.000000 0.000000
 0.000000 0.000000 0.000000 0.000000 0.000000 0.000000 0.000000 0.500003 0.499997 0.000000 0.000000 0.000000 0.000000 0.000000 0.000000 0.000000 0.000000 0.000000 0.000000 0.000000
 0.000000 0.000000 0.000000 0.000000 0.499978 0.000000 0.000000 0.000000 0.000000 0.000000 0.000000 0.500022 0.000000 0.000000 0.000000 0.000000 0.000000 0.000000 0.000000 0.000000
 0.000000 0.000000 0.000000 0.000000 0.000046 0.000000 0.000000 0.000000 0.000000 0.000000 0.456920 0.000000 0.455354 0.000000 0.087680 0.000000 0.000000 0.000000 0.000000 0.000000
 0.000000 0.000000 0.000000 0.000000 0.000000 0.000000 0.000000 0.000000 0.000000 0.000000 0.000000 0.475382 0.000000 0.000000 0.477015 0.000000 0.000000 0.000000 0.000000 0.047603
 0.000000 0.000000 0.000000 0.000000 0.000000 0.499257 0.000000 0.000000 0.001383 0.000000 0.000000 0.000000 0.000000 0.000000 0.000000 0.499360 0.000000 0.000000 0.000000 0.000000
 0.000000 0.000000 0.000000 0.000000 0.000000 0.000000 0.000000 0.000000 0.000000 0.000000 0.000000 0.087772 0.457401 0.000000 0.000000 0.000000 0.000000 0.000000 0.000000 0.454827
 0.000000 0.000000 0.000000 0.000000 0.000000 0.001665 0.000000 0.000000 0.499114 0.000000 0.000000 0.000000 0.000000 0.499119 0.000000 0.000000 0.000102 0.000000 0.000000 0.000000
 0.000000 0.000000 0.000000 0.021370 0.000000 0.488965 0.000000 0.000000 0.000000 0.000000 0.000000 0.000000 0.000000 0.000000 0.000000 0.000100 0.000000 0.489565 0.000000 0.000000
 0.000045 0.000000 0.000000 0.468831 0.000000 0.055630 0.000000 0.000000 0.000000 0.000000 0.000000 0.000000 0.000000 0.000000 0.000000 0.000000 0.475494 0.000000 0.000001 0.000000
 0.497045 0.000000 0.000000 0.496849 0.006104 0.000000 0.000000 0.000000 0.000000 0.000000 0.000000 0.000000 0.000000 0.000000 0.000000 0.000000 0.000000 0.000001 0.000000 0.000000
 0.000000 0.000000 0.000000 0.000000 0.000000 0.000000 0.000000 0.477518 0.000000 0.000000 0.000000 0.000000 0.047653 0.000000 0.474829 0.000000 0.000000 0.000000 0.000000 0.000000
the mean of prob-rank is 1.4736842105263157
the number of false negetive edges is 0
the number of probability greater than 0 is 3.2/edge
