20
 0.000000 0.064975 0.224532 0.000000 0.175765 0.000000 0.000000 0.000000 0.000000 0.000000 0.000000 0.030780 0.000000 0.000000 0.000196 0.233442 0.270310 0.000000 0.000000 0.000000
 0.070419 0.000000 0.291929 0.050017 0.000000 0.000000 0.000000 0.000000 0.000000 0.000051 0.158333 0.000000 0.001065 0.000000 0.273434 0.154749 0.000001 0.000000 0.000001 0.000000
 0.264943 0.317840 0.000000 0.000000 0.000000 0.000000 0.000000 0.000000 0.000000 0.000000 0.299048 0.000001 0.000000 0.000000 0.022798 0.095370 0.000000 0.000000 0.000000 0.000000
 0.000000 0.078618 0.000000 0.000000 0.000000 0.000000 0.000000 0.460455 0.000000 0.000000 0.001072 0.000000 0.000002 0.000000 0.000000 0.000000 0.000000 0.000000 0.459852 0.000000
 0.191896 0.000000 0.000000 0.000000 0.000000 0.000000 0.014789 0.000000 0.000000 0.000000 0.000000 0.000000 0.295118 0.000000 0.275001 0.000000 0.223195 0.000000 0.000000 0.000000
 0.000000 0.000000 0.000000 0.000000 0.000000 0.000000 0.000000 0.000000 0.499998 0.000000 0.000004 0.000000 0.000000 0.499998 0.000000 0.000000 0.000000 0.000000 0.000000 0.000000
 0.000000 0.000000 0.000000 0.000000 0.024444 0.000000 0.000000 0.487782 0.000000 0.000000 0.000000 0.000000 0.487774 0.000000 0.000000 0.000000 0.000000 0.000000 0.000000 0.000000
 0.000000 0.000000 0.000000 0.499985 0.000000 0.000000 0.500012 0.000000 0.000000 0.000000 0.000000 0.000000 0.000000 0.000000 0.000000 0.000000 0.000000 0.000000 0.000002 0.000000
 0.000000 0.000000 0.000000 0.000000 0.000000 0.500000 0.000000 0.000000 0.000000 0.000000 0.000000 0.500000 0.000000 0.000000 0.000000 0.000000 0.000000 0.000000 0.000000 0.000000
 0.000000 0.000087 0.000000 0.000000 0.000000 0.000000 0.000000 0.000000 0.000000 0.000000 0.001657 0.000000 0.000000 0.000000 0.000000 0.000000 0.000000 0.499121 0.000000 0.499135
 0.000000 0.219468 0.380722 0.000945 0.000000 0.000003 0.000000 0.000000 0.000000 0.001348 0.000000 0.395387 0.000000 0.000000 0.000000 0.000002 0.000000 0.001950 0.000175 0.000000
 0.054546 0.000000 0.000001 0.000000 0.000000 0.000000 0.000000 0.000000 0.479029 0.000000 0.466424 0.000000 0.000000 0.000000 0.000000 0.000000 0.000000 0.000000 0.000000 0.000000
 0.000000 0.001814 0.000000 0.000003 0.499096 0.000000 0.499088 0.000000 0.000000 0.000000 0.000000 0.000000 0.000000 0.000000 0.000000 0.000000 0.000000 0.000000 0.000000 0.000000
 0.000000 0.000000 0.000000 0.000000 0.000000 0.500000 0.000000 0.000000 0.000000 0.000000 0.000000 0.000000 0.000000 0.000000 0.000000 0.000000 0.000000 0.500000 0.000000 0.000000
 0.000198 0.255031 0.019530 0.000000 0.254615 0.000000 0.000000 0.000000 0.000000 0.000000 0.000000 0.000000 0.000000 0.000000 0.000000 0.271513 0.199112 0.000000 0.000000 0.000000
 0.236269 0.144515 0.081802 0.000000 0.000000 0.000000 0.000000 0.000000 0.000000 0.000000 0.000001 0.000000 0.000000 0.000000 0.271854 0.000000 0.265558 0.000000 0.000000 0.000000
 0.289380 0.000001 0.000000 0.000000 0.218855 0.000000 0.000000 0.000000 0.000000 0.000000 0.000000 0.000000 0.000000 0.000000 0.210873 0.280891 0.000000 0.000000 0.000000 0.000000
 0.000000 0.000000 0.000000 0.000000 0.000000 0.000000 0.000000 0.000000 0.000000 0.498795 0.002396 0.000000 0.000000 0.498810 0.000000 0.000000 0.000000 0.000000 0.000000 0.000000
 0.000000 0.000002 0.000000 0.499549 0.000000 0.000000 0.000000 0.000002 0.000000 0.000000 0.000215 0.000000 0.000000 0.000000 0.000000 0.000000 0.000000 0.000000 0.000000 0.500231
 0.000000 0.000000 0.000000 0.000000 0.000000 0.000000 0.000000 0.000000 0.000000 0.500000 0.000000 0.000000 0.000000 0.000000 0.000000 0.000000 0.000000 0.000000 0.500000 0.000000
the mean of prob-rank is 1.5263157894736843
the number of false negetive edges is 0
the number of probability greater than 0 is 4.6/edge
