20
 0.000000 0.000000 0.000000 0.000000 0.000000 0.000000 0.000000 0.000000 0.000001 0.000000 0.372889 0.000000 0.000000 0.000000 0.000000 0.398631 0.228478 0.000000 0.000000 0.000000
 0.000000 0.000000 0.000000 0.000000 0.000000 0.000000 0.189623 0.000000 0.000000 0.000000 0.000000 0.405939 0.000000 0.404437 0.000000 0.000000 0.000000 0.000000 0.000000 0.000000
 0.000000 0.000000 0.000000 0.498684 0.000000 0.000000 0.000000 0.002644 0.000000 0.000000 0.000000 0.000000 0.000000 0.000000 0.000000 0.000000 0.000000 0.498672 0.000000 0.000000
 0.000000 0.000000 0.499983 0.000000 0.000000 0.000000 0.000000 0.000000 0.000000 0.000000 0.000000 0.000000 0.000000 0.000000 0.499980 0.000000 0.000000 0.000037 0.000000 0.000000
 0.000000 0.000000 0.000000 0.000000 0.000000 0.000000 0.000000 0.000000 0.500000 0.000000 0.000000 0.000000 0.000000 0.500000 0.000000 0.000000 0.000000 0.000000 0.000000 0.000000
 0.000000 0.000000 0.000000 0.000000 0.000000 0.000000 0.000000 0.000000 0.000000 0.000000 0.000000 0.000000 0.000000 0.000000 0.000000 0.000000 0.000000 0.500000 0.000000 0.500000
 0.000000 0.189457 0.000000 0.000000 0.000000 0.000000 0.000000 0.000000 0.000000 0.000000 0.000000 0.404959 0.000000 0.000000 0.000000 0.000000 0.000000 0.000000 0.405584 0.000000
 0.000000 0.000000 0.002640 0.000000 0.000000 0.000000 0.000000 0.000000 0.000000 0.000000 0.000000 0.000000 0.495400 0.000000 0.000000 0.497788 0.000000 0.004172 0.000000 0.000000
 0.000002 0.000000 0.000000 0.000000 0.451799 0.000000 0.000000 0.000000 0.000000 0.000000 0.096770 0.000000 0.000000 0.000000 0.000000 0.000000 0.451428 0.000000 0.000000 0.000000
 0.000000 0.000000 0.000000 0.000000 0.000000 0.000000 0.000000 0.000000 0.000000 0.000000 0.000000 0.000000 0.000000 0.000000 0.500001 0.000000 0.000000 0.000000 0.499999 0.000000
 0.433296 0.000000 0.000000 0.000000 0.000000 0.000000 0.000000 0.000000 0.099729 0.000000 0.000000 0.000000 0.000000 0.000000 0.000000 0.001366 0.465609 0.000000 0.000000 0.000000
 0.000000 0.423515 0.000000 0.000000 0.000000 0.000000 0.422863 0.000000 0.000000 0.000000 0.000000 0.000000 0.000000 0.153622 0.000000 0.000000 0.000000 0.000000 0.000000 0.000000
 0.000000 0.000000 0.000000 0.000000 0.000000 0.000000 0.000000 0.447342 0.000000 0.000000 0.000000 0.000000 0.000000 0.000000 0.000000 0.103080 0.000000 0.000000 0.000000 0.449578
 0.000000 0.422334 0.000000 0.000000 0.423903 0.000000 0.000000 0.000000 0.000000 0.000000 0.000000 0.153763 0.000000 0.000000 0.000000 0.000000 0.000000 0.000000 0.000000 0.000000
 0.000000 0.000000 0.000000 0.499998 0.000000 0.000000 0.000000 0.000000 0.000000 0.500002 0.000000 0.000000 0.000000 0.000000 0.000000 0.000000 0.000000 0.000000 0.000000 0.000000
 0.446733 0.000000 0.000000 0.000000 0.000000 0.000000 0.000000 0.448972 0.000000 0.000000 0.001318 0.000000 0.102959 0.000000 0.000000 0.000000 0.000019 0.000000 0.000000 0.000000
 0.221918 0.000000 0.000000 0.000000 0.000000 0.000000 0.000000 0.000000 0.388874 0.000000 0.389192 0.000000 0.000000 0.000000 0.000000 0.000016 0.000000 0.000000 0.000000 0.000000
 0.000000 0.000000 0.497890 0.000036 0.000000 0.497901 0.000000 0.004173 0.000000 0.000000 0.000000 0.000000 0.000000 0.000000 0.000000 0.000000 0.000000 0.000000 0.000000 0.000000
 0.000000 0.000000 0.000000 0.000000 0.000000 0.000000 0.500001 0.000000 0.000000 0.499999 0.000000 0.000000 0.000000 0.000000 0.000000 0.000000 0.000000 0.000000 0.000000 0.000000
 0.000000 0.000000 0.000000 0.000000 0.000000 0.500000 0.000000 0.000000 0.000000 0.000000 0.000000 0.000000 0.500000 0.000000 0.000000 0.000000 0.000000 0.000000 0.000000 0.000000
the mean of prob-rank is 1.4736842105263157
the number of false negetive edges is 0
the number of probability greater than 0 is 3.1/edge
