20
 0.000000 0.000001 0.499998 0.000000 0.000000 0.000000 0.000000 0.000000 0.000000 0.000000 0.000000 0.000000 0.000000 0.000000 0.000000 0.000000 0.000000 0.500002 0.000000 0.000000
 0.000000 0.000000 0.000000 0.000000 0.000000 0.000000 0.108107 0.000000 0.000000 0.000057 0.000000 0.298963 0.000000 0.000000 0.000000 0.127802 0.000000 0.149380 0.000000 0.315691
 0.499998 0.000000 0.000000 0.000000 0.500002 0.000000 0.000000 0.000000 0.000000 0.000000 0.000000 0.000000 0.000000 0.000000 0.000000 0.000000 0.000000 0.000000 0.000000 0.000000
 0.000000 0.000000 0.000000 0.000000 0.000000 0.000000 0.000000 0.000000 0.029880 0.000000 0.000000 0.000000 0.481705 0.006945 0.481470 0.000000 0.000000 0.000000 0.000000 0.000000
 0.000000 0.000000 0.500001 0.000000 0.000000 0.499999 0.000000 0.000000 0.000000 0.000000 0.000000 0.000000 0.000000 0.000000 0.000000 0.000000 0.000000 0.000000 0.000000 0.000000
 0.000000 0.000000 0.000000 0.000000 0.499999 0.000000 0.000000 0.000000 0.000000 0.000000 0.000000 0.000000 0.000000 0.000000 0.000000 0.500001 0.000000 0.000000 0.000000 0.000000
 0.000000 0.114684 0.000000 0.000000 0.000000 0.000000 0.000000 0.000000 0.000054 0.334848 0.000000 0.000000 0.001930 0.000000 0.000000 0.331479 0.000000 0.000000 0.000000 0.217004
 0.000000 0.000000 0.000000 0.000000 0.000000 0.000000 0.000000 0.000000 0.000000 0.000000 0.302644 0.008193 0.000000 0.317666 0.000000 0.000000 0.023215 0.000000 0.348281 0.000000
 0.000000 0.000000 0.000000 0.030083 0.000000 0.000000 0.000078 0.000000 0.000000 0.484966 0.000000 0.000000 0.484873 0.000000 0.000000 0.000000 0.000000 0.000000 0.000000 0.000000
 0.000000 0.000088 0.000000 0.000000 0.000000 0.000000 0.489398 0.000000 0.489487 0.000000 0.000000 0.000000 0.000000 0.000000 0.000000 0.000000 0.000002 0.000000 0.000000 0.021026
 0.000000 0.000000 0.000000 0.000000 0.000000 0.000000 0.000000 0.241416 0.000000 0.000000 0.000000 0.245603 0.000000 0.000000 0.000000 0.000000 0.252548 0.000000 0.243155 0.017277
 0.000000 0.269191 0.000000 0.000000 0.000000 0.000000 0.000000 0.006687 0.000000 0.000000 0.251294 0.000000 0.000000 0.000000 0.000000 0.000000 0.000000 0.275164 0.000000 0.197665
 0.000000 0.000000 0.000000 0.498613 0.000000 0.000000 0.002874 0.000000 0.498513 0.000000 0.000000 0.000000 0.000000 0.000000 0.000000 0.000000 0.000000 0.000000 0.000000 0.000000
 0.000000 0.000000 0.000000 0.004086 0.000000 0.000000 0.000000 0.258465 0.000000 0.000000 0.000000 0.000000 0.000000 0.000000 0.283384 0.000000 0.252346 0.000000 0.201721 0.000000
 0.000000 0.000000 0.000000 0.470420 0.000000 0.000000 0.000000 0.000000 0.000000 0.000000 0.000000 0.000000 0.000000 0.470649 0.000000 0.000000 0.058931 0.000000 0.000000 0.000000
 0.000000 0.169055 0.000000 0.000000 0.000000 0.417613 0.413332 0.000000 0.000000 0.000000 0.000000 0.000000 0.000000 0.000000 0.000000 0.000000 0.000000 0.000000 0.000000 0.000000
 0.000000 0.000000 0.000000 0.000000 0.000000 0.000000 0.000000 0.018082 0.000000 0.000001 0.246590 0.000000 0.000000 0.241563 0.033967 0.000000 0.000000 0.000000 0.196982 0.262815
 0.409645 0.193828 0.000000 0.000000 0.000000 0.000000 0.000000 0.000000 0.000000 0.000000 0.000000 0.396528 0.000000 0.000000 0.000000 0.000000 0.000000 0.000000 0.000000 0.000000
 0.000000 0.000000 0.000000 0.000000 0.000000 0.000000 0.000000 0.301819 0.000000 0.000000 0.264160 0.000000 0.000000 0.214851 0.000000 0.000000 0.219169 0.000000 0.000000 0.000000
 0.000000 0.292623 0.000000 0.000000 0.000000 0.000000 0.189612 0.000000 0.000000 0.012570 0.018198 0.203486 0.000000 0.000000 0.000000 0.000000 0.283511 0.000000 0.000000 0.000000
the mean of prob-rank is 1.4210526315789473
the number of false negetive edges is 0
the number of probability greater than 0 is 4.05/edge
