20
 0.000000 0.000000 0.000000 0.000000 0.000000 0.000000 0.453057 0.000000 0.000000 0.000000 0.000000 0.092634 0.000000 0.000000 0.454309 0.000000 0.000000 0.000000 0.000000 0.000000
 0.000000 0.000000 0.000000 0.000000 0.000000 0.000000 0.001057 0.000000 0.000000 0.000000 0.000000 0.000000 0.000000 0.000000 0.000000 0.000000 0.000000 0.499470 0.499473 0.000000
 0.000000 0.000000 0.000000 0.000000 0.265501 0.346659 0.000000 0.000000 0.065845 0.000946 0.000000 0.000000 0.000000 0.000000 0.000000 0.316742 0.004307 0.000000 0.000000 0.000000
 0.000000 0.000000 0.000000 0.000000 0.000000 0.000000 0.000000 0.000000 0.000354 0.000000 0.499830 0.000000 0.000000 0.000000 0.000000 0.000000 0.499816 0.000000 0.000000 0.000000
 0.000000 0.000000 0.293299 0.000000 0.000000 0.323763 0.000000 0.000000 0.000000 0.000001 0.000000 0.000006 0.000000 0.000000 0.000000 0.382931 0.000000 0.000000 0.000000 0.000000
 0.000000 0.000000 0.351485 0.000000 0.297157 0.000000 0.000000 0.000000 0.351330 0.000000 0.000000 0.000000 0.000000 0.000000 0.000000 0.000028 0.000001 0.000000 0.000000 0.000000
 0.440292 0.000934 0.000000 0.000000 0.000000 0.000000 0.000000 0.000000 0.000000 0.000000 0.000000 0.000000 0.000000 0.000000 0.117300 0.000000 0.000000 0.000000 0.441474 0.000000
 0.000000 0.000000 0.000000 0.000000 0.000000 0.000000 0.000000 0.000000 0.000000 0.000000 0.000000 0.483957 0.000000 0.032545 0.000000 0.000000 0.000000 0.000000 0.000000 0.483499
 0.000000 0.000000 0.086462 0.000323 0.000000 0.455006 0.000000 0.000000 0.000000 0.000000 0.000000 0.000000 0.455281 0.000000 0.000000 0.000000 0.002928 0.000000 0.000000 0.000000
 0.000000 0.000000 0.001362 0.000000 0.000002 0.000000 0.000000 0.000000 0.000000 0.000000 0.000000 0.000000 0.000000 0.000000 0.000000 0.498826 0.498713 0.001082 0.000015 0.000000
 0.000000 0.000000 0.000000 0.499699 0.000000 0.000000 0.000000 0.000000 0.000000 0.000000 0.000000 0.000000 0.000000 0.000000 0.000000 0.000000 0.000653 0.499648 0.000000 0.000000
 0.092869 0.000000 0.000000 0.000000 0.000007 0.000000 0.000000 0.455460 0.000000 0.000000 0.000000 0.000000 0.000000 0.000000 0.451665 0.000000 0.000000 0.000000 0.000000 0.000000
 0.000000 0.000000 0.000000 0.000000 0.000000 0.000000 0.000000 0.000000 0.450690 0.000000 0.000000 0.000000 0.000000 0.449872 0.000000 0.000000 0.000000 0.000000 0.000000 0.099438
 0.000000 0.000000 0.000000 0.000000 0.000000 0.000000 0.000000 0.032558 0.000000 0.000000 0.000000 0.000000 0.483281 0.000000 0.000000 0.000000 0.000000 0.000000 0.000000 0.484161
 0.442998 0.000000 0.000000 0.000000 0.000000 0.000000 0.117696 0.000000 0.000000 0.000000 0.000000 0.439307 0.000000 0.000000 0.000000 0.000000 0.000000 0.000000 0.000000 0.000000
 0.000000 0.000000 0.313568 0.000000 0.343163 0.000027 0.000000 0.000000 0.000000 0.343242 0.000000 0.000000 0.000000 0.000000 0.000000 0.000000 0.000000 0.000000 0.000000 0.000000
 0.000000 0.000000 0.006150 0.495059 0.000000 0.000001 0.000000 0.000000 0.003184 0.494960 0.000647 0.000000 0.000000 0.000000 0.000000 0.000000 0.000000 0.000000 0.000000 0.000000
 0.000000 0.499482 0.000000 0.000000 0.000000 0.000000 0.000000 0.000000 0.000000 0.001083 0.499435 0.000000 0.000000 0.000000 0.000000 0.000000 0.000000 0.000000 0.000000 0.000000
 0.000000 0.500012 0.000000 0.000000 0.000000 0.000000 0.499973 0.000000 0.000000 0.000015 0.000000 0.000000 0.000000 0.000000 0.000000 0.000000 0.000000 0.000000 0.000000 0.000000
 0.000000 0.000000 0.000000 0.000000 0.000000 0.000000 0.000000 0.450087 0.000000 0.000000 0.000000 0.000000 0.099399 0.450514 0.000000 0.000000 0.000000 0.000000 0.000000 0.000000
the mean of prob-rank is 1.631578947368421
the number of false negetive edges is 0
the number of probability greater than 0 is 3.8/edge
