20
 0.000000 0.000000 0.000000 0.171940 0.148333 0.000000 0.000000 0.000000 0.231649 0.000000 0.000000 0.240031 0.000001 0.046940 0.148361 0.012745 0.000000 0.000000 0.000000 0.000000
 0.000000 0.000000 0.000000 0.150750 0.000000 0.000000 0.000000 0.000000 0.000000 0.000000 0.005794 0.000000 0.201981 0.041304 0.000000 0.000000 0.000000 0.206407 0.209587 0.184178
 0.000000 0.000000 0.000000 0.000000 0.000000 0.000000 0.000000 0.389744 0.374787 0.000000 0.000000 0.235468 0.000000 0.000000 0.000000 0.000000 0.000000 0.000000 0.000000 0.000000
 0.173605 0.159986 0.000000 0.000000 0.000000 0.000000 0.000000 0.000000 0.000000 0.000000 0.000000 0.000000 0.006201 0.205282 0.000000 0.000000 0.246787 0.000000 0.208138 0.000000
 0.233734 0.000000 0.000000 0.000000 0.000000 0.000000 0.000000 0.000000 0.000000 0.000000 0.000000 0.385144 0.000000 0.000000 0.000000 0.381123 0.000000 0.000000 0.000000 0.000000
 0.000000 0.000000 0.000000 0.000000 0.000000 0.000000 0.000000 0.000000 0.000000 0.004181 0.000000 0.000000 0.000000 0.000000 0.497878 0.497942 0.000000 0.000000 0.000000 0.000000
 0.000000 0.000000 0.000000 0.000000 0.000000 0.000000 0.000000 0.000000 0.000000 0.500004 0.000000 0.000000 0.000000 0.000000 0.000000 0.000000 0.499996 0.000000 0.000000 0.000000
 0.000000 0.000000 0.353875 0.000000 0.000000 0.000000 0.000000 0.000000 0.293822 0.000000 0.349639 0.000000 0.000000 0.002664 0.000000 0.000000 0.000000 0.000000 0.000000 0.000000
 0.263342 0.000000 0.267198 0.000000 0.000000 0.000000 0.000000 0.230708 0.000000 0.000000 0.000000 0.000000 0.000000 0.238751 0.000000 0.000000 0.000000 0.000000 0.000000 0.000000
 0.000000 0.000000 0.000000 0.000000 0.000000 0.004154 0.494742 0.000000 0.000000 0.000000 0.000000 0.000000 0.000000 0.000000 0.493669 0.007435 0.000000 0.000000 0.000000 0.000000
 0.000000 0.008237 0.000000 0.000000 0.000000 0.000000 0.000000 0.326651 0.000000 0.000000 0.000000 0.000000 0.001077 0.052140 0.000000 0.000000 0.000000 0.298435 0.000000 0.313459
 0.379722 0.000000 0.233609 0.000000 0.386668 0.000000 0.000000 0.000000 0.000000 0.000000 0.000000 0.000000 0.000000 0.000000 0.000000 0.000000 0.000000 0.000000 0.000000 0.000000
 0.000001 0.299989 0.000000 0.008678 0.000000 0.000000 0.000000 0.000000 0.000000 0.000000 0.001125 0.000000 0.000000 0.345268 0.000000 0.000000 0.000000 0.000000 0.000000 0.344939
 0.050221 0.046449 0.000000 0.217526 0.000000 0.000000 0.000000 0.001968 0.224700 0.000000 0.041243 0.000000 0.261423 0.000000 0.000000 0.000000 0.000000 0.000000 0.000000 0.156469
 0.233033 0.000000 0.000000 0.000000 0.000000 0.383868 0.000000 0.000000 0.000000 0.383085 0.000000 0.000000 0.000000 0.000000 0.000000 0.000014 0.000000 0.000000 0.000000 0.000000
 0.025352 0.000000 0.000000 0.000000 0.481124 0.486200 0.000000 0.000000 0.000000 0.007307 0.000000 0.000000 0.000000 0.000000 0.000017 0.000000 0.000000 0.000000 0.000000 0.000000
 0.000000 0.000000 0.000000 0.409772 0.000000 0.000000 0.409769 0.000000 0.000000 0.000000 0.000000 0.000000 0.000000 0.000000 0.000000 0.000000 0.000000 0.000000 0.180458 0.000000
 0.000000 0.318106 0.000000 0.000000 0.000000 0.000000 0.000000 0.000000 0.000000 0.000000 0.323509 0.000000 0.000000 0.000000 0.000000 0.000000 0.000000 0.000000 0.358385 0.000000
 0.000000 0.282973 0.000000 0.264795 0.000000 0.000000 0.000000 0.000000 0.000000 0.000000 0.000000 0.000000 0.000000 0.000000 0.000000 0.000000 0.138266 0.313966 0.000000 0.000000
 0.000000 0.237330 0.000000 0.000000 0.000000 0.000000 0.000000 0.000000 0.000000 0.000000 0.284109 0.000000 0.299269 0.179292 0.000000 0.000000 0.000000 0.000000 0.000000 0.000000
the mean of prob-rank is 1.5789473684210527
the number of false negetive edges is 0
the number of probability greater than 0 is 4.45/edge
