20
 0.000000 0.378831 0.000002 0.000000 0.000000 0.000785 0.000000 0.000000 0.000000 0.000000 0.000000 0.000001 0.000019 0.000000 0.302840 0.000000 0.000000 0.000000 0.001639 0.315883
 0.474967 0.000000 0.478458 0.000000 0.000000 0.000000 0.000000 0.000000 0.000000 0.000000 0.000000 0.000000 0.000000 0.000000 0.046575 0.000000 0.000000 0.000000 0.000000 0.000000
 0.000002 0.499556 0.000000 0.000000 0.000000 0.000000 0.000001 0.000759 0.000000 0.000000 0.000000 0.000000 0.000000 0.000000 0.000000 0.499682 0.000000 0.000000 0.000000 0.000000
 0.000000 0.000000 0.000000 0.000000 0.000000 0.000000 0.000000 0.000000 0.000000 0.000000 0.499998 0.000000 0.000000 0.000000 0.000000 0.000000 0.000000 0.500002 0.000000 0.000000
 0.000000 0.000000 0.000000 0.000000 0.000000 0.000000 0.492890 0.001084 0.000000 0.000000 0.000000 0.000000 0.506006 0.000000 0.000000 0.000019 0.000000 0.000000 0.000000 0.000000
 0.000738 0.000000 0.000000 0.000000 0.000000 0.000000 0.000000 0.000000 0.000000 0.000000 0.000000 0.316151 0.000000 0.000000 0.000000 0.000000 0.356978 0.000000 0.000000 0.326133
 0.000000 0.000000 0.000001 0.000000 0.393271 0.000000 0.000000 0.189056 0.000000 0.000000 0.000000 0.000000 0.013941 0.000000 0.000000 0.403731 0.000000 0.000000 0.000000 0.000000
 0.000000 0.000000 0.000498 0.000000 0.000703 0.000000 0.153659 0.000000 0.000000 0.327696 0.000000 0.000000 0.293953 0.000000 0.000000 0.000022 0.000000 0.223468 0.000000 0.000000
 0.000000 0.000000 0.000000 0.000000 0.000000 0.000000 0.000000 0.000000 0.000000 0.000000 0.000000 0.000000 0.000000 0.489152 0.021694 0.000000 0.000000 0.000000 0.489154 0.000000
 0.000000 0.000000 0.000000 0.000000 0.000000 0.000000 0.000000 0.359665 0.000000 0.000000 0.000000 0.000000 0.300105 0.000000 0.000000 0.000000 0.000000 0.340230 0.000000 0.000000
 0.000000 0.000000 0.000000 0.499998 0.000000 0.000000 0.000000 0.000000 0.000000 0.000000 0.000000 0.500002 0.000000 0.000000 0.000000 0.000000 0.000000 0.000000 0.000000 0.000000
 0.000002 0.000000 0.000000 0.000000 0.000000 0.385801 0.000000 0.000000 0.000000 0.000000 0.437968 0.000000 0.000000 0.000000 0.000000 0.000000 0.176212 0.000000 0.000000 0.000017
 0.000018 0.000000 0.000000 0.000000 0.361837 0.000000 0.012494 0.324135 0.000000 0.301504 0.000000 0.000000 0.000000 0.000000 0.000000 0.000000 0.000000 0.000011 0.000000 0.000000
 0.000000 0.000000 0.000000 0.000000 0.000000 0.000000 0.000000 0.000000 0.499999 0.000000 0.000000 0.000000 0.000000 0.000000 0.500001 0.000000 0.000000 0.000000 0.000001 0.000000
 0.282628 0.034668 0.000000 0.000000 0.000000 0.000000 0.000000 0.000000 0.015799 0.000000 0.000000 0.000000 0.000000 0.356235 0.000000 0.000000 0.000000 0.000000 0.000000 0.310670
 0.000000 0.000000 0.499977 0.000000 0.000019 0.000000 0.499971 0.000033 0.000000 0.000000 0.000000 0.000000 0.000000 0.000000 0.000000 0.000000 0.000000 0.000000 0.000000 0.000000
 0.000000 0.000000 0.000000 0.000000 0.000000 0.381999 0.000000 0.000000 0.000000 0.000000 0.000000 0.154521 0.000000 0.000000 0.000000 0.000000 0.000000 0.000000 0.366458 0.097022
 0.000000 0.000000 0.000000 0.380850 0.000000 0.000000 0.000000 0.259361 0.000000 0.359778 0.000000 0.000000 0.000011 0.000000 0.000000 0.000000 0.000000 0.000000 0.000000 0.000000
 0.001530 0.000000 0.000000 0.000000 0.000000 0.000000 0.000000 0.000000 0.356509 0.000000 0.000000 0.000000 0.000000 0.000000 0.000000 0.000000 0.340175 0.000000 0.000000 0.301785
 0.223208 0.000000 0.000000 0.000000 0.000000 0.245098 0.000000 0.000000 0.000000 0.000000 0.000000 0.000011 0.000000 0.000000 0.235223 0.000000 0.068139 0.000000 0.228321 0.000000
the mean of prob-rank is 1.5789473684210527
the number of false negetive edges is 0
the number of probability greater than 0 is 4.3/edge
