20
 0.000000 0.000000 0.000000 0.000000 0.000000 0.000000 0.000000 0.000000 0.000082 0.000000 0.000000 0.000000 0.000001 0.499846 0.000000 0.000000 0.000000 0.000000 0.000000 0.500072
 0.000000 0.000000 0.000823 0.000000 0.463946 0.000000 0.000000 0.000000 0.000000 0.000000 0.000000 0.069377 0.000000 0.000000 0.000000 0.000000 0.000000 0.000000 0.465854 0.000000
 0.000000 0.000872 0.000000 0.000000 0.493601 0.000000 0.000000 0.000000 0.000000 0.000000 0.000000 0.000000 0.012025 0.000000 0.000000 0.493503 0.000000 0.000000 0.000000 0.000000
 0.000000 0.000000 0.000000 0.000000 0.000000 0.208256 0.000000 0.000000 0.328360 0.000000 0.000000 0.000000 0.000000 0.000000 0.327298 0.000000 0.000000 0.136086 0.000000 0.000000
 0.000000 0.427668 0.429428 0.000000 0.000000 0.000000 0.000000 0.000000 0.000000 0.000000 0.000000 0.000000 0.000000 0.000000 0.000000 0.000000 0.000000 0.000000 0.142904 0.000000
 0.000000 0.000000 0.000000 0.176129 0.000000 0.000000 0.000000 0.000000 0.269633 0.226694 0.000000 0.000000 0.000000 0.275805 0.000000 0.000000 0.000000 0.051740 0.000000 0.000000
 0.000000 0.000000 0.000000 0.000001 0.000000 0.000000 0.000000 0.000000 0.000000 0.000000 0.000000 0.000000 0.000000 0.000000 0.000000 0.000000 0.499998 0.500001 0.000000 0.000000
 0.000000 0.000000 0.000000 0.000000 0.000000 0.000000 0.000000 0.000000 0.000000 0.000000 0.500000 0.000000 0.000000 0.000000 0.000000 0.000000 0.500000 0.000000 0.000000 0.000000
 0.000062 0.000000 0.000000 0.379848 0.000000 0.368808 0.000000 0.000000 0.000000 0.000000 0.000000 0.000000 0.000000 0.170039 0.080875 0.000000 0.000000 0.000000 0.000000 0.000368
 0.000000 0.000000 0.000000 0.000000 0.000000 0.291131 0.000000 0.000000 0.000000 0.000000 0.000000 0.357180 0.000000 0.000000 0.000000 0.000000 0.000000 0.000000 0.351690 0.000000
 0.000000 0.000000 0.000000 0.000000 0.000000 0.000000 0.000000 0.500000 0.000000 0.000000 0.000000 0.000000 0.000000 0.000000 0.500000 0.000000 0.000000 0.000000 0.000000 0.000000
 0.000000 0.069726 0.000000 0.000000 0.000000 0.000000 0.000000 0.000000 0.000000 0.468192 0.000000 0.000000 0.000000 0.000000 0.000000 0.000000 0.000000 0.462078 0.000003 0.000000
 0.000001 0.000000 0.012038 0.000000 0.000000 0.000000 0.000000 0.000000 0.000000 0.000000 0.000000 0.000000 0.000000 0.000000 0.000000 0.494130 0.000000 0.000000 0.000000 0.493831
 0.409959 0.000000 0.000000 0.000000 0.000000 0.406719 0.000000 0.000000 0.183322 0.000000 0.000000 0.000000 0.000000 0.000000 0.000000 0.000000 0.000000 0.000000 0.000000 0.000000
 0.000000 0.000000 0.000000 0.449572 0.000000 0.000000 0.000000 0.000000 0.096030 0.000000 0.451717 0.000000 0.000000 0.000000 0.000000 0.000000 0.000000 0.000000 0.000000 0.002681
 0.000000 0.000000 0.499949 0.000000 0.000000 0.000000 0.000000 0.000000 0.000000 0.000000 0.000000 0.000000 0.500048 0.000000 0.000000 0.000000 0.000000 0.000000 0.000000 0.000003
 0.000000 0.000000 0.000000 0.000000 0.000000 0.000000 0.498861 0.498865 0.000000 0.000000 0.000000 0.000000 0.000000 0.000000 0.000000 0.000000 0.000000 0.002273 0.000000 0.000000
 0.000000 0.000000 0.000000 0.159691 0.000000 0.071789 0.385902 0.000000 0.000000 0.000000 0.000000 0.380859 0.000000 0.000000 0.000000 0.000000 0.001759 0.000000 0.000000 0.000000
 0.000000 0.431518 0.000000 0.000000 0.143599 0.000000 0.000000 0.000000 0.000000 0.424881 0.000000 0.000003 0.000000 0.000000 0.000000 0.000000 0.000000 0.000000 0.000000 0.000000
 0.498429 0.000000 0.000000 0.000000 0.000000 0.000000 0.000000 0.000000 0.000482 0.000000 0.000000 0.000000 0.498127 0.000000 0.002958 0.000003 0.000000 0.000000 0.000000 0.000000
the mean of prob-rank is 1.4736842105263157
the number of false negetive edges is 0
the number of probability greater than 0 is 3.6/edge
