20
 0.000000 0.000000 0.000000 0.492632 0.000000 0.014069 0.000000 0.000000 0.000000 0.000000 0.000000 0.000000 0.000000 0.000000 0.000220 0.000000 0.000000 0.493079 0.000000 0.000000
 0.000000 0.000000 0.434096 0.000000 0.000000 0.000000 0.000000 0.000000 0.000000 0.102598 0.001273 0.000000 0.462032 0.000000 0.000000 0.000000 0.000000 0.000000 0.000000 0.000000
 0.000000 0.312994 0.000000 0.000000 0.000000 0.000000 0.000000 0.000000 0.292516 0.000001 0.333211 0.000000 0.000000 0.000000 0.000000 0.000000 0.061277 0.000000 0.000000 0.000000
 0.487006 0.000000 0.000000 0.000000 0.000000 0.001961 0.487445 0.000000 0.000000 0.000000 0.000000 0.000000 0.000000 0.000000 0.000000 0.000000 0.000000 0.023588 0.000000 0.000000
 0.000000 0.000000 0.000000 0.000000 0.000000 0.000000 0.000000 0.000000 0.287646 0.000000 0.000000 0.000000 0.000000 0.348561 0.363793 0.000000 0.000000 0.000000 0.000000 0.000000
 0.014029 0.000000 0.000000 0.001978 0.000000 0.000000 0.491485 0.000000 0.000000 0.000000 0.000000 0.000000 0.000000 0.000000 0.491481 0.000000 0.000000 0.001028 0.000000 0.000000
 0.000000 0.000000 0.000000 0.497037 0.000000 0.496865 0.000000 0.006098 0.000000 0.000000 0.000000 0.000000 0.000000 0.000000 0.000000 0.000000 0.000000 0.000000 0.000000 0.000000
 0.000000 0.000000 0.000000 0.000000 0.000000 0.000000 0.006106 0.000000 0.000000 0.000000 0.000000 0.000000 0.497702 0.000000 0.000000 0.000000 0.000000 0.496192 0.000000 0.000000
 0.000000 0.000000 0.223989 0.000000 0.201749 0.000000 0.000000 0.000000 0.000000 0.000000 0.000000 0.000000 0.000000 0.225473 0.000000 0.000000 0.253478 0.000000 0.057368 0.037944
 0.000000 0.081104 0.000002 0.000000 0.000000 0.000000 0.000000 0.000000 0.000000 0.000000 0.365333 0.245041 0.000000 0.000000 0.000000 0.308520 0.000000 0.000000 0.000000 0.000000
 0.000000 0.001375 0.499036 0.000000 0.000000 0.000000 0.000000 0.000000 0.000000 0.499054 0.000000 0.000000 0.000000 0.000000 0.000000 0.000535 0.000000 0.000000 0.000000 0.000000
 0.000000 0.000000 0.000000 0.000000 0.000000 0.000000 0.000000 0.000000 0.000000 0.202828 0.000000 0.000000 0.000000 0.000000 0.000000 0.302396 0.263158 0.000000 0.000000 0.231618
 0.000000 0.499935 0.000000 0.000000 0.000000 0.000000 0.000000 0.500065 0.000000 0.000000 0.000000 0.000000 0.000000 0.000000 0.000000 0.000000 0.000000 0.000000 0.000000 0.000000
 0.000000 0.000000 0.000000 0.000000 0.325971 0.000000 0.000000 0.000000 0.300637 0.000000 0.000000 0.000000 0.000000 0.000000 0.000000 0.000000 0.000879 0.000000 0.330382 0.042131
 0.000223 0.000000 0.000000 0.000000 0.499977 0.499801 0.000000 0.000000 0.000000 0.000000 0.000000 0.000000 0.000000 0.000000 0.000000 0.000000 0.000000 0.000000 0.000000 0.000000
 0.000000 0.000000 0.000000 0.000000 0.000000 0.000000 0.000000 0.000000 0.000000 0.304654 0.000387 0.360753 0.000000 0.000000 0.000000 0.000000 0.023517 0.000000 0.000000 0.310689
 0.000000 0.000000 0.047756 0.000000 0.000000 0.000000 0.000000 0.000000 0.257983 0.000000 0.000000 0.225996 0.000000 0.000671 0.000000 0.016929 0.000000 0.000000 0.232254 0.218411
 0.488413 0.000000 0.000000 0.023635 0.000000 0.001021 0.000000 0.486930 0.000000 0.000000 0.000000 0.000000 0.000000 0.000000 0.000000 0.000000 0.000000 0.000000 0.000000 0.000000
 0.000000 0.000000 0.000000 0.000000 0.000000 0.000000 0.000000 0.000000 0.072761 0.000000 0.000000 0.000000 0.000000 0.314266 0.000000 0.000000 0.289428 0.000000 0.000000 0.323546
 0.000000 0.000000 0.000000 0.000000 0.000000 0.000000 0.000000 0.000000 0.039756 0.000000 0.000000 0.204770 0.000000 0.033106 0.000000 0.230242 0.224845 0.000000 0.267281 0.000000
the mean of prob-rank is 1.7894736842105263
the number of false negetive edges is 0
the number of probability greater than 0 is 4.3/edge
