20
 0.000000 0.000000 0.000000 0.000000 0.000000 0.000000 0.000000 0.000000 0.000000 0.000000 0.000000 0.364912 0.000000 0.000000 0.000000 0.281971 0.353117 0.000000 0.000000 0.000000
 0.000000 0.000000 0.000000 0.000000 0.000000 0.000000 0.000000 0.072308 0.000000 0.300475 0.000000 0.000000 0.000000 0.307260 0.319956 0.000000 0.000000 0.000000 0.000000 0.000000
 0.000000 0.000000 0.000000 0.000000 0.499499 0.000000 0.000000 0.000000 0.000000 0.000000 0.000000 0.000000 0.000000 0.000000 0.000000 0.000344 0.003284 0.000000 0.496873 0.000000
 0.000000 0.000000 0.000000 0.000000 0.000000 0.488509 0.000000 0.000000 0.024230 0.000000 0.000000 0.000000 0.000001 0.001188 0.486073 0.000000 0.000000 0.000000 0.000000 0.000000
 0.000000 0.000000 0.500011 0.000000 0.000000 0.000000 0.000000 0.000000 0.000000 0.000000 0.000000 0.000000 0.000000 0.000000 0.000000 0.000000 0.499989 0.000000 0.000000 0.000000
 0.000000 0.000000 0.000000 0.500002 0.000000 0.000000 0.000000 0.000000 0.000000 0.000000 0.499998 0.000000 0.000000 0.000000 0.000000 0.000000 0.000000 0.000000 0.000000 0.000000
 0.000000 0.000000 0.000000 0.000000 0.000000 0.000000 0.000000 0.000000 0.000000 0.000000 0.500001 0.000000 0.000000 0.000000 0.000000 0.000000 0.000000 0.499999 0.000000 0.000000
 0.000000 0.074902 0.000000 0.000000 0.000000 0.000000 0.000000 0.000000 0.000000 0.298146 0.000000 0.000000 0.000000 0.295502 0.000000 0.000000 0.000000 0.000000 0.000000 0.331450
 0.000000 0.000000 0.000000 0.017290 0.000000 0.000000 0.000000 0.000000 0.000000 0.000000 0.000000 0.000000 0.348588 0.000007 0.000000 0.287857 0.000000 0.000000 0.346170 0.000088
 0.000000 0.331706 0.000000 0.000000 0.000000 0.000000 0.000000 0.317741 0.000000 0.000000 0.000000 0.000000 0.000000 0.348421 0.002131 0.000000 0.000000 0.000000 0.000000 0.000001
 0.000000 0.000000 0.000000 0.000000 0.000000 0.499998 0.500002 0.000000 0.000000 0.000000 0.000000 0.000000 0.000000 0.000000 0.000000 0.000000 0.000000 0.000000 0.000000 0.000000
 0.500000 0.000000 0.000000 0.000000 0.000000 0.000000 0.000000 0.000000 0.000000 0.000000 0.000000 0.000000 0.000000 0.000000 0.000000 0.000000 0.000000 0.500000 0.000000 0.000000
 0.000000 0.000000 0.000000 0.000001 0.000000 0.000000 0.000000 0.000000 0.437365 0.000000 0.000000 0.000000 0.000000 0.125444 0.000000 0.000000 0.000000 0.000000 0.000000 0.437191
 0.000000 0.244991 0.000000 0.000620 0.000000 0.000000 0.000000 0.227459 0.000005 0.251653 0.000000 0.000000 0.073176 0.000000 0.198449 0.000000 0.000000 0.000000 0.000000 0.003646
 0.000000 0.359843 0.000000 0.358070 0.000000 0.000000 0.000000 0.000000 0.000000 0.002171 0.000000 0.000000 0.000000 0.279916 0.000000 0.000000 0.000000 0.000000 0.000000 0.000000
 0.235930 0.000000 0.000210 0.000000 0.000000 0.000000 0.000000 0.000000 0.252135 0.000000 0.000000 0.000000 0.000000 0.000000 0.000000 0.000000 0.212420 0.000000 0.299305 0.000000
 0.362437 0.000000 0.002462 0.000000 0.374528 0.000000 0.000000 0.000000 0.000000 0.000000 0.000000 0.000000 0.000000 0.000000 0.000000 0.260573 0.000000 0.000000 0.000000 0.000000
 0.000000 0.000000 0.000000 0.000000 0.000000 0.000000 0.499999 0.000000 0.000000 0.000000 0.000000 0.500001 0.000000 0.000000 0.000000 0.000000 0.000000 0.000000 0.000000 0.000000
 0.000000 0.000000 0.334985 0.000000 0.000000 0.000000 0.000000 0.000000 0.334420 0.000000 0.000000 0.000000 0.000000 0.000000 0.000000 0.330110 0.000000 0.000000 0.000000 0.000485
 0.000000 0.000000 0.000000 0.000000 0.000000 0.000000 0.000000 0.496132 0.000126 0.000001 0.000000 0.000000 0.495935 0.007091 0.000000 0.000000 0.000000 0.000000 0.000715 0.000000
the mean of prob-rank is 1.631578947368421
the number of false negetive edges is 0
the number of probability greater than 0 is 3.75/edge
