20
 0.000000 0.000000 0.000000 0.000000 0.000000 0.000000 0.000000 0.000000 0.437705 0.000000 0.000000 0.000000 0.000000 0.000000 0.000000 0.000000 0.119884 0.000001 0.000000 0.442410
 0.000000 0.000000 0.000000 0.000019 0.000000 0.000000 0.000000 0.000000 0.008493 0.000000 0.000000 0.033895 0.000000 0.000000 0.479094 0.000000 0.000000 0.000000 0.000000 0.478499
 0.000000 0.000000 0.000000 0.000000 0.500002 0.000000 0.000000 0.000000 0.000000 0.000000 0.000000 0.000000 0.000000 0.000000 0.000000 0.000000 0.000000 0.499998 0.000000 0.000000
 0.000000 0.000017 0.000000 0.000000 0.000000 0.000000 0.149913 0.000000 0.425146 0.000000 0.000000 0.000000 0.000000 0.422352 0.002571 0.000000 0.000001 0.000000 0.000000 0.000000
 0.000000 0.000000 0.500002 0.000000 0.000000 0.000000 0.000000 0.000000 0.000000 0.000000 0.000000 0.000000 0.499998 0.000000 0.000000 0.000000 0.000000 0.000000 0.000000 0.000000
 0.000000 0.000000 0.000000 0.000000 0.000000 0.000000 0.000000 0.000000 0.000000 0.000000 0.000000 0.500000 0.000000 0.000000 0.000000 0.000000 0.000000 0.000000 0.500000 0.000000
 0.000000 0.000000 0.000000 0.149771 0.000000 0.000000 0.000000 0.008665 0.000000 0.000000 0.000000 0.000000 0.000000 0.424746 0.000000 0.000000 0.416818 0.000000 0.000000 0.000000
 0.000000 0.000000 0.000000 0.000000 0.000000 0.000000 0.007774 0.000000 0.000000 0.000000 0.381067 0.000000 0.000000 0.241297 0.000000 0.000000 0.369861 0.000000 0.000000 0.000000
 0.418800 0.007504 0.000000 0.423312 0.000000 0.000000 0.000000 0.000000 0.000000 0.000000 0.000000 0.000000 0.000000 0.000000 0.000001 0.000000 0.000000 0.000000 0.000000 0.150383
 0.000000 0.000000 0.000000 0.000000 0.000000 0.000000 0.000000 0.000000 0.000000 0.000000 0.000000 0.000000 0.000000 0.000000 0.000000 0.419872 0.168556 0.411572 0.000000 0.000000
 0.000000 0.000000 0.000000 0.000000 0.000000 0.000000 0.000000 0.499999 0.000000 0.000000 0.000000 0.000000 0.000000 0.000000 0.000000 0.500000 0.000000 0.000000 0.000000 0.000000
 0.000000 0.034166 0.000000 0.000000 0.000000 0.482919 0.000000 0.000000 0.000000 0.000000 0.000000 0.000000 0.000000 0.000000 0.482915 0.000000 0.000000 0.000000 0.000000 0.000000
 0.000000 0.000000 0.000000 0.000000 0.499998 0.000000 0.000000 0.000000 0.000000 0.000000 0.000000 0.000000 0.000000 0.000000 0.000000 0.000000 0.000000 0.000000 0.500002 0.000000
 0.000000 0.000000 0.000000 0.373285 0.000000 0.000000 0.375754 0.237932 0.000000 0.000000 0.000000 0.000000 0.000000 0.000000 0.000000 0.000000 0.013029 0.000000 0.000000 0.000000
 0.000000 0.498495 0.000000 0.003014 0.000000 0.000000 0.000000 0.000000 0.000001 0.000000 0.000000 0.498490 0.000000 0.000000 0.000000 0.000000 0.000000 0.000000 0.000000 0.000000
 0.000000 0.000000 0.000000 0.000000 0.000000 0.000000 0.000000 0.000000 0.000000 0.500000 0.500000 0.000000 0.000000 0.000000 0.000000 0.000000 0.000000 0.000000 0.000000 0.000000
 0.085691 0.000000 0.000000 0.000001 0.000000 0.000000 0.310332 0.306934 0.000000 0.126951 0.000000 0.000000 0.000000 0.010965 0.000000 0.000000 0.000000 0.159126 0.000000 0.000000
 0.000001 0.000000 0.402668 0.000000 0.000000 0.000000 0.000000 0.000000 0.000000 0.394711 0.000000 0.000000 0.000000 0.000000 0.000000 0.000000 0.202620 0.000000 0.000000 0.000000
 0.000000 0.000000 0.000000 0.000000 0.000000 0.500000 0.000000 0.000000 0.000000 0.000000 0.000000 0.000000 0.500000 0.000000 0.000000 0.000000 0.000000 0.000000 0.000000 0.000000
 0.424801 0.424284 0.000000 0.000000 0.000000 0.000000 0.000000 0.000000 0.150916 0.000000 0.000000 0.000000 0.000000 0.000000 0.000000 0.000000 0.000000 0.000000 0.000000 0.000000
the mean of prob-rank is 1.5263157894736843
the number of false negetive edges is 0
the number of probability greater than 0 is 3.4/edge
