20
 0.000000 0.000000 0.000000 0.000000 0.000000 0.000000 0.499999 0.000000 0.000000 0.000000 0.000000 0.000000 0.500001 0.000000 0.000000 0.000000 0.000000 0.000000 0.000000 0.000000
 0.000000 0.000000 0.367766 0.011320 0.000000 0.000000 0.000000 0.000000 0.000000 0.000000 0.000000 0.000000 0.000000 0.000000 0.248552 0.000000 0.000000 0.000000 0.372362 0.000000
 0.000000 0.389014 0.000000 0.393863 0.000000 0.000000 0.000000 0.000000 0.000000 0.000000 0.000000 0.000000 0.000000 0.000000 0.217123 0.000000 0.000000 0.000000 0.000000 0.000000
 0.000000 0.014973 0.492506 0.000000 0.000000 0.000000 0.000000 0.000000 0.000000 0.000000 0.492521 0.000000 0.000000 0.000000 0.000000 0.000000 0.000000 0.000000 0.000000 0.000000
 0.000000 0.000000 0.000000 0.000000 0.000000 0.000000 0.000000 0.000000 0.000000 0.000000 0.000000 0.000000 0.000000 0.152730 0.411387 0.020283 0.000000 0.000000 0.415600 0.000000
 0.000000 0.000000 0.000000 0.000000 0.000000 0.000000 0.000000 0.000000 0.229079 0.000000 0.000000 0.305090 0.000000 0.000000 0.000000 0.000000 0.162443 0.000000 0.000000 0.303388
 0.499999 0.000000 0.000000 0.000000 0.000000 0.000000 0.000000 0.500001 0.000000 0.000000 0.000000 0.000000 0.000000 0.000000 0.000000 0.000000 0.000000 0.000000 0.000000 0.000000
 0.000000 0.000000 0.000000 0.000000 0.000000 0.000000 0.500000 0.000000 0.000000 0.000000 0.000000 0.000000 0.000000 0.500000 0.000000 0.000000 0.000000 0.000000 0.000000 0.000000
 0.000000 0.000000 0.000000 0.000000 0.000000 0.255445 0.000000 0.000000 0.000000 0.000000 0.330264 0.343857 0.000000 0.000000 0.000000 0.000000 0.070435 0.000000 0.000000 0.000000
 0.000000 0.000000 0.000000 0.000000 0.000000 0.000000 0.000000 0.000000 0.000000 0.000000 0.000000 0.000000 0.496765 0.000000 0.000000 0.006467 0.000000 0.000001 0.000000 0.496767
 0.000000 0.000000 0.000000 0.367422 0.000000 0.000000 0.000000 0.000000 0.352895 0.000000 0.000000 0.000000 0.000000 0.000000 0.000000 0.000000 0.279683 0.000000 0.000000 0.000000
 0.000000 0.000000 0.000000 0.000000 0.000000 0.375801 0.000000 0.000000 0.379835 0.000000 0.000000 0.000000 0.000000 0.000000 0.000000 0.000000 0.000000 0.000000 0.000000 0.244364
 0.497294 0.000000 0.000000 0.000000 0.000000 0.000000 0.000000 0.000000 0.000000 0.497293 0.000000 0.000000 0.000000 0.000000 0.000000 0.000000 0.000000 0.000000 0.000000 0.005412
 0.000000 0.000000 0.000000 0.000000 0.155338 0.000000 0.000000 0.422697 0.000000 0.000000 0.000000 0.000000 0.000000 0.000000 0.000000 0.000000 0.000000 0.421965 0.000000 0.000000
 0.000000 0.191262 0.157952 0.000000 0.283630 0.000000 0.000000 0.000000 0.000000 0.000000 0.000000 0.000000 0.000000 0.000000 0.000000 0.098741 0.268416 0.000000 0.000000 0.000000
 0.000000 0.000000 0.000000 0.000000 0.020313 0.000000 0.000000 0.000000 0.000000 0.005418 0.000000 0.000000 0.000000 0.000000 0.143431 0.000000 0.414619 0.416218 0.000000 0.000000
 0.000000 0.000000 0.000000 0.000000 0.000000 0.153772 0.000000 0.000000 0.059793 0.000000 0.222200 0.000000 0.000000 0.000000 0.273449 0.290786 0.000000 0.000000 0.000000 0.000000
 0.000000 0.000000 0.000000 0.000000 0.000000 0.000000 0.000000 0.000000 0.000000 0.000001 0.000000 0.000000 0.000000 0.499566 0.000000 0.500433 0.000000 0.000000 0.000000 0.000000
 0.000000 0.500000 0.000000 0.000000 0.500000 0.000000 0.000000 0.000000 0.000000 0.000000 0.000000 0.000000 0.000000 0.000000 0.000000 0.000000 0.000000 0.000000 0.000000 0.000000
 0.000000 0.000000 0.000000 0.000000 0.000000 0.372943 0.000000 0.000000 0.000000 0.379064 0.000000 0.243867 0.004126 0.000000 0.000000 0.000000 0.000000 0.000000 0.000000 0.000000
the mean of prob-rank is 1.5263157894736843
the number of false negetive edges is 0
the number of probability greater than 0 is 3.3/edge
