20
 0.000000 0.000000 0.417006 0.000000 0.036585 0.000000 0.061520 0.413139 0.000000 0.016286 0.000000 0.000000 0.000000 0.055464 0.000000 0.000000 0.000000 0.000000 0.000000 0.000000
 0.000000 0.000000 0.000000 0.500000 0.000000 0.000000 0.000000 0.000000 0.000000 0.000000 0.000000 0.500000 0.000000 0.000000 0.000000 0.000000 0.000000 0.000000 0.000000 0.000000
 0.484155 0.000000 0.000000 0.000000 0.000672 0.000000 0.031036 0.000000 0.000000 0.484137 0.000000 0.000000 0.000000 0.000000 0.000000 0.000000 0.000000 0.000000 0.000000 0.000000
 0.000000 0.500004 0.000000 0.000000 0.000000 0.000000 0.000000 0.000000 0.000000 0.000000 0.000000 0.000000 0.000000 0.000000 0.000000 0.000000 0.000000 0.000000 0.000000 0.499996
 0.034053 0.000000 0.000538 0.000000 0.000000 0.000000 0.000000 0.195078 0.000000 0.000000 0.000000 0.000000 0.388091 0.382239 0.000000 0.000000 0.000000 0.000000 0.000000 0.000000
 0.000000 0.000000 0.000000 0.000000 0.000000 0.000000 0.000000 0.000000 0.000000 0.000000 0.000000 0.500000 0.000000 0.000000 0.500000 0.000000 0.000000 0.000000 0.000000 0.000000
 0.064993 0.000000 0.028241 0.000000 0.000000 0.000000 0.000000 0.000000 0.440525 0.440538 0.000000 0.000000 0.000000 0.000000 0.000000 0.000000 0.000000 0.000000 0.000000 0.025704
 0.396739 0.000000 0.000000 0.000000 0.201265 0.000000 0.000000 0.000000 0.000000 0.000000 0.000000 0.000000 0.001410 0.400450 0.000000 0.000000 0.000000 0.000135 0.000000 0.000000
 0.000000 0.000000 0.000000 0.000000 0.000000 0.000000 0.499989 0.000000 0.000000 0.000000 0.000000 0.000000 0.000000 0.000000 0.000000 0.000000 0.000000 0.000000 0.000000 0.500011
 0.019154 0.000000 0.490417 0.000000 0.000000 0.000000 0.490429 0.000000 0.000000 0.000000 0.000000 0.000000 0.000000 0.000000 0.000000 0.000000 0.000000 0.000000 0.000000 0.000000
 0.000000 0.000000 0.000000 0.000000 0.000000 0.000000 0.000000 0.000000 0.000000 0.000000 0.000000 0.000000 0.499990 0.000000 0.000000 0.000000 0.000000 0.500010 0.000000 0.000000
 0.000000 0.500000 0.000000 0.000000 0.000000 0.500000 0.000000 0.000000 0.000000 0.000000 0.000000 0.000000 0.000000 0.000000 0.000000 0.000000 0.000000 0.000000 0.000000 0.000000
 0.000000 0.000000 0.000000 0.000000 0.481946 0.000000 0.000000 0.001698 0.000000 0.000000 0.481993 0.000000 0.000000 0.034363 0.000000 0.000000 0.000000 0.000000 0.000000 0.000000
 0.060757 0.000000 0.000000 0.000000 0.449858 0.000000 0.000000 0.456803 0.000000 0.000000 0.000000 0.000000 0.032566 0.000000 0.000000 0.000000 0.000000 0.000016 0.000000 0.000000
 0.000000 0.000000 0.000000 0.000000 0.000000 0.500022 0.000000 0.000000 0.000000 0.000000 0.000000 0.000000 0.000000 0.000000 0.000000 0.499978 0.000000 0.000000 0.000000 0.000000
 0.000000 0.000000 0.000000 0.000000 0.000000 0.000000 0.000000 0.000000 0.000000 0.000000 0.000000 0.000000 0.000000 0.000000 0.499922 0.000000 0.000176 0.000000 0.499903 0.000000
 0.000000 0.000000 0.000000 0.000000 0.000000 0.000000 0.000000 0.000000 0.000000 0.000000 0.000000 0.000000 0.000000 0.000000 0.000000 0.000176 0.000000 0.499905 0.499920 0.000000
 0.000000 0.000000 0.000000 0.000000 0.000000 0.000000 0.000000 0.000169 0.000000 0.000000 0.499912 0.000000 0.000000 0.000018 0.000000 0.000000 0.499897 0.000000 0.000005 0.000000
 0.000000 0.000000 0.000000 0.000000 0.000000 0.000000 0.000000 0.000000 0.000000 0.000000 0.000000 0.000000 0.000000 0.000000 0.000000 0.499966 0.500029 0.000005 0.000000 0.000000
 0.000000 0.000000 0.000000 0.485823 0.000000 0.000000 0.028346 0.000000 0.485831 0.000000 0.000000 0.000000 0.000000 0.000000 0.000000 0.000000 0.000000 0.000000 0.000000 0.000000
the mean of prob-rank is 1.4736842105263157
the number of false negetive edges is 0
the number of probability greater than 0 is 3.4/edge
