20
 0.000000 0.366781 0.000000 0.000000 0.325070 0.000000 0.000000 0.000000 0.000000 0.000000 0.000000 0.000000 0.000000 0.000000 0.000000 0.000000 0.000000 0.000000 0.000000 0.308149
 0.500000 0.000000 0.000000 0.000000 0.000000 0.000000 0.500000 0.000000 0.000000 0.000000 0.000000 0.000000 0.000000 0.000000 0.000000 0.000000 0.000000 0.000000 0.000000 0.000000
 0.000000 0.000000 0.000000 0.317425 0.000000 0.000000 0.000000 0.000000 0.000000 0.000000 0.000000 0.000000 0.000000 0.000000 0.319537 0.000000 0.000000 0.346635 0.000000 0.016403
 0.000000 0.000000 0.321486 0.000000 0.000000 0.000000 0.000000 0.000000 0.351076 0.000000 0.000000 0.000000 0.000000 0.317574 0.009863 0.000000 0.000000 0.000000 0.000000 0.000000
 0.314221 0.000000 0.000000 0.000000 0.000000 0.000000 0.000000 0.000000 0.000000 0.000000 0.000000 0.000000 0.354539 0.000000 0.000000 0.000000 0.000000 0.000000 0.000000 0.331240
 0.000000 0.000000 0.000000 0.000000 0.000000 0.000000 0.000000 0.498912 0.000000 0.000000 0.000000 0.000000 0.498912 0.000000 0.000000 0.000000 0.002176 0.000000 0.000000 0.000000
 0.000000 0.500000 0.000000 0.000000 0.000000 0.000000 0.000000 0.000000 0.000000 0.000000 0.000000 0.000000 0.000000 0.000000 0.000000 0.000000 0.000000 0.500000 0.000000 0.000000
 0.000000 0.000000 0.000000 0.000000 0.000000 0.499665 0.000000 0.000000 0.000000 0.000000 0.000000 0.000000 0.000231 0.000000 0.000000 0.000000 0.494907 0.000000 0.000000 0.005197
 0.000000 0.000000 0.000000 0.500000 0.000000 0.000000 0.000000 0.000000 0.000000 0.000000 0.000000 0.000000 0.000000 0.000000 0.000000 0.000000 0.000000 0.000000 0.500000 0.000000
 0.000000 0.000000 0.000000 0.000000 0.000000 0.000000 0.000000 0.000000 0.000000 0.000000 0.207443 0.385824 0.000000 0.030695 0.000000 0.000000 0.376036 0.000000 0.000000 0.000001
 0.000000 0.000000 0.000000 0.000000 0.000000 0.000000 0.000000 0.000000 0.000000 0.168059 0.000000 0.000000 0.000000 0.312279 0.265981 0.000000 0.000000 0.000000 0.000000 0.253682
 0.000000 0.000000 0.000000 0.000000 0.000000 0.000000 0.000000 0.000000 0.000000 0.499960 0.000000 0.000000 0.000000 0.000000 0.000000 0.500040 0.000000 0.000000 0.000000 0.000000
 0.000000 0.000000 0.000000 0.000000 0.499884 0.499884 0.000000 0.000231 0.000000 0.000000 0.000000 0.000000 0.000000 0.000000 0.000000 0.000000 0.000000 0.000000 0.000000 0.000000
 0.000000 0.000000 0.000000 0.304249 0.000000 0.000000 0.000000 0.000000 0.000000 0.026754 0.335976 0.000000 0.000000 0.000000 0.333020 0.000000 0.000000 0.000000 0.000000 0.000000
 0.000000 0.000000 0.273860 0.008347 0.000000 0.000000 0.000000 0.000000 0.000000 0.000000 0.252765 0.000000 0.000000 0.294152 0.000000 0.000000 0.000000 0.000000 0.000000 0.170877
 0.000000 0.000000 0.000000 0.000000 0.000000 0.000000 0.000000 0.000000 0.000000 0.000000 0.000000 0.500000 0.000000 0.000000 0.000000 0.000000 0.000000 0.000000 0.500000 0.000000
 0.000000 0.000000 0.000000 0.000000 0.000000 0.001713 0.000000 0.389044 0.000000 0.382759 0.000000 0.000000 0.000000 0.000000 0.000000 0.000000 0.000000 0.000000 0.000000 0.226484
 0.000000 0.000000 0.499995 0.000000 0.000000 0.000000 0.500005 0.000000 0.000000 0.000000 0.000000 0.000000 0.000000 0.000000 0.000000 0.000000 0.000000 0.000000 0.000000 0.000000
 0.000000 0.000000 0.000000 0.000000 0.000000 0.000000 0.000000 0.000000 0.500000 0.000000 0.000000 0.000000 0.000000 0.000000 0.000000 0.500000 0.000000 0.000000 0.000000 0.000000
 0.221359 0.000000 0.012467 0.000000 0.246163 0.000000 0.000000 0.002740 0.000000 0.000001 0.213802 0.000000 0.000000 0.000000 0.151544 0.000000 0.151924 0.000000 0.000000 0.000000
the mean of prob-rank is 1.894736842105263
the number of false negetive edges is 0
the number of probability greater than 0 is 3.35/edge
