20
 0.000000 0.000000 0.000000 0.000000 0.000000 0.000000 0.000000 0.000000 0.000000 0.000000 0.000000 0.000000 0.000000 0.000000 0.000000 0.000000 0.499999 0.000000 0.000000 0.500001
 0.000000 0.000000 0.000000 0.000000 0.000000 0.499992 0.000000 0.499975 0.000000 0.000000 0.000000 0.000000 0.000000 0.000000 0.000000 0.000033 0.000000 0.000000 0.000000 0.000000
 0.000000 0.000000 0.000000 0.000000 0.000000 0.000000 0.000000 0.000000 0.473762 0.000000 0.000000 0.017370 0.000000 0.035152 0.000000 0.000000 0.000000 0.473716 0.000000 0.000000
 0.000000 0.000000 0.000000 0.000000 0.375275 0.000000 0.000000 0.000000 0.000000 0.000000 0.000000 0.000000 0.235718 0.376721 0.000000 0.012286 0.000000 0.000000 0.000000 0.000000
 0.000000 0.000000 0.000000 0.365329 0.000000 0.000000 0.000000 0.000000 0.000000 0.366817 0.000000 0.000000 0.023243 0.239624 0.000000 0.004987 0.000000 0.000000 0.000000 0.000000
 0.000000 0.500000 0.000000 0.000000 0.000000 0.000000 0.000000 0.000000 0.000000 0.000000 0.500000 0.000000 0.000000 0.000000 0.000000 0.000000 0.000000 0.000000 0.000000 0.000000
 0.000000 0.000000 0.000000 0.000000 0.000000 0.000000 0.000000 0.000000 0.000000 0.000000 0.500000 0.000000 0.000000 0.000000 0.000000 0.000000 0.500000 0.000000 0.000000 0.000000
 0.000000 0.420335 0.000000 0.000000 0.000000 0.000000 0.000000 0.000000 0.000000 0.000000 0.000000 0.000000 0.000000 0.166567 0.000000 0.413098 0.000000 0.000000 0.000000 0.000000
 0.000000 0.000000 0.490915 0.000000 0.000000 0.000000 0.000000 0.000000 0.000000 0.000000 0.000000 0.000000 0.000000 0.000000 0.491026 0.000000 0.000000 0.018059 0.000000 0.000000
 0.000000 0.000000 0.000000 0.000000 0.384444 0.000000 0.000000 0.000000 0.000000 0.000000 0.000000 0.384266 0.231287 0.000003 0.000000 0.000000 0.000000 0.000000 0.000000 0.000000
 0.000000 0.000000 0.000000 0.000000 0.000000 0.500000 0.500000 0.000000 0.000000 0.000000 0.000000 0.000000 0.000000 0.000000 0.000000 0.000000 0.000000 0.000000 0.000000 0.000000
 0.000000 0.000000 0.016569 0.000000 0.000000 0.000000 0.000000 0.000000 0.000000 0.451576 0.000000 0.000000 0.000000 0.079831 0.000000 0.000000 0.000000 0.452025 0.000000 0.000000
 0.000000 0.000000 0.000000 0.191763 0.019423 0.000000 0.000000 0.000000 0.000000 0.184419 0.000000 0.000000 0.000000 0.297692 0.000000 0.306703 0.000000 0.000000 0.000000 0.000000
 0.000000 0.000000 0.019544 0.263271 0.172020 0.000000 0.000000 0.104402 0.000000 0.000002 0.000000 0.046530 0.255728 0.000000 0.000000 0.138503 0.000000 0.000000 0.000000 0.000000
 0.000000 0.000000 0.000000 0.000000 0.000000 0.000000 0.000000 0.000000 0.500000 0.000000 0.000000 0.000000 0.000000 0.000000 0.000000 0.000000 0.000000 0.000000 0.500000 0.000000
 0.000000 0.000026 0.000000 0.012756 0.005319 0.000000 0.000000 0.384686 0.000000 0.000000 0.000000 0.000000 0.391438 0.205775 0.000000 0.000000 0.000000 0.000000 0.000000 0.000000
 0.499999 0.000000 0.000000 0.000000 0.000000 0.000000 0.500001 0.000000 0.000000 0.000000 0.000000 0.000000 0.000000 0.000000 0.000000 0.000000 0.000000 0.000000 0.000000 0.000000
 0.000000 0.000000 0.490890 0.000000 0.000000 0.000000 0.000000 0.000000 0.018060 0.000000 0.000000 0.491050 0.000000 0.000000 0.000000 0.000000 0.000000 0.000000 0.000000 0.000000
 0.000000 0.000000 0.000000 0.000000 0.000000 0.000000 0.000000 0.000000 0.000000 0.000000 0.000000 0.000000 0.000000 0.000000 0.500005 0.000000 0.000000 0.000000 0.000000 0.499995
 0.500005 0.000000 0.000000 0.000000 0.000000 0.000000 0.000000 0.000000 0.000000 0.000000 0.000000 0.000000 0.000000 0.000000 0.000000 0.000000 0.000000 0.000000 0.499995 0.000000
the mean of prob-rank is 1.5789473684210527
the number of false negetive edges is 0
the number of probability greater than 0 is 3.4/edge
