20
 0.000000 0.000000 0.000000 0.000000 0.000000 0.000000 0.000000 0.000000 0.499991 0.000000 0.000000 0.000000 0.500009 0.000000 0.000000 0.000000 0.000000 0.000000 0.000000 0.000000
 0.000000 0.000000 0.000000 0.000000 0.006114 0.000000 0.000000 0.013094 0.000000 0.000000 0.490381 0.000000 0.000000 0.000000 0.000000 0.000000 0.000000 0.490411 0.000000 0.000000
 0.000000 0.000000 0.000000 0.499065 0.000000 0.000000 0.000000 0.000000 0.000000 0.000000 0.000000 0.499049 0.000000 0.000000 0.000000 0.001698 0.000188 0.000000 0.000000 0.000000
 0.000000 0.000000 0.491044 0.000000 0.000000 0.000000 0.000000 0.000000 0.000000 0.018023 0.000000 0.000000 0.000000 0.000000 0.000000 0.000009 0.490924 0.000000 0.000000 0.000000
 0.000000 0.006195 0.000000 0.000000 0.000000 0.000000 0.000000 0.000000 0.000000 0.000000 0.496923 0.000000 0.000000 0.000000 0.000000 0.496865 0.000000 0.000018 0.000000 0.000000
 0.000000 0.000000 0.000000 0.000000 0.000000 0.000000 0.000000 0.000000 0.000000 0.500001 0.000000 0.000000 0.000000 0.000000 0.000000 0.000000 0.000000 0.000000 0.499999 0.000000
 0.000000 0.000000 0.000000 0.000000 0.000000 0.000000 0.000000 0.000000 0.000000 0.499309 0.001241 0.000000 0.000000 0.000000 0.000000 0.000000 0.499450 0.000000 0.000000 0.000000
 0.000000 0.013177 0.000000 0.000000 0.000000 0.000000 0.000000 0.000000 0.000000 0.000000 0.000000 0.000000 0.000000 0.000000 0.000000 0.000000 0.000000 0.493306 0.000000 0.493517
 0.499978 0.000000 0.000000 0.000000 0.000000 0.000000 0.000000 0.000000 0.000000 0.000000 0.000000 0.000000 0.000029 0.000000 0.000000 0.000000 0.000000 0.000000 0.499993 0.000000
 0.000000 0.000000 0.000000 0.018023 0.000000 0.491060 0.490918 0.000000 0.000000 0.000000 0.000000 0.000000 0.000000 0.000000 0.000000 0.000000 0.000000 0.000000 0.000000 0.000000
 0.000000 0.499170 0.000000 0.000000 0.499200 0.000000 0.001240 0.000000 0.000000 0.000000 0.000000 0.000000 0.000000 0.000000 0.000000 0.000000 0.000000 0.000390 0.000000 0.000000
 0.000000 0.000000 0.499983 0.000000 0.000000 0.000000 0.000000 0.000000 0.000000 0.000000 0.000000 0.000000 0.000000 0.000000 0.000000 0.500017 0.000000 0.000000 0.000000 0.000000
 0.499987 0.000000 0.000000 0.000000 0.000000 0.000000 0.000000 0.000000 0.000029 0.000000 0.000000 0.000000 0.000000 0.499984 0.000000 0.000000 0.000000 0.000000 0.000000 0.000000
 0.000000 0.000000 0.000000 0.000000 0.000000 0.000000 0.000000 0.000000 0.000000 0.000000 0.000000 0.000000 0.499998 0.000000 0.500002 0.000000 0.000000 0.000000 0.000000 0.000000
 0.000000 0.000000 0.000000 0.000000 0.000000 0.000000 0.000000 0.000000 0.000000 0.000000 0.000000 0.000000 0.000000 0.500000 0.000000 0.000000 0.000000 0.000000 0.000000 0.500000
 0.000000 0.000000 0.001698 0.000010 0.499012 0.000000 0.000000 0.000000 0.000000 0.000000 0.000000 0.499070 0.000000 0.000000 0.000000 0.000000 0.000210 0.000000 0.000000 0.000000
 0.000000 0.000000 0.000188 0.499731 0.000000 0.000000 0.499870 0.000000 0.000000 0.000000 0.000000 0.000000 0.000000 0.000000 0.000000 0.000210 0.000000 0.000000 0.000000 0.000000
 0.000000 0.499905 0.000000 0.000000 0.000018 0.000000 0.000000 0.499687 0.000000 0.000000 0.000390 0.000000 0.000000 0.000000 0.000000 0.000000 0.000000 0.000000 0.000000 0.000000
 0.000000 0.000000 0.000000 0.000000 0.000000 0.500000 0.000000 0.000000 0.500000 0.000000 0.000000 0.000000 0.000000 0.000000 0.000000 0.000000 0.000000 0.000000 0.000000 0.000000
 0.000000 0.000000 0.000000 0.000000 0.000000 0.000000 0.000000 0.499997 0.000000 0.000000 0.000000 0.000000 0.000000 0.000000 0.500003 0.000000 0.000000 0.000000 0.000000 0.000000
the mean of prob-rank is 1.5263157894736843
the number of false negetive edges is 0
the number of probability greater than 0 is 3.1/edge
