20
 0.000000 0.499855 0.000000 0.000000 0.000000 0.000000 0.000000 0.000000 0.000000 0.000000 0.000000 0.000000 0.000000 0.000000 0.000000 0.000000 0.000000 0.000000 0.500145 0.000000
 0.499863 0.000000 0.000000 0.000000 0.000000 0.000000 0.000000 0.000000 0.500137 0.000000 0.000000 0.000000 0.000000 0.000000 0.000000 0.000000 0.000000 0.000000 0.000000 0.000000
 0.000000 0.000000 0.000000 0.000000 0.000000 0.000000 0.247802 0.000000 0.000000 0.000000 0.000000 0.000000 0.000000 0.374866 0.000000 0.000000 0.000000 0.377332 0.000000 0.000000
 0.000000 0.000000 0.000000 0.000000 0.000000 0.354114 0.000000 0.000000 0.000000 0.000000 0.000000 0.000000 0.000000 0.000000 0.000000 0.000000 0.277432 0.000000 0.000000 0.368454
 0.000000 0.000000 0.000000 0.000000 0.000000 0.257646 0.000000 0.000000 0.000000 0.000000 0.287071 0.000000 0.000000 0.000000 0.000003 0.302212 0.002804 0.000000 0.000000 0.150263
 0.000000 0.000000 0.000000 0.269688 0.238790 0.000000 0.000000 0.000000 0.000000 0.000000 0.000000 0.000000 0.000000 0.000000 0.000000 0.000000 0.275670 0.000000 0.000000 0.215852
 0.000000 0.000000 0.236501 0.000000 0.000000 0.000000 0.000000 0.000000 0.000000 0.360132 0.000002 0.000000 0.000000 0.000000 0.067784 0.000000 0.000000 0.000000 0.000000 0.335581
 0.000000 0.000000 0.000000 0.000000 0.000000 0.000000 0.000000 0.000000 0.000000 0.000000 0.000000 0.448222 0.000000 0.100128 0.000000 0.000000 0.000000 0.000000 0.451649 0.000000
 0.000000 0.499995 0.000000 0.000000 0.000000 0.000000 0.000000 0.000000 0.000000 0.000000 0.000000 0.000000 0.500005 0.000000 0.000000 0.000000 0.000000 0.000000 0.000000 0.000000
 0.000000 0.000000 0.000000 0.000000 0.000000 0.000000 0.447159 0.000000 0.000000 0.000000 0.000310 0.000000 0.000000 0.000000 0.446209 0.000000 0.000000 0.000000 0.000000 0.106322
 0.000000 0.000000 0.000000 0.000000 0.394369 0.000000 0.000002 0.000000 0.000000 0.000289 0.000000 0.000000 0.000000 0.000000 0.415935 0.189400 0.000000 0.000000 0.000000 0.000006
 0.000000 0.000000 0.000000 0.000000 0.000000 0.000000 0.000000 0.399934 0.000000 0.000000 0.000000 0.000000 0.000000 0.402992 0.000000 0.000000 0.000000 0.197075 0.000000 0.000000
 0.000000 0.000000 0.000000 0.000000 0.000000 0.000000 0.000000 0.000000 0.499996 0.000000 0.000000 0.000000 0.000000 0.000000 0.000000 0.000000 0.500004 0.000000 0.000000 0.000000
 0.000000 0.000000 0.404857 0.000000 0.000000 0.000000 0.000000 0.090348 0.000000 0.000000 0.000000 0.407532 0.000000 0.000000 0.000000 0.000000 0.000000 0.097262 0.000001 0.000000
 0.000000 0.000000 0.000000 0.000000 0.000005 0.000000 0.086062 0.000000 0.000000 0.456267 0.457239 0.000000 0.000000 0.000000 0.000000 0.000000 0.000000 0.000000 0.000000 0.000427
 0.000000 0.000000 0.000000 0.000000 0.409514 0.000000 0.000000 0.000000 0.000000 0.000000 0.186820 0.000000 0.000000 0.000000 0.000000 0.000000 0.000000 0.403666 0.000000 0.000000
 0.000000 0.000000 0.000000 0.274340 0.003374 0.357934 0.000000 0.000000 0.000000 0.000000 0.000000 0.000000 0.364352 0.000000 0.000000 0.000000 0.000000 0.000000 0.000000 0.000000
 0.000000 0.000000 0.368780 0.000000 0.000000 0.000000 0.000000 0.000000 0.000000 0.000000 0.000000 0.180349 0.000000 0.088016 0.000000 0.362855 0.000000 0.000000 0.000000 0.000000
 0.500000 0.000000 0.000000 0.000000 0.000000 0.000000 0.000000 0.499999 0.000000 0.000000 0.000000 0.000000 0.000000 0.000001 0.000000 0.000000 0.000000 0.000000 0.000000 0.000000
 0.000000 0.000000 0.000000 0.291029 0.144438 0.223867 0.271191 0.000000 0.000000 0.069199 0.000004 0.000000 0.000000 0.000000 0.000272 0.000000 0.000000 0.000000 0.000000 0.000000
the mean of prob-rank is 1.894736842105263
the number of false negetive edges is 0
the number of probability greater than 0 is 3.7/edge
