20
 0.000000 0.000000 0.500000 0.000000 0.000000 0.000000 0.000000 0.000000 0.000000 0.000000 0.000000 0.000000 0.500000 0.000000 0.000000 0.000000 0.000000 0.000000 0.000000 0.000000
 0.000000 0.000000 0.000000 0.000000 0.000000 0.000000 0.000000 0.000000 0.000000 0.302484 0.000090 0.000000 0.000000 0.347357 0.000000 0.000000 0.026622 0.323448 0.000000 0.000000
 0.500000 0.000000 0.000000 0.000000 0.000000 0.000000 0.000000 0.000000 0.000000 0.000000 0.000000 0.000000 0.000000 0.000000 0.500000 0.000000 0.000000 0.000000 0.000000 0.000000
 0.000000 0.000000 0.000000 0.000000 0.000000 0.000000 0.000000 0.000000 0.000000 0.000000 0.000000 0.000000 0.499999 0.000000 0.000000 0.000000 0.000000 0.000000 0.000000 0.500001
 0.000000 0.000000 0.000000 0.000000 0.000000 0.000013 0.020761 0.486431 0.000000 0.000000 0.006288 0.000000 0.000000 0.000028 0.000000 0.000000 0.000000 0.000000 0.486479 0.000000
 0.000000 0.000000 0.000000 0.000000 0.000013 0.000000 0.493089 0.493269 0.000000 0.000000 0.000000 0.000000 0.000000 0.000000 0.000000 0.000000 0.000000 0.000000 0.013629 0.000000
 0.000000 0.000000 0.000000 0.000000 0.019626 0.459738 0.000000 0.000000 0.000000 0.000000 0.459171 0.000000 0.000000 0.061466 0.000000 0.000000 0.000000 0.000000 0.000000 0.000000
 0.000000 0.000000 0.000000 0.000000 0.468219 0.468305 0.000000 0.000000 0.000000 0.000000 0.000000 0.000000 0.000000 0.000000 0.000000 0.000000 0.000000 0.000000 0.063476 0.000000
 0.000000 0.000000 0.000000 0.000000 0.000000 0.000000 0.000000 0.000000 0.000000 0.000000 0.000000 0.415654 0.000000 0.000000 0.000000 0.000000 0.415472 0.168874 0.000000 0.000000
 0.000000 0.306952 0.000000 0.000000 0.000000 0.000000 0.000000 0.000000 0.000000 0.000000 0.000000 0.000000 0.000000 0.000000 0.000000 0.000000 0.340415 0.352633 0.000000 0.000000
 0.000000 0.000129 0.000000 0.000000 0.006425 0.000000 0.496317 0.000000 0.000000 0.000000 0.000000 0.000000 0.000000 0.497130 0.000000 0.000000 0.000000 0.000000 0.000000 0.000000
 0.000000 0.000000 0.000000 0.000000 0.000000 0.000000 0.000000 0.000000 0.500000 0.000000 0.000000 0.000000 0.000000 0.000000 0.000000 0.500000 0.000000 0.000000 0.000000 0.000000
 0.500001 0.000000 0.000000 0.499999 0.000000 0.000000 0.000000 0.000000 0.000000 0.000000 0.000000 0.000000 0.000000 0.000000 0.000000 0.000000 0.000000 0.000000 0.000000 0.000000
 0.000000 0.468567 0.000000 0.000000 0.000027 0.000000 0.062647 0.000000 0.000000 0.000000 0.468759 0.000000 0.000000 0.000000 0.000000 0.000000 0.000000 0.000000 0.000000 0.000000
 0.000000 0.000000 0.500000 0.000000 0.000000 0.000000 0.000000 0.000000 0.000000 0.000000 0.000000 0.000000 0.000000 0.000000 0.000000 0.000000 0.000000 0.000000 0.500000 0.000000
 0.000000 0.000000 0.000000 0.000000 0.000000 0.000000 0.000000 0.000000 0.000000 0.000000 0.000000 0.500017 0.000000 0.000000 0.000000 0.000000 0.000000 0.000000 0.000000 0.499983
 0.000000 0.025666 0.000000 0.000000 0.000000 0.000000 0.000000 0.000000 0.334876 0.323415 0.000000 0.000000 0.000000 0.000000 0.000000 0.000000 0.000000 0.316043 0.000000 0.000000
 0.000000 0.283740 0.000000 0.000000 0.000000 0.000000 0.000000 0.000000 0.123852 0.304839 0.000000 0.000000 0.000000 0.000000 0.000000 0.000000 0.287569 0.000000 0.000000 0.000000
 0.000000 0.000000 0.000000 0.000000 0.462255 0.012773 0.000000 0.062661 0.000000 0.000000 0.000000 0.000000 0.000000 0.000000 0.462311 0.000000 0.000000 0.000000 0.000000 0.000000
 0.000000 0.000000 0.000000 0.500017 0.000000 0.000000 0.000000 0.000000 0.000000 0.000000 0.000000 0.000000 0.000000 0.000000 0.000000 0.499983 0.000000 0.000000 0.000000 0.000000
the mean of prob-rank is 1.736842105263158
the number of false negetive edges is 0
the number of probability greater than 0 is 3.2/edge
