20
 0.000000 0.000000 0.000734 0.000000 0.000000 0.000000 0.287657 0.034919 0.000000 0.000000 0.000000 0.275388 0.000000 0.000000 0.000000 0.000756 0.256458 0.000413 0.000000 0.143673
 0.000000 0.000000 0.000000 0.000000 0.500001 0.000000 0.000000 0.000000 0.000000 0.000000 0.000000 0.000000 0.499999 0.000000 0.000000 0.000000 0.000000 0.000000 0.000000 0.000000
 0.001200 0.000000 0.000000 0.000000 0.000000 0.470212 0.070796 0.000000 0.000000 0.000000 0.000000 0.002688 0.000000 0.000000 0.000000 0.000000 0.000000 0.021663 0.000000 0.433441
 0.000000 0.000000 0.000000 0.000000 0.468257 0.000000 0.000000 0.000000 0.468410 0.004618 0.058714 0.000000 0.000000 0.000000 0.000000 0.000000 0.000000 0.000001 0.000000 0.000000
 0.000000 0.488867 0.000000 0.488596 0.000000 0.000000 0.000000 0.000000 0.000000 0.000000 0.022534 0.000000 0.000000 0.000000 0.000000 0.000002 0.000000 0.000000 0.000000 0.000000
 0.000000 0.000000 0.499986 0.000000 0.000000 0.000000 0.000000 0.000000 0.000000 0.000000 0.000000 0.000000 0.000000 0.000000 0.499966 0.000000 0.000000 0.000000 0.000000 0.000047
 0.343429 0.000000 0.051708 0.000000 0.000000 0.000000 0.000000 0.000008 0.000000 0.000000 0.000000 0.253437 0.000000 0.000000 0.000000 0.000000 0.005870 0.002920 0.000000 0.342628
 0.046613 0.000000 0.000000 0.000000 0.000000 0.000000 0.000009 0.000000 0.000000 0.000000 0.001156 0.175438 0.000000 0.000000 0.000000 0.383993 0.382599 0.010192 0.000000 0.000000
 0.000000 0.000000 0.000000 0.498280 0.000000 0.000000 0.000000 0.000000 0.000000 0.498389 0.001137 0.000000 0.000000 0.000000 0.000000 0.000000 0.000000 0.002194 0.000000 0.000000
 0.000000 0.000000 0.000000 0.004904 0.000000 0.000000 0.000000 0.000000 0.497546 0.000000 0.000000 0.000000 0.000000 0.000000 0.000000 0.000000 0.000000 0.497550 0.000000 0.000000
 0.000000 0.000000 0.000000 0.057813 0.021265 0.000000 0.000000 0.001389 0.001053 0.000000 0.000000 0.000000 0.000000 0.000000 0.000000 0.460617 0.000000 0.457864 0.000000 0.000000
 0.213967 0.000000 0.001277 0.000000 0.000000 0.000000 0.164934 0.102113 0.000000 0.000000 0.000000 0.000000 0.000000 0.000000 0.000013 0.076014 0.222565 0.000000 0.000000 0.219117
 0.000000 0.499999 0.000000 0.000000 0.000000 0.000000 0.000000 0.000000 0.000000 0.000000 0.000000 0.000000 0.000000 0.500001 0.000000 0.000000 0.000000 0.000000 0.000000 0.000000
 0.000000 0.000000 0.000000 0.000000 0.000000 0.000000 0.000000 0.000000 0.000000 0.000000 0.000000 0.000000 0.499509 0.000000 0.000000 0.000989 0.000000 0.000000 0.499502 0.000000
 0.000000 0.000000 0.000000 0.000000 0.000000 0.499974 0.000000 0.000000 0.000000 0.000000 0.000000 0.000030 0.000000 0.000000 0.000000 0.000000 0.000000 0.000000 0.499994 0.000002
 0.001041 0.000000 0.000000 0.000000 0.000002 0.000000 0.000000 0.396172 0.000000 0.000000 0.395566 0.134740 0.000000 0.000785 0.000000 0.000000 0.069129 0.002565 0.000000 0.000000
 0.289902 0.000000 0.000000 0.000000 0.000000 0.000000 0.005558 0.323991 0.000000 0.000000 0.000000 0.323809 0.000000 0.000000 0.000000 0.056740 0.000000 0.000000 0.000000 0.000000
 0.000688 0.000000 0.022086 0.000001 0.000000 0.000000 0.004076 0.012724 0.002110 0.479403 0.475808 0.000000 0.000000 0.000000 0.000000 0.003104 0.000000 0.000000 0.000000 0.000000
 0.000000 0.000000 0.000000 0.000000 0.000000 0.000000 0.000000 0.000000 0.000000 0.000000 0.000000 0.000000 0.000000 0.499996 0.500003 0.000000 0.000000 0.000000 0.000000 0.000000
 0.146925 0.000000 0.271165 0.000000 0.000000 0.000028 0.293481 0.000000 0.000000 0.000000 0.000000 0.288400 0.000000 0.000000 0.000001 0.000000 0.000000 0.000000 0.000000 0.000000
the mean of prob-rank is 1.5263157894736843
the number of false negetive edges is 0
the number of probability greater than 0 is 5.0/edge
