20
 0.000000 0.496365 0.000000 0.000000 0.007275 0.000000 0.000000 0.000000 0.000000 0.000000 0.000000 0.000000 0.000000 0.496360 0.000000 0.000000 0.000000 0.000000 0.000000 0.000000
 0.499930 0.000000 0.000000 0.000000 0.499905 0.000000 0.000000 0.000166 0.000000 0.000000 0.000000 0.000000 0.000000 0.000000 0.000000 0.000000 0.000000 0.000000 0.000000 0.000000
 0.000000 0.000000 0.000000 0.000000 0.000000 0.496738 0.000000 0.497061 0.000000 0.000087 0.000000 0.000000 0.000000 0.000000 0.000000 0.005117 0.000000 0.000000 0.000000 0.000997
 0.000000 0.000000 0.000000 0.000000 0.000000 0.000000 0.000000 0.500000 0.000000 0.000000 0.000000 0.500000 0.000000 0.000000 0.000000 0.000000 0.000000 0.000000 0.000000 0.000000
 0.006619 0.451592 0.000000 0.000000 0.000000 0.000000 0.000000 0.000000 0.000000 0.000000 0.000000 0.000000 0.092135 0.000000 0.000000 0.000000 0.449654 0.000000 0.000000 0.000000
 0.000000 0.000000 0.416993 0.000000 0.000000 0.000000 0.059250 0.000000 0.000000 0.000000 0.000000 0.000000 0.000000 0.000000 0.000000 0.416848 0.000000 0.000000 0.106908 0.000000
 0.000000 0.000000 0.000000 0.000000 0.000000 0.066402 0.000000 0.000000 0.000000 0.000000 0.000000 0.000000 0.000000 0.000000 0.000000 0.467655 0.000000 0.000000 0.465943 0.000000
 0.000000 0.000165 0.497342 0.497365 0.000000 0.000000 0.000000 0.000000 0.000000 0.000000 0.000000 0.000000 0.000000 0.000000 0.000000 0.005128 0.000000 0.000000 0.000000 0.000000
 0.000000 0.000000 0.000000 0.000000 0.000000 0.000000 0.000000 0.000000 0.000000 0.000000 0.000000 0.000000 0.000000 0.000000 0.000000 0.000000 0.000000 0.500000 0.500000 0.000000
 0.000000 0.000000 0.000087 0.000000 0.000000 0.000000 0.000000 0.000000 0.000000 0.000000 0.000000 0.000000 0.000000 0.000000 0.499958 0.000000 0.000000 0.000000 0.000000 0.499955
 0.000000 0.000000 0.000000 0.000000 0.000000 0.000000 0.000000 0.000000 0.000000 0.000000 0.000000 0.500000 0.000000 0.500000 0.000000 0.000000 0.000000 0.000000 0.000000 0.000000
 0.000000 0.000000 0.000000 0.500000 0.000000 0.000000 0.000000 0.000000 0.000000 0.000000 0.500000 0.000000 0.000000 0.000000 0.000000 0.000000 0.000000 0.000000 0.000000 0.000000
 0.000000 0.000000 0.000000 0.000000 0.092802 0.000000 0.000000 0.000000 0.000000 0.000000 0.000000 0.000000 0.000000 0.000000 0.452310 0.000000 0.454888 0.000000 0.000000 0.000000
 0.499997 0.000000 0.000000 0.000000 0.000000 0.000000 0.000000 0.000000 0.000000 0.000000 0.500003 0.000000 0.000000 0.000000 0.000000 0.000000 0.000000 0.000000 0.000000 0.000000
 0.000000 0.000000 0.000000 0.000000 0.000000 0.000000 0.000000 0.000000 0.000000 0.401609 0.000000 0.000000 0.399333 0.000000 0.000000 0.000000 0.199057 0.000000 0.000000 0.000000
 0.000000 0.000000 0.005097 0.000000 0.000000 0.494641 0.495157 0.005105 0.000000 0.000000 0.000000 0.000000 0.000000 0.000000 0.000000 0.000000 0.000000 0.000000 0.000000 0.000000
 0.000000 0.000000 0.000000 0.000000 0.399652 0.000000 0.000000 0.000000 0.000000 0.000000 0.000000 0.000000 0.401396 0.000000 0.198952 0.000000 0.000000 0.000000 0.000000 0.000000
 0.000000 0.000000 0.000000 0.000000 0.000000 0.000000 0.000000 0.000000 0.500000 0.000000 0.000000 0.000000 0.000000 0.000000 0.000000 0.000000 0.000000 0.000000 0.000000 0.500000
 0.000000 0.000000 0.000000 0.000000 0.000000 0.113738 0.442318 0.000000 0.443944 0.000000 0.000000 0.000000 0.000000 0.000000 0.000000 0.000000 0.000000 0.000000 0.000000 0.000000
 0.000000 0.000000 0.001002 0.000000 0.000000 0.000000 0.000000 0.000000 0.000000 0.499497 0.000000 0.000000 0.000000 0.000000 0.000000 0.000000 0.000000 0.499501 0.000000 0.000000
the mean of prob-rank is 1.4736842105263157
the number of false negetive edges is 0
the number of probability greater than 0 is 3.0/edge
