20
 0.000000 0.489659 0.000000 0.020739 0.000000 0.000000 0.000000 0.000000 0.000000 0.000000 0.000000 0.000000 0.000000 0.000000 0.000000 0.000000 0.000000 0.489602 0.000000 0.000000
 0.498900 0.000000 0.001850 0.498887 0.000000 0.000000 0.000363 0.000000 0.000000 0.000000 0.000000 0.000000 0.000000 0.000000 0.000000 0.000000 0.000000 0.000000 0.000000 0.000000
 0.000000 0.001668 0.000000 0.000644 0.000000 0.449976 0.102724 0.000000 0.000000 0.000000 0.000000 0.000000 0.000000 0.444988 0.000000 0.000000 0.000000 0.000000 0.000000 0.000000
 0.017244 0.407134 0.000582 0.000000 0.000000 0.000000 0.406438 0.000000 0.000000 0.000002 0.000000 0.000000 0.066160 0.102439 0.000000 0.000000 0.000000 0.000000 0.000000 0.000000
 0.000000 0.000000 0.000000 0.000000 0.000000 0.000000 0.000000 0.000000 0.000000 0.000000 0.000000 0.367064 0.002985 0.000000 0.000009 0.000000 0.257445 0.000000 0.000000 0.372498
 0.000000 0.000000 0.499996 0.000000 0.000000 0.000000 0.000000 0.000000 0.500004 0.000000 0.000000 0.000000 0.000000 0.000000 0.000000 0.000000 0.000000 0.000000 0.000000 0.000000
 0.000000 0.000291 0.091231 0.398943 0.000000 0.000000 0.000000 0.000000 0.000000 0.000000 0.000000 0.000000 0.109898 0.399638 0.000000 0.000000 0.000000 0.000000 0.000000 0.000000
 0.000000 0.000000 0.000000 0.000000 0.000000 0.000000 0.000000 0.000000 0.000000 0.000000 0.000000 0.049262 0.000008 0.000000 0.000000 0.476681 0.000000 0.003108 0.470942 0.000000
 0.000000 0.000000 0.000000 0.000000 0.000000 0.500216 0.000000 0.000000 0.000000 0.000000 0.499782 0.000000 0.000000 0.000000 0.000000 0.000000 0.000000 0.000000 0.000000 0.000002
 0.000000 0.000000 0.000000 0.000003 0.000000 0.000000 0.000000 0.000000 0.000000 0.000000 0.000000 0.000000 0.499995 0.000000 0.000000 0.000000 0.000000 0.500002 0.000000 0.000000
 0.000000 0.000000 0.000000 0.000000 0.000000 0.000000 0.000000 0.000000 0.465122 0.000000 0.000000 0.000000 0.000000 0.000000 0.465526 0.000000 0.000000 0.000000 0.000000 0.069352
 0.000000 0.000000 0.000000 0.000000 0.402429 0.000000 0.000000 0.042222 0.000000 0.000000 0.000000 0.000000 0.000000 0.000000 0.134530 0.406209 0.000056 0.000000 0.014552 0.000000
 0.000000 0.000000 0.000000 0.045691 0.002252 0.000000 0.077323 0.000004 0.000000 0.281175 0.000000 0.000000 0.000000 0.075306 0.000000 0.000000 0.277885 0.000000 0.000000 0.240363
 0.000000 0.000000 0.392310 0.099814 0.000000 0.000000 0.396714 0.000000 0.000000 0.000000 0.000000 0.000000 0.106249 0.000000 0.000000 0.000000 0.000000 0.000000 0.000000 0.004913
 0.000000 0.000000 0.000000 0.000000 0.000011 0.000000 0.000000 0.000000 0.000000 0.000000 0.432917 0.142549 0.000000 0.000000 0.000000 0.000000 0.000000 0.000000 0.000000 0.424524
 0.000000 0.000000 0.000000 0.000000 0.000000 0.000000 0.000000 0.464626 0.000000 0.000000 0.000000 0.461947 0.000000 0.000000 0.000000 0.000000 0.000000 0.000000 0.073427 0.000000
 0.000000 0.000000 0.000000 0.000000 0.257814 0.000000 0.000000 0.000000 0.000000 0.000000 0.000000 0.000052 0.368825 0.000000 0.000000 0.000000 0.000000 0.000000 0.373196 0.000114
 0.498346 0.000000 0.000000 0.000000 0.000000 0.000000 0.000000 0.003250 0.000000 0.498404 0.000000 0.000000 0.000000 0.000000 0.000000 0.000000 0.000000 0.000000 0.000000 0.000000
 0.000000 0.000000 0.000000 0.000000 0.000000 0.000000 0.000000 0.452859 0.000000 0.000000 0.000000 0.016326 0.000000 0.000000 0.000000 0.072439 0.458376 0.000000 0.000000 0.000000
 0.000000 0.000000 0.000000 0.000000 0.333556 0.000000 0.000000 0.000000 0.000002 0.000000 0.049714 0.000000 0.285262 0.004133 0.327232 0.000000 0.000102 0.000000 0.000000 0.000000
the mean of prob-rank is 1.4210526315789473
the number of false negetive edges is 0
the number of probability greater than 0 is 4.5/edge
