20
 0.000000 0.000000 0.000000 0.000000 0.500000 0.000000 0.000000 0.000000 0.000000 0.000000 0.000000 0.000000 0.000000 0.500000 0.000000 0.000000 0.000000 0.000000 0.000000 0.000000
 0.000000 0.000000 0.000000 0.397565 0.000000 0.000000 0.000000 0.000000 0.000000 0.000000 0.000000 0.000000 0.000000 0.000000 0.000000 0.183158 0.394481 0.000000 0.024796 0.000000
 0.000000 0.000000 0.000000 0.000000 0.000000 0.000000 0.000000 0.473797 0.000000 0.000000 0.000000 0.000000 0.000000 0.000000 0.000000 0.000000 0.000000 0.054113 0.472090 0.000000
 0.000000 0.396558 0.000000 0.000000 0.000000 0.000000 0.000000 0.000000 0.000000 0.000000 0.003731 0.000000 0.000000 0.000000 0.000000 0.000000 0.000000 0.002205 0.200816 0.396690
 0.500000 0.000000 0.000000 0.000000 0.000000 0.000000 0.000000 0.500000 0.000000 0.000000 0.000000 0.000000 0.000000 0.000000 0.000000 0.000000 0.000000 0.000000 0.000000 0.000000
 0.000000 0.000000 0.000000 0.000000 0.000000 0.000000 0.244905 0.000000 0.000000 0.211877 0.219022 0.000000 0.022521 0.000000 0.254225 0.000000 0.000000 0.000000 0.000000 0.047451
 0.000000 0.000000 0.000000 0.000000 0.000000 0.284370 0.000000 0.000000 0.000000 0.135736 0.000000 0.000000 0.281004 0.295059 0.003832 0.000000 0.000000 0.000000 0.000000 0.000001
 0.000000 0.000000 0.500000 0.000000 0.500000 0.000000 0.000000 0.000000 0.000000 0.000000 0.000000 0.000000 0.000000 0.000000 0.000000 0.000000 0.000000 0.000000 0.000000 0.000000
 0.000000 0.000000 0.000000 0.000000 0.000000 0.000000 0.000000 0.000000 0.000000 0.000000 0.032051 0.391502 0.000000 0.000000 0.000000 0.389562 0.186884 0.000000 0.000000 0.000000
 0.000000 0.000000 0.000000 0.000000 0.000000 0.253787 0.140021 0.000000 0.000000 0.000000 0.000000 0.000000 0.304511 0.000000 0.301681 0.000000 0.000000 0.000000 0.000000 0.000000
 0.000000 0.000000 0.000000 0.003208 0.000000 0.294251 0.000000 0.000000 0.027962 0.000000 0.000000 0.341326 0.307693 0.000000 0.023701 0.000000 0.000000 0.000000 0.000000 0.001859
 0.000000 0.000000 0.000000 0.000000 0.000000 0.000000 0.000000 0.000000 0.500145 0.000000 0.499825 0.000000 0.000000 0.000000 0.000000 0.000031 0.000000 0.000000 0.000000 0.000000
 0.000000 0.000000 0.000000 0.000000 0.000000 0.026331 0.282948 0.000000 0.000000 0.297234 0.267774 0.000000 0.000000 0.000000 0.125714 0.000000 0.000000 0.000000 0.000000 0.000000
 0.494706 0.000000 0.000000 0.000000 0.000000 0.000000 0.494485 0.000000 0.000000 0.000000 0.000000 0.000000 0.000000 0.000000 0.000000 0.000000 0.000000 0.000000 0.000000 0.010809
 0.000000 0.000000 0.000000 0.000000 0.000000 0.400554 0.005199 0.000000 0.000000 0.396831 0.027796 0.000000 0.169412 0.000000 0.000000 0.000000 0.000000 0.000000 0.000000 0.000208
 0.000000 0.187365 0.000000 0.000000 0.000000 0.000000 0.000000 0.000000 0.405295 0.000000 0.000000 0.000025 0.000000 0.000000 0.000000 0.000000 0.407314 0.000000 0.000000 0.000000
 0.000000 0.401420 0.000000 0.000000 0.000000 0.000000 0.000000 0.000000 0.193409 0.000000 0.000000 0.000000 0.000000 0.000000 0.000000 0.405171 0.000000 0.000000 0.000000 0.000000
 0.000000 0.000000 0.054046 0.002627 0.000000 0.000000 0.000000 0.000000 0.000000 0.000000 0.000000 0.000000 0.000000 0.000000 0.000000 0.000000 0.000000 0.000000 0.473208 0.470118
 0.000000 0.023630 0.378065 0.191853 0.000000 0.000000 0.000000 0.000000 0.000000 0.000000 0.000000 0.000000 0.000000 0.000000 0.000000 0.000000 0.000000 0.379432 0.000000 0.027021
 0.000000 0.000000 0.000000 0.438472 0.000000 0.081936 0.000001 0.000000 0.000000 0.000000 0.002389 0.000000 0.000000 0.009591 0.000227 0.000000 0.000000 0.436121 0.031262 0.000000
the mean of prob-rank is 1.5263157894736843
the number of false negetive edges is 0
the number of probability greater than 0 is 4.2/edge
