20
 0.000000 0.000000 0.000000 0.000000 0.000000 0.000000 0.000000 0.000000 0.000000 0.000000 0.000000 0.000000 0.000000 0.499998 0.000000 0.000000 0.000000 0.500002 0.000000 0.000000
 0.000000 0.000000 0.000000 0.000000 0.000025 0.000000 0.000000 0.000006 0.000502 0.000000 0.000000 0.000000 0.000000 0.000000 0.000000 0.000000 0.499730 0.000000 0.499737 0.000000
 0.000000 0.000000 0.000000 0.464262 0.000000 0.466100 0.003062 0.000000 0.000000 0.000000 0.000000 0.000000 0.000000 0.000000 0.000000 0.066576 0.000000 0.000000 0.000000 0.000000
 0.000000 0.000000 0.457507 0.000000 0.000000 0.061188 0.459244 0.000000 0.000000 0.000000 0.000000 0.000362 0.000000 0.000000 0.000000 0.000000 0.000000 0.021699 0.000000 0.000000
 0.000000 0.000025 0.000000 0.000000 0.000000 0.000000 0.000000 0.000000 0.494268 0.000000 0.000054 0.485420 0.000000 0.000000 0.001990 0.000000 0.011933 0.000000 0.006309 0.000001
 0.000000 0.000000 0.469496 0.062544 0.000000 0.000000 0.000000 0.000000 0.000000 0.000000 0.000000 0.000000 0.000000 0.000000 0.000000 0.000000 0.000000 0.467960 0.000000 0.000000
 0.000000 0.000000 0.002945 0.448207 0.000000 0.000000 0.000000 0.000000 0.000000 0.000000 0.000000 0.446246 0.000000 0.000000 0.000000 0.000000 0.000000 0.102603 0.000000 0.000000
 0.000000 0.000005 0.000000 0.000000 0.000000 0.000000 0.000000 0.000000 0.002835 0.000000 0.000000 0.000000 0.000000 0.000000 0.000000 0.498587 0.000000 0.000000 0.498572 0.000000
 0.000000 0.000493 0.000000 0.000000 0.491658 0.000000 0.000000 0.002796 0.000000 0.000000 0.000000 0.014866 0.000000 0.000000 0.000000 0.490187 0.000000 0.000000 0.000000 0.000000
 0.000000 0.000000 0.000000 0.000000 0.000000 0.000000 0.000000 0.000000 0.000000 0.000000 0.500000 0.000000 0.500000 0.000000 0.000000 0.000000 0.000000 0.000000 0.000000 0.000000
 0.000000 0.000000 0.000000 0.000000 0.000054 0.000000 0.000000 0.000000 0.000000 0.499997 0.000000 0.000000 0.000000 0.000000 0.499949 0.000000 0.000000 0.000000 0.000000 0.000000
 0.000000 0.000000 0.000000 0.000361 0.449531 0.000000 0.455658 0.000000 0.013840 0.000000 0.000000 0.000000 0.000000 0.000000 0.000000 0.000000 0.000000 0.080611 0.000000 0.000000
 0.000000 0.000000 0.000000 0.000000 0.000000 0.000000 0.000000 0.000000 0.000000 0.500000 0.000000 0.000000 0.000000 0.500000 0.000000 0.000000 0.000000 0.000000 0.000000 0.000000
 0.499998 0.000000 0.000000 0.000000 0.000000 0.000000 0.000000 0.000000 0.000000 0.000000 0.000000 0.000000 0.500002 0.000000 0.000000 0.000000 0.000000 0.000000 0.000000 0.000000
 0.000000 0.000000 0.000000 0.000000 0.002009 0.000000 0.000000 0.000000 0.000000 0.000000 0.498972 0.000000 0.000000 0.000000 0.000000 0.000000 0.000000 0.000000 0.000000 0.499019
 0.000000 0.000000 0.066751 0.000000 0.000000 0.000000 0.000000 0.467328 0.465921 0.000000 0.000000 0.000000 0.000000 0.000000 0.000000 0.000000 0.000000 0.000000 0.000000 0.000000
 0.000000 0.494035 0.000000 0.000000 0.011927 0.000000 0.000000 0.000000 0.000000 0.000000 0.000000 0.000000 0.000000 0.000000 0.000000 0.000000 0.000000 0.000000 0.000000 0.494038
 0.408337 0.000000 0.000000 0.019290 0.000000 0.407001 0.093461 0.000000 0.000000 0.000000 0.000000 0.071911 0.000000 0.000000 0.000000 0.000000 0.000000 0.000000 0.000000 0.000000
 0.000000 0.496837 0.000000 0.000000 0.006342 0.000000 0.000000 0.496821 0.000000 0.000000 0.000000 0.000000 0.000000 0.000000 0.000000 0.000000 0.000000 0.000000 0.000000 0.000000
 0.000000 0.000000 0.000000 0.000000 0.000001 0.000000 0.000000 0.000000 0.000000 0.000000 0.000000 0.000000 0.000000 0.000000 0.500001 0.000000 0.499997 0.000000 0.000000 0.000000
the mean of prob-rank is 1.5263157894736843
the number of false negetive edges is 0
the number of probability greater than 0 is 3.7/edge
