20
 0.000000 0.000000 0.000000 0.000000 0.000000 0.497278 0.000000 0.000000 0.000000 0.000000 0.000000 0.000000 0.000000 0.000000 0.000000 0.497261 0.000000 0.000000 0.005461 0.000000
 0.000000 0.000000 0.000000 0.000000 0.000005 0.000000 0.499997 0.000000 0.499997 0.000000 0.000000 0.000000 0.000000 0.000000 0.000000 0.000000 0.000000 0.000000 0.000000 0.000000
 0.000000 0.000000 0.000000 0.222383 0.000000 0.000001 0.000000 0.000000 0.000000 0.385991 0.000000 0.000000 0.000000 0.000000 0.000000 0.000000 0.000000 0.000000 0.000000 0.391625
 0.000000 0.000000 0.221374 0.000000 0.000000 0.000000 0.000000 0.000000 0.000000 0.389852 0.000000 0.000000 0.000000 0.000000 0.000000 0.000000 0.000000 0.000000 0.388774 0.000000
 0.000000 0.000005 0.000000 0.000000 0.000000 0.000000 0.499997 0.000000 0.000000 0.000000 0.000000 0.000000 0.000000 0.000000 0.000000 0.499997 0.000000 0.000000 0.000000 0.000000
 0.499909 0.000000 0.000001 0.000000 0.000000 0.000000 0.000000 0.000000 0.000000 0.000000 0.000000 0.000000 0.000000 0.000000 0.000000 0.000000 0.000000 0.000000 0.499823 0.000267
 0.000000 0.499983 0.000000 0.000000 0.499983 0.000000 0.000000 0.000000 0.000033 0.000000 0.000000 0.000000 0.000000 0.000000 0.000000 0.000000 0.000000 0.000000 0.000000 0.000000
 0.000000 0.000000 0.000000 0.000000 0.000000 0.000000 0.000000 0.000000 0.500000 0.000000 0.000000 0.000000 0.000000 0.000000 0.000000 0.000000 0.500000 0.000000 0.000000 0.000000
 0.000000 0.499984 0.000000 0.000000 0.000000 0.000000 0.000033 0.499983 0.000000 0.000000 0.000000 0.000000 0.000000 0.000000 0.000000 0.000000 0.000000 0.000000 0.000000 0.000000
 0.000000 0.000000 0.339085 0.344039 0.000000 0.000000 0.000000 0.000000 0.000000 0.000000 0.011860 0.000000 0.000000 0.000000 0.000000 0.000000 0.000000 0.000000 0.305017 0.000000
 0.000000 0.000000 0.000000 0.000000 0.000000 0.000000 0.000000 0.000000 0.000000 0.016780 0.000000 0.000000 0.486775 0.000000 0.486771 0.000000 0.000000 0.000000 0.009675 0.000000
 0.000000 0.000000 0.000000 0.000000 0.000000 0.000000 0.000000 0.000000 0.000000 0.000000 0.000000 0.000000 0.000000 0.000000 0.000000 0.000000 0.500000 0.500000 0.000000 0.000000
 0.000000 0.000000 0.000000 0.000000 0.000000 0.000000 0.000000 0.000000 0.000000 0.000000 0.499334 0.000000 0.000000 0.000000 0.001482 0.000000 0.000000 0.000000 0.000000 0.499184
 0.000000 0.000000 0.000000 0.000000 0.000000 0.000000 0.000000 0.000000 0.000000 0.000000 0.000000 0.000000 0.000000 0.000000 0.499994 0.000000 0.000000 0.500006 0.000000 0.000000
 0.000000 0.000000 0.000000 0.000000 0.000000 0.000000 0.000000 0.000000 0.000000 0.000000 0.499263 0.000000 0.001482 0.499255 0.000000 0.000000 0.000000 0.000000 0.000000 0.000000
 0.499457 0.000000 0.000000 0.000000 0.499474 0.000000 0.000000 0.000000 0.000000 0.000000 0.000000 0.000000 0.000000 0.000000 0.000000 0.000000 0.000000 0.000000 0.001069 0.000000
 0.000000 0.000000 0.000000 0.000000 0.000000 0.000000 0.000000 0.500000 0.000000 0.000000 0.000000 0.500000 0.000000 0.000000 0.000000 0.000000 0.000000 0.000000 0.000000 0.000000
 0.000000 0.000000 0.000000 0.000000 0.000000 0.000000 0.000000 0.000000 0.000000 0.000000 0.000000 0.500000 0.000000 0.500000 0.000000 0.000000 0.000000 0.000000 0.000000 0.000000
 0.003765 0.000000 0.000000 0.341908 0.000000 0.342810 0.000000 0.000000 0.000000 0.303968 0.006815 0.000000 0.000000 0.000000 0.000000 0.000734 0.000000 0.000000 0.000000 0.000000
 0.000000 0.000000 0.499930 0.000000 0.000000 0.000267 0.000000 0.000000 0.000000 0.000000 0.000000 0.000000 0.499804 0.000000 0.000000 0.000000 0.000000 0.000000 0.000000 0.000000
the mean of prob-rank is 1.631578947368421
the number of false negetive edges is 0
the number of probability greater than 0 is 3.1/edge
