20
 0.000000 0.394021 0.000000 0.390461 0.000000 0.000000 0.000000 0.000000 0.000000 0.000000 0.000000 0.000000 0.000000 0.000000 0.000000 0.000000 0.215518 0.000000 0.000000 0.000000
 0.397215 0.000000 0.000000 0.207738 0.000000 0.000000 0.000006 0.000000 0.000000 0.000000 0.000000 0.000000 0.000000 0.000000 0.000000 0.000000 0.395042 0.000000 0.000000 0.000000
 0.000000 0.000000 0.000000 0.000000 0.500000 0.000000 0.000000 0.000000 0.000000 0.500000 0.000000 0.000000 0.000000 0.000000 0.000000 0.000000 0.000000 0.000000 0.000000 0.000000
 0.394130 0.208004 0.000000 0.000000 0.000000 0.000137 0.000000 0.000000 0.000000 0.000000 0.397729 0.000000 0.000000 0.000000 0.000000 0.000000 0.000000 0.000000 0.000000 0.000000
 0.000000 0.000000 0.499715 0.000000 0.000000 0.000000 0.000000 0.000000 0.000000 0.000000 0.000000 0.000000 0.000000 0.000000 0.000000 0.000585 0.000000 0.499700 0.000000 0.000000
 0.000000 0.000000 0.000000 0.000134 0.000000 0.000000 0.000000 0.000000 0.000001 0.357349 0.253920 0.000000 0.000000 0.000000 0.000000 0.388596 0.000000 0.000000 0.000000 0.000000
 0.000000 0.000007 0.000000 0.000000 0.000000 0.000000 0.000000 0.000000 0.000000 0.000000 0.000000 0.500003 0.000000 0.000000 0.000000 0.000000 0.499989 0.000000 0.000000 0.000000
 0.000000 0.000000 0.000000 0.000000 0.000000 0.000000 0.000000 0.000000 0.000000 0.000000 0.000000 0.356715 0.000000 0.000000 0.000000 0.000000 0.000000 0.000000 0.273150 0.370135
 0.000000 0.000000 0.000000 0.000000 0.000000 0.000001 0.000000 0.000000 0.000000 0.000727 0.000000 0.000000 0.499630 0.000000 0.000000 0.000000 0.000000 0.000000 0.499641 0.000001
 0.000000 0.000000 0.381023 0.000000 0.000000 0.350385 0.000000 0.000000 0.000554 0.000000 0.000000 0.000000 0.000000 0.000000 0.000000 0.268038 0.000000 0.000000 0.000000 0.000000
 0.000000 0.000000 0.000000 0.377955 0.000000 0.246967 0.000000 0.000000 0.000000 0.000000 0.000000 0.000000 0.000000 0.000000 0.000000 0.375078 0.000000 0.000000 0.000000 0.000000
 0.000000 0.000000 0.000000 0.000000 0.000000 0.000000 0.355276 0.342396 0.000000 0.000000 0.000000 0.000000 0.000000 0.000000 0.000000 0.000000 0.000000 0.000000 0.000000 0.302328
 0.000000 0.000000 0.000000 0.000000 0.000000 0.000000 0.000000 0.000000 0.498042 0.000000 0.000000 0.000000 0.000000 0.498057 0.000000 0.000000 0.000000 0.000002 0.000023 0.003876
 0.000000 0.000000 0.000000 0.000000 0.000000 0.000000 0.000000 0.000000 0.000000 0.000000 0.000000 0.000000 0.500000 0.000000 0.500000 0.000000 0.000000 0.000000 0.000000 0.000000
 0.000000 0.000000 0.000000 0.000000 0.000000 0.000000 0.000000 0.000000 0.000000 0.000000 0.000000 0.000000 0.000000 0.500000 0.000000 0.000000 0.000000 0.500000 0.000000 0.000000
 0.000000 0.000000 0.000000 0.000000 0.000434 0.370778 0.000000 0.000000 0.000000 0.260831 0.367956 0.000000 0.000000 0.000000 0.000000 0.000000 0.000000 0.000000 0.000000 0.000000
 0.215217 0.391318 0.000000 0.000000 0.000000 0.000000 0.393465 0.000000 0.000000 0.000000 0.000000 0.000000 0.000000 0.000000 0.000000 0.000000 0.000000 0.000000 0.000000 0.000000
 0.000000 0.000000 0.000000 0.000000 0.499992 0.000000 0.000000 0.000000 0.000000 0.000000 0.000000 0.000000 0.000002 0.000000 0.500007 0.000000 0.000000 0.000000 0.000000 0.000000
 0.000000 0.000000 0.000000 0.000000 0.000000 0.000000 0.000000 0.270190 0.366120 0.000000 0.000000 0.000000 0.000017 0.000000 0.000000 0.000000 0.000000 0.000000 0.000000 0.363673
 0.000000 0.000000 0.000000 0.000000 0.000000 0.000000 0.000000 0.350624 0.000001 0.000000 0.000000 0.298369 0.002729 0.000000 0.000000 0.000000 0.000000 0.000000 0.348277 0.000000
the mean of prob-rank is 1.631578947368421
the number of false negetive edges is 0
the number of probability greater than 0 is 3.45/edge
