20
 0.000000 0.000000 0.000000 0.000000 0.000000 0.000000 0.000000 0.000000 0.000000 0.000000 0.000000 0.000000 0.348000 0.000000 0.000000 0.000000 0.030986 0.295335 0.000000 0.325679
 0.000000 0.000000 0.000000 0.000000 0.000000 0.000000 0.000000 0.000000 0.000000 0.000000 0.000000 0.000000 0.000000 0.000000 0.000000 0.000000 0.068682 0.469901 0.000000 0.461416
 0.000000 0.000000 0.000000 0.010140 0.430321 0.000000 0.000000 0.000000 0.000000 0.430585 0.000989 0.000000 0.000000 0.000000 0.000000 0.000000 0.000000 0.000000 0.127964 0.000000
 0.000000 0.000000 0.011638 0.000000 0.000215 0.494151 0.000000 0.000000 0.000000 0.000000 0.000000 0.000000 0.000000 0.000000 0.000000 0.493996 0.000000 0.000000 0.000000 0.000000
 0.000000 0.000000 0.485990 0.000212 0.000000 0.486289 0.000000 0.000000 0.000000 0.000000 0.027508 0.000000 0.000000 0.000000 0.000000 0.000000 0.000000 0.000000 0.000000 0.000000
 0.000000 0.000000 0.000000 0.498336 0.498363 0.000000 0.000000 0.000000 0.000000 0.000000 0.000000 0.000000 0.000000 0.000000 0.000000 0.003301 0.000000 0.000000 0.000000 0.000000
 0.000000 0.000000 0.000000 0.000000 0.000000 0.000000 0.000000 0.000000 0.000000 0.000000 0.000000 0.077920 0.000000 0.400704 0.000000 0.399545 0.000000 0.000000 0.000000 0.121831
 0.000000 0.000000 0.000000 0.000000 0.000000 0.000000 0.000000 0.000000 0.499991 0.000000 0.000000 0.000000 0.000000 0.000000 0.000000 0.000000 0.500009 0.000000 0.000000 0.000000
 0.000000 0.000000 0.000000 0.000000 0.000000 0.000000 0.000000 0.499991 0.000000 0.000000 0.000000 0.000000 0.000000 0.000000 0.500009 0.000000 0.000000 0.000000 0.000000 0.000000
 0.000000 0.000000 0.403380 0.000000 0.000000 0.000000 0.000000 0.000000 0.000000 0.000000 0.397776 0.000000 0.000000 0.000000 0.000014 0.000000 0.000000 0.000000 0.198830 0.000000
 0.000000 0.000000 0.000991 0.000000 0.024407 0.000000 0.000000 0.000000 0.000000 0.425473 0.000000 0.000000 0.000000 0.000000 0.117668 0.000000 0.000000 0.000000 0.431460 0.000000
 0.000000 0.000000 0.000000 0.000000 0.000000 0.000000 0.078432 0.000000 0.000000 0.000000 0.000000 0.000000 0.000000 0.402977 0.000000 0.121648 0.000000 0.000000 0.000000 0.396942
 0.394202 0.000000 0.000000 0.000000 0.000000 0.000000 0.000000 0.000000 0.000000 0.000000 0.000000 0.000000 0.000000 0.000000 0.000000 0.000000 0.391560 0.214238 0.000000 0.000000
 0.000000 0.000000 0.000000 0.000000 0.000000 0.000000 0.459185 0.000000 0.000000 0.000000 0.000000 0.458771 0.000000 0.000000 0.000000 0.000000 0.000000 0.000000 0.000000 0.082044
 0.000000 0.000000 0.000000 0.000000 0.000000 0.000000 0.000000 0.000000 0.441455 0.000016 0.120392 0.000000 0.000000 0.000000 0.000000 0.000000 0.000000 0.000000 0.438137 0.000000
 0.000000 0.000000 0.000000 0.433687 0.000000 0.002873 0.432592 0.000000 0.000000 0.000000 0.000000 0.130848 0.000000 0.000000 0.000000 0.000000 0.000000 0.000000 0.000000 0.000000
 0.039955 0.065588 0.000000 0.000000 0.000000 0.000000 0.000000 0.448732 0.000000 0.000000 0.000000 0.000000 0.445725 0.000000 0.000000 0.000000 0.000000 0.000000 0.000000 0.000000
 0.354773 0.418034 0.000000 0.000000 0.000000 0.000000 0.000000 0.000000 0.000000 0.000000 0.000000 0.000000 0.227192 0.000000 0.000000 0.000000 0.000000 0.000000 0.000000 0.000000
 0.000000 0.000000 0.106803 0.000000 0.000000 0.000000 0.000000 0.000000 0.000000 0.177142 0.359375 0.000000 0.000000 0.000000 0.356679 0.000000 0.000000 0.000000 0.000000 0.000000
 0.276502 0.290115 0.000000 0.000000 0.000000 0.000000 0.089830 0.000000 0.000000 0.000000 0.000000 0.290765 0.000000 0.052789 0.000000 0.000000 0.000000 0.000000 0.000000 0.000000
the mean of prob-rank is 1.5263157894736843
the number of false negetive edges is 0
the number of probability greater than 0 is 3.7/edge
