20
 0.000000 0.000000 0.000000 0.000000 0.000000 0.000000 0.039959 0.000000 0.404203 0.000000 0.000000 0.000000 0.000000 0.147968 0.000000 0.000000 0.000000 0.000000 0.407870 0.000000
 0.000000 0.000000 0.325242 0.000000 0.000000 0.000000 0.000000 0.312820 0.000000 0.000000 0.000000 0.256696 0.000000 0.000000 0.000000 0.105242 0.000000 0.000000 0.000000 0.000000
 0.000000 0.453716 0.000000 0.000000 0.000000 0.000000 0.000000 0.000000 0.000000 0.000000 0.000000 0.093653 0.000000 0.000000 0.000000 0.452632 0.000000 0.000000 0.000000 0.000000
 0.000000 0.000000 0.000000 0.000000 0.000000 0.000000 0.096596 0.000001 0.310832 0.000000 0.285380 0.000000 0.000000 0.307191 0.000000 0.000000 0.000000 0.000000 0.000000 0.000000
 0.000000 0.000000 0.000000 0.000000 0.000000 0.000000 0.000000 0.000000 0.000000 0.500000 0.000000 0.000000 0.000000 0.000000 0.500000 0.000000 0.000000 0.000000 0.000000 0.000000
 0.000000 0.000000 0.000000 0.000000 0.000000 0.000000 0.000000 0.000000 0.000000 0.000000 0.000000 0.000000 0.000000 0.000000 0.500023 0.000000 0.000000 0.499977 0.000000 0.000000
 0.030918 0.000000 0.000000 0.097763 0.000000 0.000000 0.000000 0.084742 0.198047 0.000000 0.272940 0.000000 0.000000 0.315590 0.000000 0.000000 0.000000 0.000000 0.000000 0.000000
 0.000000 0.309426 0.000000 0.000001 0.000000 0.000000 0.086386 0.000000 0.000000 0.000000 0.321713 0.000000 0.000000 0.000000 0.000000 0.282474 0.000000 0.000000 0.000000 0.000000
 0.339642 0.000000 0.000000 0.341632 0.000000 0.000000 0.215074 0.000000 0.000000 0.000000 0.000000 0.000000 0.000000 0.103652 0.000000 0.000000 0.000000 0.000000 0.000000 0.000000
 0.000000 0.000000 0.000000 0.000000 0.500001 0.000000 0.000000 0.000000 0.000000 0.000000 0.000000 0.000000 0.499999 0.000000 0.000000 0.000000 0.000000 0.000000 0.000000 0.000000
 0.000000 0.000000 0.000000 0.329201 0.000000 0.000000 0.311093 0.359706 0.000000 0.000000 0.000000 0.000000 0.000000 0.000000 0.000000 0.000000 0.000000 0.000000 0.000000 0.000000
 0.000000 0.271057 0.070890 0.000000 0.000000 0.000000 0.000000 0.000000 0.000000 0.000000 0.000000 0.000000 0.000000 0.000000 0.000000 0.314614 0.000000 0.343439 0.000000 0.000000
 0.000000 0.000000 0.000000 0.000000 0.000000 0.000000 0.000000 0.000000 0.000000 0.499999 0.000000 0.000000 0.000000 0.000000 0.000000 0.000000 0.000000 0.000000 0.000000 0.500001
 0.136881 0.000000 0.000000 0.371700 0.000000 0.000000 0.377307 0.000000 0.114111 0.000000 0.000000 0.000000 0.000000 0.000000 0.000000 0.000000 0.000000 0.000000 0.000001 0.000000
 0.000000 0.000000 0.000000 0.000000 0.500000 0.500000 0.000000 0.000000 0.000000 0.000000 0.000000 0.000000 0.000000 0.000000 0.000000 0.000000 0.000000 0.000000 0.000000 0.000000
 0.000000 0.103868 0.320230 0.000000 0.000000 0.000000 0.000000 0.281845 0.000000 0.000000 0.000000 0.294056 0.000000 0.000000 0.000000 0.000000 0.000000 0.000000 0.000000 0.000000
 0.000000 0.000000 0.000000 0.000000 0.000000 0.000000 0.000000 0.000000 0.000000 0.000000 0.000000 0.000000 0.000000 0.000000 0.000000 0.000000 0.000000 0.000000 0.500001 0.499999
 0.000000 0.000000 0.000000 0.000000 0.000000 0.499977 0.000000 0.000000 0.000000 0.000000 0.000000 0.500023 0.000000 0.000000 0.000000 0.000000 0.000000 0.000000 0.000000 0.000000
 0.496340 0.000000 0.000000 0.000000 0.000000 0.000000 0.000000 0.000000 0.000000 0.000000 0.000000 0.000000 0.000000 0.000001 0.000000 0.000000 0.496340 0.000000 0.000000 0.007319
 0.000000 0.000000 0.000000 0.000000 0.000000 0.000000 0.000000 0.000000 0.000000 0.000000 0.000000 0.000000 0.496342 0.000000 0.000000 0.000000 0.496339 0.000000 0.007319 0.000000
the mean of prob-rank is 1.6842105263157894
the number of false negetive edges is 0
the number of probability greater than 0 is 3.3/edge
