20
 0.000000 0.000000 0.000000 0.000000 0.000000 0.000000 0.000000 0.500000 0.000000 0.000000 0.000000 0.000000 0.000000 0.000000 0.000000 0.000000 0.500000 0.000000 0.000000 0.000000
 0.000000 0.000000 0.417782 0.000049 0.000000 0.000000 0.000000 0.000000 0.000000 0.154490 0.000001 0.000000 0.000000 0.000000 0.000000 0.000000 0.000000 0.420865 0.006813 0.000000
 0.000000 0.377471 0.000000 0.000000 0.000000 0.060228 0.157824 0.000000 0.000000 0.376875 0.003004 0.000000 0.000038 0.000132 0.000000 0.000000 0.000000 0.018361 0.006067 0.000000
 0.000000 0.000046 0.000000 0.000000 0.000000 0.000000 0.000000 0.030068 0.000000 0.000000 0.000000 0.000000 0.000000 0.000000 0.400181 0.000000 0.000000 0.395893 0.173811 0.000000
 0.000000 0.000000 0.000000 0.000000 0.000000 0.000000 0.000000 0.000000 0.000000 0.000000 0.500001 0.499999 0.000000 0.000000 0.000000 0.000000 0.000000 0.000000 0.000000 0.000000
 0.000000 0.000000 0.070478 0.000000 0.000000 0.000000 0.404392 0.000000 0.000000 0.000000 0.023490 0.000000 0.000000 0.000000 0.000000 0.000000 0.000000 0.056670 0.000000 0.444970
 0.000000 0.000000 0.178602 0.000000 0.000000 0.391077 0.000000 0.000000 0.000000 0.000000 0.000000 0.000000 0.430321 0.000000 0.000000 0.000000 0.000000 0.000000 0.000000 0.000000
 0.482100 0.000000 0.000000 0.036221 0.000000 0.000000 0.000000 0.000000 0.000000 0.000000 0.000000 0.000000 0.000000 0.000000 0.000068 0.000016 0.000000 0.000000 0.481596 0.000000
 0.000000 0.000000 0.000000 0.000000 0.000000 0.000000 0.000000 0.000000 0.000000 0.000000 0.483575 0.000000 0.000000 0.000000 0.000000 0.484383 0.000000 0.032041 0.000000 0.000000
 0.000000 0.156245 0.421860 0.000000 0.000000 0.000000 0.000000 0.000000 0.000000 0.000000 0.000000 0.000000 0.000000 0.000000 0.000000 0.000000 0.000000 0.000138 0.421757 0.000000
 0.000000 0.000001 0.003805 0.000000 0.481686 0.025428 0.000000 0.000000 0.480871 0.000000 0.000000 0.000007 0.000000 0.000000 0.000000 0.000000 0.000000 0.008200 0.000000 0.000000
 0.000000 0.000000 0.000000 0.000000 0.499995 0.000000 0.000000 0.000000 0.000000 0.000000 0.000008 0.000000 0.000000 0.000000 0.000000 0.000000 0.000000 0.000000 0.000000 0.499997
 0.000000 0.000000 0.000050 0.000000 0.000000 0.000000 0.499975 0.000000 0.000000 0.000000 0.000000 0.000000 0.000000 0.499975 0.000000 0.000000 0.000000 0.000000 0.000000 0.000000
 0.000000 0.000000 0.000173 0.000000 0.000000 0.000000 0.000000 0.000000 0.000000 0.000000 0.000000 0.000000 0.499913 0.000000 0.000000 0.000000 0.499914 0.000000 0.000000 0.000000
 0.000000 0.000000 0.000000 0.499945 0.000000 0.000000 0.000000 0.000070 0.000000 0.000000 0.000000 0.000000 0.000000 0.000000 0.000000 0.499985 0.000000 0.000000 0.000000 0.000000
 0.000000 0.000000 0.000000 0.000000 0.000000 0.000000 0.000000 0.000016 0.499986 0.000000 0.000000 0.000000 0.000000 0.000000 0.499998 0.000000 0.000000 0.000000 0.000000 0.000000
 0.500000 0.000000 0.000000 0.000000 0.000000 0.000000 0.000000 0.000000 0.000000 0.000000 0.000000 0.000000 0.000000 0.500000 0.000000 0.000000 0.000000 0.000000 0.000000 0.000000
 0.000000 0.441731 0.021330 0.436963 0.000000 0.056257 0.000000 0.000000 0.029219 0.000143 0.007520 0.000000 0.000000 0.000000 0.000000 0.000000 0.000000 0.000000 0.006836 0.000000
 0.000000 0.006549 0.006455 0.175704 0.000000 0.000000 0.000000 0.404151 0.000000 0.400879 0.000000 0.000000 0.000000 0.000000 0.000000 0.000000 0.000000 0.006261 0.000000 0.000000
 0.000000 0.000000 0.000000 0.000000 0.000000 0.500000 0.000000 0.000000 0.000000 0.000000 0.000000 0.500000 0.000000 0.000000 0.000000 0.000000 0.000000 0.000000 0.000000 0.000000
the mean of prob-rank is 1.5789473684210527
the number of false negetive edges is 0
the number of probability greater than 0 is 4.2/edge
