20
 0.000000 0.000000 0.000000 0.000000 0.000000 0.000000 0.000000 0.000000 0.000000 0.500000 0.000000 0.000000 0.000000 0.000000 0.000000 0.500000 0.000000 0.000000 0.000000 0.000000
 0.000000 0.000000 0.000000 0.000000 0.000000 0.000000 0.000000 0.000000 0.000000 0.000000 0.000000 0.000000 0.000000 0.500000 0.000000 0.500000 0.000000 0.000000 0.000000 0.000000
 0.000000 0.000000 0.000000 0.000000 0.000000 0.000000 0.000000 0.000000 0.000000 0.000000 0.000000 0.000000 0.000000 0.000000 0.000000 0.000000 0.499987 0.000000 0.000025 0.499988
 0.000000 0.000000 0.000000 0.000000 0.000000 0.000000 0.499947 0.000000 0.000000 0.000000 0.499983 0.000000 0.000000 0.000000 0.000000 0.000000 0.000000 0.000000 0.000000 0.000070
 0.000000 0.000000 0.000000 0.000000 0.000000 0.000000 0.000000 0.496724 0.000000 0.000000 0.000000 0.000000 0.007441 0.494709 0.000000 0.000000 0.000000 0.000000 0.001126 0.000000
 0.000000 0.000000 0.000000 0.000000 0.000000 0.000000 0.000000 0.000000 0.499996 0.000000 0.000000 0.000000 0.000000 0.000000 0.000000 0.000000 0.500004 0.000000 0.000000 0.000000
 0.000000 0.000000 0.000000 0.499464 0.000000 0.000000 0.000000 0.000000 0.000000 0.499498 0.000000 0.000000 0.000000 0.000000 0.000000 0.000000 0.000000 0.000000 0.000000 0.001039
 0.000000 0.000000 0.000000 0.000000 0.496920 0.000000 0.000000 0.000000 0.000000 0.000000 0.000000 0.006317 0.496762 0.000000 0.000000 0.000000 0.000000 0.000000 0.000000 0.000000
 0.000000 0.000000 0.000000 0.000000 0.000000 0.472875 0.000000 0.000000 0.000000 0.000000 0.000000 0.472797 0.000000 0.000000 0.054328 0.000000 0.000000 0.000000 0.000000 0.000000
 0.500001 0.000000 0.000000 0.000000 0.000000 0.000000 0.499999 0.000000 0.000000 0.000000 0.000000 0.000000 0.000000 0.000000 0.000000 0.000000 0.000000 0.000000 0.000000 0.000000
 0.000000 0.000000 0.000000 0.500000 0.000000 0.000000 0.000000 0.000000 0.000000 0.000000 0.000000 0.000000 0.000000 0.000000 0.000000 0.000000 0.000000 0.000000 0.500000 0.000000
 0.000000 0.000000 0.000000 0.000000 0.000000 0.000000 0.000000 0.006317 0.496796 0.000000 0.000000 0.000000 0.000000 0.000000 0.496887 0.000000 0.000000 0.000000 0.000000 0.000000
 0.000000 0.000000 0.000000 0.000000 0.007361 0.000000 0.000000 0.491195 0.000000 0.000000 0.000000 0.000000 0.000000 0.000000 0.010092 0.000000 0.000000 0.491352 0.000000 0.000000
 0.000000 0.490017 0.000000 0.000000 0.488029 0.000000 0.000000 0.000000 0.000000 0.000000 0.000000 0.000000 0.000000 0.000000 0.000000 0.000000 0.000000 0.021954 0.000000 0.000000
 0.000000 0.000000 0.000000 0.000000 0.000000 0.000000 0.000000 0.000000 0.053837 0.000000 0.000000 0.468615 0.009625 0.000000 0.000000 0.000000 0.000000 0.467923 0.000000 0.000000
 0.500000 0.500000 0.000000 0.000000 0.000000 0.000000 0.000000 0.000000 0.000000 0.000000 0.000000 0.000000 0.000000 0.000000 0.000000 0.000000 0.000000 0.000000 0.000000 0.000000
 0.000000 0.000000 0.500000 0.000000 0.000000 0.500000 0.000000 0.000000 0.000000 0.000000 0.000000 0.000000 0.000000 0.000000 0.000000 0.000000 0.000000 0.000000 0.000000 0.000000
 0.000000 0.000000 0.000000 0.000000 0.000000 0.000000 0.000000 0.000000 0.000000 0.000000 0.000000 0.000000 0.489398 0.021926 0.488676 0.000000 0.000000 0.000000 0.000000 0.000000
 0.000000 0.000000 0.000025 0.000000 0.001134 0.000000 0.000000 0.000000 0.000000 0.000000 0.500119 0.000000 0.000000 0.000000 0.000000 0.000000 0.000000 0.000000 0.000000 0.498723
 0.000000 0.000000 0.500143 0.000070 0.000000 0.000000 0.001040 0.000000 0.000000 0.000000 0.000000 0.000000 0.000000 0.000000 0.000000 0.000000 0.000000 0.000000 0.498747 0.000000
the mean of prob-rank is 1.5263157894736843
the number of false negetive edges is 0
the number of probability greater than 0 is 2.9/edge
