20
 0.000000 0.000000 0.000000 0.490442 0.000000 0.000000 0.000000 0.000000 0.000045 0.000000 0.000000 0.019072 0.000000 0.490440 0.000000 0.000000 0.000000 0.000000 0.000000 0.000000
 0.000000 0.000000 0.000000 0.000000 0.000000 0.000000 0.000000 0.000000 0.000000 0.000000 0.500000 0.000000 0.000000 0.000000 0.000000 0.000000 0.500000 0.000000 0.000000 0.000000
 0.000000 0.000000 0.000000 0.000000 0.000000 0.000000 0.498181 0.000000 0.000000 0.000000 0.000000 0.000000 0.000000 0.000000 0.000000 0.003716 0.000000 0.000000 0.000000 0.498103
 0.475379 0.000000 0.000000 0.000000 0.000000 0.000000 0.000000 0.028205 0.010629 0.003641 0.000000 0.000011 0.000000 0.007282 0.000000 0.000000 0.000000 0.474853 0.000000 0.000000
 0.000000 0.000000 0.000000 0.000000 0.000000 0.487107 0.000000 0.000000 0.000000 0.000000 0.000000 0.000000 0.000000 0.000000 0.000000 0.000000 0.487066 0.000000 0.025827 0.000000
 0.000000 0.000000 0.000000 0.000000 0.499348 0.000000 0.000000 0.000000 0.000000 0.000000 0.000000 0.000000 0.000000 0.000000 0.000000 0.000185 0.001203 0.000000 0.499264 0.000000
 0.000000 0.000000 0.471276 0.000000 0.000000 0.000000 0.000000 0.000000 0.057781 0.000000 0.000000 0.470943 0.000000 0.000000 0.000000 0.000000 0.000000 0.000000 0.000000 0.000000
 0.000000 0.000000 0.000000 0.018723 0.000000 0.000000 0.000000 0.000000 0.000010 0.306560 0.000000 0.000000 0.093633 0.000000 0.298140 0.000000 0.000000 0.282934 0.000000 0.000000
 0.000043 0.000000 0.000000 0.010429 0.000000 0.000000 0.057188 0.000015 0.000000 0.000000 0.000000 0.466438 0.465887 0.000000 0.000000 0.000000 0.000000 0.000000 0.000000 0.000000
 0.000000 0.000000 0.000000 0.002684 0.000000 0.000000 0.000000 0.340378 0.000000 0.000000 0.000000 0.000000 0.000000 0.000000 0.297963 0.000000 0.000000 0.350269 0.008706 0.000000
 0.000000 0.500000 0.000000 0.000000 0.000000 0.000000 0.000000 0.000000 0.000000 0.000000 0.000000 0.000000 0.000000 0.500000 0.000000 0.000000 0.000000 0.000000 0.000000 0.000000
 0.019079 0.000000 0.000000 0.000011 0.000000 0.000000 0.490281 0.000000 0.490628 0.000000 0.000000 0.000000 0.000000 0.000000 0.000000 0.000000 0.000000 0.000000 0.000000 0.000000
 0.000000 0.000000 0.000000 0.000000 0.000000 0.000000 0.000000 0.123892 0.417054 0.000000 0.000000 0.000000 0.000000 0.000000 0.417399 0.000000 0.000000 0.000000 0.000000 0.041655
 0.496199 0.000000 0.000000 0.007601 0.000000 0.000000 0.000000 0.000000 0.000000 0.000000 0.496200 0.000000 0.000000 0.000000 0.000000 0.000000 0.000000 0.000000 0.000000 0.000000
 0.000000 0.000000 0.000000 0.000000 0.000000 0.000000 0.000000 0.325983 0.000000 0.293422 0.000000 0.000000 0.344914 0.000000 0.000000 0.000000 0.000000 0.032656 0.003024 0.000001
 0.000000 0.000000 0.003716 0.000000 0.000000 0.000184 0.000000 0.000000 0.000000 0.000000 0.000000 0.000000 0.000000 0.000000 0.000000 0.000000 0.000000 0.000000 0.498018 0.498082
 0.000000 0.499419 0.000000 0.000000 0.499377 0.001203 0.000000 0.000000 0.000000 0.000000 0.000000 0.000000 0.000000 0.000000 0.000000 0.000000 0.000000 0.000000 0.000000 0.000000
 0.000000 0.000000 0.000000 0.327915 0.000000 0.000000 0.000000 0.294331 0.000000 0.328176 0.000000 0.000000 0.000000 0.000000 0.031070 0.000000 0.000000 0.000000 0.018508 0.000000
 0.000000 0.000000 0.000000 0.000000 0.024745 0.466619 0.000000 0.000000 0.000000 0.011596 0.000000 0.000000 0.000000 0.000000 0.004090 0.466638 0.000000 0.026312 0.000000 0.000000
 0.000000 0.000000 0.476205 0.000000 0.000000 0.000000 0.000000 0.000000 0.000000 0.000000 0.000000 0.000000 0.047514 0.000000 0.000001 0.476280 0.000000 0.000000 0.000000 0.000000
the mean of prob-rank is 1.4736842105263157
the number of false negetive edges is 0
the number of probability greater than 0 is 4.15/edge
