20
 0.000000 0.401604 0.002469 0.000000 0.000000 0.000000 0.000000 0.000000 0.043333 0.397739 0.023719 0.000000 0.000000 0.000000 0.000000 0.000000 0.131137 0.000000 0.000000 0.000000
 0.437014 0.000000 0.000001 0.000000 0.000000 0.000000 0.000000 0.000000 0.436255 0.056356 0.049255 0.000000 0.000000 0.000000 0.000000 0.000000 0.021119 0.000000 0.000000 0.000000
 0.003060 0.000001 0.000000 0.000000 0.000000 0.000000 0.000000 0.000000 0.000000 0.497740 0.497740 0.000000 0.000000 0.000000 0.001459 0.000000 0.000000 0.000000 0.000000 0.000000
 0.000000 0.000000 0.000000 0.000000 0.000000 0.000000 0.000000 0.000000 0.000000 0.000000 0.000000 0.000000 0.000000 0.000000 0.000000 0.000000 0.500000 0.000000 0.000000 0.500000
 0.000000 0.000000 0.000000 0.000000 0.000000 0.000000 0.387138 0.000001 0.000000 0.000000 0.000000 0.000000 0.000000 0.369492 0.000000 0.000000 0.000000 0.000000 0.243369 0.000000
 0.000000 0.000000 0.000000 0.000000 0.000000 0.000000 0.000000 0.000000 0.000000 0.000000 0.000000 0.000000 0.000000 0.000000 0.000000 0.499986 0.000000 0.500014 0.000000 0.000000
 0.000000 0.000000 0.000000 0.000000 0.489041 0.000000 0.000000 0.019980 0.000000 0.000000 0.000000 0.000118 0.488979 0.000000 0.000000 0.000000 0.000000 0.000000 0.001882 0.000000
 0.000000 0.000000 0.000000 0.000000 0.000001 0.000000 0.018095 0.000000 0.109795 0.000000 0.000000 0.431621 0.000000 0.000000 0.440489 0.000000 0.000000 0.000000 0.000000 0.000000
 0.045846 0.424163 0.000000 0.000000 0.000000 0.000000 0.000000 0.105326 0.000000 0.000000 0.000000 0.000000 0.000000 0.000000 0.424665 0.000000 0.000000 0.000000 0.000000 0.000000
 0.457167 0.059527 0.461609 0.000000 0.000000 0.000000 0.000000 0.000000 0.000000 0.000000 0.002823 0.000000 0.000000 0.000000 0.018874 0.000000 0.000000 0.000000 0.000000 0.000000
 0.026435 0.050448 0.447603 0.000000 0.000000 0.000000 0.000000 0.000000 0.000000 0.002737 0.000000 0.000000 0.000018 0.000000 0.025841 0.000000 0.446918 0.000000 0.000000 0.000000
 0.000000 0.000000 0.000000 0.000000 0.000000 0.000000 0.000106 0.430980 0.000000 0.000000 0.000000 0.000000 0.442271 0.000000 0.126642 0.000000 0.000000 0.000000 0.000000 0.000000
 0.000000 0.000000 0.000000 0.000000 0.000000 0.000000 0.497209 0.000000 0.000000 0.000000 0.000020 0.497302 0.000000 0.000000 0.000001 0.000000 0.000000 0.000000 0.005468 0.000000
 0.000000 0.000000 0.000000 0.000000 0.365867 0.000000 0.000000 0.000000 0.000000 0.000000 0.000000 0.000000 0.000000 0.000000 0.000000 0.000000 0.000000 0.251065 0.383068 0.000000
 0.000000 0.000000 0.001231 0.000000 0.000000 0.000000 0.000000 0.417532 0.419612 0.017166 0.024238 0.120220 0.000001 0.000000 0.000000 0.000000 0.000000 0.000000 0.000000 0.000000
 0.000000 0.000000 0.000000 0.000000 0.000000 0.499986 0.000000 0.000000 0.000000 0.000000 0.000000 0.000000 0.000000 0.000000 0.000000 0.000000 0.000000 0.000000 0.000000 0.500014
 0.137585 0.020362 0.000000 0.421349 0.000000 0.000000 0.000000 0.000000 0.000000 0.000000 0.420704 0.000000 0.000000 0.000000 0.000000 0.000000 0.000000 0.000000 0.000000 0.000000
 0.000000 0.000000 0.000000 0.000000 0.000000 0.380356 0.000000 0.000000 0.000000 0.000000 0.000000 0.000000 0.000000 0.249095 0.000000 0.000000 0.000000 0.000000 0.370549 0.000000
 0.000000 0.000000 0.000000 0.000000 0.240208 0.000000 0.001471 0.000000 0.000000 0.000000 0.000000 0.000000 0.004202 0.381839 0.000000 0.000000 0.000000 0.372281 0.000000 0.000000
 0.000000 0.000000 0.000000 0.500000 0.000000 0.000000 0.000000 0.000000 0.000000 0.000000 0.000000 0.000000 0.000000 0.000000 0.000000 0.500000 0.000000 0.000000 0.000000 0.000000
the mean of prob-rank is 1.4210526315789473
the number of false negetive edges is 0
the number of probability greater than 0 is 4.1/edge
