20
 0.000000 0.000000 0.000000 0.499725 0.000000 0.000000 0.000535 0.000000 0.000000 0.000000 0.000000 0.000000 0.000000 0.000000 0.000000 0.499740 0.000000 0.000000 0.000000 0.000000
 0.000000 0.000000 0.000000 0.000000 0.000000 0.000000 0.000000 0.000000 0.500001 0.000000 0.000000 0.000000 0.499999 0.000000 0.000000 0.000000 0.000000 0.000000 0.000000 0.000000
 0.000000 0.000000 0.000000 0.000000 0.000000 0.000000 0.000000 0.000000 0.000000 0.000000 0.000000 0.000000 0.000000 0.000000 0.000000 0.000000 0.500000 0.500000 0.000000 0.000000
 0.499992 0.000000 0.000000 0.000000 0.000000 0.000000 0.000000 0.000000 0.000000 0.000000 0.000002 0.500006 0.000000 0.000000 0.000000 0.000000 0.000000 0.000000 0.000000 0.000000
 0.000000 0.000000 0.000000 0.000000 0.000000 0.000000 0.000000 0.000000 0.000000 0.000000 0.000000 0.000000 0.000000 0.059915 0.000000 0.000000 0.000007 0.469949 0.470129 0.000000
 0.000000 0.000000 0.000000 0.000000 0.000000 0.000000 0.069026 0.000000 0.000000 0.424873 0.079895 0.000000 0.000000 0.000000 0.000000 0.000000 0.000000 0.000000 0.000000 0.426206
 0.000496 0.000000 0.000000 0.000000 0.000000 0.074651 0.000000 0.000000 0.000000 0.000002 0.461784 0.000000 0.000000 0.000000 0.000000 0.000000 0.000000 0.000000 0.000000 0.463068
 0.000000 0.000000 0.000000 0.000000 0.000000 0.000000 0.000000 0.000000 0.000000 0.000000 0.000000 0.000000 0.500000 0.000000 0.500000 0.000000 0.000000 0.000000 0.000000 0.000000
 0.000000 0.500001 0.000000 0.000000 0.000000 0.000000 0.000000 0.000000 0.000000 0.000000 0.000000 0.000000 0.000000 0.000000 0.000000 0.000000 0.499999 0.000000 0.000000 0.000000
 0.000000 0.000000 0.000000 0.000000 0.000000 0.402611 0.000001 0.000000 0.000000 0.000000 0.000000 0.000000 0.000000 0.000000 0.405740 0.000000 0.000000 0.000000 0.000000 0.191648
 0.000000 0.000000 0.000000 0.000002 0.000000 0.085444 0.456642 0.000000 0.000000 0.000000 0.000000 0.457912 0.000000 0.000000 0.000000 0.000000 0.000000 0.000000 0.000000 0.000000
 0.000000 0.000000 0.000000 0.500000 0.000000 0.000000 0.000000 0.000000 0.000000 0.000000 0.500000 0.000000 0.000000 0.000000 0.000000 0.000000 0.000000 0.000000 0.000000 0.000000
 0.000000 0.499999 0.000000 0.000000 0.000000 0.000000 0.000000 0.500001 0.000000 0.000000 0.000000 0.000000 0.000000 0.000000 0.000000 0.000000 0.000000 0.000000 0.000000 0.000000
 0.000000 0.000000 0.000000 0.000000 0.058571 0.000000 0.000000 0.000000 0.000000 0.000000 0.000000 0.000000 0.000000 0.000000 0.000000 0.459322 0.000000 0.022786 0.459321 0.000000
 0.000000 0.000000 0.000000 0.000000 0.000000 0.000000 0.000000 0.500000 0.000000 0.500000 0.000000 0.000000 0.000000 0.000000 0.000000 0.000000 0.000000 0.000000 0.000000 0.000000
 0.489051 0.000000 0.000000 0.000000 0.000000 0.000000 0.000000 0.000000 0.000000 0.000000 0.000000 0.000000 0.000000 0.488774 0.000000 0.000000 0.000000 0.000000 0.022176 0.000000
 0.000000 0.000000 0.499997 0.000000 0.000008 0.000000 0.000000 0.000000 0.499995 0.000000 0.000000 0.000000 0.000000 0.000000 0.000000 0.000000 0.000000 0.000000 0.000000 0.000000
 0.000000 0.000000 0.487996 0.000000 0.487809 0.000000 0.000000 0.000000 0.000000 0.000000 0.000000 0.000000 0.000000 0.024195 0.000000 0.000000 0.000000 0.000000 0.000000 0.000000
 0.000000 0.000000 0.000000 0.000000 0.489052 0.000000 0.000000 0.000000 0.000000 0.000000 0.000000 0.000000 0.000000 0.488773 0.000000 0.022176 0.000000 0.000000 0.000000 0.000000
 0.000000 0.000000 0.000000 0.000000 0.000000 0.403365 0.405229 0.000000 0.000000 0.191406 0.000000 0.000000 0.000000 0.000000 0.000000 0.000000 0.000000 0.000000 0.000000 0.000000
the mean of prob-rank is 1.631578947368421
the number of false negetive edges is 0
the number of probability greater than 0 is 3.0/edge
