20
 0.000000 0.000000 0.000000 0.000000 0.339742 0.000000 0.354932 0.000000 0.000000 0.000000 0.000000 0.000000 0.000000 0.305326 0.000000 0.000000 0.000000 0.000000 0.000000 0.000000
 0.000000 0.000000 0.330998 0.000000 0.000000 0.304331 0.000000 0.000000 0.161361 0.000000 0.151577 0.000000 0.051732 0.000000 0.000000 0.000000 0.000000 0.000000 0.000000 0.000000
 0.000000 0.446824 0.000000 0.000000 0.000000 0.000000 0.000000 0.000000 0.106423 0.000000 0.000000 0.000000 0.446753 0.000000 0.000000 0.000000 0.000000 0.000000 0.000000 0.000000
 0.000000 0.000000 0.000000 0.000000 0.000000 0.000000 0.000000 0.000000 0.000000 0.000000 0.000000 0.034716 0.000000 0.000000 0.482663 0.482621 0.000000 0.000000 0.000000 0.000000
 0.270948 0.000000 0.000000 0.000000 0.000000 0.178388 0.000000 0.000000 0.267712 0.000000 0.282925 0.000000 0.000000 0.000027 0.000000 0.000000 0.000000 0.000000 0.000000 0.000000
 0.000000 0.270537 0.000000 0.000000 0.185434 0.000000 0.000000 0.000000 0.000000 0.000000 0.292260 0.000000 0.000000 0.251768 0.000000 0.000000 0.000000 0.000000 0.000000 0.000000
 0.500000 0.000000 0.000000 0.000000 0.000000 0.000000 0.000000 0.000000 0.000000 0.000000 0.000000 0.000000 0.000000 0.000000 0.000000 0.000000 0.500000 0.000000 0.000000 0.000000
 0.000000 0.000000 0.000000 0.000000 0.000000 0.000000 0.000000 0.000000 0.000000 0.000000 0.000000 0.000000 0.500000 0.000000 0.000000 0.500000 0.000000 0.000000 0.000000 0.000000
 0.000000 0.181305 0.088581 0.000000 0.351741 0.000000 0.000000 0.000000 0.000000 0.000000 0.006464 0.000000 0.000000 0.000000 0.000000 0.000000 0.371909 0.000000 0.000000 0.000000
 0.000000 0.000000 0.000000 0.000000 0.000000 0.000000 0.000000 0.000000 0.000000 0.000000 0.000000 0.000000 0.000000 0.499988 0.000000 0.000000 0.000000 0.000000 0.500012 0.000000
 0.000000 0.185544 0.000000 0.000000 0.404974 0.402440 0.000000 0.000000 0.007042 0.000000 0.000000 0.000000 0.000000 0.000000 0.000000 0.000000 0.000000 0.000000 0.000000 0.000000
 0.000000 0.000000 0.000000 0.034727 0.000000 0.000000 0.000000 0.000000 0.000000 0.000000 0.000000 0.000000 0.000000 0.000000 0.482453 0.000000 0.000000 0.482820 0.000000 0.000000
 0.000000 0.072487 0.463719 0.000000 0.000000 0.000000 0.000000 0.463793 0.000000 0.000000 0.000000 0.000000 0.000000 0.000000 0.000000 0.000000 0.000000 0.000000 0.000000 0.000000
 0.316737 0.000000 0.000000 0.000000 0.000035 0.315046 0.000000 0.000000 0.000000 0.368180 0.000000 0.000000 0.000000 0.000000 0.000000 0.000000 0.000000 0.000000 0.000000 0.000000
 0.000000 0.000000 0.000000 0.491675 0.000000 0.000000 0.000000 0.000000 0.000000 0.000000 0.000000 0.491301 0.000000 0.000000 0.000000 0.017025 0.000000 0.000000 0.000000 0.000000
 0.000000 0.000000 0.000000 0.491469 0.000000 0.000000 0.000000 0.491512 0.000000 0.000000 0.000000 0.000000 0.000000 0.000000 0.017019 0.000000 0.000000 0.000000 0.000000 0.000000
 0.000000 0.000000 0.000000 0.000000 0.000000 0.000000 0.499999 0.000000 0.500001 0.000000 0.000000 0.000000 0.000000 0.000000 0.000000 0.000000 0.000000 0.000000 0.000000 0.000000
 0.000000 0.000000 0.000000 0.000000 0.000000 0.000000 0.000000 0.000000 0.000000 0.000000 0.000000 0.500000 0.000000 0.000000 0.000000 0.000000 0.000000 0.000000 0.000000 0.500000
 0.000000 0.000000 0.000000 0.000000 0.000000 0.000000 0.000000 0.000000 0.000000 0.500000 0.000000 0.000000 0.000000 0.000000 0.000000 0.000000 0.000000 0.000000 0.000000 0.500000
 0.000000 0.000000 0.000000 0.000000 0.000000 0.000000 0.000000 0.000000 0.000000 0.000000 0.000000 0.000000 0.000000 0.000000 0.000000 0.000000 0.000000 0.500000 0.500000 0.000000
the mean of prob-rank is 1.6842105263157894
the number of false negetive edges is 0
the number of probability greater than 0 is 3.1/edge
