20
 0.000000 0.499250 0.000000 0.000000 0.000000 0.000000 0.000000 0.000000 0.499217 0.000000 0.000000 0.000000 0.000000 0.000562 0.000000 0.000971 0.000000 0.000000 0.000000 0.000000
 0.424618 0.000000 0.000000 0.000000 0.000000 0.000000 0.000000 0.000000 0.007389 0.000000 0.000000 0.000000 0.000000 0.424010 0.000000 0.000000 0.000000 0.143983 0.000000 0.000000
 0.000000 0.000000 0.000000 0.499380 0.000000 0.499414 0.000000 0.000000 0.000000 0.000000 0.000000 0.000000 0.000000 0.000000 0.000000 0.000000 0.000000 0.000000 0.000000 0.001207
 0.000000 0.000000 0.499489 0.000000 0.000000 0.000000 0.000000 0.000000 0.000933 0.000071 0.000000 0.000000 0.000000 0.000000 0.000000 0.000000 0.000000 0.000000 0.000000 0.499508
 0.000000 0.000000 0.000000 0.000000 0.000000 0.000000 0.000000 0.000000 0.000000 0.000000 0.059571 0.459454 0.000000 0.021666 0.000000 0.000000 0.000000 0.459309 0.000000 0.000000
 0.000000 0.000000 0.499998 0.000000 0.000000 0.000000 0.000000 0.000000 0.000000 0.499998 0.000000 0.000000 0.000000 0.000000 0.000000 0.000000 0.000000 0.000000 0.000000 0.000003
 0.000000 0.000000 0.000000 0.000000 0.000000 0.000000 0.000000 0.482721 0.000000 0.000000 0.034728 0.000217 0.000000 0.000000 0.000000 0.000000 0.000000 0.000000 0.482334 0.000000
 0.000000 0.000000 0.000000 0.000000 0.000000 0.000000 0.498132 0.000000 0.000000 0.000000 0.497992 0.000000 0.000000 0.000000 0.000000 0.000000 0.000000 0.000000 0.003876 0.000000
 0.495213 0.008618 0.000000 0.000925 0.000000 0.000000 0.000000 0.000000 0.000000 0.000000 0.000000 0.000000 0.000000 0.000000 0.495245 0.000000 0.000000 0.000000 0.000000 0.000000
 0.000000 0.000000 0.000000 0.000071 0.000000 0.499964 0.000000 0.000000 0.000000 0.000000 0.000000 0.000000 0.499960 0.000000 0.000004 0.000000 0.000000 0.000000 0.000000 0.000000
 0.000000 0.000000 0.000000 0.000000 0.048345 0.000000 0.026825 0.372761 0.000000 0.000000 0.000000 0.359512 0.000000 0.000000 0.000000 0.000000 0.000000 0.192557 0.000000 0.000000
 0.000000 0.000000 0.000000 0.000000 0.339789 0.000000 0.000153 0.000000 0.000000 0.000000 0.327616 0.000000 0.000000 0.331357 0.000000 0.000000 0.000000 0.001069 0.000015 0.000000
 0.000000 0.000000 0.000000 0.000000 0.000000 0.000000 0.000000 0.000000 0.000000 0.499337 0.000000 0.000000 0.000000 0.000000 0.001248 0.000207 0.499208 0.000000 0.000000 0.000000
 0.000406 0.359842 0.000000 0.000000 0.016993 0.000000 0.000000 0.000000 0.000000 0.000000 0.000000 0.351410 0.000000 0.000000 0.000000 0.000000 0.000000 0.271349 0.000000 0.000000
 0.000000 0.000000 0.000000 0.000000 0.000000 0.000000 0.000000 0.000000 0.498170 0.000004 0.000000 0.000000 0.001246 0.000000 0.000000 0.498153 0.002428 0.000000 0.000000 0.000000
 0.000971 0.000000 0.000000 0.000000 0.000000 0.000000 0.000000 0.000000 0.000000 0.000000 0.000000 0.000000 0.000207 0.000000 0.499403 0.000000 0.499419 0.000000 0.000000 0.000000
 0.000000 0.000000 0.000000 0.000000 0.000000 0.000000 0.000000 0.000000 0.000000 0.000000 0.000000 0.000000 0.498718 0.000000 0.002431 0.498851 0.000000 0.000000 0.000000 0.000000
 0.000000 0.129854 0.000000 0.000000 0.382822 0.000000 0.000000 0.000000 0.000000 0.000000 0.197759 0.001205 0.000000 0.288360 0.000000 0.000000 0.000000 0.000000 0.000000 0.000000
 0.000000 0.000000 0.000000 0.000000 0.000000 0.000000 0.497844 0.003877 0.000000 0.000000 0.000000 0.000022 0.000000 0.000000 0.000000 0.000000 0.000000 0.000000 0.000000 0.498257
 0.000000 0.000000 0.001207 0.499388 0.000000 0.000003 0.000000 0.000000 0.000000 0.000000 0.000000 0.000000 0.000000 0.000000 0.000000 0.000000 0.000000 0.000000 0.499402 0.000000
the mean of prob-rank is 1.631578947368421
the number of false negetive edges is 0
the number of probability greater than 0 is 4.1/edge
