20
 0.000000 0.159608 0.000000 0.000000 0.000000 0.000000 0.161439 0.226005 0.000000 0.000000 0.000000 0.000000 0.237843 0.000000 0.000000 0.000000 0.133607 0.000000 0.081498 0.000000
 0.196655 0.000000 0.000000 0.000000 0.000000 0.000000 0.220505 0.000000 0.000000 0.000000 0.000000 0.000000 0.000000 0.000000 0.000000 0.293198 0.000000 0.000000 0.000000 0.289643
 0.000000 0.000000 0.000000 0.000002 0.000000 0.000000 0.000000 0.000000 0.000000 0.000000 0.500011 0.000000 0.000000 0.000000 0.000000 0.000000 0.000000 0.499987 0.000000 0.000000
 0.000000 0.000000 0.000001 0.000000 0.000000 0.153297 0.000000 0.000000 0.000000 0.000000 0.423964 0.000000 0.000000 0.000000 0.000000 0.000000 0.422617 0.000120 0.000000 0.000000
 0.000000 0.000000 0.000000 0.000000 0.000000 0.000000 0.000000 0.500000 0.000000 0.000000 0.000000 0.000000 0.000000 0.000000 0.500000 0.000000 0.000000 0.000000 0.000000 0.000000
 0.000000 0.000000 0.000000 0.153854 0.000000 0.000000 0.000000 0.000000 0.418097 0.425575 0.002474 0.000001 0.000000 0.000000 0.000000 0.000000 0.000000 0.000000 0.000000 0.000000
 0.204675 0.226895 0.000000 0.000000 0.000000 0.000000 0.000000 0.000121 0.000000 0.000000 0.000000 0.000000 0.241610 0.000000 0.000000 0.301618 0.000000 0.000000 0.000000 0.025081
 0.324227 0.000000 0.000000 0.000000 0.341383 0.000000 0.000136 0.000000 0.000000 0.000000 0.000000 0.000000 0.334253 0.000000 0.000000 0.000000 0.000000 0.000000 0.000000 0.000000
 0.000000 0.000000 0.000000 0.000000 0.000000 0.363653 0.000000 0.000000 0.000000 0.113773 0.000000 0.153161 0.000000 0.000000 0.000000 0.000000 0.369413 0.000000 0.000000 0.000000
 0.000000 0.000000 0.000000 0.000000 0.000000 0.434216 0.000000 0.000000 0.133463 0.000000 0.000000 0.432321 0.000000 0.000000 0.000000 0.000000 0.000000 0.000000 0.000000 0.000000
 0.000000 0.000000 0.498591 0.498510 0.000000 0.002899 0.000000 0.000000 0.000000 0.000000 0.000000 0.000000 0.000000 0.000000 0.000000 0.000000 0.000000 0.000000 0.000000 0.000000
 0.000000 0.000000 0.000000 0.000000 0.000000 0.000001 0.000000 0.000000 0.162468 0.390937 0.000000 0.000000 0.000000 0.064814 0.000000 0.000000 0.000060 0.000000 0.381721 0.000000
 0.359600 0.000000 0.000000 0.000000 0.000000 0.000000 0.288130 0.352269 0.000000 0.000000 0.000000 0.000000 0.000000 0.000000 0.000000 0.000000 0.000000 0.000000 0.000000 0.000000
 0.000000 0.000000 0.000000 0.000000 0.000000 0.000000 0.000000 0.000000 0.000000 0.000000 0.000000 0.076252 0.000000 0.000000 0.461804 0.000000 0.000000 0.000000 0.461944 0.000000
 0.000000 0.000000 0.000000 0.000000 0.496796 0.000000 0.000000 0.000000 0.000000 0.000000 0.000000 0.000000 0.000000 0.496646 0.000000 0.000000 0.000000 0.000000 0.006557 0.000000
 0.000000 0.497870 0.000000 0.000000 0.000000 0.000000 0.497744 0.000000 0.000000 0.000000 0.000000 0.000000 0.000000 0.000000 0.000000 0.000000 0.000000 0.000000 0.000000 0.004386
 0.207066 0.000000 0.000000 0.367568 0.000000 0.000000 0.000000 0.000000 0.368058 0.000000 0.000000 0.000056 0.000000 0.000000 0.000000 0.000000 0.000000 0.000000 0.057253 0.000000
 0.000000 0.000000 0.499919 0.000142 0.000000 0.000000 0.000000 0.000000 0.000000 0.000000 0.000000 0.000000 0.000000 0.000000 0.000000 0.000000 0.000000 0.000000 0.000000 0.499939
 0.137925 0.000000 0.000000 0.000000 0.000000 0.000000 0.000000 0.000000 0.000000 0.000000 0.000000 0.391515 0.000000 0.402725 0.005316 0.000000 0.062519 0.000000 0.000000 0.000000
 0.000000 0.474984 0.000000 0.000000 0.000000 0.000000 0.039972 0.000000 0.000000 0.000000 0.000000 0.000000 0.000000 0.000000 0.000000 0.004235 0.000000 0.480809 0.000000 0.000000
the mean of prob-rank is 1.5789473684210527
the number of false negetive edges is 0
the number of probability greater than 0 is 3.9/edge
