20
 0.000000 0.491426 0.017175 0.000000 0.000000 0.000000 0.000000 0.000000 0.000000 0.000000 0.000000 0.000000 0.000000 0.000000 0.000000 0.000000 0.491399 0.000000 0.000000 0.000000
 0.490797 0.000000 0.000000 0.000000 0.000000 0.000000 0.000000 0.490797 0.000000 0.000000 0.018406 0.000000 0.000000 0.000000 0.000000 0.000000 0.000000 0.000000 0.000000 0.000000
 0.010312 0.000000 0.000000 0.000000 0.000000 0.000000 0.001643 0.000000 0.254545 0.000000 0.000000 0.202167 0.000000 0.000000 0.239153 0.000000 0.000000 0.000000 0.292180 0.000000
 0.000000 0.000000 0.000000 0.000000 0.000000 0.000000 0.000000 0.000000 0.000000 0.338978 0.000000 0.000000 0.332459 0.328559 0.000000 0.000000 0.000004 0.000000 0.000000 0.000000
 0.000000 0.000000 0.000000 0.000000 0.000000 0.000000 0.269167 0.000000 0.000000 0.000000 0.218803 0.000000 0.000000 0.000000 0.000000 0.000000 0.000000 0.256036 0.000000 0.255994
 0.000000 0.000000 0.000000 0.000000 0.000000 0.000000 0.000000 0.000000 0.000000 0.000000 0.000000 0.000000 0.345021 0.310156 0.000000 0.000000 0.000000 0.000000 0.344823 0.000000
 0.000000 0.000000 0.001181 0.000000 0.196975 0.000000 0.000000 0.000000 0.210106 0.000000 0.164377 0.000000 0.000000 0.000000 0.000000 0.194359 0.000000 0.168709 0.000000 0.064295
 0.000000 0.490915 0.000000 0.000000 0.000000 0.000000 0.000000 0.000000 0.000000 0.000000 0.021962 0.487123 0.000000 0.000000 0.000000 0.000000 0.000000 0.000000 0.000000 0.000000
 0.000000 0.000000 0.238004 0.000000 0.000000 0.000000 0.273387 0.000000 0.000000 0.000000 0.000000 0.000000 0.000000 0.000000 0.218690 0.269919 0.000000 0.000000 0.000000 0.000000
 0.000000 0.000000 0.000000 0.498912 0.000000 0.000000 0.000000 0.000000 0.000000 0.000000 0.000000 0.000000 0.002176 0.000000 0.000000 0.000000 0.498912 0.000000 0.000000 0.000000
 0.000000 0.010992 0.000000 0.000000 0.221361 0.000000 0.227247 0.013113 0.000000 0.000000 0.000000 0.000752 0.000000 0.000000 0.000000 0.000000 0.000000 0.293117 0.000000 0.233418
 0.000000 0.000000 0.256257 0.000000 0.000000 0.000000 0.000001 0.371110 0.000000 0.000000 0.000959 0.000000 0.000000 0.000000 0.000000 0.000000 0.000000 0.000000 0.000000 0.371673
 0.000000 0.000000 0.000000 0.365205 0.000000 0.372330 0.000000 0.000000 0.000000 0.001624 0.000000 0.000000 0.000000 0.241435 0.000000 0.000000 0.000000 0.000000 0.019406 0.000000
 0.000000 0.000000 0.000000 0.241629 0.000000 0.224079 0.000000 0.000000 0.000000 0.000000 0.000000 0.000000 0.161636 0.000000 0.221197 0.000000 0.000000 0.000000 0.151459 0.000000
 0.000000 0.000000 0.232203 0.000000 0.000000 0.000000 0.000000 0.000000 0.227092 0.000000 0.000000 0.000000 0.000000 0.254195 0.000000 0.286478 0.000000 0.000000 0.000032 0.000000
 0.000000 0.000000 0.000000 0.000000 0.000000 0.000000 0.316638 0.000000 0.337950 0.000000 0.000000 0.000000 0.000000 0.000000 0.345412 0.000000 0.000000 0.000000 0.000000 0.000000
 0.499984 0.000000 0.000000 0.000005 0.000000 0.000000 0.000000 0.000000 0.000000 0.500011 0.000000 0.000000 0.000000 0.000000 0.000000 0.000000 0.000000 0.000000 0.000000 0.000000
 0.000000 0.000000 0.000000 0.000000 0.263908 0.000000 0.237629 0.000000 0.000000 0.000000 0.298638 0.000000 0.000000 0.000000 0.000000 0.000000 0.000000 0.000000 0.000000 0.199826
 0.000000 0.000000 0.373770 0.000000 0.000000 0.377196 0.000000 0.000000 0.000000 0.000000 0.000000 0.000000 0.019671 0.229321 0.000042 0.000000 0.000000 0.000000 0.000000 0.000000
 0.000000 0.000000 0.000000 0.000000 0.242334 0.000000 0.083171 0.000000 0.000000 0.000000 0.218410 0.272565 0.000000 0.000000 0.000000 0.000000 0.000000 0.183521 0.000000 0.000000
the mean of prob-rank is 1.6842105263157894
the number of false negetive edges is 0
the number of probability greater than 0 is 4.3/edge
