20
 0.000000 0.000000 0.000000 0.000000 0.401801 0.000000 0.198719 0.000000 0.000000 0.000000 0.000000 0.000000 0.000000 0.000000 0.000000 0.000000 0.001254 0.000000 0.398225 0.000000
 0.000000 0.000000 0.000000 0.000000 0.000000 0.000000 0.000000 0.000000 0.000000 0.000000 0.500009 0.000000 0.499991 0.000000 0.000000 0.000000 0.000000 0.000000 0.000000 0.000000
 0.000000 0.000000 0.000000 0.155133 0.000000 0.000000 0.000000 0.000000 0.000000 0.000074 0.000000 0.325301 0.000000 0.000000 0.000000 0.000000 0.000000 0.322539 0.196953 0.000000
 0.000000 0.000000 0.179727 0.000000 0.364816 0.000000 0.000000 0.000000 0.000000 0.377851 0.000000 0.000000 0.000000 0.000000 0.000000 0.000000 0.000000 0.056908 0.020698 0.000000
 0.358589 0.000000 0.000000 0.346165 0.000000 0.000000 0.007845 0.000000 0.000000 0.026631 0.001888 0.000000 0.000000 0.000000 0.000000 0.000000 0.000000 0.000000 0.258882 0.000000
 0.000000 0.000000 0.000000 0.000000 0.000000 0.000000 0.000000 0.000000 0.350515 0.000000 0.000000 0.000000 0.000000 0.000001 0.322148 0.000000 0.000000 0.000000 0.000000 0.327336
 0.198784 0.000000 0.000000 0.000000 0.008793 0.000000 0.000000 0.000000 0.000000 0.000000 0.000000 0.000000 0.000000 0.000000 0.000000 0.000000 0.401673 0.000000 0.390749 0.000000
 0.000000 0.000000 0.000000 0.000000 0.000000 0.000000 0.000000 0.000000 0.000000 0.000000 0.000000 0.000000 0.000000 0.000000 0.499998 0.500002 0.000000 0.000000 0.000000 0.000000
 0.000000 0.000000 0.000000 0.000000 0.000000 0.364738 0.000000 0.000000 0.000000 0.000000 0.000000 0.000000 0.000000 0.000000 0.335055 0.000000 0.000000 0.000000 0.000000 0.300207
 0.000000 0.000000 0.000110 0.482006 0.035803 0.000000 0.000000 0.000000 0.000000 0.000000 0.000000 0.000002 0.000000 0.000000 0.000000 0.000000 0.000000 0.482080 0.000000 0.000000
 0.000000 0.498687 0.000000 0.000000 0.002625 0.000000 0.000000 0.000000 0.000000 0.000000 0.000000 0.000000 0.000000 0.000000 0.000000 0.000000 0.498687 0.000000 0.000000 0.000000
 0.000000 0.000000 0.404021 0.000000 0.000000 0.000000 0.000000 0.000000 0.000000 0.000002 0.000000 0.000000 0.000000 0.000000 0.000000 0.000000 0.000000 0.190844 0.000000 0.405133
 0.000000 0.499886 0.000000 0.000000 0.000000 0.000000 0.000000 0.000000 0.000000 0.000000 0.000000 0.000000 0.000000 0.499903 0.000000 0.000211 0.000000 0.000000 0.000000 0.000000
 0.000000 0.000000 0.000000 0.000000 0.000000 0.000001 0.000000 0.000000 0.000000 0.000000 0.000000 0.000000 0.499999 0.000000 0.000000 0.499999 0.000000 0.000000 0.000000 0.000000
 0.000000 0.000000 0.000000 0.000000 0.000000 0.323881 0.000000 0.352398 0.323721 0.000000 0.000000 0.000000 0.000000 0.000000 0.000000 0.000000 0.000000 0.000000 0.000000 0.000000
 0.000000 0.000000 0.000000 0.000000 0.000000 0.000000 0.000000 0.499895 0.000000 0.000000 0.000000 0.000000 0.000211 0.499895 0.000000 0.000000 0.000000 0.000000 0.000000 0.000000
 0.001551 0.000000 0.000000 0.000000 0.000000 0.000000 0.496661 0.000000 0.000000 0.000000 0.496982 0.000000 0.000000 0.000000 0.000000 0.000000 0.000000 0.000000 0.004806 0.000000
 0.000000 0.000000 0.378782 0.057686 0.000000 0.000000 0.000000 0.000000 0.000000 0.383078 0.000000 0.180454 0.000000 0.000000 0.000000 0.000000 0.000000 0.000000 0.000000 0.000000
 0.295547 0.000000 0.180049 0.016333 0.215285 0.000000 0.289903 0.000000 0.000000 0.000000 0.000000 0.000000 0.000000 0.000000 0.000000 0.000000 0.002884 0.000000 0.000000 0.000000
 0.000000 0.000000 0.000000 0.000000 0.000000 0.338734 0.000000 0.000000 0.298546 0.000000 0.000000 0.362719 0.000000 0.000000 0.000000 0.000000 0.000000 0.000000 0.000000 0.000000
the mean of prob-rank is 1.6842105263157894
the number of false negetive edges is 0
the number of probability greater than 0 is 3.8/edge
