20
 0.000000 0.191023 0.255524 0.068174 0.000000 0.181227 0.000000 0.268505 0.000000 0.000000 0.000000 0.000000 0.000000 0.000000 0.035547 0.000000 0.000000 0.000000 0.000000 0.000000
 0.236048 0.000000 0.000000 0.094313 0.000000 0.332606 0.000000 0.015540 0.320988 0.000000 0.000000 0.000000 0.000000 0.000000 0.000505 0.000000 0.000000 0.000000 0.000000 0.000000
 0.264715 0.000000 0.000000 0.000957 0.000000 0.177392 0.000000 0.043443 0.000000 0.278752 0.000000 0.000000 0.000000 0.000000 0.234403 0.000000 0.000000 0.000338 0.000000 0.000000
 0.074817 0.083759 0.001014 0.000000 0.000000 0.259099 0.000000 0.286546 0.000000 0.000000 0.000000 0.000000 0.000000 0.000000 0.294766 0.000000 0.000000 0.000000 0.000000 0.000000
 0.000000 0.000000 0.000000 0.000000 0.000000 0.000000 0.000076 0.000000 0.000000 0.000000 0.000000 0.000000 0.000000 0.000000 0.000004 0.499973 0.000000 0.000000 0.000000 0.499947
 0.191073 0.283787 0.180536 0.248924 0.000000 0.000000 0.000000 0.094495 0.000016 0.000000 0.000000 0.000000 0.000000 0.000000 0.001168 0.000000 0.000000 0.000000 0.000000 0.000000
 0.000000 0.000000 0.000000 0.000000 0.000076 0.000000 0.000000 0.000000 0.000000 0.000000 0.000000 0.000000 0.000000 0.499979 0.000000 0.499945 0.000000 0.000000 0.000000 0.000000
 0.299860 0.014044 0.046832 0.291598 0.000000 0.100091 0.000000 0.000000 0.000000 0.000000 0.000000 0.000000 0.000000 0.000000 0.247575 0.000000 0.000000 0.000000 0.000000 0.000000
 0.000000 0.352253 0.000000 0.000000 0.000000 0.000021 0.000000 0.000000 0.000000 0.000000 0.000000 0.000000 0.000000 0.364690 0.283036 0.000000 0.000000 0.000000 0.000000 0.000000
 0.000000 0.000000 0.499917 0.000000 0.000000 0.000000 0.000000 0.000000 0.000000 0.000000 0.000000 0.000000 0.000000 0.000000 0.000000 0.000000 0.000000 0.500083 0.000000 0.000000
 0.000000 0.000000 0.000000 0.000000 0.000000 0.000000 0.000000 0.000000 0.000000 0.000000 0.000000 0.000000 0.000001 0.000000 0.000000 0.000000 0.499994 0.000000 0.000000 0.500005
 0.000000 0.000000 0.000000 0.000000 0.000000 0.000000 0.000000 0.000000 0.000000 0.000000 0.000000 0.000000 0.497939 0.000000 0.000000 0.000000 0.000373 0.003796 0.497892 0.000000
 0.000000 0.000000 0.000000 0.000000 0.000000 0.000000 0.000000 0.000000 0.000000 0.000000 0.000001 0.499774 0.000000 0.000000 0.000000 0.000000 0.000000 0.499348 0.000877 0.000000
 0.000000 0.000000 0.000000 0.000000 0.000000 0.000000 0.500214 0.000000 0.499786 0.000000 0.000000 0.000000 0.000000 0.000000 0.000000 0.000000 0.000000 0.000000 0.000000 0.000000
 0.036938 0.000424 0.235121 0.279110 0.000003 0.001151 0.000000 0.230365 0.216888 0.000000 0.000000 0.000000 0.000000 0.000000 0.000000 0.000000 0.000000 0.000000 0.000000 0.000000
 0.000000 0.000000 0.000000 0.000000 0.499623 0.000000 0.499589 0.000000 0.000000 0.000000 0.000000 0.000000 0.000000 0.000000 0.000000 0.000000 0.000000 0.000000 0.000000 0.000788
 0.000000 0.000000 0.000000 0.000000 0.000000 0.000000 0.000000 0.000000 0.000000 0.000000 0.499808 0.000374 0.000000 0.000000 0.000000 0.000000 0.000000 0.000000 0.499818 0.000000
 0.000000 0.000000 0.000604 0.000000 0.000000 0.000000 0.000000 0.000000 0.000000 0.498012 0.000000 0.003797 0.497587 0.000000 0.000000 0.000000 0.000000 0.000000 0.000000 0.000000
 0.000000 0.000000 0.000000 0.000000 0.000000 0.000000 0.000000 0.000000 0.000000 0.000000 0.000000 0.499538 0.000877 0.000000 0.000000 0.000000 0.499585 0.000000 0.000000 0.000000
 0.000000 0.000000 0.000000 0.000000 0.499593 0.000000 0.000000 0.000000 0.000000 0.000000 0.499619 0.000000 0.000000 0.000000 0.000000 0.000788 0.000000 0.000000 0.000000 0.000000
the mean of prob-rank is 1.736842105263158
the number of false negetive edges is 0
the number of probability greater than 0 is 4.3/edge
