20
 0.000000 0.000000 0.361695 0.000000 0.000000 0.358057 0.000000 0.000000 0.000000 0.000000 0.000000 0.000000 0.227954 0.000000 0.000000 0.000000 0.000000 0.052293 0.000000 0.000000
 0.000000 0.000000 0.000000 0.499982 0.000000 0.000000 0.000000 0.000000 0.499978 0.000000 0.000000 0.000000 0.000000 0.000000 0.000040 0.000000 0.000000 0.000000 0.000000 0.000000
 0.311017 0.000000 0.000000 0.000000 0.000000 0.284123 0.000000 0.000000 0.000000 0.000000 0.000000 0.000000 0.000062 0.295585 0.000000 0.032291 0.000000 0.076922 0.000000 0.000000
 0.000000 0.496002 0.000000 0.000000 0.000000 0.000000 0.000000 0.000000 0.000219 0.000000 0.000000 0.000000 0.000000 0.000000 0.496001 0.000000 0.000000 0.000000 0.000000 0.007777
 0.000000 0.000000 0.000000 0.000000 0.000000 0.000000 0.000000 0.000000 0.000000 0.000000 0.499997 0.500003 0.000000 0.000000 0.000000 0.000000 0.000000 0.000000 0.000000 0.000000
 0.288696 0.000000 0.266412 0.000000 0.000000 0.000000 0.000000 0.000000 0.000000 0.000000 0.000000 0.000000 0.183789 0.000132 0.000000 0.004197 0.000000 0.256775 0.000000 0.000000
 0.000000 0.000000 0.000000 0.000000 0.000000 0.000000 0.000000 0.000000 0.000000 0.000000 0.500000 0.000000 0.000000 0.000000 0.000000 0.000000 0.500000 0.000000 0.000000 0.000000
 0.000000 0.000000 0.000000 0.000000 0.000000 0.000000 0.000000 0.000000 0.000000 0.500086 0.000000 0.000000 0.499912 0.000001 0.000000 0.000000 0.000000 0.000000 0.000000 0.000001
 0.000000 0.499899 0.000000 0.000221 0.000000 0.000000 0.000000 0.000000 0.000000 0.000000 0.000000 0.000000 0.000000 0.499880 0.000000 0.000000 0.000000 0.000000 0.000000 0.000000
 0.000000 0.000000 0.000000 0.000000 0.000000 0.000000 0.000000 0.499998 0.000000 0.000000 0.000000 0.000000 0.000000 0.000000 0.000000 0.000000 0.500002 0.000000 0.000000 0.000000
 0.000000 0.000000 0.000000 0.000000 0.499997 0.000000 0.500003 0.000000 0.000000 0.000000 0.000000 0.000000 0.000000 0.000000 0.000000 0.000000 0.000000 0.000000 0.000000 0.000000
 0.000000 0.000000 0.000000 0.000000 0.500109 0.000000 0.000000 0.000000 0.000000 0.000000 0.000000 0.000000 0.000000 0.000000 0.000000 0.000000 0.000000 0.000000 0.499891 0.000000
 0.162302 0.000000 0.000051 0.000000 0.000000 0.162295 0.000000 0.257433 0.000000 0.000000 0.000000 0.000000 0.000000 0.000971 0.000000 0.191350 0.000000 0.225597 0.000000 0.000000
 0.000000 0.000000 0.326629 0.000000 0.000000 0.000155 0.000000 0.000000 0.343666 0.000000 0.000000 0.000000 0.001295 0.000000 0.000000 0.325312 0.000000 0.002942 0.000000 0.000000
 0.000000 0.000040 0.000000 0.500049 0.000000 0.000000 0.000000 0.000000 0.000000 0.000000 0.000000 0.000000 0.000000 0.000000 0.000000 0.000000 0.000000 0.000000 0.000000 0.499911
 0.000000 0.000000 0.037180 0.000000 0.000000 0.005154 0.000000 0.000000 0.000000 0.000000 0.000000 0.000000 0.266089 0.338969 0.000000 0.000000 0.000000 0.352608 0.000000 0.000000
 0.000000 0.000000 0.000000 0.000000 0.000000 0.000000 0.500000 0.000000 0.000000 0.500000 0.000000 0.000000 0.000000 0.000000 0.000000 0.000000 0.000000 0.000000 0.000000 0.000000
 0.046020 0.000000 0.078726 0.000000 0.000000 0.280266 0.000000 0.000000 0.000000 0.000000 0.000000 0.000000 0.278846 0.002725 0.000000 0.313418 0.000000 0.000000 0.000000 0.000000
 0.000000 0.000000 0.000000 0.000000 0.000000 0.000000 0.000000 0.000000 0.000000 0.000000 0.000000 0.499892 0.000000 0.000000 0.000000 0.000000 0.000000 0.000000 0.000000 0.500108
 0.000000 0.000000 0.000000 0.007780 0.000000 0.000000 0.000000 0.000001 0.000000 0.000000 0.000000 0.000000 0.000000 0.000000 0.496041 0.000000 0.000000 0.000000 0.496178 0.000000
the mean of prob-rank is 1.8421052631578947
the number of false negetive edges is 0
the number of probability greater than 0 is 3.7/edge
