20
 0.000000 0.000000 0.000000 0.000000 0.020844 0.000000 0.000000 0.000000 0.000000 0.489374 0.000000 0.000000 0.000000 0.000000 0.000000 0.000000 0.000023 0.489759 0.000000 0.000000
 0.000000 0.000000 0.000000 0.000000 0.499998 0.000000 0.000000 0.000000 0.000000 0.000000 0.000000 0.000000 0.000000 0.000000 0.000000 0.500002 0.000000 0.000000 0.000000 0.000000
 0.000000 0.000000 0.000000 0.000000 0.000000 0.000000 0.095798 0.257415 0.000000 0.000000 0.051448 0.008424 0.003071 0.272116 0.000000 0.088270 0.000000 0.000000 0.000000 0.223459
 0.000000 0.000000 0.000000 0.000000 0.000000 0.000000 0.000000 0.000000 0.000000 0.000000 0.002690 0.000000 0.049689 0.000000 0.461957 0.000000 0.000000 0.023987 0.461676 0.000000
 0.020819 0.489212 0.000000 0.000000 0.000000 0.000000 0.000000 0.000000 0.000000 0.000000 0.000000 0.000000 0.000000 0.000000 0.000000 0.000762 0.000000 0.489206 0.000000 0.000000
 0.000000 0.000000 0.000000 0.000000 0.000000 0.000000 0.000000 0.000000 0.500133 0.000000 0.000000 0.499845 0.000000 0.000000 0.000000 0.000021 0.000000 0.000000 0.000000 0.000000
 0.000000 0.000000 0.142298 0.000000 0.000000 0.000000 0.000000 0.000000 0.000000 0.000000 0.000001 0.000000 0.422571 0.000000 0.000000 0.418761 0.000000 0.000000 0.016369 0.000000
 0.000000 0.000000 0.326041 0.000000 0.000000 0.000000 0.000000 0.000000 0.000000 0.000000 0.312790 0.000000 0.000000 0.361159 0.000000 0.000000 0.000000 0.000000 0.000000 0.000009
 0.000000 0.000000 0.000000 0.000000 0.000000 0.499026 0.000000 0.000000 0.000000 0.002036 0.000000 0.000000 0.000000 0.000000 0.000000 0.000000 0.498938 0.000000 0.000000 0.000000
 0.498766 0.000000 0.000000 0.000000 0.000000 0.000000 0.000000 0.000000 0.002036 0.000000 0.000000 0.000000 0.000000 0.000000 0.000000 0.000000 0.499197 0.000000 0.000000 0.000000
 0.000000 0.000000 0.068360 0.002206 0.000000 0.000000 0.000001 0.328136 0.000000 0.000000 0.000000 0.000000 0.162323 0.004929 0.378880 0.000000 0.000000 0.000000 0.055164 0.000000
 0.000000 0.000000 0.014561 0.000000 0.000000 0.492578 0.000000 0.000000 0.000000 0.000000 0.000000 0.000000 0.000000 0.000000 0.000000 0.000000 0.000000 0.000000 0.000000 0.492861
 0.000000 0.000000 0.004098 0.040932 0.000000 0.000000 0.379650 0.000000 0.000000 0.000000 0.163031 0.000000 0.000000 0.000000 0.000000 0.031749 0.000000 0.000000 0.380541 0.000000
 0.000000 0.000000 0.350400 0.000000 0.000000 0.000000 0.000000 0.367173 0.000000 0.000000 0.004777 0.000000 0.000000 0.000000 0.000000 0.000000 0.000000 0.000000 0.000000 0.277650
 0.000000 0.000000 0.000000 0.500007 0.000000 0.000000 0.000000 0.000000 0.000000 0.000000 0.499993 0.000000 0.000000 0.000000 0.000000 0.000000 0.000000 0.000000 0.000000 0.000000
 0.000000 0.411481 0.127377 0.000000 0.000641 0.000018 0.406818 0.000000 0.000000 0.000000 0.000000 0.000000 0.034330 0.000000 0.000000 0.000000 0.000003 0.000000 0.019332 0.000000
 0.000024 0.000000 0.000000 0.000000 0.000000 0.000000 0.000000 0.000000 0.499943 0.500030 0.000000 0.000000 0.000000 0.000000 0.000000 0.000003 0.000000 0.000000 0.000000 0.000000
 0.487333 0.000000 0.000000 0.025307 0.487359 0.000000 0.000000 0.000000 0.000000 0.000000 0.000000 0.000000 0.000000 0.000000 0.000000 0.000000 0.000000 0.000000 0.000000 0.000000
 0.000000 0.000000 0.000000 0.448035 0.000000 0.000000 0.017325 0.000000 0.000000 0.000000 0.065271 0.000000 0.448307 0.000000 0.000000 0.021062 0.000000 0.000000 0.000000 0.000000
 0.000000 0.000000 0.308544 0.000000 0.000000 0.000000 0.000000 0.000010 0.000000 0.000000 0.000000 0.393726 0.000000 0.297720 0.000000 0.000000 0.000000 0.000000 0.000000 0.000000
the mean of prob-rank is 1.4736842105263157
the number of false negetive edges is 0
the number of probability greater than 0 is 4.3/edge
