20
 0.000000 0.500000 0.000000 0.000000 0.000000 0.000000 0.000000 0.000000 0.000000 0.000000 0.000000 0.500000 0.000000 0.000000 0.000000 0.000000 0.000000 0.000000 0.000000 0.000000
 0.418742 0.000000 0.000000 0.000106 0.000000 0.000000 0.000000 0.000000 0.000000 0.000000 0.000000 0.000000 0.000000 0.000000 0.000000 0.000000 0.000018 0.414381 0.000000 0.166753
 0.000000 0.000000 0.000000 0.000000 0.000000 0.000000 0.062643 0.000000 0.000000 0.000000 0.000000 0.000000 0.468720 0.468636 0.000000 0.000000 0.000000 0.000000 0.000000 0.000000
 0.000000 0.000126 0.000000 0.000000 0.000000 0.000000 0.000000 0.000000 0.499944 0.000000 0.000000 0.000000 0.000000 0.000000 0.000000 0.000000 0.499930 0.000000 0.000000 0.000000
 0.000000 0.000000 0.000000 0.000000 0.000000 0.308295 0.000000 0.336892 0.000000 0.000000 0.000000 0.000000 0.000000 0.000000 0.000000 0.354812 0.000000 0.000000 0.000000 0.000000
 0.000000 0.000000 0.000000 0.000000 0.241597 0.000000 0.000000 0.269669 0.000000 0.000000 0.000000 0.233708 0.000000 0.000000 0.000000 0.255027 0.000000 0.000000 0.000000 0.000000
 0.000000 0.000000 0.050507 0.000000 0.000000 0.000000 0.000000 0.000000 0.372496 0.377910 0.000031 0.000000 0.000000 0.189391 0.009665 0.000000 0.000000 0.000000 0.000000 0.000000
 0.000000 0.000000 0.000000 0.000000 0.309982 0.316629 0.000000 0.000000 0.000000 0.000000 0.000000 0.000000 0.000000 0.000000 0.000000 0.013529 0.000000 0.036960 0.322901 0.000000
 0.000000 0.000000 0.000000 0.353250 0.000000 0.000000 0.348190 0.000000 0.000000 0.209996 0.000000 0.000000 0.000000 0.088564 0.000000 0.000000 0.000000 0.000000 0.000000 0.000000
 0.000000 0.000000 0.000000 0.000000 0.000000 0.000000 0.389951 0.000000 0.231814 0.000000 0.000000 0.000000 0.000000 0.372665 0.005570 0.000000 0.000000 0.000000 0.000000 0.000000
 0.000000 0.000000 0.000000 0.000000 0.000000 0.000000 0.000041 0.000000 0.000000 0.000000 0.000000 0.000000 0.000000 0.000000 0.499961 0.000000 0.000000 0.000000 0.499998 0.000000
 0.358983 0.000000 0.000000 0.000000 0.000000 0.301733 0.000000 0.000000 0.000000 0.000000 0.000000 0.000000 0.000000 0.000000 0.000000 0.339283 0.000000 0.000000 0.000000 0.000000
 0.000000 0.000000 0.500000 0.000000 0.000000 0.000000 0.000000 0.000000 0.000000 0.000000 0.000000 0.000000 0.000000 0.000000 0.500000 0.000000 0.000000 0.000000 0.000000 0.000000
 0.000000 0.000000 0.369298 0.000000 0.000000 0.000000 0.185108 0.000000 0.092603 0.352991 0.000000 0.000000 0.000000 0.000000 0.000000 0.000000 0.000000 0.000000 0.000000 0.000000
 0.000000 0.000000 0.000000 0.000000 0.000000 0.000000 0.012538 0.000000 0.000000 0.007003 0.490212 0.000000 0.490247 0.000000 0.000000 0.000000 0.000000 0.000000 0.000000 0.000000
 0.000000 0.000000 0.000000 0.000000 0.344381 0.315865 0.000000 0.014271 0.000000 0.000000 0.000000 0.325483 0.000000 0.000000 0.000000 0.000000 0.000000 0.000000 0.000000 0.000000
 0.000000 0.000021 0.000000 0.477203 0.000000 0.000000 0.000000 0.000000 0.000000 0.000000 0.000000 0.000000 0.000000 0.000000 0.000000 0.000000 0.000000 0.045708 0.000000 0.477069
 0.000000 0.382753 0.000000 0.000000 0.000000 0.000000 0.000000 0.043787 0.000000 0.000000 0.000000 0.000000 0.000000 0.000000 0.000000 0.000000 0.037046 0.000000 0.150925 0.385489
 0.000000 0.000000 0.000000 0.000000 0.000000 0.000000 0.000000 0.415700 0.000000 0.000000 0.420297 0.000000 0.000000 0.000000 0.000000 0.000000 0.000000 0.164003 0.000000 0.000000
 0.000000 0.166303 0.000000 0.000000 0.000000 0.000000 0.000000 0.000000 0.000000 0.000000 0.000000 0.000000 0.000000 0.000000 0.000000 0.000000 0.417482 0.416216 0.000000 0.000000
the mean of prob-rank is 1.7894736842105263
the number of false negetive edges is 0
the number of probability greater than 0 is 3.7/edge
