20
 0.000000 0.000000 0.000000 0.000000 0.486968 0.000000 0.000000 0.000000 0.000000 0.000000 0.000000 0.026192 0.000000 0.000000 0.000000 0.000000 0.000000 0.486841 0.000000 0.000000
 0.000000 0.000000 0.000000 0.000194 0.000000 0.000000 0.295968 0.006741 0.000000 0.223620 0.230170 0.227905 0.000000 0.015403 0.000000 0.000000 0.000000 0.000000 0.000000 0.000000
 0.000000 0.000000 0.000000 0.000000 0.000000 0.000000 0.000000 0.386007 0.002067 0.000000 0.000000 0.003346 0.000000 0.000490 0.222699 0.000000 0.000000 0.000000 0.000000 0.385391
 0.000000 0.000227 0.000000 0.000000 0.344568 0.000000 0.000138 0.000000 0.000000 0.309210 0.000000 0.000000 0.345857 0.000000 0.000000 0.000000 0.000000 0.000000 0.000000 0.000000
 0.435140 0.000000 0.000000 0.433466 0.000000 0.000000 0.000000 0.000000 0.000000 0.000000 0.000000 0.000000 0.131395 0.000000 0.000000 0.000000 0.000000 0.000000 0.000000 0.000000
 0.000000 0.000000 0.000000 0.000000 0.000000 0.000000 0.000000 0.000000 0.000000 0.000000 0.000000 0.000000 0.000000 0.000000 0.498847 0.002297 0.498855 0.000000 0.000000 0.000000
 0.000000 0.312756 0.000000 0.000125 0.000000 0.000000 0.000000 0.002407 0.000000 0.245169 0.305875 0.121249 0.000000 0.012419 0.000000 0.000000 0.000000 0.000000 0.000000 0.000000
 0.000000 0.007339 0.322230 0.000000 0.000000 0.000000 0.002480 0.000000 0.022408 0.000000 0.000000 0.264550 0.000000 0.319679 0.017502 0.000000 0.000000 0.000000 0.000000 0.043811
 0.000000 0.000000 0.001830 0.000000 0.000000 0.000000 0.000000 0.023771 0.000000 0.000000 0.000000 0.151983 0.000000 0.000000 0.000000 0.341248 0.000000 0.000000 0.171373 0.309795
 0.000000 0.212782 0.000000 0.251752 0.000000 0.000000 0.220764 0.000000 0.000000 0.000000 0.033185 0.000000 0.281516 0.000000 0.000000 0.000000 0.000000 0.000000 0.000000 0.000000
 0.000000 0.265105 0.000000 0.000000 0.000000 0.000000 0.333390 0.000000 0.000000 0.040168 0.000000 0.000000 0.024524 0.336812 0.000000 0.000000 0.000000 0.000000 0.000000 0.000000
 0.013295 0.190342 0.002143 0.000000 0.000000 0.000000 0.095829 0.202938 0.109903 0.000000 0.000000 0.000000 0.000000 0.000000 0.000000 0.000000 0.000000 0.127147 0.240946 0.017456
 0.000000 0.000000 0.000000 0.421286 0.127227 0.000000 0.000000 0.000000 0.000000 0.421176 0.030312 0.000000 0.000000 0.000000 0.000000 0.000000 0.000000 0.000000 0.000000 0.000000
 0.000000 0.018776 0.000458 0.000000 0.000000 0.000000 0.014326 0.357924 0.000000 0.000000 0.356467 0.000000 0.000000 0.000000 0.252048 0.000000 0.000000 0.000000 0.000000 0.000000
 0.000000 0.000000 0.174778 0.000000 0.000000 0.302941 0.000000 0.016454 0.000000 0.000000 0.000000 0.000000 0.000000 0.211643 0.000000 0.000000 0.001379 0.000000 0.000000 0.292805
 0.000000 0.000000 0.000000 0.000000 0.000000 0.001879 0.000000 0.000000 0.407430 0.000000 0.000000 0.000000 0.000000 0.000000 0.000000 0.000000 0.408121 0.000000 0.181092 0.001478
 0.000000 0.000000 0.000000 0.000000 0.000000 0.498865 0.000000 0.000000 0.000000 0.000000 0.000000 0.000000 0.000000 0.000000 0.002271 0.498864 0.000000 0.000000 0.000000 0.000000
 0.397826 0.000000 0.000000 0.000000 0.000000 0.000000 0.000000 0.000000 0.000000 0.000000 0.000000 0.204687 0.000000 0.000000 0.000000 0.000000 0.000000 0.000000 0.397487 0.000000
 0.000000 0.000000 0.000000 0.000000 0.000000 0.000000 0.000000 0.000000 0.171769 0.000000 0.000000 0.333969 0.000000 0.000000 0.000000 0.152027 0.000000 0.342236 0.000000 0.000000
 0.000000 0.000000 0.324006 0.000000 0.000000 0.000000 0.000000 0.044123 0.294115 0.000000 0.000000 0.022918 0.000000 0.000000 0.313663 0.001175 0.000000 0.000000 0.000000 0.000000
the mean of prob-rank is 1.8421052631578947
the number of false negetive edges is 0
the number of probability greater than 0 is 5.2/edge
