20
 0.000000 0.000188 0.000000 0.273509 0.000000 0.000000 0.300542 0.000000 0.000000 0.000000 0.283082 0.017610 0.125057 0.000000 0.000004 0.000000 0.000000 0.000000 0.000000 0.000009
 0.000281 0.000000 0.000000 0.024819 0.000000 0.000000 0.069216 0.000000 0.000001 0.000000 0.000000 0.000000 0.454209 0.000000 0.000000 0.000000 0.000000 0.000000 0.000000 0.451473
 0.000000 0.000000 0.000000 0.000000 0.500000 0.000000 0.000000 0.000000 0.000000 0.000000 0.000000 0.000000 0.000000 0.000000 0.500000 0.000000 0.000000 0.000000 0.000000 0.000000
 0.241107 0.014640 0.000000 0.000000 0.000000 0.000000 0.140448 0.000000 0.029083 0.000000 0.000000 0.000000 0.000000 0.000000 0.000000 0.000000 0.218486 0.267760 0.000000 0.088476
 0.000000 0.000000 0.500000 0.000000 0.000000 0.000000 0.000000 0.000000 0.000000 0.000000 0.000000 0.000000 0.000000 0.000000 0.000000 0.000000 0.000000 0.000000 0.500000 0.000000
 0.000000 0.000000 0.000000 0.000000 0.000000 0.000000 0.000000 0.409350 0.203753 0.000000 0.000000 0.000000 0.000000 0.000000 0.000000 0.385473 0.000008 0.000000 0.000000 0.001417
 0.370507 0.057098 0.000000 0.196412 0.000000 0.000000 0.000000 0.000000 0.000000 0.000000 0.000000 0.000000 0.374169 0.000000 0.000000 0.000000 0.000000 0.000000 0.000000 0.001814
 0.000000 0.000000 0.000000 0.000000 0.000000 0.499995 0.000000 0.000000 0.000000 0.499995 0.000000 0.000000 0.000000 0.000000 0.000000 0.000010 0.000000 0.000000 0.000000 0.000000
 0.000000 0.000001 0.000000 0.041242 0.000000 0.189122 0.000000 0.000000 0.000000 0.000000 0.000000 0.000000 0.000000 0.000000 0.000000 0.012872 0.377327 0.000000 0.000000 0.379437
 0.000000 0.000000 0.000000 0.000000 0.000000 0.000000 0.000000 0.500000 0.000000 0.000000 0.000000 0.000000 0.000001 0.000000 0.000000 0.000000 0.000000 0.000000 0.500000 0.000000
 0.350652 0.000000 0.000000 0.000000 0.000000 0.000000 0.000000 0.000000 0.000000 0.000000 0.000000 0.376497 0.000000 0.000000 0.000016 0.000000 0.000000 0.272835 0.000000 0.000000
 0.028157 0.000000 0.000000 0.000000 0.000000 0.000000 0.000000 0.000000 0.000000 0.000000 0.485999 0.000000 0.000000 0.000000 0.485844 0.000000 0.000000 0.000000 0.000000 0.000000
 0.170689 0.414834 0.000000 0.000000 0.000000 0.000000 0.414260 0.000000 0.000000 0.000001 0.000000 0.000000 0.000000 0.000000 0.000000 0.000000 0.000000 0.000000 0.000000 0.000215
 0.000000 0.000000 0.000000 0.000000 0.000000 0.000000 0.000000 0.000000 0.000000 0.000000 0.000000 0.000000 0.000000 0.000000 0.000000 0.374188 0.346948 0.278864 0.000000 0.000000
 0.000006 0.000000 0.500066 0.000000 0.000000 0.000000 0.000000 0.000000 0.000000 0.000000 0.000022 0.499906 0.000000 0.000000 0.000000 0.000000 0.000000 0.000000 0.000000 0.000000
 0.000000 0.000000 0.000000 0.000000 0.000000 0.329814 0.000000 0.000007 0.011865 0.000000 0.000000 0.000000 0.000000 0.350243 0.000000 0.000000 0.308072 0.000000 0.000000 0.000000
 0.000000 0.000000 0.000000 0.195468 0.000000 0.000004 0.000000 0.000000 0.238053 0.000000 0.000000 0.000000 0.000000 0.222261 0.000000 0.210849 0.000000 0.126723 0.000000 0.006643
 0.000000 0.000000 0.000000 0.333344 0.000000 0.000000 0.000000 0.000000 0.000000 0.000000 0.241725 0.000000 0.000000 0.248591 0.000000 0.000000 0.176340 0.000000 0.000000 0.000000
 0.000000 0.000000 0.000000 0.000000 0.500000 0.000000 0.000000 0.000000 0.000000 0.500000 0.000000 0.000000 0.000000 0.000000 0.000000 0.000000 0.000000 0.000000 0.000000 0.000000
 0.000013 0.421276 0.000000 0.139959 0.000000 0.001467 0.002051 0.000000 0.423269 0.000000 0.000000 0.000000 0.000220 0.000000 0.000000 0.000000 0.011745 0.000000 0.000000 0.000000
the mean of prob-rank is 1.9473684210526316
the number of false negetive edges is 0
the number of probability greater than 0 is 4.5/edge
