20
 0.000000 0.000000 0.000000 0.000000 0.000000 0.000000 0.000000 0.000000 0.000000 0.000000 0.000000 0.000000 0.500012 0.000000 0.000000 0.000000 0.000000 0.499988 0.000000 0.000000
 0.000000 0.000000 0.000000 0.000000 0.000000 0.499655 0.000000 0.000677 0.499668 0.000000 0.000000 0.000000 0.000000 0.000000 0.000000 0.000000 0.000000 0.000000 0.000000 0.000000
 0.000000 0.000000 0.000000 0.000627 0.000000 0.000000 0.000000 0.000000 0.000000 0.000000 0.000000 0.000000 0.000000 0.499692 0.000000 0.000000 0.000000 0.000000 0.499681 0.000000
 0.000000 0.000000 0.000620 0.000000 0.000000 0.000000 0.000000 0.000000 0.000000 0.008094 0.493811 0.000000 0.000000 0.000000 0.000000 0.008629 0.000000 0.488134 0.000713 0.000000
 0.000000 0.000000 0.000000 0.000000 0.000000 0.000000 0.000000 0.000000 0.000000 0.228208 0.000000 0.000000 0.000000 0.000000 0.387802 0.000000 0.383123 0.000000 0.000000 0.000866
 0.000000 0.499994 0.000000 0.000000 0.000000 0.000000 0.000000 0.000000 0.000000 0.000000 0.000000 0.000000 0.000000 0.000000 0.000000 0.000000 0.500006 0.000000 0.000000 0.000000
 0.000000 0.000000 0.000000 0.000000 0.000000 0.000000 0.000000 0.000000 0.499999 0.000000 0.000000 0.000000 0.000000 0.500001 0.000000 0.000000 0.000000 0.000000 0.000000 0.000000
 0.000000 0.000642 0.000000 0.000000 0.000000 0.000000 0.000000 0.000000 0.000000 0.000000 0.000000 0.474050 0.000000 0.000000 0.471462 0.000000 0.053846 0.000000 0.000000 0.000000
 0.000000 0.500001 0.000000 0.000000 0.000000 0.000000 0.499999 0.000000 0.000000 0.000000 0.000000 0.000000 0.000000 0.000000 0.000000 0.000000 0.000000 0.000000 0.000000 0.000000
 0.000000 0.000000 0.000000 0.005018 0.180151 0.000000 0.000000 0.000000 0.000000 0.000000 0.033677 0.000000 0.297829 0.000000 0.000022 0.000626 0.019456 0.158572 0.000000 0.304649
 0.000000 0.000000 0.000000 0.473938 0.000000 0.000000 0.000000 0.000000 0.000000 0.052136 0.000000 0.000000 0.000000 0.000000 0.000000 0.473896 0.000000 0.000000 0.000030 0.000000
 0.000000 0.000000 0.000000 0.000000 0.000000 0.000000 0.000000 0.441720 0.000000 0.000000 0.000000 0.000000 0.000005 0.000000 0.127086 0.000000 0.000000 0.000000 0.000000 0.431189
 0.402870 0.000000 0.000000 0.000000 0.000000 0.000000 0.000000 0.000000 0.000000 0.391932 0.000000 0.000004 0.000000 0.000000 0.000000 0.000000 0.000000 0.000000 0.000000 0.205194
 0.000000 0.000000 0.500000 0.000000 0.000000 0.000000 0.500000 0.000000 0.000000 0.000000 0.000000 0.000000 0.000000 0.000000 0.000000 0.000000 0.000000 0.000000 0.000000 0.000000
 0.000000 0.000000 0.000000 0.000000 0.438122 0.000000 0.000000 0.435735 0.000000 0.000032 0.000000 0.126053 0.000000 0.000000 0.000000 0.000000 0.000000 0.000000 0.000000 0.000058
 0.000000 0.000000 0.000000 0.008653 0.000000 0.000000 0.000000 0.000000 0.000000 0.001013 0.495145 0.000000 0.000000 0.000000 0.000000 0.000000 0.000000 0.000000 0.495189 0.000000
 0.000000 0.000000 0.000000 0.000000 0.456302 0.461881 0.000000 0.052463 0.000000 0.029353 0.000000 0.000000 0.000000 0.000000 0.000000 0.000000 0.000000 0.000000 0.000000 0.000000
 0.398955 0.000000 0.000000 0.394387 0.000000 0.000000 0.000000 0.000000 0.000000 0.206658 0.000000 0.000000 0.000000 0.000000 0.000000 0.000000 0.000000 0.000000 0.000000 0.000000
 0.000000 0.000000 0.499618 0.000721 0.000000 0.000000 0.000000 0.000000 0.000000 0.000000 0.000032 0.000000 0.000000 0.000000 0.000000 0.499629 0.000000 0.000000 0.000000 0.000000
 0.000000 0.000000 0.000000 0.000000 0.000900 0.000000 0.000000 0.000000 0.000000 0.400779 0.000000 0.393140 0.205128 0.000000 0.000053 0.000000 0.000000 0.000000 0.000000 0.000000
the mean of prob-rank is 1.5789473684210527
the number of false negetive edges is 0
the number of probability greater than 0 is 3.8/edge
