20
 0.000000 0.000000 0.004606 0.000000 0.497790 0.497604 0.000000 0.000000 0.000000 0.000000 0.000000 0.000000 0.000000 0.000000 0.000000 0.000000 0.000000 0.000000 0.000000 0.000000
 0.000000 0.000000 0.000000 0.285134 0.000000 0.000000 0.000000 0.000000 0.273943 0.001704 0.004087 0.000000 0.307887 0.123632 0.003613 0.000000 0.000000 0.000000 0.000000 0.000000
 0.004481 0.000000 0.000000 0.000000 0.484109 0.000002 0.000000 0.000000 0.000000 0.000000 0.484170 0.000000 0.000000 0.000000 0.027239 0.000000 0.000000 0.000000 0.000000 0.000000
 0.000000 0.303525 0.000000 0.000000 0.000000 0.000000 0.000000 0.000000 0.078238 0.000000 0.000000 0.000000 0.317677 0.000000 0.000000 0.000000 0.000000 0.000000 0.000000 0.300560
 0.495920 0.000000 0.495717 0.000000 0.000000 0.000000 0.000000 0.000000 0.000000 0.000000 0.000000 0.000000 0.000000 0.000000 0.008363 0.000000 0.000000 0.000000 0.000000 0.000000
 0.499237 0.000000 0.000002 0.000000 0.000000 0.000000 0.000000 0.499423 0.000000 0.000000 0.000009 0.000000 0.000000 0.000000 0.000000 0.000000 0.001329 0.000000 0.000000 0.000000
 0.000000 0.000000 0.000000 0.000000 0.000000 0.000000 0.000000 0.000000 0.500002 0.499998 0.000000 0.000000 0.000000 0.000000 0.000000 0.000000 0.000000 0.000000 0.000000 0.000000
 0.000000 0.000000 0.000000 0.000000 0.000000 0.498402 0.000000 0.000000 0.000000 0.000000 0.000000 0.001052 0.000000 0.000000 0.000000 0.000001 0.498373 0.002172 0.000000 0.000000
 0.000000 0.275449 0.000000 0.073901 0.000000 0.000000 0.309579 0.000000 0.000000 0.000001 0.000000 0.000000 0.076954 0.000000 0.000000 0.000000 0.000000 0.000000 0.000000 0.264115
 0.000000 0.002722 0.000000 0.000000 0.000000 0.000000 0.491845 0.000000 0.000001 0.000000 0.000000 0.003271 0.011390 0.489768 0.000000 0.000000 0.000000 0.000000 0.001001 0.000000
 0.000000 0.006490 0.488792 0.000000 0.000000 0.000009 0.000000 0.000000 0.000000 0.000000 0.000000 0.000000 0.001863 0.014914 0.487806 0.000000 0.000126 0.000000 0.000000 0.000000
 0.000000 0.000000 0.000000 0.000000 0.000000 0.000000 0.000000 0.001051 0.000000 0.003311 0.000000 0.000000 0.000000 0.000003 0.000000 0.000000 0.000000 0.497801 0.497834 0.000000
 0.000000 0.429375 0.000000 0.416183 0.000000 0.000000 0.000000 0.000000 0.106733 0.009944 0.001636 0.000000 0.000000 0.035453 0.000403 0.000000 0.000000 0.000000 0.000000 0.000273
 0.000000 0.160001 0.000000 0.000000 0.000000 0.000000 0.000000 0.000000 0.000000 0.396773 0.012154 0.000002 0.032900 0.000000 0.000000 0.000000 0.000000 0.000000 0.398169 0.000000
 0.000000 0.005783 0.027721 0.000000 0.008311 0.000000 0.000000 0.000000 0.000000 0.000000 0.491746 0.000000 0.000463 0.000000 0.000000 0.000000 0.000000 0.000000 0.000000 0.465976
 0.000000 0.000000 0.000000 0.000000 0.000000 0.000000 0.000000 0.000001 0.000000 0.000000 0.000000 0.000000 0.000000 0.000000 0.000000 0.000000 0.500004 0.499995 0.000000 0.000000
 0.000000 0.000000 0.000000 0.000000 0.000000 0.001328 0.000000 0.499258 0.000000 0.000000 0.000129 0.000000 0.000000 0.000000 0.000000 0.499285 0.000000 0.000000 0.000000 0.000000
 0.000000 0.000000 0.000000 0.000000 0.000000 0.000000 0.000000 0.002175 0.000000 0.000000 0.000000 0.498901 0.000000 0.000000 0.000000 0.498924 0.000000 0.000000 0.000000 0.000000
 0.000000 0.000000 0.000000 0.000000 0.000000 0.000000 0.000000 0.000000 0.000000 0.001017 0.000000 0.499673 0.000000 0.499310 0.000000 0.000000 0.000000 0.000000 0.000000 0.000000
 0.000000 0.000000 0.000000 0.337617 0.000000 0.000000 0.000000 0.000000 0.314089 0.000000 0.000000 0.000000 0.000234 0.000000 0.348060 0.000000 0.000000 0.000000 0.000000 0.000000
the mean of prob-rank is 1.5789473684210527
the number of false negetive edges is 0
the number of probability greater than 0 is 4.65/edge
