20
 0.000000 0.000000 0.000000 0.000000 0.000000 0.494735 0.000000 0.000000 0.000000 0.000000 0.000000 0.000000 0.000132 0.010465 0.000000 0.000000 0.000000 0.000000 0.494668 0.000000
 0.000000 0.000000 0.000000 0.000381 0.000000 0.000000 0.000009 0.000000 0.000000 0.000000 0.498998 0.000000 0.000000 0.000000 0.000000 0.000000 0.000000 0.001598 0.000000 0.499015
 0.000000 0.000000 0.000000 0.478272 0.000000 0.000000 0.042606 0.000000 0.478852 0.000000 0.000000 0.000000 0.000000 0.000093 0.000176 0.000000 0.000000 0.000000 0.000000 0.000000
 0.000000 0.000352 0.460647 0.000000 0.000000 0.000000 0.000000 0.000000 0.000000 0.000000 0.013283 0.000000 0.000000 0.461355 0.000000 0.000000 0.000000 0.000000 0.000000 0.064361
 0.000000 0.000000 0.000000 0.000000 0.000000 0.000000 0.000000 0.000000 0.000081 0.000000 0.000000 0.000000 0.499958 0.000000 0.000000 0.499961 0.000000 0.000000 0.000000 0.000000
 0.500000 0.000000 0.000000 0.000000 0.000000 0.000000 0.000000 0.000000 0.000000 0.000000 0.000000 0.000000 0.000000 0.000000 0.000000 0.000000 0.000000 0.500000 0.000000 0.000000
 0.000000 0.000008 0.042637 0.000000 0.000000 0.000000 0.000000 0.000000 0.000000 0.000000 0.000000 0.000000 0.000000 0.000000 0.479312 0.000000 0.000000 0.000000 0.000000 0.478043
 0.000000 0.000000 0.000000 0.000000 0.000000 0.000000 0.000000 0.000000 0.000000 0.500000 0.000000 0.500000 0.000000 0.000000 0.000000 0.000000 0.000000 0.000000 0.000000 0.000000
 0.000000 0.000000 0.499189 0.000000 0.000081 0.000000 0.000000 0.000000 0.000000 0.000000 0.000000 0.499383 0.000000 0.000000 0.000000 0.001347 0.000000 0.000000 0.000000 0.000000
 0.000000 0.000000 0.000000 0.000000 0.000000 0.000000 0.000000 0.500000 0.000000 0.000000 0.000000 0.000000 0.000000 0.000000 0.000000 0.000000 0.500000 0.000000 0.000000 0.000000
 0.000000 0.492375 0.000000 0.014176 0.000000 0.000000 0.000000 0.000000 0.000000 0.000000 0.000000 0.000000 0.000000 0.000000 0.000000 0.000000 0.000000 0.492388 0.000000 0.001061
 0.000000 0.000000 0.000000 0.000000 0.000000 0.000000 0.000000 0.500000 0.500000 0.000000 0.000000 0.000000 0.000000 0.000000 0.000000 0.000000 0.000000 0.000000 0.000000 0.000000
 0.000134 0.000000 0.000000 0.000000 0.499938 0.000000 0.000000 0.000000 0.000000 0.000000 0.000000 0.000000 0.000000 0.000000 0.000000 0.000000 0.000000 0.000000 0.499929 0.000000
 0.010423 0.000000 0.000096 0.492725 0.000000 0.000000 0.000000 0.000000 0.000000 0.000000 0.000000 0.000000 0.000000 0.000000 0.000000 0.492736 0.000000 0.000000 0.004019 0.000000
 0.000000 0.000000 0.000184 0.000000 0.000000 0.000000 0.499869 0.000000 0.000000 0.000000 0.000000 0.000000 0.000000 0.000000 0.000000 0.000000 0.499947 0.000000 0.000000 0.000000
 0.000000 0.000000 0.000000 0.000000 0.499337 0.000000 0.000000 0.000000 0.001347 0.000000 0.000000 0.000000 0.000000 0.499317 0.000000 0.000000 0.000000 0.000000 0.000000 0.000000
 0.000000 0.000000 0.000000 0.000000 0.000000 0.000000 0.000000 0.000000 0.000000 0.500000 0.000000 0.000000 0.000000 0.000000 0.500000 0.000000 0.000000 0.000000 0.000000 0.000000
 0.000000 0.001599 0.000000 0.000000 0.000000 0.499202 0.000000 0.000000 0.000000 0.000000 0.499199 0.000000 0.000000 0.000000 0.000000 0.000000 0.000000 0.000000 0.000000 0.000000
 0.497941 0.000000 0.000000 0.000000 0.000000 0.000000 0.000000 0.000000 0.000000 0.000000 0.000000 0.000000 0.497996 0.004062 0.000000 0.000000 0.000000 0.000000 0.000000 0.000000
 0.000000 0.467542 0.000000 0.065220 0.000000 0.000000 0.466231 0.000000 0.000000 0.000000 0.001007 0.000000 0.000000 0.000000 0.000000 0.000000 0.000000 0.000000 0.000000 0.000000
the mean of prob-rank is 1.5789473684210527
the number of false negetive edges is 0
the number of probability greater than 0 is 3.4/edge
