20
 0.000000 0.000000 0.000000 0.500000 0.000000 0.000000 0.000000 0.000000 0.000000 0.000000 0.000000 0.000000 0.000000 0.000000 0.500000 0.000000 0.000000 0.000000 0.000000 0.000000
 0.000000 0.000000 0.000000 0.000000 0.000000 0.269597 0.000000 0.000000 0.000000 0.307374 0.314902 0.000028 0.000000 0.000000 0.000000 0.000000 0.000000 0.108099 0.000000 0.000000
 0.000000 0.000000 0.000000 0.000000 0.389282 0.000001 0.011313 0.000000 0.054907 0.000000 0.154855 0.000000 0.389641 0.000000 0.000000 0.000000 0.000000 0.000000 0.000000 0.000000
 0.430009 0.000000 0.000000 0.000000 0.000323 0.000000 0.000000 0.000000 0.000000 0.000000 0.000000 0.000000 0.000000 0.000000 0.000000 0.428915 0.005250 0.000000 0.000000 0.135504
 0.000000 0.000000 0.436954 0.000328 0.000000 0.000000 0.000000 0.000000 0.000079 0.000000 0.012445 0.000000 0.000000 0.000000 0.000000 0.000000 0.437127 0.000000 0.000000 0.113067
 0.000000 0.301485 0.000001 0.000000 0.000000 0.000000 0.000000 0.000000 0.000000 0.000000 0.347464 0.000000 0.351050 0.000000 0.000000 0.000000 0.000000 0.000000 0.000000 0.000000
 0.000000 0.000000 0.013955 0.000000 0.000000 0.000000 0.000000 0.000000 0.480723 0.000000 0.000000 0.000000 0.024256 0.000000 0.000000 0.000000 0.000354 0.000000 0.480711 0.000000
 0.000000 0.000000 0.000000 0.000000 0.000000 0.000000 0.000000 0.000000 0.000000 0.000000 0.000000 0.000000 0.000000 0.057796 0.471667 0.000000 0.000000 0.000000 0.000000 0.470537
 0.000000 0.000000 0.064240 0.000000 0.000082 0.000000 0.455936 0.000000 0.000000 0.000000 0.000000 0.000000 0.012006 0.000000 0.000000 0.000000 0.454048 0.000000 0.013688 0.000000
 0.000000 0.269894 0.000000 0.000000 0.000000 0.000000 0.000000 0.000000 0.000000 0.000000 0.129817 0.162551 0.000000 0.161229 0.000000 0.000000 0.000000 0.276509 0.000000 0.000000
 0.000000 0.328504 0.130539 0.000000 0.009346 0.324133 0.000000 0.000000 0.000000 0.154231 0.000000 0.003651 0.011878 0.000000 0.000000 0.000000 0.000000 0.037718 0.000000 0.000000
 0.000000 0.000030 0.000000 0.000000 0.000000 0.000000 0.000000 0.000000 0.000000 0.199366 0.003769 0.000000 0.000000 0.336783 0.000000 0.000000 0.000000 0.337349 0.000000 0.122702
 0.000000 0.000000 0.473939 0.000000 0.000000 0.472523 0.023917 0.000000 0.012482 0.000000 0.017138 0.000000 0.000000 0.000000 0.000000 0.000000 0.000000 0.000000 0.000000 0.000000
 0.000000 0.000000 0.000000 0.000000 0.000000 0.000000 0.000000 0.045447 0.000000 0.216263 0.000000 0.368322 0.000000 0.000000 0.000000 0.000000 0.000000 0.000839 0.000000 0.369128
 0.500000 0.000000 0.000000 0.000000 0.000000 0.000000 0.000000 0.500000 0.000000 0.000000 0.000000 0.000000 0.000000 0.000000 0.000000 0.000000 0.000000 0.000000 0.000000 0.000000
 0.000000 0.000000 0.000000 0.463343 0.000000 0.000000 0.000000 0.000000 0.000000 0.000000 0.000000 0.000000 0.000000 0.000000 0.000000 0.000000 0.072132 0.000000 0.464525 0.000000
 0.000000 0.000000 0.000001 0.005625 0.460426 0.000000 0.000340 0.000000 0.458831 0.000000 0.000000 0.000000 0.000000 0.000000 0.000000 0.071544 0.000000 0.000000 0.003233 0.000001
 0.000000 0.139820 0.000000 0.000000 0.000000 0.000000 0.000000 0.000000 0.000000 0.407318 0.046766 0.405175 0.000000 0.000921 0.000000 0.000000 0.000000 0.000000 0.000000 0.000000
 0.000000 0.000000 0.000000 0.000000 0.000000 0.000000 0.490902 0.000000 0.014738 0.000000 0.000000 0.000000 0.000000 0.000000 0.000000 0.490915 0.003445 0.000000 0.000000 0.000000
 0.000000 0.000000 0.000000 0.107613 0.088272 0.000000 0.000000 0.340681 0.000000 0.000000 0.000000 0.123558 0.000000 0.339875 0.000000 0.000000 0.000001 0.000000 0.000000 0.000000
the mean of prob-rank is 1.5263157894736843
the number of false negetive edges is 0
the number of probability greater than 0 is 4.7/edge
