20
 0.000000 0.000000 0.132064 0.000000 0.000000 0.411690 0.000000 0.000000 0.000000 0.000000 0.000000 0.000000 0.000000 0.039880 0.000000 0.000000 0.416365 0.000000 0.000000 0.000000
 0.000000 0.000000 0.000000 0.000002 0.500000 0.000000 0.000000 0.000000 0.000000 0.499999 0.000000 0.000000 0.000000 0.000000 0.000000 0.000000 0.000000 0.000000 0.000000 0.000000
 0.098448 0.000000 0.000000 0.000000 0.000000 0.000000 0.060721 0.000000 0.000000 0.000000 0.000000 0.000000 0.250758 0.310236 0.000000 0.279837 0.000000 0.000000 0.000000 0.000000
 0.000000 0.000001 0.000000 0.000000 0.000000 0.000000 0.000000 0.000000 0.000000 0.387159 0.000000 0.233177 0.000000 0.000000 0.379662 0.000000 0.000000 0.000000 0.000000 0.000000
 0.000000 0.499826 0.000000 0.000000 0.000000 0.000000 0.000000 0.499515 0.000000 0.000055 0.000000 0.000000 0.000000 0.000000 0.000000 0.000603 0.000000 0.000000 0.000000 0.000000
 0.460080 0.000000 0.000000 0.000000 0.000000 0.000000 0.000000 0.000000 0.000000 0.000000 0.000000 0.000000 0.000000 0.074461 0.000000 0.000000 0.000000 0.000000 0.000000 0.465460
 0.000000 0.000000 0.065081 0.000000 0.000000 0.000000 0.000000 0.003364 0.295153 0.000000 0.000001 0.000000 0.332578 0.000776 0.000000 0.303047 0.000000 0.000000 0.000000 0.000000
 0.000000 0.000000 0.000000 0.000000 0.497379 0.000000 0.005031 0.000000 0.497590 0.000000 0.000000 0.000000 0.000000 0.000000 0.000000 0.000000 0.000000 0.000000 0.000000 0.000000
 0.000000 0.000000 0.000000 0.000000 0.000000 0.000000 0.242874 0.273780 0.000000 0.000000 0.236752 0.000000 0.135441 0.000008 0.111144 0.000000 0.000000 0.000000 0.000000 0.000000
 0.000000 0.498800 0.000000 0.498701 0.000055 0.000000 0.000000 0.000000 0.000000 0.000000 0.000000 0.002443 0.000000 0.000000 0.000000 0.000000 0.000000 0.000000 0.000000 0.000000
 0.000000 0.000000 0.000000 0.000000 0.000000 0.000000 0.000001 0.000000 0.194273 0.000000 0.000000 0.000021 0.005595 0.209319 0.197089 0.000000 0.000000 0.184961 0.000000 0.208742
 0.000000 0.000000 0.000000 0.177762 0.000000 0.000000 0.000000 0.000000 0.000000 0.001446 0.000028 0.000596 0.000000 0.000000 0.279943 0.000000 0.000000 0.282708 0.257517 0.000000
 0.000000 0.000000 0.251109 0.000000 0.000000 0.000000 0.310734 0.000000 0.153784 0.000000 0.007742 0.000000 0.000000 0.276631 0.000000 0.000000 0.000000 0.000000 0.000000 0.000000
 0.031102 0.000000 0.324562 0.000000 0.000000 0.051963 0.000758 0.000000 0.000009 0.000000 0.302587 0.000000 0.289001 0.000000 0.000000 0.000002 0.000000 0.000000 0.000000 0.000016
 0.000000 0.000000 0.000000 0.303184 0.000000 0.000000 0.000000 0.000000 0.125512 0.000000 0.271233 0.293241 0.000000 0.000000 0.000000 0.000000 0.000000 0.006830 0.000000 0.000000
 0.000000 0.000000 0.320382 0.000000 0.000429 0.000000 0.323714 0.000000 0.000000 0.000000 0.000000 0.000000 0.000000 0.000003 0.000000 0.000000 0.355472 0.000000 0.000000 0.000000
 0.499916 0.000000 0.000000 0.000000 0.000000 0.000000 0.000000 0.000000 0.000000 0.000000 0.000000 0.000000 0.000000 0.000000 0.000000 0.500084 0.000000 0.000000 0.000000 0.000000
 0.000000 0.000000 0.000000 0.000000 0.000000 0.000000 0.000000 0.000000 0.000000 0.000000 0.289475 0.336778 0.000000 0.000000 0.007767 0.000000 0.000000 0.000000 0.351620 0.014361
 0.000000 0.000000 0.000000 0.000000 0.000000 0.000000 0.000000 0.000000 0.000000 0.000000 0.000000 0.312286 0.000000 0.000000 0.000000 0.000000 0.000000 0.357944 0.000000 0.329770
 0.000000 0.000000 0.000000 0.000000 0.000000 0.345899 0.000000 0.000000 0.000000 0.000000 0.321331 0.000000 0.000000 0.000017 0.000000 0.000000 0.000000 0.014125 0.318627 0.000000
the mean of prob-rank is 1.8421052631578947
the number of false negetive edges is 0
the number of probability greater than 0 is 4.8/edge
