20
 0.000000 0.499832 0.000000 0.000000 0.000000 0.000000 0.000265 0.000000 0.000000 0.000000 0.000000 0.000000 0.000000 0.000000 0.000012 0.000000 0.000000 0.000000 0.000000 0.499892
 0.497207 0.000000 0.000000 0.000000 0.000000 0.000000 0.000000 0.005537 0.000000 0.000000 0.000000 0.000000 0.000000 0.000000 0.000000 0.000000 0.000000 0.497256 0.000000 0.000000
 0.000000 0.000000 0.000000 0.000000 0.000000 0.000000 0.000000 0.000000 0.000000 0.368661 0.000000 0.000000 0.000000 0.000000 0.000000 0.000000 0.267810 0.000000 0.363530 0.000000
 0.000000 0.000000 0.000000 0.000000 0.452382 0.444495 0.000000 0.000468 0.000000 0.000000 0.000000 0.000000 0.000000 0.000000 0.000000 0.000000 0.047617 0.000000 0.055038 0.000000
 0.000000 0.000000 0.000000 0.447841 0.000000 0.000000 0.000000 0.000000 0.000000 0.000000 0.000000 0.000000 0.000000 0.000000 0.000000 0.102358 0.449801 0.000000 0.000000 0.000000
 0.000000 0.000000 0.000000 0.469412 0.000000 0.000000 0.010555 0.479819 0.000000 0.000000 0.000267 0.004083 0.000000 0.000000 0.000000 0.000000 0.000000 0.000000 0.035864 0.000000
 0.000262 0.000000 0.000000 0.000000 0.000000 0.010876 0.000000 0.000012 0.000000 0.000000 0.000000 0.494435 0.000000 0.000000 0.494415 0.000000 0.000000 0.000000 0.000000 0.000000
 0.000000 0.005483 0.000000 0.000508 0.000000 0.492409 0.000012 0.000000 0.000000 0.000000 0.000000 0.000000 0.000029 0.490866 0.000000 0.000000 0.000000 0.010693 0.000000 0.000000
 0.000000 0.000000 0.000000 0.000000 0.000000 0.000000 0.000000 0.000000 0.000000 0.000000 0.000000 0.000000 0.499996 0.000000 0.000000 0.000000 0.000000 0.500004 0.000000 0.000000
 0.000000 0.000000 0.499983 0.000000 0.000000 0.000000 0.000000 0.000000 0.000000 0.000000 0.500017 0.000000 0.000000 0.000000 0.000000 0.000000 0.000000 0.000000 0.000000 0.000000
 0.000000 0.000000 0.000000 0.000000 0.000000 0.000275 0.000000 0.000000 0.000000 0.492543 0.000000 0.492497 0.000000 0.000000 0.001843 0.000000 0.000000 0.000000 0.012842 0.000000
 0.000000 0.000000 0.000000 0.000000 0.000000 0.004226 0.496544 0.000000 0.000000 0.000000 0.496497 0.000000 0.000000 0.000000 0.002734 0.000000 0.000000 0.000000 0.000000 0.000000
 0.000000 0.000000 0.000000 0.000000 0.000000 0.000000 0.000000 0.000026 0.444181 0.000000 0.000000 0.000000 0.000000 0.117998 0.000000 0.433702 0.000000 0.004093 0.000000 0.000000
 0.000000 0.000000 0.000000 0.000000 0.000000 0.000000 0.000000 0.440597 0.000000 0.000000 0.000000 0.000000 0.117415 0.000000 0.000000 0.441988 0.000000 0.000000 0.000000 0.000000
 0.000011 0.000000 0.000000 0.000000 0.000000 0.000000 0.497686 0.000000 0.000000 0.000000 0.001863 0.002740 0.000000 0.000000 0.000000 0.000000 0.000000 0.000000 0.000000 0.497700
 0.000000 0.000000 0.000000 0.000000 0.103253 0.000000 0.000000 0.000000 0.000000 0.000000 0.000000 0.000000 0.443021 0.453726 0.000000 0.000000 0.000000 0.000000 0.000000 0.000000
 0.000000 0.000000 0.256724 0.037038 0.353425 0.000000 0.000000 0.000000 0.000000 0.000000 0.000000 0.000000 0.000000 0.000000 0.000000 0.000000 0.000000 0.000000 0.352813 0.000000
 0.000000 0.492379 0.000000 0.000000 0.000000 0.000000 0.000000 0.010693 0.492390 0.000000 0.000000 0.000000 0.004538 0.000000 0.000000 0.000000 0.000000 0.000000 0.000000 0.000000
 0.000000 0.000000 0.446922 0.054905 0.000000 0.033878 0.000000 0.000000 0.000000 0.000000 0.011818 0.000000 0.000000 0.000000 0.000000 0.000000 0.452477 0.000000 0.000000 0.000000
 0.500003 0.000000 0.000000 0.000000 0.000000 0.000000 0.000000 0.000000 0.000000 0.000000 0.000000 0.000000 0.000000 0.000000 0.499997 0.000000 0.000000 0.000000 0.000000 0.000000
the mean of prob-rank is 1.4736842105263157
the number of false negetive edges is 0
the number of probability greater than 0 is 4.0/edge
