20
 0.000000 0.214973 0.000001 0.177809 0.000000 0.000000 0.000008 0.000000 0.000000 0.000000 0.000000 0.000000 0.000000 0.254876 0.127315 0.225018 0.000000 0.000000 0.000000 0.000000
 0.293143 0.000000 0.000000 0.347478 0.021014 0.000000 0.000000 0.000000 0.000000 0.000000 0.000000 0.000000 0.000000 0.000000 0.000000 0.000000 0.000000 0.338365 0.000000 0.000000
 0.000001 0.000000 0.000000 0.386868 0.081282 0.000000 0.000000 0.000000 0.000000 0.000000 0.000000 0.000000 0.000000 0.377501 0.000000 0.000000 0.000000 0.154347 0.000000 0.000000
 0.256390 0.367433 0.364613 0.000000 0.000000 0.000000 0.000000 0.000000 0.000000 0.000000 0.000000 0.000000 0.000000 0.000002 0.000000 0.000000 0.000000 0.011562 0.000000 0.000000
 0.000000 0.026651 0.091879 0.000000 0.000000 0.000000 0.000000 0.000000 0.000003 0.000001 0.000000 0.000000 0.000000 0.000000 0.000000 0.000000 0.000000 0.440679 0.440787 0.000000
 0.000000 0.000000 0.000000 0.000000 0.000000 0.000000 0.000000 0.284539 0.000000 0.000000 0.000000 0.329859 0.000000 0.000000 0.074279 0.000000 0.035871 0.000000 0.000000 0.275452
 0.000010 0.000000 0.000000 0.000000 0.000000 0.000000 0.000000 0.000000 0.000000 0.000000 0.311590 0.006321 0.000000 0.000000 0.095617 0.283645 0.300414 0.000000 0.000000 0.002402
 0.000000 0.000000 0.000000 0.000000 0.000000 0.301725 0.000000 0.000000 0.000000 0.000000 0.000000 0.000034 0.349694 0.000000 0.348547 0.000000 0.000000 0.000000 0.000000 0.000000
 0.000000 0.000000 0.000000 0.000000 0.000003 0.000000 0.000000 0.000000 0.000000 0.499891 0.000000 0.000000 0.000000 0.000000 0.000000 0.000000 0.000000 0.000000 0.500106 0.000000
 0.000000 0.000000 0.000000 0.000000 0.000001 0.000000 0.000000 0.000000 0.499876 0.000000 0.000000 0.000000 0.500088 0.000000 0.000000 0.000000 0.000000 0.000000 0.000036 0.000000
 0.000000 0.000000 0.000000 0.000000 0.000000 0.000000 0.365972 0.000000 0.000000 0.000000 0.000000 0.040268 0.000000 0.000000 0.000000 0.363085 0.230674 0.000000 0.000000 0.000000
 0.000000 0.000000 0.000000 0.000000 0.000000 0.346490 0.007030 0.000034 0.000000 0.000000 0.038124 0.000000 0.000000 0.000000 0.326168 0.000000 0.000001 0.000000 0.000000 0.282153
 0.000000 0.000000 0.000000 0.000000 0.000000 0.000000 0.000000 0.499378 0.000000 0.499503 0.000000 0.000000 0.000000 0.000000 0.001120 0.000000 0.000000 0.000000 0.000000 0.000000
 0.421616 0.000000 0.408156 0.000002 0.000000 0.000000 0.000000 0.000000 0.000000 0.000000 0.000000 0.000000 0.000000 0.000000 0.000000 0.170226 0.000000 0.000000 0.000000 0.000000
 0.168096 0.000000 0.000000 0.000000 0.000000 0.075778 0.103266 0.335327 0.000000 0.000000 0.000000 0.316778 0.000754 0.000000 0.000000 0.000000 0.000000 0.000000 0.000000 0.000000
 0.224220 0.000000 0.000000 0.000000 0.000000 0.000000 0.231194 0.000000 0.000000 0.000000 0.251969 0.000000 0.000000 0.102541 0.000000 0.000000 0.190076 0.000000 0.000000 0.000000
 0.000000 0.000000 0.000000 0.000000 0.000000 0.031506 0.279331 0.000000 0.000000 0.000000 0.182614 0.000001 0.000000 0.000000 0.000000 0.216833 0.000000 0.000000 0.000000 0.289715
 0.000000 0.405549 0.164882 0.013105 0.416463 0.000000 0.000000 0.000000 0.000000 0.000000 0.000000 0.000000 0.000000 0.000000 0.000000 0.000000 0.000000 0.000000 0.000000 0.000000
 0.000000 0.000000 0.000000 0.000000 0.499982 0.000000 0.000000 0.000000 0.499982 0.000036 0.000000 0.000000 0.000000 0.000000 0.000000 0.000000 0.000000 0.000000 0.000000 0.000000
 0.000000 0.000000 0.000000 0.000000 0.000000 0.314279 0.002902 0.000000 0.000000 0.000000 0.000000 0.306473 0.000000 0.000000 0.000000 0.000000 0.376346 0.000000 0.000000 0.000000
the mean of prob-rank is 1.5263157894736843
the number of false negetive edges is 0
the number of probability greater than 0 is 4.5/edge
