20
 0.000000 0.461983 0.000000 0.000000 0.000000 0.000000 0.000000 0.000006 0.000000 0.000000 0.000000 0.000000 0.000000 0.000000 0.000000 0.000000 0.461254 0.000000 0.000000 0.076757
 0.499184 0.000000 0.000000 0.000000 0.000000 0.000000 0.000000 0.499180 0.000000 0.000000 0.000000 0.000000 0.000000 0.000000 0.000000 0.000000 0.000000 0.000000 0.000000 0.001635
 0.000000 0.000000 0.000000 0.000000 0.000000 0.000000 0.000000 0.000000 0.000000 0.000000 0.500000 0.500000 0.000000 0.000000 0.000000 0.000000 0.000000 0.000000 0.000000 0.000000
 0.000000 0.000000 0.000000 0.000000 0.000000 0.491995 0.000000 0.000000 0.000000 0.000000 0.492099 0.000000 0.015893 0.000000 0.000000 0.000000 0.000013 0.000000 0.000000 0.000000
 0.000000 0.000000 0.000000 0.000000 0.000000 0.000000 0.000000 0.500000 0.000000 0.500000 0.000000 0.000000 0.000000 0.000000 0.000000 0.000000 0.000000 0.000000 0.000000 0.000000
 0.000000 0.000000 0.000000 0.490276 0.000000 0.000000 0.000000 0.000000 0.000000 0.000000 0.000000 0.000000 0.000005 0.000000 0.000000 0.000000 0.000000 0.019339 0.490381 0.000000
 0.000000 0.000000 0.000000 0.000000 0.000000 0.000000 0.000000 0.000000 0.000000 0.000000 0.000000 0.000000 0.000000 0.500006 0.000000 0.499994 0.000000 0.000000 0.000000 0.000000
 0.000006 0.499995 0.000000 0.000000 0.499999 0.000000 0.000000 0.000000 0.000000 0.000000 0.000000 0.000000 0.000000 0.000000 0.000000 0.000000 0.000000 0.000000 0.000000 0.000000
 0.000000 0.000000 0.000000 0.000000 0.000000 0.000000 0.000000 0.000000 0.000000 0.000000 0.000000 0.000000 0.000000 0.000000 0.480913 0.000000 0.040619 0.000000 0.000000 0.478468
 0.000000 0.000000 0.000000 0.000000 0.474054 0.000000 0.000000 0.000000 0.000000 0.000000 0.000000 0.000000 0.473909 0.000000 0.000000 0.052038 0.000000 0.000000 0.000000 0.000000
 0.000000 0.000000 0.500001 0.499999 0.000000 0.000000 0.000000 0.000000 0.000000 0.000000 0.000000 0.000000 0.000000 0.000000 0.000000 0.000000 0.000000 0.000000 0.000000 0.000000
 0.000000 0.000000 0.500000 0.000000 0.000000 0.000000 0.000000 0.000000 0.000000 0.000000 0.000000 0.000000 0.000000 0.000000 0.500000 0.000000 0.000000 0.000000 0.000000 0.000000
 0.000000 0.000000 0.000000 0.015643 0.000000 0.000005 0.000000 0.000000 0.000000 0.484193 0.000000 0.000000 0.000000 0.000000 0.000000 0.484270 0.000000 0.000000 0.015889 0.000000
 0.000000 0.000000 0.000000 0.000000 0.000000 0.000000 0.500000 0.000000 0.000000 0.000000 0.000000 0.000000 0.000000 0.000000 0.000000 0.000000 0.000000 0.500000 0.000000 0.000000
 0.000000 0.000000 0.000000 0.000000 0.000000 0.000000 0.000000 0.000000 0.500000 0.000000 0.000000 0.500000 0.000000 0.000000 0.000000 0.000000 0.000000 0.000000 0.000000 0.000000
 0.000000 0.000000 0.000000 0.000000 0.000000 0.000000 0.474011 0.000000 0.000000 0.052034 0.000000 0.000000 0.473954 0.000000 0.000000 0.000000 0.000000 0.000000 0.000000 0.000000
 0.479340 0.000000 0.000000 0.000013 0.000000 0.000000 0.000000 0.000000 0.040551 0.000000 0.000000 0.000000 0.000000 0.000000 0.000000 0.000000 0.000000 0.000000 0.000000 0.480097
 0.000000 0.000000 0.000000 0.000000 0.000000 0.019340 0.000000 0.000000 0.000000 0.000000 0.000000 0.000000 0.000000 0.490409 0.000000 0.000000 0.000000 0.000000 0.490251 0.000000
 0.000000 0.000000 0.000000 0.000000 0.000000 0.492009 0.000000 0.000000 0.000000 0.000000 0.000000 0.000000 0.016141 0.000000 0.000000 0.000000 0.000000 0.491850 0.000000 0.000000
 0.076765 0.001514 0.000000 0.000000 0.000000 0.000000 0.000000 0.000000 0.459686 0.000000 0.000000 0.000000 0.000000 0.000000 0.000000 0.000000 0.462035 0.000000 0.000000 0.000000
the mean of prob-rank is 1.4736842105263157
the number of false negetive edges is 0
the number of probability greater than 0 is 3.0/edge
