20
 0.000000 0.000000 0.000000 0.000000 0.000000 0.281574 0.000000 0.000000 0.345800 0.000000 0.372626 0.000000 0.000000 0.000000 0.000000 0.000000 0.000000 0.000000 0.000000 0.000000
 0.000000 0.000000 0.498802 0.000000 0.000000 0.000000 0.000000 0.000000 0.000000 0.000000 0.000000 0.000000 0.500460 0.000000 0.000482 0.000257 0.000000 0.000000 0.000000 0.000000
 0.000000 0.326039 0.000000 0.000000 0.000000 0.000000 0.061429 0.000000 0.000000 0.290358 0.000000 0.000000 0.000000 0.000000 0.000000 0.322174 0.000000 0.000000 0.000000 0.000000
 0.000000 0.000000 0.000000 0.000000 0.000000 0.000000 0.000000 0.000000 0.000000 0.000000 0.000000 0.000000 0.000000 0.499999 0.000000 0.000000 0.500001 0.000000 0.000000 0.000000
 0.000000 0.000000 0.000000 0.000000 0.000000 0.000000 0.000000 0.000000 0.000000 0.000000 0.500000 0.000000 0.000000 0.500000 0.000000 0.000000 0.000000 0.000000 0.000000 0.000000
 0.203614 0.000000 0.000000 0.000000 0.000000 0.000000 0.000000 0.248896 0.177637 0.000000 0.000000 0.264479 0.000000 0.000000 0.000000 0.000000 0.000000 0.105374 0.000000 0.000000
 0.000000 0.000000 0.048005 0.000000 0.000000 0.000000 0.000000 0.251010 0.000000 0.220523 0.000000 0.000000 0.139880 0.000000 0.067400 0.255634 0.000000 0.017549 0.000000 0.000000
 0.000000 0.000000 0.000000 0.000000 0.000000 0.246902 0.262741 0.000000 0.000000 0.236512 0.000000 0.000000 0.000000 0.000000 0.000000 0.000000 0.000000 0.253845 0.000000 0.000000
 0.358535 0.000000 0.000000 0.000000 0.000000 0.254699 0.000000 0.000000 0.000000 0.000000 0.000000 0.000000 0.000000 0.000000 0.000000 0.000000 0.000000 0.000000 0.000000 0.386766
 0.000000 0.000000 0.244244 0.000000 0.000000 0.000000 0.237374 0.243218 0.000000 0.000000 0.000000 0.000000 0.000000 0.000000 0.000000 0.000000 0.275164 0.000000 0.000000 0.000000
 0.499731 0.000000 0.000000 0.000000 0.500269 0.000000 0.000000 0.000000 0.000000 0.000000 0.000000 0.000000 0.000000 0.000000 0.000000 0.000000 0.000000 0.000000 0.000000 0.000000
 0.000000 0.000000 0.000000 0.000000 0.000000 0.381061 0.000000 0.000000 0.000000 0.000000 0.000000 0.000000 0.000000 0.000000 0.000000 0.000000 0.000000 0.230293 0.000000 0.388646
 0.000000 0.341189 0.000000 0.000000 0.000000 0.000000 0.186694 0.000000 0.000000 0.000000 0.000000 0.000000 0.000000 0.000000 0.339710 0.132407 0.000000 0.000000 0.000000 0.000000
 0.000000 0.000000 0.000000 0.499999 0.500001 0.000000 0.000000 0.000000 0.000000 0.000000 0.000000 0.000000 0.000000 0.000000 0.000000 0.000000 0.000000 0.000000 0.000000 0.000000
 0.000000 0.000426 0.000000 0.000000 0.000000 0.000000 0.116647 0.000000 0.000000 0.000000 0.000000 0.000000 0.440503 0.000000 0.000000 0.000000 0.000000 0.000001 0.442424 0.000000
 0.000000 0.000217 0.414952 0.000000 0.000000 0.000000 0.421324 0.000000 0.000000 0.000000 0.000000 0.000000 0.163506 0.000000 0.000000 0.000000 0.000000 0.000002 0.000000 0.000000
 0.000000 0.000000 0.000000 0.500007 0.000000 0.000000 0.000000 0.000000 0.000000 0.499992 0.000000 0.000000 0.000000 0.000000 0.000000 0.000000 0.000000 0.000000 0.000000 0.000000
 0.000000 0.000000 0.000000 0.000000 0.000000 0.130192 0.022878 0.316165 0.000000 0.000000 0.000000 0.197483 0.000000 0.000000 0.000001 0.000001 0.000000 0.000000 0.333279 0.000000
 0.000000 0.000000 0.000000 0.000000 0.000000 0.000000 0.000000 0.000000 0.000000 0.000000 0.000000 0.000000 0.000000 0.000000 0.500001 0.000000 0.000000 0.499999 0.000000 0.000000
 0.000000 0.000000 0.000000 0.000000 0.000000 0.000000 0.000000 0.000000 0.500003 0.000000 0.000000 0.499997 0.000000 0.000000 0.000000 0.000000 0.000000 0.000000 0.000000 0.000000
the mean of prob-rank is 1.8421052631578947
the number of false negetive edges is 0
the number of probability greater than 0 is 3.5/edge
