20
 0.000000 0.000000 0.000000 0.000001 0.365864 0.000000 0.000003 0.000000 0.000000 0.000000 0.000000 0.000049 0.000000 0.000000 0.000000 0.000000 0.386408 0.000000 0.247675 0.000000
 0.000000 0.000000 0.000000 0.000000 0.000000 0.000000 0.000000 0.000000 0.000000 0.499932 0.000000 0.000000 0.499932 0.000000 0.000000 0.000137 0.000000 0.000000 0.000000 0.000000
 0.000000 0.000000 0.000000 0.000000 0.000000 0.500000 0.000000 0.000000 0.000000 0.000000 0.000000 0.000000 0.000000 0.500000 0.000000 0.000000 0.000000 0.000000 0.000000 0.000000
 0.000002 0.000000 0.000000 0.000000 0.000000 0.000000 0.472573 0.000000 0.000000 0.000008 0.000000 0.000000 0.000000 0.000000 0.054086 0.000000 0.000010 0.473322 0.000000 0.000000
 0.383649 0.000000 0.000000 0.000000 0.000000 0.000000 0.000000 0.202884 0.000000 0.000000 0.000000 0.000001 0.000000 0.405192 0.000000 0.000000 0.007947 0.000000 0.000328 0.000000
 0.000000 0.000000 0.500000 0.000000 0.000000 0.000000 0.000000 0.000000 0.000000 0.000000 0.000000 0.000000 0.000000 0.000000 0.000000 0.000000 0.000000 0.500000 0.000000 0.000000
 0.000004 0.000000 0.000000 0.457662 0.000000 0.000000 0.000000 0.000000 0.000000 0.000000 0.000000 0.000000 0.000000 0.000000 0.458387 0.000000 0.083947 0.000000 0.000000 0.000000
 0.000000 0.000000 0.000000 0.000000 0.210642 0.000000 0.000000 0.000000 0.420687 0.000000 0.000000 0.368663 0.000000 0.000007 0.000000 0.000000 0.000000 0.000000 0.000000 0.000000
 0.000000 0.000000 0.000000 0.000000 0.000000 0.000000 0.000000 0.500001 0.000000 0.000000 0.000000 0.000000 0.000000 0.000000 0.000000 0.000000 0.000000 0.000000 0.000000 0.499999
 0.000000 0.497571 0.000000 0.000009 0.000000 0.000000 0.000000 0.000000 0.000000 0.000000 0.000000 0.000000 0.000000 0.000000 0.004859 0.497561 0.000000 0.000000 0.000000 0.000000
 0.000000 0.000000 0.000000 0.000000 0.000000 0.000000 0.000000 0.000000 0.000000 0.000000 0.000000 0.000000 0.500000 0.000000 0.000000 0.000000 0.000000 0.000000 0.000000 0.500000
 0.000046 0.000000 0.000000 0.000000 0.000001 0.000000 0.000000 0.319592 0.000000 0.000000 0.000000 0.000000 0.000000 0.000000 0.000000 0.283924 0.031746 0.000000 0.364691 0.000000
 0.000000 0.500000 0.000000 0.000000 0.000000 0.000000 0.000000 0.000000 0.000000 0.000000 0.500000 0.000000 0.000000 0.000000 0.000000 0.000000 0.000000 0.000000 0.000000 0.000000
 0.000000 0.000000 0.499996 0.000000 0.499996 0.000000 0.000000 0.000008 0.000000 0.000000 0.000000 0.000000 0.000000 0.000000 0.000000 0.000000 0.000000 0.000000 0.000000 0.000000
 0.000000 0.000000 0.000000 0.053559 0.000000 0.000000 0.468715 0.000000 0.000000 0.004577 0.000000 0.000000 0.000000 0.000000 0.000000 0.456918 0.016231 0.000000 0.000000 0.000000
 0.000000 0.000099 0.000000 0.000000 0.000000 0.000000 0.000000 0.000000 0.000000 0.363152 0.000000 0.282731 0.000000 0.000000 0.354018 0.000000 0.000000 0.000000 0.000000 0.000000
 0.433021 0.000000 0.000000 0.000009 0.008493 0.000000 0.079302 0.000000 0.000000 0.000000 0.000000 0.037694 0.000000 0.000000 0.014995 0.000000 0.000000 0.000000 0.426486 0.000000
 0.000000 0.000000 0.000000 0.500000 0.000000 0.500000 0.000000 0.000000 0.000000 0.000000 0.000000 0.000000 0.000000 0.000000 0.000000 0.000000 0.000000 0.000000 0.000000 0.000000
 0.244021 0.000000 0.000000 0.000000 0.000308 0.000000 0.000000 0.000000 0.000000 0.000000 0.000000 0.380708 0.000000 0.000000 0.000000 0.000000 0.374962 0.000000 0.000000 0.000000
 0.000000 0.000000 0.000000 0.000000 0.000000 0.000000 0.000000 0.000000 0.499999 0.000000 0.500001 0.000000 0.000000 0.000000 0.000000 0.000000 0.000000 0.000000 0.000000 0.000000
the mean of prob-rank is 1.7894736842105263
the number of false negetive edges is 0
the number of probability greater than 0 is 3.7/edge
