20
 0.000000 0.000000 0.000000 0.000000 0.000000 0.410172 0.000000 0.000000 0.000039 0.408127 0.000000 0.000000 0.000000 0.000000 0.000000 0.000000 0.000000 0.001106 0.000000 0.180556
 0.000000 0.000000 0.000000 0.277008 0.305182 0.000000 0.007222 0.000000 0.000000 0.000000 0.000000 0.000000 0.000000 0.247573 0.000000 0.000000 0.000000 0.149354 0.013662 0.000000
 0.000000 0.000000 0.000000 0.000000 0.000000 0.000000 0.000000 0.000000 0.000000 0.000000 0.500001 0.000000 0.000000 0.000000 0.000000 0.499985 0.000000 0.000000 0.000014 0.000000
 0.000000 0.264803 0.000000 0.000000 0.000000 0.000000 0.000000 0.000378 0.000000 0.192169 0.000000 0.000000 0.000609 0.271308 0.000000 0.000000 0.000000 0.000000 0.270625 0.000109
 0.000000 0.372820 0.000000 0.000000 0.000000 0.000000 0.382013 0.000000 0.000000 0.000000 0.079662 0.000000 0.000000 0.081424 0.000000 0.000000 0.000000 0.081904 0.002178 0.000000
 0.499990 0.000000 0.000000 0.000000 0.000000 0.000000 0.000000 0.000000 0.500009 0.000000 0.000000 0.000000 0.000000 0.000000 0.000000 0.000000 0.000000 0.000000 0.000000 0.000000
 0.000000 0.011415 0.000000 0.000000 0.494285 0.000000 0.000000 0.000000 0.000000 0.000000 0.000002 0.000000 0.000000 0.000000 0.000000 0.000000 0.000000 0.494299 0.000000 0.000000
 0.000000 0.000000 0.000000 0.000632 0.000000 0.000000 0.000000 0.000000 0.000000 0.000000 0.000000 0.000000 0.499678 0.000000 0.499690 0.000000 0.000000 0.000000 0.000000 0.000000
 0.000048 0.000000 0.000000 0.000000 0.000000 0.499977 0.000000 0.000000 0.000000 0.000000 0.000000 0.000000 0.000000 0.000000 0.000000 0.000000 0.499976 0.000000 0.000000 0.000000
 0.377302 0.000000 0.000000 0.243761 0.000000 0.000000 0.000000 0.000000 0.000000 0.000000 0.000000 0.000000 0.000000 0.000000 0.000000 0.000000 0.000000 0.000000 0.000000 0.378937
 0.000000 0.000000 0.333830 0.000000 0.069609 0.000000 0.000001 0.000000 0.000000 0.000000 0.000000 0.000000 0.000000 0.159799 0.000000 0.000000 0.000000 0.138901 0.297860 0.000000
 0.000000 0.000000 0.000000 0.000000 0.000000 0.000000 0.000000 0.000000 0.000000 0.000000 0.000000 0.000000 0.000000 0.000000 0.500000 0.500000 0.000000 0.000000 0.000000 0.000000
 0.000000 0.000000 0.000000 0.001017 0.000000 0.000000 0.000000 0.499486 0.000000 0.000000 0.000000 0.000000 0.000000 0.000000 0.000000 0.000000 0.499497 0.000000 0.000000 0.000000
 0.000000 0.233458 0.000000 0.267631 0.062852 0.000000 0.000000 0.000000 0.000000 0.000000 0.141162 0.000000 0.000000 0.000000 0.000000 0.000000 0.000000 0.000000 0.294897 0.000000
 0.000000 0.000000 0.000000 0.000000 0.000000 0.000000 0.000000 0.500000 0.000000 0.000000 0.000000 0.500000 0.000000 0.000000 0.000000 0.000000 0.000000 0.000000 0.000000 0.000000
 0.000000 0.000000 0.499992 0.000000 0.000000 0.000000 0.000000 0.000000 0.000000 0.000000 0.000000 0.500008 0.000000 0.000000 0.000000 0.000000 0.000000 0.000000 0.000000 0.000000
 0.000000 0.000000 0.000000 0.000000 0.000000 0.000000 0.000000 0.000000 0.500000 0.000000 0.000000 0.000000 0.500000 0.000000 0.000000 0.000000 0.000000 0.000000 0.000000 0.000000
 0.000875 0.154993 0.000000 0.000000 0.069576 0.000000 0.324523 0.000000 0.000000 0.000000 0.135034 0.000000 0.000000 0.000000 0.000000 0.000000 0.000000 0.000000 0.000000 0.314999
 0.000000 0.015345 0.000010 0.317977 0.002002 0.000000 0.000000 0.000000 0.000000 0.000000 0.313409 0.000000 0.000000 0.351257 0.000000 0.000000 0.000000 0.000000 0.000000 0.000000
 0.182614 0.000000 0.000000 0.000151 0.000000 0.000000 0.000000 0.000000 0.000000 0.414565 0.000000 0.000000 0.000000 0.000000 0.000000 0.000000 0.000000 0.402670 0.000000 0.000000
the mean of prob-rank is 1.5263157894736843
the number of false negetive edges is 0
the number of probability greater than 0 is 4.0/edge
