20
 0.000000 0.001086 0.086292 0.000000 0.000000 0.000000 0.000000 0.000000 0.321539 0.288203 0.000000 0.003136 0.000000 0.000000 0.000000 0.000000 0.299744 0.000000 0.000000 0.000000
 0.001239 0.000000 0.350472 0.000000 0.000000 0.000000 0.000000 0.000000 0.000000 0.002729 0.000000 0.377548 0.000000 0.000000 0.000000 0.000000 0.268012 0.000000 0.000000 0.000000
 0.084864 0.302179 0.000000 0.000000 0.000000 0.000000 0.000000 0.000000 0.000001 0.013884 0.000000 0.313989 0.000000 0.000000 0.000000 0.000000 0.285084 0.000000 0.000000 0.000000
 0.000000 0.000000 0.000000 0.000000 0.000000 0.000000 0.000000 0.000000 0.000000 0.000000 0.499997 0.000002 0.000000 0.000000 0.000000 0.000000 0.000000 0.000000 0.000000 0.500001
 0.000000 0.000000 0.000000 0.000000 0.000000 0.000000 0.478373 0.043416 0.000000 0.000000 0.000000 0.000000 0.000000 0.000000 0.000000 0.000000 0.000000 0.000000 0.478211 0.000000
 0.000000 0.000000 0.000000 0.000000 0.000000 0.000000 0.000000 0.000000 0.000000 0.000000 0.000000 0.000000 0.000000 0.500000 0.000000 0.000000 0.000000 0.500000 0.000000 0.000000
 0.000000 0.000000 0.000000 0.000000 0.500008 0.000000 0.000000 0.000000 0.000000 0.000000 0.499985 0.000000 0.000000 0.000000 0.000000 0.000000 0.000000 0.000000 0.000006 0.000001
 0.000000 0.000000 0.000000 0.000000 0.043420 0.000000 0.000000 0.000000 0.000000 0.478415 0.000000 0.000000 0.000000 0.000000 0.000000 0.000000 0.000000 0.000000 0.478165 0.000000
 0.340194 0.000000 0.000001 0.000000 0.000000 0.000000 0.000000 0.000000 0.000000 0.000004 0.000000 0.000000 0.000000 0.000000 0.350207 0.000000 0.309595 0.000000 0.000000 0.000000
 0.263976 0.002192 0.012931 0.000000 0.000000 0.000000 0.000000 0.303178 0.000003 0.000000 0.000000 0.233472 0.000000 0.000000 0.000000 0.000000 0.000017 0.000000 0.184232 0.000000
 0.000000 0.000000 0.000000 0.499781 0.000000 0.000000 0.499762 0.000000 0.000000 0.000000 0.000000 0.000000 0.000000 0.000000 0.000000 0.000000 0.000000 0.000000 0.000457 0.000000
 0.003380 0.356758 0.344115 0.000001 0.000000 0.000000 0.000000 0.000000 0.000000 0.274734 0.000000 0.000000 0.000000 0.000000 0.000000 0.000000 0.019484 0.000000 0.001528 0.000000
 0.000000 0.000000 0.000000 0.000000 0.000000 0.000000 0.000000 0.000000 0.000000 0.000000 0.000000 0.000000 0.000000 0.500001 0.000000 0.499999 0.000000 0.000000 0.000000 0.000000
 0.000000 0.000000 0.000000 0.000000 0.000000 0.500000 0.000000 0.000000 0.000000 0.000000 0.000000 0.000000 0.500000 0.000000 0.000000 0.000000 0.000000 0.000000 0.000000 0.000000
 0.000000 0.000000 0.000000 0.000000 0.000000 0.000000 0.000000 0.000000 0.500000 0.000000 0.000000 0.000000 0.000000 0.000000 0.000000 0.500000 0.000000 0.000000 0.000000 0.000000
 0.000000 0.000000 0.000000 0.000000 0.000000 0.000000 0.000000 0.000000 0.000000 0.000000 0.000000 0.000000 0.499999 0.000000 0.500001 0.000000 0.000000 0.000000 0.000000 0.000000
 0.264019 0.206966 0.255332 0.000000 0.000000 0.000000 0.000000 0.000000 0.257743 0.000016 0.000000 0.015923 0.000000 0.000000 0.000000 0.000000 0.000000 0.000000 0.000000 0.000000
 0.000000 0.000000 0.000000 0.000000 0.000000 0.500000 0.000000 0.000000 0.000000 0.000000 0.000000 0.000000 0.000000 0.000000 0.000000 0.000000 0.000000 0.000000 0.000000 0.500000
 0.000000 0.000000 0.000000 0.000000 0.382716 0.000000 0.000005 0.382645 0.000000 0.232644 0.000350 0.001640 0.000000 0.000000 0.000000 0.000000 0.000000 0.000000 0.000000 0.000000
 0.000000 0.000000 0.000000 0.499999 0.000000 0.000000 0.000001 0.000000 0.000000 0.000000 0.000000 0.000000 0.000000 0.000000 0.000000 0.000000 0.000000 0.500000 0.000000 0.000000
the mean of prob-rank is 1.6842105263157894
the number of false negetive edges is 0
the number of probability greater than 0 is 3.9/edge
