20
 0.000000 0.000000 0.000000 0.000000 0.000000 0.000000 0.000000 0.000000 0.000000 0.000002 0.000000 0.096379 0.000000 0.000000 0.000000 0.000000 0.338575 0.330295 0.234749 0.000000
 0.000000 0.000000 0.474831 0.000000 0.049645 0.000000 0.000000 0.000000 0.000579 0.000000 0.000000 0.000000 0.000000 0.474945 0.000000 0.000000 0.000000 0.000000 0.000000 0.000000
 0.000000 0.473447 0.000000 0.000000 0.473560 0.000000 0.000000 0.000000 0.052961 0.000000 0.000000 0.000000 0.000033 0.000000 0.000000 0.000000 0.000000 0.000000 0.000000 0.000000
 0.000000 0.000000 0.000000 0.000000 0.000006 0.000000 0.000000 0.000000 0.000000 0.500103 0.000000 0.000000 0.499890 0.000000 0.000000 0.000000 0.000000 0.000000 0.000000 0.000000
 0.000000 0.040241 0.384975 0.000005 0.000000 0.000000 0.000000 0.000000 0.000000 0.000000 0.000000 0.000000 0.372706 0.000000 0.202073 0.000000 0.000000 0.000000 0.000000 0.000000
 0.000000 0.000000 0.000000 0.000000 0.000000 0.000000 0.000000 0.000000 0.000000 0.000521 0.373716 0.000000 0.264756 0.000000 0.000000 0.000000 0.000000 0.000000 0.000000 0.361007
 0.000000 0.000000 0.000000 0.000000 0.000000 0.000000 0.000000 0.460832 0.027371 0.000000 0.000000 0.000000 0.000000 0.000156 0.000000 0.000000 0.000000 0.051206 0.460435 0.000000
 0.000000 0.000000 0.000000 0.000000 0.000000 0.000000 0.499161 0.000000 0.000000 0.000000 0.000000 0.000000 0.000000 0.001656 0.000000 0.000000 0.000000 0.499184 0.000000 0.000000
 0.000000 0.000568 0.052025 0.000000 0.000000 0.000000 0.027629 0.000000 0.000000 0.000000 0.000000 0.000000 0.000000 0.465174 0.000000 0.000000 0.000000 0.000000 0.454604 0.000000
 0.000002 0.000000 0.000000 0.343216 0.000000 0.000479 0.000000 0.000000 0.000000 0.000000 0.000000 0.000000 0.029166 0.000000 0.327737 0.000000 0.000000 0.000000 0.000000 0.299401
 0.000000 0.000000 0.000000 0.000000 0.000000 0.500000 0.000000 0.000000 0.000000 0.000000 0.000000 0.000000 0.000000 0.000000 0.500000 0.000000 0.000000 0.000000 0.000000 0.000000
 0.123917 0.000000 0.000000 0.000000 0.000000 0.000000 0.000000 0.000000 0.000000 0.000000 0.000000 0.000000 0.000000 0.000000 0.000000 0.436897 0.439185 0.000000 0.000000 0.000000
 0.000000 0.000000 0.000024 0.349509 0.338516 0.247713 0.000000 0.000000 0.000000 0.029713 0.000000 0.000000 0.000000 0.000000 0.034525 0.000000 0.000000 0.000000 0.000000 0.000000
 0.000000 0.499099 0.000000 0.000000 0.000000 0.000000 0.000169 0.001656 0.499076 0.000000 0.000000 0.000000 0.000000 0.000000 0.000000 0.000000 0.000000 0.000000 0.000000 0.000000
 0.000000 0.000000 0.000000 0.000000 0.203565 0.000000 0.000000 0.000000 0.000000 0.370325 0.387817 0.000000 0.038293 0.000000 0.000000 0.000000 0.000000 0.000000 0.000000 0.000000
 0.000000 0.000000 0.000000 0.000000 0.000000 0.000000 0.000000 0.000000 0.000000 0.000000 0.000000 0.375575 0.000000 0.000000 0.000000 0.000000 0.246884 0.000000 0.000000 0.377542
 0.374725 0.000000 0.000000 0.000000 0.000000 0.000000 0.000000 0.000000 0.000000 0.000000 0.000000 0.378056 0.000000 0.000000 0.000000 0.247220 0.000000 0.000000 0.000000 0.000000
 0.408333 0.000000 0.000000 0.000000 0.000000 0.000000 0.046921 0.422290 0.000000 0.000000 0.000000 0.000000 0.000000 0.000000 0.000000 0.000000 0.000000 0.000000 0.122456 0.000000
 0.232681 0.000000 0.000000 0.000000 0.000000 0.000000 0.338269 0.000000 0.330869 0.000000 0.000000 0.000000 0.000000 0.000000 0.000000 0.000000 0.000000 0.098181 0.000000 0.000000
 0.000000 0.000000 0.000000 0.000000 0.000000 0.340339 0.000000 0.000000 0.000000 0.307342 0.000000 0.000000 0.000000 0.000000 0.000000 0.352320 0.000000 0.000000 0.000000 0.000000
the mean of prob-rank is 1.4736842105263157
the number of false negetive edges is 0
the number of probability greater than 0 is 4.0/edge
