20
 0.000000 0.000000 0.000000 0.000000 0.499998 0.000000 0.000004 0.000000 0.000000 0.000000 0.000000 0.000000 0.000000 0.499998 0.000000 0.000000 0.000000 0.000000 0.000000 0.000000
 0.000000 0.000000 0.000000 0.000000 0.000000 0.000000 0.000000 0.000000 0.000000 0.500000 0.500000 0.000000 0.000000 0.000000 0.000000 0.000000 0.000000 0.000000 0.000000 0.000000
 0.000000 0.000000 0.000000 0.000000 0.000000 0.000000 0.000000 0.000000 0.000000 0.000000 0.000000 0.001561 0.000000 0.499514 0.000000 0.000000 0.498925 0.000001 0.000000 0.000000
 0.000000 0.000000 0.000000 0.000000 0.323965 0.000000 0.357528 0.000000 0.000000 0.000000 0.000000 0.000000 0.000000 0.000005 0.000000 0.000000 0.000000 0.000000 0.000000 0.318502
 0.356074 0.000000 0.000000 0.322648 0.000000 0.000000 0.321249 0.000000 0.000000 0.000000 0.000000 0.000000 0.000000 0.000029 0.000000 0.000000 0.000000 0.000000 0.000000 0.000000
 0.000000 0.000000 0.000000 0.000000 0.000000 0.000000 0.000000 0.000000 0.000000 0.000000 0.000000 0.492405 0.492415 0.000000 0.000000 0.000000 0.000000 0.000000 0.015180 0.000000
 0.000003 0.000000 0.000000 0.353869 0.319259 0.000000 0.000000 0.000000 0.000000 0.000000 0.000000 0.000000 0.000000 0.000000 0.000000 0.000000 0.000000 0.000000 0.000000 0.326869
 0.000000 0.000000 0.000000 0.000000 0.000000 0.000000 0.000000 0.000000 0.000000 0.498420 0.000000 0.000000 0.000000 0.000000 0.003172 0.000000 0.000000 0.498408 0.000000 0.000000
 0.000000 0.000000 0.000000 0.000000 0.000000 0.000000 0.000000 0.000000 0.000000 0.000000 0.000000 0.000000 0.000000 0.000000 0.500000 0.000000 0.000000 0.000000 0.500000 0.000000
 0.000000 0.500000 0.000000 0.000000 0.000000 0.000000 0.000000 0.500000 0.000000 0.000000 0.000000 0.000000 0.000000 0.000000 0.000000 0.000000 0.000000 0.000000 0.000000 0.000000
 0.000000 0.500003 0.000000 0.000000 0.000000 0.000000 0.000000 0.000000 0.000000 0.000000 0.000000 0.000000 0.000000 0.000000 0.000000 0.000000 0.499997 0.000000 0.000000 0.000000
 0.000000 0.000000 0.001525 0.000000 0.000000 0.487921 0.000000 0.000000 0.000000 0.000000 0.000000 0.000000 0.010091 0.012653 0.000000 0.487811 0.000000 0.000000 0.000000 0.000000
 0.000000 0.000000 0.000000 0.000000 0.000000 0.489430 0.000000 0.000000 0.000000 0.000000 0.000000 0.010122 0.000000 0.000000 0.000000 0.011255 0.000000 0.000000 0.489192 0.000000
 0.493583 0.000000 0.493571 0.000007 0.000040 0.000000 0.000000 0.000000 0.000000 0.000000 0.000000 0.012799 0.000000 0.000000 0.000000 0.000000 0.000000 0.000000 0.000000 0.000000
 0.000000 0.000000 0.000000 0.000000 0.000000 0.000000 0.000000 0.003172 0.498444 0.000000 0.000000 0.000000 0.000000 0.000000 0.000000 0.000000 0.000000 0.498384 0.000000 0.000000
 0.000000 0.000000 0.000000 0.000000 0.000000 0.000000 0.000000 0.000000 0.000000 0.000000 0.000000 0.494255 0.011369 0.000000 0.000000 0.000000 0.000000 0.000000 0.000000 0.494376
 0.000000 0.000000 0.498696 0.000000 0.000000 0.000000 0.000000 0.000000 0.000000 0.000000 0.499292 0.000000 0.000000 0.000000 0.000000 0.000000 0.000000 0.002012 0.000000 0.000000
 0.000000 0.000000 0.000001 0.000000 0.000000 0.000000 0.000000 0.499019 0.000000 0.000000 0.000000 0.000000 0.000000 0.000000 0.498970 0.000000 0.002011 0.000000 0.000000 0.000000
 0.000000 0.000000 0.000000 0.000000 0.000000 0.015183 0.000000 0.000000 0.492528 0.000000 0.000000 0.000000 0.492289 0.000000 0.000000 0.000000 0.000000 0.000000 0.000000 0.000000
 0.000000 0.000000 0.000000 0.316515 0.000000 0.000000 0.328189 0.000000 0.000000 0.000000 0.000000 0.000000 0.000000 0.000000 0.000000 0.355297 0.000000 0.000000 0.000000 0.000000
the mean of prob-rank is 1.5789473684210527
the number of false negetive edges is 0
the number of probability greater than 0 is 3.2/edge
