20
 0.000000 0.000000 0.000000 0.000000 0.000000 0.000000 0.000000 0.000000 0.500000 0.000000 0.000000 0.000000 0.000000 0.500000 0.000000 0.000000 0.000000 0.000000 0.000000 0.000000
 0.000000 0.000000 0.000000 0.000001 0.283025 0.000000 0.000000 0.000000 0.000000 0.000000 0.000000 0.000000 0.000000 0.364207 0.000000 0.000000 0.352767 0.000000 0.000000 0.000000
 0.000000 0.000000 0.000000 0.000000 0.000000 0.054743 0.000000 0.000000 0.000000 0.000000 0.000000 0.000000 0.000000 0.000000 0.000272 0.312732 0.000000 0.309123 0.000000 0.323130
 0.000000 0.000001 0.000000 0.000000 0.341070 0.000000 0.000131 0.349972 0.000000 0.000000 0.000000 0.000000 0.000000 0.000000 0.000000 0.000000 0.308826 0.000000 0.000000 0.000000
 0.000000 0.282427 0.000000 0.354136 0.000000 0.000000 0.000000 0.000000 0.000000 0.000000 0.000000 0.000000 0.000000 0.000000 0.000000 0.000000 0.363438 0.000000 0.000000 0.000000
 0.000000 0.000000 0.057801 0.000000 0.000000 0.000000 0.000000 0.000000 0.000000 0.000000 0.000000 0.342105 0.000000 0.000000 0.000000 0.000000 0.000000 0.260582 0.000000 0.339513
 0.000000 0.000000 0.000000 0.000188 0.000000 0.000000 0.000000 0.000012 0.000000 0.499806 0.499995 0.000000 0.000000 0.000000 0.000000 0.000000 0.000000 0.000000 0.000000 0.000000
 0.000000 0.000000 0.000000 0.499954 0.000000 0.000000 0.000012 0.000000 0.000000 0.000000 0.500034 0.000000 0.000000 0.000000 0.000000 0.000000 0.000000 0.000000 0.000000 0.000000
 0.500000 0.000000 0.000000 0.000000 0.000000 0.000000 0.000000 0.000000 0.000000 0.000000 0.000000 0.000000 0.500000 0.000000 0.000000 0.000000 0.000000 0.000000 0.000000 0.000000
 0.000000 0.000000 0.000000 0.000000 0.000000 0.000000 0.493538 0.000000 0.000000 0.000000 0.000000 0.000005 0.000000 0.000000 0.493492 0.010550 0.000000 0.002384 0.000033 0.000000
 0.000000 0.000000 0.000000 0.000000 0.000000 0.000000 0.500000 0.500000 0.000000 0.000000 0.000000 0.000000 0.000000 0.000000 0.000000 0.000000 0.000000 0.000000 0.000000 0.000000
 0.000000 0.000000 0.000000 0.000000 0.000000 0.500002 0.000000 0.000000 0.000000 0.000005 0.000000 0.000000 0.000001 0.000000 0.000000 0.000000 0.000000 0.000000 0.499992 0.000000
 0.000000 0.000000 0.000000 0.000000 0.000000 0.000000 0.000000 0.000000 0.500000 0.000000 0.000000 0.000001 0.000000 0.000000 0.000000 0.000000 0.000000 0.000000 0.499999 0.000000
 0.500000 0.500000 0.000000 0.000000 0.000000 0.000000 0.000000 0.000000 0.000000 0.000000 0.000000 0.000000 0.000000 0.000000 0.000000 0.000000 0.000000 0.000000 0.000000 0.000000
 0.000000 0.000000 0.000418 0.000000 0.000000 0.000000 0.000000 0.000000 0.000000 0.497136 0.000000 0.000000 0.000000 0.000000 0.000000 0.497370 0.000000 0.005068 0.000000 0.000008
 0.000000 0.000000 0.324066 0.000000 0.000000 0.000000 0.000000 0.000000 0.000000 0.007174 0.000000 0.000000 0.000000 0.000000 0.335748 0.000000 0.000000 0.319688 0.000000 0.013324
 0.000000 0.339751 0.000000 0.309479 0.350769 0.000000 0.000000 0.000000 0.000000 0.000000 0.000000 0.000000 0.000000 0.000000 0.000000 0.000000 0.000000 0.000000 0.000000 0.000000
 0.000000 0.000000 0.259663 0.000000 0.000000 0.207308 0.000000 0.000000 0.000000 0.001314 0.000000 0.000000 0.000000 0.000000 0.002773 0.259145 0.000000 0.000000 0.000000 0.269798
 0.000000 0.000000 0.000000 0.000000 0.000000 0.000000 0.000000 0.000000 0.000000 0.000033 0.000000 0.499979 0.499988 0.000000 0.000000 0.000000 0.000000 0.000000 0.000000 0.000000
 0.000000 0.000000 0.330151 0.000000 0.000000 0.328538 0.000000 0.000000 0.000000 0.000000 0.000000 0.000000 0.000000 0.000000 0.000005 0.013137 0.000000 0.328168 0.000000 0.000000
the mean of prob-rank is 1.6842105263157894
the number of false negetive edges is 0
the number of probability greater than 0 is 3.8/edge
