20
 0.000000 0.000000 0.374628 0.000000 0.000000 0.000000 0.000000 0.000000 0.012750 0.000000 0.000000 0.000000 0.000000 0.367686 0.000000 0.000000 0.000000 0.000000 0.000000 0.244935
 0.000000 0.000000 0.000000 0.379533 0.000000 0.194923 0.000000 0.000000 0.000000 0.000000 0.000000 0.425410 0.000000 0.000000 0.000000 0.000133 0.000000 0.000000 0.000000 0.000000
 0.450061 0.000000 0.000000 0.000000 0.000718 0.000000 0.000000 0.000000 0.000000 0.000000 0.000000 0.000000 0.000000 0.098192 0.000000 0.000000 0.000000 0.000000 0.000005 0.451024
 0.000000 0.309818 0.000000 0.000000 0.000000 0.347193 0.000000 0.000000 0.000000 0.000000 0.000000 0.000000 0.000000 0.000000 0.000000 0.342989 0.000000 0.000000 0.000000 0.000000
 0.000000 0.000000 0.000556 0.000000 0.000000 0.000000 0.304260 0.000000 0.000000 0.000000 0.000000 0.000000 0.028060 0.000000 0.000000 0.000000 0.000000 0.349402 0.000000 0.317722
 0.000000 0.160598 0.000000 0.350422 0.000000 0.000000 0.000000 0.000000 0.000000 0.000000 0.314655 0.000000 0.000000 0.000000 0.001670 0.172655 0.000000 0.000000 0.000000 0.000000
 0.000000 0.000000 0.000000 0.000000 0.286397 0.000000 0.000000 0.000000 0.000000 0.000000 0.000000 0.000074 0.312714 0.000000 0.000000 0.000000 0.000000 0.295282 0.000000 0.105533
 0.000000 0.000000 0.000000 0.000000 0.000000 0.000000 0.000000 0.000000 0.000000 0.000000 0.485361 0.000000 0.000000 0.000000 0.026789 0.000495 0.487354 0.000000 0.000000 0.000000
 0.016689 0.000000 0.000000 0.000000 0.000000 0.000000 0.000000 0.000000 0.000000 0.000000 0.000000 0.000000 0.000000 0.000000 0.491403 0.000000 0.000000 0.000000 0.491908 0.000000
 0.000000 0.000000 0.000000 0.000000 0.000000 0.000000 0.000000 0.000000 0.000000 0.000000 0.000000 0.500000 0.500000 0.000000 0.000000 0.000000 0.000000 0.000000 0.000000 0.000000
 0.000000 0.000000 0.000000 0.000000 0.000000 0.307756 0.000000 0.341340 0.000000 0.000000 0.000000 0.000000 0.000000 0.000000 0.342472 0.008431 0.000000 0.000000 0.000000 0.000000
 0.000000 0.499943 0.000000 0.000000 0.000000 0.000000 0.000113 0.000000 0.000000 0.499943 0.000000 0.000000 0.000000 0.000000 0.000000 0.000000 0.000000 0.000000 0.000000 0.000000
 0.000000 0.000000 0.000000 0.000000 0.028066 0.000000 0.332290 0.000000 0.000000 0.349477 0.000000 0.000000 0.000000 0.000000 0.000000 0.000056 0.000068 0.290043 0.000000 0.000000
 0.445543 0.000000 0.099042 0.000000 0.000000 0.000000 0.000000 0.000000 0.000000 0.000000 0.000000 0.000000 0.000000 0.000000 0.000000 0.000000 0.000000 0.000000 0.455416 0.000000
 0.000000 0.000000 0.000000 0.000000 0.000000 0.002316 0.000000 0.026709 0.485469 0.000000 0.485506 0.000000 0.000000 0.000000 0.000000 0.000000 0.000000 0.000000 0.000000 0.000000
 0.000000 0.000125 0.000000 0.394068 0.000000 0.196540 0.000000 0.000405 0.000000 0.000000 0.009813 0.000000 0.000064 0.000000 0.000000 0.000000 0.398984 0.000000 0.000000 0.000000
 0.000000 0.000000 0.000000 0.000000 0.000000 0.000000 0.000000 0.499899 0.000000 0.000000 0.000000 0.000000 0.000098 0.000000 0.000000 0.500003 0.000000 0.000000 0.000000 0.000000
 0.000000 0.000000 0.000000 0.000000 0.366602 0.000000 0.329142 0.000000 0.000000 0.000000 0.000000 0.000000 0.304256 0.000000 0.000000 0.000000 0.000000 0.000000 0.000000 0.000000
 0.000000 0.000000 0.000005 0.000000 0.000000 0.000000 0.000000 0.000000 0.499986 0.000000 0.000000 0.000000 0.000000 0.500008 0.000000 0.000000 0.000000 0.000000 0.000000 0.000000
 0.226223 0.000000 0.346748 0.000000 0.315647 0.000000 0.111383 0.000000 0.000000 0.000000 0.000000 0.000000 0.000000 0.000000 0.000000 0.000000 0.000000 0.000000 0.000000 0.000000
the mean of prob-rank is 1.5789473684210527
the number of false negetive edges is 0
the number of probability greater than 0 is 4.0/edge
