20
 0.000000 0.326779 0.000851 0.000000 0.000000 0.000000 0.000000 0.000000 0.324847 0.000000 0.000000 0.000000 0.000000 0.000000 0.000000 0.000000 0.081417 0.000233 0.265873 0.000000
 0.334627 0.000000 0.338768 0.000000 0.000000 0.000000 0.000000 0.000000 0.000030 0.000000 0.000000 0.000000 0.000000 0.000000 0.000000 0.000000 0.007206 0.000000 0.319370 0.000000
 0.001192 0.463120 0.000000 0.000000 0.004662 0.000000 0.000000 0.463431 0.000000 0.000000 0.000000 0.000000 0.000000 0.000000 0.016785 0.000000 0.015587 0.000000 0.035177 0.000046
 0.000000 0.000000 0.000000 0.000000 0.000000 0.000000 0.499999 0.000000 0.000000 0.000000 0.000000 0.000000 0.000000 0.000000 0.000000 0.000000 0.000000 0.000000 0.000000 0.500001
 0.000000 0.000000 0.005008 0.000000 0.000000 0.000000 0.497763 0.000000 0.000000 0.000000 0.000000 0.000000 0.000000 0.000000 0.000000 0.000000 0.497227 0.000000 0.000000 0.000002
 0.000000 0.000000 0.000000 0.000000 0.000000 0.000000 0.000000 0.000000 0.000000 0.000000 0.000000 0.500001 0.000000 0.499999 0.000000 0.000000 0.000000 0.000000 0.000000 0.000000
 0.000000 0.000000 0.000000 0.497774 0.497776 0.000000 0.000000 0.000000 0.000000 0.000000 0.000000 0.000000 0.000000 0.000000 0.000000 0.004263 0.000002 0.000185 0.000000 0.000000
 0.000000 0.000000 0.483233 0.000000 0.000000 0.000000 0.000000 0.000000 0.000000 0.000000 0.000000 0.000000 0.000000 0.000000 0.033542 0.000000 0.000000 0.000000 0.000000 0.483225
 0.251845 0.000023 0.000000 0.000000 0.000000 0.000000 0.000000 0.000000 0.000000 0.000000 0.256494 0.234723 0.000000 0.000000 0.000000 0.000005 0.002168 0.247411 0.007331 0.000000
 0.000000 0.000000 0.000000 0.000000 0.000000 0.000000 0.000000 0.000000 0.000000 0.000000 0.000000 0.000000 0.500098 0.499902 0.000000 0.000000 0.000000 0.000000 0.000000 0.000000
 0.000000 0.000000 0.000000 0.000000 0.000000 0.000000 0.000000 0.000000 0.353004 0.000000 0.000000 0.301383 0.000000 0.000000 0.000000 0.004726 0.000000 0.340887 0.000000 0.000000
 0.000000 0.000000 0.000000 0.000000 0.000000 0.326364 0.000000 0.000000 0.298482 0.000000 0.278470 0.000000 0.000000 0.000000 0.000000 0.000000 0.000000 0.041374 0.055310 0.000000
 0.000000 0.000000 0.000000 0.000000 0.000000 0.000000 0.000000 0.000000 0.000000 0.499999 0.000000 0.000000 0.000000 0.000000 0.499998 0.000000 0.000000 0.000000 0.000003 0.000000
 0.000000 0.000000 0.000000 0.000000 0.000000 0.500097 0.000000 0.000000 0.000000 0.499903 0.000000 0.000000 0.000000 0.000000 0.000000 0.000000 0.000000 0.000000 0.000000 0.000000
 0.000000 0.000000 0.017217 0.000000 0.000000 0.000000 0.000000 0.032994 0.000000 0.000000 0.000000 0.000000 0.475337 0.000000 0.000000 0.000000 0.000000 0.000000 0.474453 0.000000
 0.000000 0.000000 0.000000 0.000000 0.000000 0.000000 0.004240 0.000000 0.000010 0.000000 0.006623 0.000000 0.000000 0.000000 0.000000 0.000000 0.494293 0.494834 0.000000 0.000000
 0.096184 0.008314 0.013154 0.000000 0.390668 0.000000 0.000002 0.000000 0.003304 0.000000 0.000000 0.000000 0.000000 0.000000 0.000000 0.390489 0.000000 0.097886 0.000000 0.000000
 0.000213 0.000000 0.000000 0.000000 0.000000 0.000000 0.000113 0.000000 0.291523 0.000000 0.291851 0.038337 0.000000 0.000000 0.000000 0.302274 0.075690 0.000000 0.000000 0.000000
 0.266173 0.312232 0.025156 0.000000 0.000000 0.000000 0.000000 0.000000 0.009466 0.000000 0.000000 0.056167 0.000002 0.000000 0.330803 0.000000 0.000000 0.000000 0.000000 0.000000
 0.000000 0.000000 0.000049 0.499979 0.000002 0.000000 0.000000 0.499970 0.000000 0.000000 0.000000 0.000000 0.000000 0.000000 0.000000 0.000000 0.000000 0.000000 0.000000 0.000000
the mean of prob-rank is 1.8421052631578947
the number of false negetive edges is 0
the number of probability greater than 0 is 4.7/edge
