20
 0.000000 0.000000 0.000000 0.452583 0.000000 0.000000 0.000000 0.000000 0.000000 0.000000 0.000000 0.000000 0.099292 0.000000 0.000000 0.000000 0.000000 0.448033 0.000092 0.000000
 0.000000 0.000000 0.000000 0.000000 0.000000 0.000000 0.426999 0.000000 0.000000 0.427424 0.145577 0.000000 0.000000 0.000000 0.000000 0.000000 0.000000 0.000000 0.000000 0.000000
 0.000000 0.000000 0.000000 0.002715 0.135778 0.405108 0.000000 0.000000 0.406709 0.000000 0.000000 0.000000 0.049672 0.000000 0.000015 0.000000 0.000000 0.000002 0.000000 0.000000
 0.498320 0.000000 0.003327 0.000000 0.000000 0.000000 0.000000 0.000000 0.000000 0.000000 0.000000 0.000000 0.000000 0.000000 0.000000 0.000000 0.000000 0.000000 0.498353 0.000000
 0.000000 0.000000 0.130079 0.000000 0.000000 0.387074 0.389640 0.000000 0.001724 0.000000 0.000000 0.000000 0.000000 0.000000 0.091420 0.000000 0.000000 0.000063 0.000000 0.000000
 0.000000 0.000000 0.355117 0.000000 0.354175 0.000000 0.000000 0.000000 0.243830 0.000000 0.000000 0.000000 0.000000 0.000000 0.046878 0.000000 0.000000 0.000000 0.000000 0.000000
 0.000000 0.464099 0.000000 0.000000 0.464562 0.000000 0.000000 0.000000 0.000000 0.000007 0.000000 0.000000 0.000000 0.000000 0.000000 0.000000 0.000000 0.071332 0.000000 0.000000
 0.000000 0.000000 0.000000 0.000000 0.000000 0.000000 0.000000 0.000000 0.000000 0.000000 0.323131 0.285569 0.000000 0.000000 0.000000 0.000000 0.254912 0.000000 0.000000 0.136388
 0.000000 0.000000 0.371740 0.000000 0.001645 0.254238 0.000000 0.000000 0.000000 0.000000 0.000000 0.000000 0.000888 0.000000 0.371488 0.000000 0.000000 0.000001 0.000000 0.000000
 0.000000 0.415364 0.000000 0.000000 0.000000 0.000000 0.000006 0.000000 0.000000 0.000000 0.080150 0.000000 0.000000 0.390301 0.000000 0.000000 0.000000 0.114179 0.000000 0.000000
 0.000000 0.134815 0.000000 0.000000 0.000000 0.000000 0.000000 0.395828 0.000000 0.076380 0.000000 0.000912 0.000000 0.000078 0.000000 0.000000 0.000000 0.000000 0.000000 0.391988
 0.000000 0.000000 0.000000 0.000000 0.000000 0.000000 0.000000 0.302392 0.000000 0.000000 0.000788 0.000000 0.000000 0.065064 0.000000 0.337979 0.266887 0.000000 0.000507 0.026384
 0.093722 0.000000 0.052177 0.000000 0.000000 0.000000 0.000000 0.000000 0.001020 0.000000 0.000000 0.000000 0.000000 0.000000 0.425866 0.000000 0.000000 0.427215 0.000000 0.000000
 0.000000 0.000000 0.000000 0.000000 0.000000 0.000000 0.000000 0.000000 0.000000 0.441168 0.000092 0.089276 0.000000 0.000000 0.000000 0.000000 0.000000 0.000000 0.000000 0.469464
 0.000000 0.000000 0.000015 0.000000 0.093947 0.052649 0.000000 0.000000 0.400135 0.000000 0.000000 0.000000 0.399138 0.000000 0.000000 0.000000 0.000000 0.054116 0.000000 0.000000
 0.000000 0.000000 0.000000 0.000000 0.000000 0.000000 0.000000 0.000000 0.000000 0.000000 0.000000 0.434555 0.000000 0.000000 0.000000 0.000000 0.439937 0.000000 0.125508 0.000000
 0.000000 0.000000 0.000000 0.000000 0.000000 0.000000 0.000000 0.225964 0.000000 0.000000 0.000000 0.223418 0.000000 0.000000 0.000000 0.286435 0.000000 0.000000 0.264183 0.000000
 0.387638 0.000000 0.000002 0.000000 0.000064 0.000000 0.060129 0.000000 0.000001 0.107646 0.000000 0.000000 0.391594 0.000000 0.052925 0.000000 0.000000 0.000000 0.000000 0.000000
 0.000092 0.000000 0.000000 0.452636 0.000000 0.000000 0.000000 0.000000 0.000000 0.000000 0.000000 0.000670 0.000000 0.000000 0.000000 0.129131 0.417471 0.000000 0.000000 0.000000
 0.000000 0.000000 0.000000 0.000000 0.000000 0.000000 0.000000 0.169551 0.000000 0.000000 0.397803 0.030975 0.000000 0.401671 0.000000 0.000000 0.000000 0.000000 0.000000 0.000000
the mean of prob-rank is 1.4736842105263157
the number of false negetive edges is 0
the number of probability greater than 0 is 4.9/edge
