20
 0.000000 0.000000 0.000000 0.000000 0.000000 0.000000 0.000000 0.481976 0.000000 0.000000 0.000000 0.000000 0.000000 0.000000 0.000000 0.482008 0.000000 0.000000 0.000000 0.036016
 0.000000 0.000000 0.000000 0.392425 0.000000 0.000000 0.396853 0.168699 0.000000 0.000000 0.000000 0.030873 0.000000 0.000000 0.000000 0.000000 0.000000 0.000000 0.000000 0.011149
 0.000000 0.000000 0.000000 0.000000 0.475121 0.000000 0.000002 0.000000 0.475115 0.003732 0.000000 0.046030 0.000000 0.000000 0.000000 0.000000 0.000000 0.000000 0.000000 0.000000
 0.000000 0.415435 0.000000 0.000000 0.000000 0.000000 0.000000 0.007584 0.000000 0.000000 0.008432 0.000004 0.000000 0.148397 0.000000 0.000000 0.000000 0.000000 0.420147 0.000000
 0.000000 0.000000 0.499951 0.000000 0.000000 0.000000 0.000094 0.000000 0.000000 0.000000 0.000000 0.000000 0.000000 0.000000 0.499955 0.000000 0.000000 0.000000 0.000000 0.000000
 0.000000 0.000000 0.000000 0.000000 0.000000 0.000000 0.000000 0.000000 0.000000 0.000000 0.000000 0.000000 0.000000 0.000000 0.000000 0.500000 0.000000 0.000000 0.500000 0.000000
 0.000000 0.420509 0.000002 0.000000 0.000079 0.000000 0.000000 0.000000 0.000000 0.000000 0.000000 0.415295 0.000000 0.000000 0.000000 0.000000 0.000000 0.000000 0.000000 0.164115
 0.410280 0.174408 0.000000 0.007406 0.000000 0.000000 0.000000 0.000000 0.000000 0.000000 0.000000 0.000000 0.000000 0.000000 0.000000 0.000000 0.000000 0.000000 0.000000 0.407906
 0.000000 0.000000 0.498429 0.000000 0.000000 0.000000 0.000000 0.000000 0.000000 0.003132 0.000000 0.000000 0.000000 0.000000 0.000000 0.000000 0.498440 0.000000 0.000000 0.000000
 0.000000 0.000000 0.002207 0.000000 0.000000 0.000000 0.000000 0.000000 0.001765 0.000000 0.225496 0.245138 0.000000 0.252871 0.000000 0.000000 0.272523 0.000000 0.000000 0.000000
 0.000000 0.000000 0.000000 0.007210 0.000000 0.000000 0.000000 0.000000 0.000000 0.288352 0.000000 0.345185 0.000000 0.359252 0.000000 0.000000 0.000002 0.000000 0.000000 0.000000
 0.000000 0.020179 0.025131 0.000002 0.000000 0.000000 0.256176 0.000000 0.000000 0.226349 0.249251 0.000000 0.000000 0.222911 0.000000 0.000000 0.000000 0.000000 0.000000 0.000000
 0.000000 0.000000 0.000000 0.000000 0.000000 0.000000 0.000001 0.000000 0.000000 0.000000 0.000000 0.000000 0.000000 0.000000 0.000000 0.000000 0.000000 0.499999 0.000000 0.500000
 0.000000 0.000000 0.000000 0.105133 0.000000 0.000000 0.000000 0.000000 0.000000 0.267916 0.297657 0.255778 0.000000 0.000000 0.000000 0.000000 0.073516 0.000000 0.000000 0.000000
 0.000000 0.000000 0.000000 0.000000 0.499904 0.000000 0.000000 0.000000 0.000000 0.000000 0.000000 0.000000 0.000000 0.000000 0.000000 0.000000 0.000191 0.499905 0.000000 0.000000
 0.500000 0.000000 0.000000 0.000000 0.000000 0.500000 0.000000 0.000000 0.000000 0.000000 0.000000 0.000000 0.000000 0.000000 0.000000 0.000000 0.000000 0.000000 0.000000 0.000000
 0.000000 0.000000 0.000000 0.000000 0.000000 0.000000 0.000000 0.000000 0.450978 0.437465 0.000002 0.000000 0.000000 0.111383 0.000172 0.000000 0.000000 0.000000 0.000000 0.000000
 0.000000 0.000000 0.000000 0.000000 0.000000 0.000000 0.000000 0.000000 0.000000 0.000000 0.000000 0.000000 0.500000 0.000000 0.500000 0.000000 0.000000 0.000000 0.000000 0.000000
 0.000000 0.000000 0.000000 0.499999 0.000000 0.500001 0.000000 0.000000 0.000000 0.000000 0.000000 0.000000 0.000000 0.000000 0.000000 0.000000 0.000000 0.000000 0.000000 0.000000
 0.030042 0.011294 0.000000 0.000000 0.000000 0.000000 0.156904 0.399703 0.000000 0.000000 0.000000 0.000000 0.402057 0.000000 0.000000 0.000000 0.000000 0.000000 0.000000 0.000000
the mean of prob-rank is 1.4736842105263157
the number of false negetive edges is 0
the number of probability greater than 0 is 4.0/edge
