20
 0.000000 0.000000 0.000000 0.000000 0.000000 0.056065 0.000000 0.000000 0.000000 0.471547 0.000000 0.000000 0.000000 0.000000 0.000000 0.000319 0.000000 0.472069 0.000000 0.000000
 0.000000 0.000000 0.000000 0.500000 0.000000 0.000000 0.000000 0.000000 0.500000 0.000000 0.000000 0.000000 0.000000 0.000000 0.000000 0.000000 0.000000 0.000000 0.000000 0.000000
 0.000000 0.000000 0.000000 0.000000 0.053123 0.000000 0.000000 0.000000 0.000000 0.000000 0.000000 0.000000 0.000000 0.000014 0.000000 0.000000 0.472849 0.000000 0.473368 0.000646
 0.000000 0.500000 0.000000 0.000000 0.000000 0.000000 0.000000 0.000000 0.000000 0.000000 0.500000 0.000000 0.000000 0.000000 0.000000 0.000000 0.000000 0.000000 0.000000 0.000000
 0.000000 0.000000 0.053142 0.000000 0.000000 0.473537 0.000000 0.000000 0.000000 0.000000 0.000000 0.000000 0.000000 0.000000 0.000000 0.000000 0.000000 0.000000 0.000000 0.473321
 0.056215 0.000000 0.000000 0.000000 0.473336 0.000000 0.000000 0.000000 0.000000 0.470449 0.000000 0.000000 0.000000 0.000000 0.000000 0.000000 0.000000 0.000000 0.000000 0.000000
 0.000000 0.000000 0.000000 0.000000 0.000000 0.000000 0.000000 0.000000 0.000000 0.000000 0.000000 0.500000 0.500000 0.000000 0.000000 0.000000 0.000001 0.000000 0.000000 0.000000
 0.000000 0.000000 0.000000 0.000000 0.000000 0.000000 0.000000 0.000000 0.000000 0.126572 0.000000 0.000000 0.436656 0.000000 0.000000 0.436773 0.000000 0.000000 0.000000 0.000000
 0.000000 0.499532 0.000000 0.000000 0.000000 0.000000 0.000000 0.000000 0.000000 0.000000 0.000000 0.000000 0.000000 0.000937 0.499532 0.000000 0.000000 0.000000 0.000000 0.000000
 0.426170 0.000000 0.000000 0.000000 0.000000 0.424043 0.000000 0.123637 0.000000 0.000000 0.000000 0.000000 0.000000 0.000000 0.000000 0.026142 0.000000 0.000008 0.000000 0.000000
 0.000000 0.000000 0.000000 0.500000 0.000000 0.000000 0.000000 0.000000 0.000000 0.000000 0.000000 0.499999 0.000000 0.000000 0.000000 0.000000 0.000001 0.000000 0.000000 0.000000
 0.000000 0.000000 0.000000 0.000000 0.000000 0.000000 0.500000 0.000000 0.000000 0.000000 0.499999 0.000000 0.000000 0.000000 0.000000 0.000000 0.000001 0.000000 0.000000 0.000000
 0.000000 0.000000 0.000000 0.000000 0.000000 0.000000 0.493851 0.493718 0.000000 0.000000 0.000000 0.000000 0.000000 0.000000 0.000000 0.000000 0.012431 0.000000 0.000000 0.000000
 0.000000 0.000000 0.000015 0.000000 0.000000 0.000000 0.000000 0.000000 0.000935 0.000000 0.000000 0.000000 0.000000 0.000000 0.498512 0.000000 0.002031 0.000000 0.498507 0.000000
 0.000000 0.000000 0.000000 0.000000 0.000000 0.000000 0.000000 0.000000 0.498476 0.000000 0.000000 0.000000 0.000000 0.498476 0.000000 0.000000 0.000000 0.000000 0.003048 0.000000
 0.000327 0.000000 0.000000 0.000000 0.000000 0.000000 0.000000 0.484982 0.000000 0.029716 0.000000 0.000000 0.000000 0.000000 0.000000 0.000000 0.000000 0.484974 0.000000 0.000000
 0.000000 0.000000 0.492309 0.000000 0.000000 0.000000 0.000001 0.000000 0.000000 0.000000 0.000001 0.000001 0.012406 0.002008 0.000000 0.000000 0.000000 0.000426 0.000000 0.492848
 0.493188 0.000000 0.000000 0.000000 0.000000 0.000000 0.000000 0.000000 0.000000 0.000010 0.000000 0.000000 0.000000 0.000000 0.000000 0.493184 0.000427 0.000000 0.000000 0.013192
 0.000000 0.000000 0.498478 0.000000 0.000000 0.000000 0.000000 0.000000 0.000000 0.000000 0.000000 0.000000 0.000000 0.498474 0.003048 0.000000 0.000000 0.000000 0.000000 0.000000
 0.000000 0.000000 0.000673 0.000000 0.492956 0.000000 0.000000 0.000000 0.000000 0.000000 0.000000 0.000000 0.000000 0.000000 0.000000 0.000000 0.493179 0.013192 0.000000 0.000000
the mean of prob-rank is 1.5789473684210527
the number of false negetive edges is 0
the number of probability greater than 0 is 3.5/edge
