20
 0.000000 0.000000 0.402267 0.000000 0.000000 0.000000 0.000000 0.000000 0.000000 0.000000 0.000000 0.000000 0.000000 0.000000 0.197936 0.000000 0.399798 0.000000 0.000000 0.000000
 0.000000 0.000000 0.230789 0.000000 0.000000 0.000000 0.000000 0.000000 0.000000 0.000000 0.000000 0.000000 0.000000 0.000000 0.383779 0.385433 0.000000 0.000000 0.000000 0.000000
 0.378890 0.226871 0.000000 0.000000 0.000000 0.000000 0.000000 0.000000 0.000000 0.000000 0.000000 0.000000 0.000000 0.000000 0.375117 0.000000 0.019123 0.000000 0.000000 0.000000
 0.000000 0.000000 0.000000 0.000000 0.000000 0.000000 0.000000 0.000000 0.000000 0.000000 0.020515 0.489750 0.000000 0.000000 0.000000 0.000000 0.000000 0.489735 0.000000 0.000000
 0.000000 0.000000 0.000000 0.000000 0.000000 0.000000 0.000000 0.027452 0.486302 0.000000 0.486247 0.000000 0.000000 0.000000 0.000000 0.000000 0.000000 0.000000 0.000000 0.000000
 0.000000 0.000000 0.000000 0.000000 0.000000 0.000000 0.000000 0.377740 0.000000 0.000000 0.000000 0.000000 0.000000 0.104365 0.151714 0.000000 0.000000 0.000000 0.000000 0.366181
 0.000000 0.000000 0.000000 0.000000 0.000000 0.000000 0.000000 0.000000 0.000000 0.279060 0.376177 0.000000 0.000000 0.000000 0.000000 0.000000 0.000000 0.000000 0.344763 0.000000
 0.000000 0.000000 0.000000 0.000000 0.020388 0.361098 0.000000 0.000000 0.000077 0.000000 0.000004 0.000000 0.000000 0.356065 0.104379 0.000000 0.157989 0.000000 0.000000 0.000000
 0.000000 0.000000 0.000000 0.000000 0.499946 0.000000 0.000000 0.000107 0.000000 0.000000 0.000000 0.000000 0.000000 0.000000 0.000000 0.000000 0.000000 0.499947 0.000000 0.000000
 0.000000 0.000000 0.000000 0.000000 0.000000 0.000000 0.270746 0.000000 0.000000 0.000000 0.000000 0.000000 0.000000 0.364986 0.000000 0.000000 0.000000 0.000000 0.364268 0.000000
 0.000000 0.000000 0.000000 0.020517 0.489727 0.000000 0.489752 0.000005 0.000000 0.000000 0.000000 0.000000 0.000000 0.000000 0.000000 0.000000 0.000000 0.000000 0.000000 0.000000
 0.000000 0.000000 0.000000 0.499286 0.000000 0.000000 0.000000 0.000000 0.000000 0.000000 0.000000 0.000000 0.000000 0.000000 0.000000 0.000000 0.499178 0.001536 0.000000 0.000000
 0.000000 0.000000 0.000000 0.000000 0.000000 0.000000 0.000000 0.000000 0.000000 0.000000 0.000000 0.000000 0.000000 0.000000 0.000000 0.499961 0.000000 0.000000 0.000077 0.499962
 0.000000 0.000000 0.000000 0.000000 0.000000 0.119200 0.000000 0.425421 0.000000 0.431520 0.000000 0.000000 0.000000 0.000000 0.000000 0.000000 0.000000 0.000000 0.020085 0.003774
 0.155302 0.314267 0.312479 0.000000 0.000000 0.126738 0.000000 0.091214 0.000000 0.000000 0.000000 0.000000 0.000000 0.000000 0.000000 0.000000 0.000000 0.000000 0.000000 0.000000
 0.000000 0.500000 0.000000 0.000000 0.000000 0.000000 0.000000 0.000000 0.000000 0.000000 0.000000 0.000000 0.500000 0.000000 0.000000 0.000000 0.000000 0.000000 0.000000 0.000000
 0.400501 0.000000 0.020339 0.000000 0.000000 0.000000 0.000000 0.176272 0.000000 0.000000 0.000000 0.402888 0.000000 0.000000 0.000000 0.000000 0.000000 0.000000 0.000000 0.000000
 0.000000 0.000000 0.000000 0.499224 0.000000 0.000000 0.000000 0.000000 0.499240 0.000000 0.000000 0.001536 0.000000 0.000000 0.000000 0.000000 0.000000 0.000000 0.000000 0.000000
 0.000000 0.000000 0.000000 0.000000 0.000000 0.000000 0.339649 0.000000 0.000000 0.369885 0.000000 0.000000 0.000057 0.017250 0.000000 0.000000 0.000000 0.000000 0.000000 0.273159
 0.000000 0.000000 0.000000 0.000000 0.000000 0.356980 0.000000 0.000000 0.000000 0.000000 0.000000 0.000000 0.368329 0.003221 0.000000 0.000000 0.000000 0.000000 0.271469 0.000000
the mean of prob-rank is 1.4736842105263157
the number of false negetive edges is 0
the number of probability greater than 0 is 3.7/edge
