20
 0.000000 0.000000 0.000000 0.000000 0.000000 0.000000 0.401522 0.000000 0.190783 0.000000 0.407695 0.000000 0.000000 0.000000 0.000000 0.000000 0.000000 0.000000 0.000000 0.000000
 0.000000 0.000000 0.000000 0.000000 0.424991 0.000000 0.000000 0.000000 0.419596 0.047783 0.000000 0.000000 0.000000 0.000000 0.000000 0.000000 0.000000 0.107630 0.000000 0.000000
 0.000000 0.000000 0.000000 0.000000 0.000000 0.000000 0.000000 0.000000 0.000000 0.000000 0.000000 0.000000 0.000000 0.000000 0.500000 0.500000 0.000000 0.000000 0.000000 0.000000
 0.000000 0.000000 0.000000 0.000000 0.000000 0.000000 0.000000 0.000000 0.000000 0.000000 0.000000 0.000000 0.000000 0.000000 0.500000 0.000000 0.000000 0.000000 0.500000 0.000000
 0.000000 0.472309 0.000000 0.000000 0.000000 0.000000 0.000000 0.000000 0.055395 0.472293 0.000000 0.000000 0.000000 0.000000 0.000000 0.000000 0.000000 0.000002 0.000000 0.000000
 0.000000 0.000000 0.000000 0.000000 0.000000 0.000000 0.000000 0.000000 0.000000 0.191951 0.000000 0.000000 0.000000 0.332251 0.000000 0.000000 0.319860 0.155938 0.000000 0.000000
 0.318453 0.000000 0.000000 0.000000 0.000000 0.000000 0.000000 0.000000 0.009037 0.000000 0.089824 0.000000 0.277914 0.000000 0.000000 0.000000 0.000000 0.000000 0.000000 0.304772
 0.000000 0.000000 0.000000 0.000000 0.000000 0.000000 0.000000 0.000000 0.226727 0.000000 0.000000 0.000000 0.265422 0.075782 0.000000 0.000000 0.000000 0.187541 0.000000 0.244527
 0.136922 0.288881 0.000000 0.000000 0.034317 0.000000 0.008177 0.249934 0.000000 0.000000 0.000009 0.000000 0.000000 0.000000 0.000000 0.000000 0.000000 0.015656 0.000007 0.266097
 0.000000 0.042309 0.000000 0.000000 0.376288 0.217401 0.000000 0.000000 0.000000 0.000000 0.000000 0.000000 0.000000 0.001134 0.000000 0.000000 0.008311 0.354557 0.000000 0.000000
 0.439317 0.000000 0.000000 0.000000 0.000000 0.000000 0.122039 0.000000 0.000014 0.000000 0.000000 0.000000 0.000000 0.000000 0.000000 0.000000 0.000000 0.000000 0.438629 0.000000
 0.000000 0.000000 0.000000 0.000000 0.000000 0.000000 0.000000 0.000000 0.000000 0.000000 0.000000 0.000000 0.000000 0.000000 0.000000 0.500002 0.499998 0.000000 0.000000 0.000000
 0.000000 0.000000 0.000000 0.000000 0.000000 0.000000 0.311981 0.362978 0.000000 0.000000 0.000000 0.000000 0.000000 0.000000 0.000000 0.000000 0.000000 0.000000 0.000000 0.325041
 0.000000 0.000000 0.000000 0.000000 0.000000 0.344631 0.000000 0.098396 0.000000 0.001039 0.000000 0.000000 0.000000 0.000000 0.000000 0.000000 0.220871 0.335064 0.000000 0.000000
 0.000000 0.000000 0.500000 0.500000 0.000000 0.000000 0.000000 0.000000 0.000000 0.000000 0.000000 0.000000 0.000000 0.000000 0.000000 0.000000 0.000000 0.000000 0.000000 0.000000
 0.000000 0.000000 0.500000 0.000000 0.000000 0.000000 0.000000 0.000000 0.000000 0.000000 0.000000 0.500000 0.000000 0.000000 0.000000 0.000000 0.000000 0.000000 0.000000 0.000000
 0.000000 0.000000 0.000000 0.000000 0.000000 0.366651 0.000000 0.000000 0.000000 0.008412 0.000000 0.380851 0.000000 0.244086 0.000000 0.000000 0.000000 0.000000 0.000000 0.000000
 0.000000 0.074549 0.000000 0.000000 0.000002 0.138157 0.000000 0.207989 0.015750 0.277357 0.000000 0.000000 0.000000 0.286196 0.000000 0.000000 0.000000 0.000000 0.000000 0.000000
 0.000000 0.000000 0.000000 0.500386 0.000000 0.000000 0.000000 0.000000 0.000013 0.000000 0.499602 0.000000 0.000000 0.000000 0.000000 0.000000 0.000000 0.000000 0.000000 0.000000
 0.000000 0.000000 0.000000 0.000000 0.000000 0.000000 0.256916 0.251112 0.247890 0.000000 0.000000 0.000000 0.244081 0.000000 0.000000 0.000000 0.000000 0.000000 0.000000 0.000000
the mean of prob-rank is 1.6842105263157894
the number of false negetive edges is 0
the number of probability greater than 0 is 4.0/edge
