20
 0.000000 0.000000 0.000034 0.000000 0.000000 0.001144 0.000000 0.496961 0.000000 0.000000 0.000000 0.005238 0.000000 0.000000 0.496623 0.000000 0.000000 0.000000 0.000000 0.000000
 0.000000 0.000000 0.349951 0.000000 0.000000 0.345962 0.000000 0.000470 0.000000 0.000000 0.000000 0.014878 0.000000 0.000000 0.000000 0.000000 0.288739 0.000000 0.000000 0.000000
 0.000033 0.492521 0.000000 0.000000 0.000000 0.001379 0.000000 0.013439 0.000000 0.000000 0.000000 0.492628 0.000000 0.000000 0.000000 0.000000 0.000000 0.000000 0.000000 0.000000
 0.000000 0.000000 0.000000 0.000000 0.000000 0.000000 0.500000 0.000000 0.000000 0.000000 0.000000 0.000000 0.000000 0.000000 0.000000 0.000000 0.000000 0.000000 0.500000 0.000000
 0.000000 0.000000 0.000000 0.000000 0.000000 0.000000 0.000000 0.000000 0.000025 0.000000 0.000000 0.000003 0.000000 0.000000 0.000000 0.000000 0.000000 0.499996 0.000000 0.499976
 0.000982 0.421584 0.001194 0.000000 0.000000 0.000000 0.000000 0.149670 0.000000 0.000000 0.000000 0.000000 0.000000 0.000000 0.000000 0.000000 0.426571 0.000000 0.000000 0.000000
 0.000000 0.000000 0.000000 0.499256 0.000000 0.000000 0.000000 0.000000 0.000000 0.000000 0.499251 0.000000 0.000000 0.001493 0.000000 0.000000 0.000000 0.000000 0.000000 0.000000
 0.418507 0.000562 0.011416 0.000000 0.000000 0.146841 0.000000 0.000000 0.000000 0.000000 0.000000 0.418078 0.000000 0.000000 0.004596 0.000000 0.000000 0.000000 0.000000 0.000000
 0.000000 0.000000 0.000000 0.000000 0.000018 0.000000 0.000000 0.000000 0.000000 0.192139 0.098719 0.000000 0.353205 0.000000 0.000000 0.000000 0.000000 0.000085 0.000000 0.355834
 0.000000 0.000000 0.000000 0.000000 0.000000 0.000000 0.000000 0.000000 0.213338 0.000000 0.000000 0.000000 0.000000 0.000000 0.000000 0.000000 0.389760 0.396901 0.000000 0.000000
 0.000000 0.000000 0.000000 0.000000 0.000000 0.000000 0.350829 0.000000 0.096888 0.000000 0.000000 0.000000 0.213327 0.338956 0.000000 0.000000 0.000000 0.000000 0.000000 0.000000
 0.004024 0.016223 0.381673 0.000000 0.000002 0.000000 0.000000 0.381312 0.000000 0.000000 0.000000 0.000000 0.000000 0.216763 0.000000 0.000000 0.000000 0.000000 0.000000 0.000004
 0.000000 0.000000 0.000000 0.000000 0.000000 0.000000 0.000000 0.000000 0.367669 0.000000 0.226259 0.000000 0.000000 0.372100 0.000000 0.000000 0.000000 0.000000 0.000000 0.033972
 0.000000 0.000000 0.000000 0.000000 0.000000 0.000000 0.000948 0.000000 0.000000 0.000000 0.306290 0.180032 0.317022 0.000000 0.000000 0.000000 0.000000 0.000000 0.000000 0.195708
 0.497100 0.000000 0.000000 0.000000 0.000000 0.000000 0.000000 0.005463 0.000000 0.000000 0.000000 0.000000 0.000000 0.000000 0.000000 0.497438 0.000000 0.000000 0.000000 0.000000
 0.000000 0.000000 0.000000 0.000000 0.000000 0.000000 0.000000 0.000000 0.000000 0.000000 0.000000 0.000000 0.000000 0.000000 0.500000 0.000000 0.000000 0.000000 0.500000 0.000000
 0.000000 0.293867 0.000000 0.000000 0.000000 0.356272 0.000000 0.000000 0.000000 0.349861 0.000000 0.000000 0.000000 0.000000 0.000000 0.000000 0.000000 0.000000 0.000000 0.000000
 0.000000 0.000000 0.000000 0.000000 0.499930 0.000000 0.000000 0.000000 0.000118 0.499928 0.000000 0.000000 0.000000 0.000000 0.000000 0.000000 0.000000 0.000000 0.000000 0.000023
 0.000000 0.000000 0.000000 0.500000 0.000000 0.000000 0.000000 0.000000 0.000000 0.000000 0.000000 0.000000 0.000000 0.000000 0.000000 0.500000 0.000000 0.000000 0.000000 0.000000
 0.000000 0.000000 0.000000 0.000000 0.369795 0.000000 0.000000 0.000000 0.368125 0.000000 0.000000 0.000004 0.033763 0.228295 0.000000 0.000000 0.000000 0.000017 0.000000 0.000000
the mean of prob-rank is 1.5263157894736843
the number of false negetive edges is 0
the number of probability greater than 0 is 4.2/edge
