20
 0.000000 0.000000 0.000000 0.000000 0.402160 0.000000 0.000000 0.000000 0.196642 0.000000 0.000000 0.000000 0.000000 0.000000 0.000000 0.401198 0.000000 0.000000 0.000000 0.000000
 0.000000 0.000000 0.000000 0.000019 0.000000 0.000000 0.499990 0.000000 0.000000 0.499991 0.000000 0.000000 0.000000 0.000000 0.000000 0.000000 0.000000 0.000000 0.000000 0.000000
 0.000000 0.000000 0.000000 0.343920 0.000000 0.000000 0.000000 0.000000 0.000000 0.000000 0.000000 0.000000 0.299337 0.000000 0.355555 0.000000 0.000000 0.000000 0.000000 0.001188
 0.000000 0.000013 0.336553 0.000000 0.000000 0.000000 0.000000 0.000000 0.000000 0.347788 0.000000 0.000000 0.000000 0.000000 0.315646 0.000000 0.000000 0.000000 0.000000 0.000000
 0.359192 0.000000 0.000000 0.000000 0.000000 0.000000 0.000000 0.000000 0.000000 0.000000 0.000000 0.000000 0.000000 0.000000 0.000000 0.000000 0.291178 0.000000 0.349630 0.000000
 0.000000 0.000000 0.000000 0.000000 0.000000 0.000000 0.000000 0.000000 0.000000 0.000000 0.500000 0.000000 0.000000 0.000000 0.000000 0.000000 0.000000 0.500000 0.000000 0.000000
 0.000000 0.499998 0.000000 0.000000 0.000000 0.000000 0.000000 0.000002 0.000000 0.000000 0.000000 0.000000 0.000000 0.000000 0.000000 0.000000 0.000000 0.500000 0.000000 0.000000
 0.000000 0.000000 0.000000 0.000000 0.000000 0.000000 0.000002 0.000000 0.000000 0.000000 0.000000 0.482488 0.000000 0.482480 0.000000 0.035029 0.000000 0.000000 0.000000 0.000000
 0.152706 0.000000 0.000000 0.000000 0.000000 0.000000 0.000000 0.000000 0.000000 0.000000 0.000000 0.000000 0.000000 0.000000 0.000000 0.000000 0.289130 0.000000 0.245861 0.312303
 0.000000 0.499558 0.000000 0.499338 0.000000 0.000000 0.000000 0.000000 0.000000 0.000000 0.000000 0.000000 0.000000 0.000000 0.001104 0.000000 0.000000 0.000000 0.000000 0.000000
 0.000000 0.000000 0.000000 0.000000 0.000000 0.500000 0.000000 0.000000 0.000000 0.000000 0.000000 0.500000 0.000000 0.000000 0.000000 0.000000 0.000000 0.000000 0.000000 0.000000
 0.000000 0.000000 0.000000 0.000000 0.000000 0.000000 0.000000 0.499982 0.000000 0.000000 0.499985 0.000000 0.000000 0.000033 0.000000 0.000000 0.000000 0.000000 0.000000 0.000000
 0.000000 0.000000 0.304134 0.000000 0.000000 0.000000 0.000000 0.000000 0.000000 0.000000 0.000000 0.000000 0.000000 0.000000 0.334611 0.000000 0.000000 0.000000 0.000000 0.361255
 0.000000 0.000000 0.000000 0.000000 0.000000 0.000000 0.000000 0.499978 0.000000 0.000000 0.000000 0.000033 0.000000 0.000000 0.000000 0.499989 0.000000 0.000000 0.000000 0.000000
 0.000000 0.000000 0.352653 0.319923 0.000000 0.000000 0.000000 0.000000 0.000000 0.000779 0.000000 0.000000 0.326645 0.000000 0.000000 0.000000 0.000000 0.000000 0.000000 0.000000
 0.478321 0.000000 0.000000 0.000000 0.000000 0.000000 0.000000 0.034810 0.000000 0.000000 0.000000 0.000000 0.000000 0.479468 0.000000 0.000000 0.000000 0.000000 0.007401 0.000000
 0.000000 0.000000 0.000000 0.000000 0.296241 0.000000 0.000000 0.000000 0.338322 0.000000 0.000000 0.000000 0.000000 0.000000 0.000000 0.000000 0.000000 0.000000 0.365437 0.000000
 0.000000 0.000000 0.000000 0.000000 0.000000 0.500000 0.500000 0.000000 0.000000 0.000000 0.000000 0.000000 0.000000 0.000000 0.000000 0.000000 0.000000 0.000000 0.000000 0.000000
 0.000000 0.000000 0.000000 0.000000 0.350633 0.000000 0.000000 0.000000 0.283585 0.000000 0.000000 0.000000 0.000000 0.000000 0.000000 0.005561 0.360222 0.000000 0.000000 0.000000
 0.000000 0.000000 0.001667 0.000000 0.000000 0.000000 0.000000 0.000000 0.499167 0.000000 0.000000 0.000000 0.499166 0.000000 0.000000 0.000000 0.000000 0.000000 0.000000 0.000000
the mean of prob-rank is 1.6842105263157894
the number of false negetive edges is 0
the number of probability greater than 0 is 3.2/edge
