20
 0.000000 0.000000 0.000623 0.000000 0.000000 0.000000 0.000000 0.000000 0.000000 0.000000 0.489444 0.000000 0.000000 0.000000 0.020108 0.000000 0.489825 0.000000 0.000000 0.000000
 0.000000 0.000000 0.000000 0.000000 0.000109 0.000000 0.050802 0.000000 0.445979 0.000000 0.000000 0.000000 0.052135 0.000000 0.000000 0.450975 0.000000 0.000000 0.000000 0.000000
 0.000618 0.000000 0.000000 0.000000 0.000000 0.000000 0.000000 0.000001 0.000000 0.000000 0.028003 0.485865 0.000000 0.000000 0.000000 0.000000 0.485512 0.000000 0.000000 0.000000
 0.000000 0.000000 0.000000 0.000000 0.000000 0.000000 0.000000 0.000000 0.000000 0.000000 0.500000 0.000000 0.000000 0.000000 0.500000 0.000000 0.000000 0.000000 0.000000 0.000000
 0.000000 0.000120 0.000000 0.000000 0.000000 0.499949 0.000000 0.000000 0.499930 0.000000 0.000000 0.000000 0.000000 0.000000 0.000000 0.000000 0.000000 0.000000 0.000000 0.000000
 0.000000 0.000001 0.000000 0.000000 0.499998 0.000000 0.000000 0.000000 0.000000 0.000000 0.000000 0.000000 0.000000 0.000000 0.000000 0.000000 0.000000 0.000000 0.000000 0.500001
 0.000000 0.042785 0.000000 0.000000 0.000000 0.000000 0.000000 0.000000 0.153997 0.000000 0.000000 0.000000 0.379683 0.000000 0.000000 0.380228 0.043307 0.000000 0.000000 0.000000
 0.000000 0.000000 0.000001 0.000000 0.000000 0.000000 0.000000 0.000000 0.000000 0.000000 0.000000 0.500000 0.000000 0.000000 0.000000 0.000000 0.000000 0.000000 0.499999 0.000000
 0.000000 0.394478 0.000000 0.000000 0.399325 0.000000 0.161738 0.000000 0.000000 0.000000 0.000000 0.000000 0.000000 0.000000 0.000000 0.042644 0.001815 0.000000 0.000000 0.000000
 0.000000 0.000000 0.000000 0.000000 0.000000 0.000000 0.000000 0.000000 0.000000 0.000000 0.000000 0.000000 0.000000 0.000000 0.000000 0.000000 0.000000 0.500001 0.000000 0.499999
 0.485800 0.000000 0.028021 0.486178 0.000000 0.000000 0.000000 0.000000 0.000000 0.000000 0.000000 0.000000 0.000000 0.000000 0.000000 0.000000 0.000000 0.000000 0.000000 0.000000
 0.000000 0.000000 0.500000 0.000000 0.000000 0.000000 0.000000 0.500000 0.000000 0.000000 0.000000 0.000000 0.000000 0.000000 0.000000 0.000000 0.000000 0.000000 0.000000 0.000000
 0.000000 0.054737 0.000000 0.000000 0.000000 0.000000 0.473330 0.000000 0.000000 0.000000 0.000000 0.000000 0.000000 0.000000 0.471667 0.000267 0.000000 0.000000 0.000000 0.000000
 0.000000 0.000000 0.000000 0.000000 0.000000 0.000000 0.000000 0.000000 0.000000 0.000000 0.000000 0.000000 0.000000 0.000000 0.000000 0.000000 0.000000 0.500000 0.500000 0.000000
 0.020162 0.000000 0.000000 0.491134 0.000000 0.000000 0.000000 0.000000 0.000000 0.000000 0.000000 0.000000 0.488704 0.000000 0.000000 0.000000 0.000000 0.000000 0.000000 0.000000
 0.000000 0.473990 0.000000 0.000000 0.000000 0.000000 0.474516 0.000000 0.050671 0.000000 0.000000 0.000000 0.000267 0.000000 0.000000 0.000000 0.000556 0.000000 0.000000 0.000000
 0.471946 0.000000 0.471603 0.000000 0.000000 0.000000 0.053753 0.000000 0.002145 0.000000 0.000000 0.000000 0.000000 0.000000 0.000000 0.000553 0.000000 0.000000 0.000000 0.000000
 0.000000 0.000000 0.000000 0.000000 0.000000 0.000000 0.000000 0.000000 0.000000 0.500000 0.000000 0.000000 0.000000 0.500000 0.000000 0.000000 0.000000 0.000000 0.000000 0.000000
 0.000000 0.000000 0.000000 0.000000 0.000000 0.000000 0.000000 0.499999 0.000000 0.000000 0.000000 0.000000 0.000000 0.500001 0.000000 0.000000 0.000000 0.000000 0.000000 0.000000
 0.000000 0.000000 0.000000 0.000000 0.000000 0.500001 0.000000 0.000000 0.000000 0.499999 0.000000 0.000000 0.000000 0.000000 0.000000 0.000000 0.000000 0.000000 0.000000 0.000000
the mean of prob-rank is 1.4736842105263157
the number of false negetive edges is 0
the number of probability greater than 0 is 3.2/edge
