20
 0.000000 0.000000 0.000000 0.000000 0.000000 0.000001 0.000000 0.290452 0.000000 0.000000 0.000000 0.000000 0.002982 0.000000 0.000000 0.000000 0.000000 0.000000 0.315470 0.391096
 0.000000 0.000000 0.000005 0.000000 0.000000 0.000000 0.000000 0.000000 0.000000 0.000000 0.000000 0.000000 0.000000 0.499996 0.499999 0.000000 0.000000 0.000000 0.000000 0.000000
 0.000000 0.000005 0.000000 0.000000 0.499999 0.000000 0.000000 0.000000 0.000000 0.000000 0.000000 0.000000 0.000000 0.000000 0.499996 0.000000 0.000000 0.000000 0.000000 0.000000
 0.000000 0.000000 0.000000 0.000000 0.000000 0.000000 0.000000 0.434622 0.000000 0.000000 0.000000 0.432892 0.128242 0.000000 0.000000 0.003660 0.000000 0.000584 0.000000 0.000000
 0.000000 0.000000 0.500000 0.000000 0.000000 0.000000 0.000000 0.000000 0.000000 0.500000 0.000000 0.000000 0.000000 0.000000 0.000000 0.000000 0.000000 0.000000 0.000000 0.000000
 0.000001 0.000000 0.000000 0.000000 0.000000 0.000000 0.499996 0.000000 0.000000 0.000000 0.000000 0.000000 0.000001 0.000000 0.000000 0.000000 0.000000 0.000000 0.500002 0.000000
 0.000000 0.000000 0.000000 0.000000 0.000000 0.499997 0.000000 0.000000 0.500003 0.000000 0.000000 0.000000 0.000000 0.000000 0.000000 0.000000 0.000000 0.000000 0.000000 0.000000
 0.258872 0.000000 0.000000 0.348576 0.000000 0.000000 0.000000 0.000000 0.000000 0.000000 0.000000 0.000000 0.307282 0.000000 0.000000 0.000000 0.000000 0.000000 0.000000 0.085270
 0.000000 0.000000 0.000000 0.000000 0.000000 0.000000 0.500000 0.000000 0.000000 0.000000 0.500000 0.000000 0.000000 0.000000 0.000000 0.000000 0.000000 0.000000 0.000000 0.000000
 0.000000 0.000000 0.000000 0.000000 0.488695 0.000000 0.000000 0.000000 0.000000 0.000000 0.000000 0.000000 0.000000 0.000000 0.000000 0.000000 0.488680 0.022626 0.000000 0.000000
 0.000000 0.000000 0.000000 0.000000 0.000000 0.000000 0.000000 0.000000 0.500000 0.000000 0.000000 0.000000 0.000000 0.500000 0.000000 0.000000 0.000000 0.000000 0.000000 0.000000
 0.000000 0.000000 0.000000 0.478365 0.000000 0.000000 0.000000 0.000000 0.000000 0.000000 0.000000 0.000000 0.000000 0.000000 0.000000 0.480179 0.019274 0.022182 0.000000 0.000000
 0.002459 0.000000 0.000000 0.095176 0.000000 0.000001 0.000000 0.284347 0.000000 0.000000 0.000000 0.000000 0.000000 0.000000 0.000000 0.000023 0.000000 0.002602 0.297397 0.317994
 0.000000 0.496308 0.000000 0.000000 0.000000 0.000000 0.000000 0.000000 0.000000 0.000000 0.496311 0.000000 0.000000 0.000000 0.007382 0.000000 0.000000 0.000000 0.000000 0.000000
 0.000000 0.496310 0.496308 0.000000 0.000000 0.000000 0.000000 0.000000 0.000000 0.000000 0.000000 0.000000 0.000000 0.007382 0.000000 0.000000 0.000000 0.000000 0.000000 0.000000
 0.000000 0.000000 0.000000 0.004177 0.000000 0.000000 0.000000 0.000000 0.000000 0.000000 0.000000 0.495806 0.000036 0.000000 0.000000 0.000000 0.004075 0.495906 0.000000 0.000000
 0.000000 0.000000 0.000000 0.000000 0.000000 0.000000 0.000000 0.000000 0.000000 0.488472 0.000000 0.019604 0.000000 0.000000 0.000000 0.004014 0.000000 0.487910 0.000000 0.000000
 0.000000 0.000000 0.000000 0.000639 0.000000 0.000000 0.000000 0.000000 0.000000 0.022039 0.000000 0.021985 0.003840 0.000000 0.000000 0.476029 0.475467 0.000000 0.000000 0.000000
 0.292388 0.000000 0.000000 0.000000 0.000000 0.362484 0.000000 0.000000 0.000000 0.000000 0.000000 0.000000 0.334209 0.000000 0.000000 0.000000 0.000000 0.000000 0.000000 0.010919
 0.442358 0.000000 0.000000 0.000000 0.000000 0.000000 0.000000 0.108213 0.000000 0.000000 0.000000 0.000000 0.436103 0.000000 0.000000 0.000000 0.000000 0.000000 0.013326 0.000000
the mean of prob-rank is 1.5263157894736843
the number of false negetive edges is 0
the number of probability greater than 0 is 3.65/edge
