20
 0.000000 0.000000 0.000000 0.000000 0.069384 0.402067 0.000000 0.000000 0.000000 0.000000 0.000000 0.000000 0.000000 0.000000 0.000000 0.127276 0.000000 0.000000 0.000022 0.401250
 0.000000 0.000000 0.000000 0.000000 0.000000 0.000000 0.500000 0.000000 0.000000 0.000000 0.000000 0.000000 0.000000 0.000000 0.000000 0.000000 0.500000 0.000000 0.000000 0.000000
 0.000000 0.000000 0.000000 0.000000 0.000000 0.000000 0.000000 0.000000 0.000000 0.000000 0.000000 0.071044 0.000000 0.000000 0.000000 0.292570 0.307130 0.329061 0.000194 0.000000
 0.000000 0.000000 0.000000 0.000000 0.000000 0.000000 0.000000 0.000000 0.000000 0.339750 0.351987 0.000000 0.000001 0.000000 0.302929 0.000000 0.000000 0.000000 0.000000 0.005333
 0.058291 0.000000 0.000000 0.000000 0.000000 0.000000 0.000000 0.000000 0.000000 0.000005 0.000000 0.000000 0.000000 0.337784 0.322769 0.000000 0.000000 0.000000 0.000000 0.281152
 0.359826 0.000000 0.000000 0.000000 0.000000 0.000000 0.000000 0.030571 0.000000 0.000000 0.000000 0.325354 0.000000 0.000000 0.000000 0.283106 0.000000 0.000000 0.001143 0.000000
 0.000000 0.500000 0.000000 0.000000 0.000000 0.000000 0.000000 0.000000 0.500000 0.000000 0.000000 0.000000 0.000000 0.000000 0.000000 0.000000 0.000000 0.000000 0.000000 0.000000
 0.000000 0.000000 0.000000 0.000000 0.000000 0.040821 0.000000 0.000000 0.000000 0.000000 0.000000 0.478756 0.000000 0.000000 0.000000 0.000000 0.000000 0.480423 0.000000 0.000000
 0.000000 0.000000 0.000000 0.000000 0.000000 0.000000 0.500002 0.000000 0.000000 0.000000 0.000000 0.000000 0.499998 0.000000 0.000000 0.000000 0.000000 0.000000 0.000000 0.000000
 0.000000 0.000000 0.000000 0.337567 0.000005 0.000000 0.000000 0.000000 0.000000 0.000000 0.000925 0.000000 0.000000 0.349724 0.311780 0.000000 0.000000 0.000000 0.000000 0.000000
 0.000000 0.000000 0.000000 0.499341 0.000000 0.000000 0.000000 0.000000 0.000000 0.001320 0.000000 0.000000 0.499339 0.000000 0.000000 0.000000 0.000000 0.000000 0.000000 0.000000
 0.000000 0.000000 0.060756 0.000000 0.000000 0.254451 0.000000 0.280411 0.000000 0.000000 0.000000 0.000000 0.000000 0.000000 0.000000 0.186402 0.000000 0.000003 0.217977 0.000000
 0.000000 0.000000 0.000000 0.000001 0.000000 0.000000 0.000000 0.000000 0.499999 0.000000 0.500000 0.000000 0.000000 0.000000 0.000000 0.000000 0.000000 0.000000 0.000000 0.000000
 0.000000 0.000000 0.000000 0.000000 0.500001 0.000000 0.000000 0.000000 0.000000 0.499999 0.000000 0.000000 0.000000 0.000000 0.000000 0.000000 0.000000 0.000000 0.000000 0.000000
 0.000000 0.000000 0.000000 0.234714 0.260602 0.000000 0.000000 0.000000 0.000000 0.243134 0.000000 0.000000 0.000000 0.000000 0.000000 0.000000 0.000000 0.000000 0.000000 0.261550
 0.086613 0.000000 0.243267 0.000000 0.000000 0.215273 0.000000 0.000000 0.000000 0.000000 0.000000 0.181236 0.000000 0.000000 0.000000 0.000000 0.000000 0.000000 0.273611 0.000000
 0.000000 0.372082 0.347281 0.000000 0.000000 0.000000 0.000000 0.000000 0.000000 0.000000 0.000000 0.000000 0.000000 0.000000 0.000000 0.000000 0.000000 0.000000 0.280637 0.000000
 0.000000 0.000000 0.500016 0.000000 0.000000 0.000000 0.000000 0.499979 0.000000 0.000000 0.000000 0.000005 0.000000 0.000000 0.000000 0.000000 0.000000 0.000000 0.000000 0.000000
 0.000022 0.000000 0.000232 0.000000 0.000000 0.001254 0.000000 0.000000 0.000000 0.000000 0.000000 0.305775 0.000000 0.000000 0.000000 0.394758 0.297740 0.000000 0.000000 0.000220
 0.355777 0.000000 0.000000 0.005401 0.296730 0.000000 0.000000 0.000000 0.000000 0.000000 0.000000 0.000000 0.000000 0.000000 0.341893 0.000000 0.000000 0.000000 0.000199 0.000000
the mean of prob-rank is 1.9473684210526316
the number of false negetive edges is 0
the number of probability greater than 0 is 3.95/edge
