20
 0.000000 0.000000 0.000000 0.000000 0.000000 0.000000 0.000000 0.000000 0.000000 0.000000 0.499979 0.000000 0.000000 0.000000 0.000000 0.500021 0.000000 0.000000 0.000000 0.000000
 0.000000 0.000000 0.000000 0.000000 0.000000 0.000000 0.100049 0.000000 0.287068 0.000000 0.000000 0.000000 0.000000 0.305618 0.000000 0.000000 0.000000 0.307265 0.000000 0.000000
 0.000000 0.000000 0.000000 0.005109 0.000000 0.000000 0.000000 0.000000 0.000000 0.000000 0.000000 0.000000 0.494980 0.000000 0.000000 0.000000 0.494887 0.000000 0.000000 0.005024
 0.000000 0.000000 0.003779 0.000000 0.001344 0.000000 0.000000 0.000000 0.000000 0.000000 0.000000 0.000000 0.000000 0.000000 0.000000 0.000000 0.345290 0.000000 0.283456 0.366131
 0.000000 0.000000 0.000000 0.001439 0.000000 0.000000 0.000000 0.000000 0.000000 0.000000 0.000000 0.371837 0.221153 0.391345 0.000000 0.000000 0.007738 0.000000 0.000663 0.005826
 0.000000 0.000000 0.000000 0.000000 0.000000 0.000000 0.000000 0.364006 0.382338 0.000000 0.000000 0.000000 0.000000 0.012876 0.240780 0.000000 0.000000 0.000000 0.000000 0.000000
 0.000000 0.106043 0.000000 0.000000 0.000000 0.000000 0.000000 0.000000 0.253995 0.000000 0.000000 0.293573 0.000000 0.009788 0.000000 0.000000 0.000000 0.336601 0.000000 0.000000
 0.000000 0.000000 0.000000 0.000000 0.000000 0.343171 0.000000 0.000000 0.000000 0.000000 0.000000 0.000000 0.000000 0.296374 0.360455 0.000000 0.000000 0.000000 0.000000 0.000000
 0.000000 0.265612 0.000000 0.000000 0.000000 0.293840 0.221728 0.000000 0.000000 0.000000 0.000000 0.000000 0.000000 0.107091 0.000002 0.000000 0.000000 0.111728 0.000000 0.000000
 0.000000 0.000000 0.000000 0.000000 0.000000 0.000000 0.000000 0.000000 0.000000 0.000000 0.500000 0.500000 0.000000 0.000000 0.000000 0.000000 0.000000 0.000000 0.000000 0.000000
 0.499979 0.000000 0.000000 0.000000 0.000000 0.000000 0.000000 0.000000 0.000000 0.500021 0.000000 0.000000 0.000000 0.000000 0.000000 0.000000 0.000000 0.000000 0.000000 0.000000
 0.000000 0.000000 0.000000 0.000000 0.336282 0.000000 0.309200 0.000000 0.000000 0.354518 0.000000 0.000000 0.000000 0.000000 0.000000 0.000000 0.000000 0.000000 0.000000 0.000000
 0.000000 0.000000 0.392414 0.000000 0.221385 0.000000 0.000000 0.000000 0.000000 0.000000 0.000000 0.000000 0.000000 0.000000 0.385306 0.000000 0.000894 0.000000 0.000000 0.000000
 0.000000 0.299694 0.000000 0.000000 0.310897 0.010487 0.009056 0.256055 0.113497 0.000000 0.000000 0.000000 0.000000 0.000000 0.000305 0.000000 0.000000 0.000009 0.000000 0.000000
 0.000000 0.000000 0.000000 0.000000 0.000000 0.241044 0.000000 0.382756 0.000003 0.000000 0.000000 0.000000 0.375823 0.000375 0.000000 0.000000 0.000000 0.000000 0.000000 0.000000
 0.500000 0.000000 0.000000 0.000000 0.000000 0.000000 0.000000 0.000000 0.000000 0.000000 0.000000 0.000000 0.000000 0.000000 0.000000 0.000000 0.000000 0.000000 0.500000 0.000000
 0.000000 0.000000 0.394788 0.372386 0.007795 0.000000 0.000000 0.000000 0.000000 0.000000 0.000000 0.000000 0.000900 0.000000 0.000000 0.000000 0.000000 0.000000 0.000000 0.224131
 0.000000 0.412103 0.000000 0.000000 0.000000 0.000000 0.425931 0.000000 0.161953 0.000000 0.000000 0.000000 0.000000 0.000012 0.000000 0.000000 0.000000 0.000000 0.000000 0.000000
 0.000000 0.000000 0.000000 0.282112 0.000617 0.000000 0.000000 0.000000 0.000000 0.000000 0.000000 0.000000 0.000000 0.000000 0.000000 0.364395 0.000000 0.000000 0.000000 0.352877
 0.000000 0.000000 0.003963 0.390470 0.005803 0.000000 0.000000 0.000000 0.000000 0.000000 0.000000 0.000000 0.000000 0.000000 0.000000 0.000000 0.221637 0.000000 0.378127 0.000000
the mean of prob-rank is 1.631578947368421
the number of false negetive edges is 0
the number of probability greater than 0 is 4.2/edge
