20
 0.000000 0.000000 0.000000 0.000790 0.499381 0.000000 0.000000 0.000000 0.000000 0.000000 0.000440 0.000000 0.000000 0.000000 0.000000 0.000000 0.000000 0.000000 0.499389 0.000000
 0.000000 0.000000 0.470379 0.000000 0.000000 0.000000 0.000000 0.061633 0.000006 0.467978 0.000000 0.000000 0.000004 0.000000 0.000000 0.000000 0.000000 0.000000 0.000000 0.000000
 0.000000 0.500000 0.000000 0.000000 0.000000 0.500000 0.000000 0.000000 0.000000 0.000000 0.000000 0.000000 0.000000 0.000000 0.000000 0.000000 0.000000 0.000000 0.000000 0.000000
 0.000687 0.000000 0.000000 0.000000 0.000000 0.000000 0.000000 0.000000 0.000000 0.000000 0.433955 0.000000 0.000000 0.434202 0.000000 0.000000 0.000000 0.000001 0.131155 0.000000
 0.459078 0.000000 0.000000 0.000000 0.000000 0.000000 0.000000 0.000000 0.000041 0.081955 0.000000 0.000000 0.458927 0.000000 0.000000 0.000000 0.000000 0.000000 0.000000 0.000000
 0.000000 0.000000 0.500000 0.000000 0.000000 0.000000 0.500000 0.000000 0.000000 0.000000 0.000000 0.000000 0.000000 0.000000 0.000000 0.000000 0.000000 0.000000 0.000000 0.000000
 0.000000 0.000000 0.000000 0.000000 0.000000 0.500000 0.000000 0.000000 0.000000 0.000000 0.000001 0.000000 0.499999 0.000000 0.000000 0.000000 0.000000 0.000000 0.000000 0.000000
 0.000000 0.045585 0.000000 0.000000 0.000000 0.000000 0.000000 0.000000 0.050360 0.055886 0.000000 0.347895 0.000000 0.000000 0.000000 0.000000 0.320895 0.000000 0.000000 0.179378
 0.000000 0.000004 0.000000 0.000000 0.000026 0.000000 0.000000 0.041721 0.000000 0.278061 0.000000 0.000407 0.000000 0.000000 0.247899 0.000000 0.233002 0.000000 0.000000 0.198881
 0.000000 0.383162 0.000000 0.000000 0.068752 0.000000 0.000000 0.061866 0.371551 0.000000 0.000000 0.000000 0.114669 0.000000 0.000000 0.000000 0.000000 0.000000 0.000000 0.000000
 0.000440 0.000000 0.000000 0.499637 0.000000 0.000000 0.000001 0.000000 0.000000 0.000000 0.000000 0.000000 0.000000 0.000001 0.000000 0.000000 0.000000 0.000000 0.499920 0.000000
 0.000000 0.000000 0.000000 0.000000 0.000000 0.000000 0.000000 0.476729 0.000673 0.000000 0.000000 0.000000 0.000000 0.000000 0.000000 0.000000 0.047506 0.000000 0.000000 0.475091
 0.000000 0.000003 0.000000 0.000000 0.435124 0.000000 0.435273 0.000000 0.000000 0.129599 0.000000 0.000000 0.000000 0.000000 0.000000 0.000000 0.000000 0.000000 0.000000 0.000000
 0.000000 0.000000 0.000000 0.499999 0.000000 0.000000 0.000000 0.000000 0.000000 0.000000 0.000001 0.000000 0.000000 0.000000 0.000000 0.000000 0.000000 0.499999 0.000000 0.000000
 0.000000 0.000000 0.000000 0.000000 0.000000 0.000000 0.000000 0.000000 0.312376 0.000000 0.000000 0.000000 0.000000 0.000000 0.000000 0.363186 0.324438 0.000000 0.000000 0.000000
 0.000000 0.000000 0.000000 0.000000 0.000000 0.000000 0.000000 0.000000 0.000000 0.000000 0.000000 0.000000 0.000000 0.000000 0.500000 0.000000 0.000000 0.500000 0.000000 0.000000
 0.000000 0.000000 0.000000 0.000000 0.000000 0.000000 0.000000 0.260003 0.227880 0.000000 0.000000 0.028089 0.000000 0.000000 0.251811 0.000000 0.000000 0.000000 0.000000 0.232217
 0.000000 0.000000 0.000000 0.000002 0.000000 0.000000 0.000000 0.000000 0.000000 0.000000 0.000000 0.000000 0.000000 0.499999 0.000000 0.499999 0.000000 0.000000 0.000000 0.000000
 0.434394 0.000000 0.000000 0.131213 0.000000 0.000000 0.000000 0.000000 0.000000 0.000000 0.434393 0.000000 0.000000 0.000000 0.000000 0.000000 0.000000 0.000000 0.000000 0.000000
 0.000000 0.000000 0.000000 0.000000 0.000000 0.000000 0.000000 0.170392 0.228035 0.000000 0.000000 0.329330 0.000000 0.000000 0.000000 0.000000 0.272243 0.000000 0.000000 0.000000
the mean of prob-rank is 1.736842105263158
the number of false negetive edges is 0
the number of probability greater than 0 is 3.9/edge
