20
 0.000000 0.000000 0.000000 0.000000 0.000000 0.500000 0.000000 0.000000 0.000000 0.000000 0.000000 0.000000 0.000000 0.000000 0.000000 0.500000 0.000000 0.000000 0.000000 0.000000
 0.000000 0.000000 0.000000 0.000000 0.000000 0.499999 0.000000 0.000000 0.000000 0.000000 0.000000 0.000000 0.000000 0.000000 0.500001 0.000000 0.000000 0.000000 0.000000 0.000000
 0.000000 0.000000 0.000000 0.000000 0.000000 0.000000 0.000000 0.000000 0.496174 0.007537 0.000000 0.000000 0.000000 0.000103 0.000000 0.000000 0.000002 0.000000 0.496185 0.000000
 0.000000 0.000000 0.000000 0.000000 0.000031 0.000000 0.397392 0.402677 0.000000 0.000000 0.000000 0.000000 0.077930 0.000000 0.000000 0.000000 0.121969 0.000000 0.000000 0.000000
 0.000000 0.000000 0.000000 0.000027 0.000000 0.000000 0.278492 0.000000 0.000000 0.000000 0.330544 0.000000 0.000000 0.000000 0.000000 0.000000 0.040405 0.350532 0.000000 0.000000
 0.500001 0.499999 0.000000 0.000000 0.000000 0.000000 0.000000 0.000000 0.000000 0.000000 0.000000 0.000000 0.000000 0.000000 0.000000 0.000000 0.000000 0.000000 0.000000 0.000000
 0.000000 0.000000 0.000000 0.299325 0.240972 0.000000 0.000000 0.000031 0.000000 0.000000 0.000000 0.000000 0.000000 0.000000 0.000000 0.000000 0.000000 0.232356 0.000000 0.227316
 0.000000 0.000000 0.000000 0.500020 0.000000 0.000000 0.000052 0.000000 0.000000 0.000000 0.000000 0.000000 0.000000 0.000000 0.000000 0.000000 0.000000 0.000000 0.000000 0.499928
 0.000000 0.000000 0.365076 0.000000 0.000000 0.000000 0.000000 0.000000 0.000000 0.346675 0.000000 0.000000 0.264641 0.000000 0.000000 0.000000 0.012674 0.000000 0.010935 0.000000
 0.000000 0.000000 0.005254 0.000000 0.000000 0.000000 0.000000 0.000000 0.328490 0.000000 0.000000 0.000000 0.345933 0.000000 0.000000 0.000000 0.320322 0.000000 0.000001 0.000000
 0.000000 0.000000 0.000000 0.000000 0.319425 0.000000 0.000000 0.000000 0.000000 0.000000 0.000000 0.000000 0.000000 0.000000 0.338740 0.000000 0.000000 0.035715 0.000000 0.306120
 0.000000 0.000000 0.000000 0.000000 0.000000 0.000000 0.000000 0.000000 0.000000 0.000000 0.000000 0.000000 0.000000 0.500018 0.000000 0.499982 0.000000 0.000000 0.000000 0.000000
 0.000000 0.000000 0.000000 0.066671 0.000000 0.000000 0.000000 0.000000 0.249719 0.344499 0.000000 0.000000 0.000000 0.000000 0.000000 0.000000 0.339111 0.000000 0.000000 0.000000
 0.000000 0.000000 0.000104 0.000000 0.000000 0.000000 0.000000 0.000000 0.000000 0.000000 0.000000 0.499951 0.000000 0.000000 0.000000 0.000000 0.000000 0.000000 0.499946 0.000000
 0.000000 0.500000 0.000000 0.000000 0.000000 0.000000 0.000000 0.000000 0.000000 0.000000 0.500000 0.000000 0.000000 0.000000 0.000000 0.000000 0.000000 0.000000 0.000000 0.000000
 0.500018 0.000000 0.000000 0.000000 0.000000 0.000000 0.000000 0.000000 0.000000 0.000000 0.000000 0.499982 0.000000 0.000000 0.000000 0.000000 0.000000 0.000000 0.000000 0.000000
 0.000000 0.000000 0.000001 0.092174 0.035077 0.000000 0.000000 0.000000 0.010564 0.281779 0.000000 0.000000 0.299549 0.000000 0.000000 0.000000 0.000000 0.280676 0.000180 0.000000
 0.000000 0.000000 0.000000 0.000000 0.357928 0.000000 0.274201 0.000000 0.000000 0.000000 0.037738 0.000000 0.000000 0.000000 0.000000 0.000000 0.330133 0.000000 0.000000 0.000000
 0.000000 0.000000 0.492481 0.000000 0.000000 0.000000 0.000000 0.000000 0.014751 0.000002 0.000000 0.000000 0.000000 0.492476 0.000000 0.000000 0.000291 0.000000 0.000000 0.000000
 0.000000 0.000000 0.000000 0.000000 0.000000 0.000000 0.282498 0.376865 0.000000 0.000000 0.340637 0.000000 0.000000 0.000000 0.000000 0.000000 0.000000 0.000000 0.000000 0.000000
the mean of prob-rank is 1.5789473684210527
the number of false negetive edges is 0
the number of probability greater than 0 is 3.8/edge
