20
 0.000000 0.000000 0.002145 0.381714 0.000000 0.000000 0.000000 0.000000 0.000000 0.000000 0.000000 0.393820 0.000000 0.222304 0.000016 0.000000 0.000000 0.000000 0.000000 0.000000
 0.000000 0.000000 0.000000 0.000000 0.373699 0.000000 0.000000 0.380259 0.000000 0.000000 0.000000 0.000000 0.000000 0.000000 0.000000 0.246042 0.000000 0.000000 0.000000 0.000000
 0.001959 0.000000 0.000000 0.000000 0.000000 0.000053 0.000000 0.000000 0.000000 0.000000 0.000000 0.000000 0.303759 0.000000 0.359587 0.000000 0.000000 0.000000 0.000000 0.334642
 0.375615 0.000000 0.000000 0.000000 0.000000 0.000000 0.000000 0.000000 0.000000 0.000000 0.000000 0.000000 0.000000 0.385535 0.000000 0.000000 0.000000 0.001357 0.237493 0.000000
 0.000000 0.383001 0.000000 0.000000 0.000000 0.000000 0.000000 0.227274 0.000000 0.389724 0.000000 0.000000 0.000000 0.000000 0.000000 0.000000 0.000000 0.000000 0.000000 0.000000
 0.000000 0.000000 0.000074 0.000000 0.000000 0.000000 0.000000 0.000000 0.000000 0.000000 0.000000 0.499966 0.000000 0.000000 0.000000 0.000000 0.499960 0.000000 0.000000 0.000000
 0.000000 0.000000 0.000000 0.000000 0.000000 0.000000 0.000000 0.000000 0.499999 0.000000 0.000000 0.000000 0.000000 0.000000 0.000000 0.000000 0.500001 0.000000 0.000000 0.000000
 0.000000 0.389642 0.000000 0.000000 0.227226 0.000000 0.000000 0.000000 0.000000 0.000000 0.000000 0.000000 0.000000 0.000000 0.000000 0.383132 0.000000 0.000000 0.000000 0.000000
 0.000000 0.000000 0.000000 0.000000 0.000000 0.000000 0.499999 0.000000 0.000000 0.000000 0.500001 0.000000 0.000000 0.000000 0.000000 0.000000 0.000000 0.000000 0.000000 0.000000
 0.000000 0.000000 0.000000 0.000000 0.500000 0.000000 0.000000 0.000000 0.000000 0.000000 0.500000 0.000000 0.000000 0.000000 0.000000 0.000000 0.000000 0.000000 0.000000 0.000000
 0.000000 0.000000 0.000000 0.000000 0.000000 0.000000 0.000000 0.000000 0.500001 0.499999 0.000000 0.000000 0.000000 0.000000 0.000000 0.000000 0.000000 0.000000 0.000000 0.000000
 0.499996 0.000000 0.000000 0.000000 0.000000 0.500004 0.000000 0.000000 0.000000 0.000000 0.000000 0.000000 0.000000 0.000000 0.000000 0.000000 0.000000 0.000000 0.000000 0.000000
 0.000000 0.000000 0.291564 0.000000 0.000000 0.000000 0.000000 0.000000 0.000000 0.000000 0.000000 0.000000 0.000000 0.000000 0.000000 0.000000 0.000000 0.038726 0.324715 0.344995
 0.220864 0.000000 0.000000 0.389257 0.000000 0.000000 0.000000 0.000000 0.000000 0.000000 0.000000 0.000000 0.000000 0.000000 0.388554 0.000000 0.000000 0.000000 0.001325 0.000000
 0.000017 0.000000 0.430343 0.000000 0.000000 0.000000 0.000000 0.000000 0.000000 0.000000 0.000000 0.000000 0.000000 0.427351 0.000000 0.000000 0.000000 0.000000 0.000000 0.142289
 0.000000 0.245992 0.000000 0.000000 0.000000 0.000000 0.000000 0.373828 0.000000 0.000000 0.000000 0.000000 0.000000 0.000000 0.000000 0.000000 0.000000 0.380180 0.000000 0.000000
 0.000000 0.000000 0.000000 0.000000 0.000000 0.499997 0.500003 0.000000 0.000000 0.000000 0.000000 0.000000 0.000000 0.000000 0.000000 0.000000 0.000000 0.000000 0.000000 0.000000
 0.000000 0.000000 0.000000 0.001657 0.000000 0.000000 0.000000 0.000000 0.000000 0.000000 0.000000 0.000000 0.053089 0.000000 0.000000 0.473161 0.000000 0.000000 0.472092 0.000000
 0.000000 0.000000 0.000000 0.193631 0.000000 0.000000 0.000000 0.000000 0.000000 0.000000 0.000000 0.000000 0.297255 0.001070 0.000000 0.000000 0.000000 0.315248 0.000000 0.192796
 0.000000 0.000000 0.324148 0.000000 0.000000 0.000000 0.000000 0.000000 0.000000 0.000000 0.000000 0.000000 0.348153 0.000000 0.115165 0.000000 0.000000 0.000000 0.212534 0.000000
the mean of prob-rank is 1.4736842105263157
the number of false negetive edges is 0
the number of probability greater than 0 is 3.3/edge
