20
 0.000000 0.000000 0.000000 0.000000 0.000000 0.000000 0.000000 0.000000 0.000000 0.000000 0.000000 0.000022 0.000000 0.000000 0.000000 0.000000 0.499989 0.499989 0.000000 0.000000
 0.000000 0.000000 0.000000 0.000000 0.000000 0.382826 0.372409 0.000000 0.000000 0.000000 0.000000 0.000000 0.000000 0.000000 0.000000 0.000000 0.244765 0.000000 0.000000 0.000000
 0.000000 0.000000 0.000000 0.375377 0.000000 0.000000 0.001320 0.000000 0.000000 0.255115 0.000000 0.000000 0.000000 0.368187 0.000000 0.000000 0.000000 0.000000 0.000000 0.000000
 0.000000 0.000000 0.334384 0.000000 0.000000 0.000000 0.333028 0.000000 0.000000 0.332589 0.000000 0.000000 0.000000 0.000000 0.000000 0.000000 0.000000 0.000000 0.000000 0.000000
 0.000000 0.000000 0.000000 0.000000 0.000000 0.500000 0.000000 0.000000 0.000000 0.000000 0.000000 0.000000 0.000000 0.000000 0.000000 0.000000 0.000000 0.000000 0.500000 0.000000
 0.000000 0.500000 0.000000 0.000000 0.500000 0.000000 0.000000 0.000000 0.000000 0.000000 0.000000 0.000000 0.000000 0.000000 0.000000 0.000000 0.000000 0.000000 0.000000 0.000000
 0.000000 0.332623 0.001203 0.340540 0.000000 0.000000 0.000000 0.000000 0.000004 0.036520 0.000000 0.289111 0.000000 0.000000 0.000000 0.000000 0.000000 0.000000 0.000000 0.000000
 0.000000 0.000000 0.000000 0.000000 0.000000 0.000000 0.000000 0.000000 0.000000 0.000000 0.000000 0.000000 0.000000 0.000000 0.000000 0.000000 0.000000 0.000000 0.500000 0.500000
 0.000000 0.000000 0.000000 0.000000 0.000000 0.000000 0.000004 0.000000 0.000000 0.341226 0.000000 0.229264 0.000000 0.147788 0.000000 0.000000 0.000000 0.281720 0.000000 0.000000
 0.000000 0.000000 0.237671 0.347833 0.000000 0.000000 0.037351 0.000000 0.348438 0.000000 0.000000 0.019462 0.000000 0.009245 0.000000 0.000000 0.000000 0.000000 0.000000 0.000000
 0.000000 0.000000 0.000000 0.000000 0.000000 0.000000 0.000000 0.000000 0.000000 0.000000 0.000000 0.000000 0.413556 0.000000 0.411635 0.174809 0.000000 0.000000 0.000000 0.000000
 0.000013 0.000000 0.000000 0.000000 0.000000 0.000000 0.243035 0.000000 0.192419 0.015996 0.000000 0.000000 0.000000 0.000000 0.000000 0.000000 0.273296 0.275241 0.000000 0.000000
 0.000000 0.000000 0.000000 0.000000 0.000000 0.000000 0.000000 0.000000 0.000000 0.000000 0.402210 0.000000 0.000000 0.000000 0.195916 0.401874 0.000000 0.000000 0.000000 0.000000
 0.000000 0.000000 0.402181 0.000000 0.000000 0.000000 0.000000 0.000000 0.176943 0.010840 0.000000 0.000000 0.000000 0.000000 0.410036 0.000000 0.000000 0.000000 0.000000 0.000000
 0.000000 0.000000 0.000000 0.000000 0.000000 0.000000 0.000000 0.000000 0.000000 0.000000 0.400956 0.000000 0.196217 0.402827 0.000000 0.000000 0.000000 0.000000 0.000000 0.000000
 0.000000 0.000000 0.000000 0.000000 0.000000 0.000000 0.000000 0.000000 0.000000 0.000000 0.174534 0.000000 0.412561 0.000000 0.000000 0.000000 0.000000 0.000000 0.000000 0.412905
 0.386074 0.246841 0.000000 0.000000 0.000000 0.000000 0.000000 0.000000 0.000000 0.000000 0.000000 0.367085 0.000000 0.000000 0.000000 0.000000 0.000000 0.000000 0.000000 0.000000
 0.359688 0.000000 0.000000 0.000000 0.000000 0.000000 0.000000 0.000000 0.295882 0.000000 0.000000 0.344430 0.000000 0.000000 0.000000 0.000000 0.000000 0.000000 0.000000 0.000000
 0.000000 0.000000 0.000000 0.000000 0.499465 0.000000 0.000000 0.499465 0.000000 0.000000 0.000000 0.000000 0.000000 0.000000 0.000000 0.000000 0.000000 0.000000 0.000000 0.001070
 0.000000 0.000000 0.000000 0.000000 0.000000 0.000000 0.000000 0.499465 0.000000 0.000000 0.000000 0.000000 0.000000 0.000000 0.000000 0.499465 0.000000 0.000000 0.001070 0.000000
the mean of prob-rank is 1.736842105263158
the number of false negetive edges is 0
the number of probability greater than 0 is 3.5/edge
