20
 0.000000 0.020859 0.000000 0.000000 0.000000 0.479991 0.000000 0.019241 0.000000 0.479909 0.000000 0.000000 0.000000 0.000000 0.000000 0.000000 0.000000 0.000000 0.000000 0.000000
 0.020688 0.000000 0.000000 0.000000 0.000000 0.035345 0.000000 0.476073 0.000000 0.000000 0.000000 0.467894 0.000000 0.000000 0.000000 0.000000 0.000000 0.000000 0.000000 0.000000
 0.000000 0.000000 0.000000 0.000000 0.000000 0.000000 0.000000 0.000000 0.000000 0.000000 0.499829 0.000000 0.000000 0.000000 0.499832 0.000000 0.000000 0.000000 0.000340 0.000000
 0.000000 0.000000 0.000000 0.000000 0.000000 0.000000 0.499994 0.000017 0.000000 0.000000 0.000000 0.000000 0.000000 0.499989 0.000000 0.000000 0.000000 0.000000 0.000000 0.000000
 0.000000 0.000000 0.000000 0.000000 0.000000 0.000000 0.000000 0.000000 0.499998 0.000000 0.000000 0.000000 0.000000 0.000000 0.000000 0.000000 0.000000 0.500002 0.000000 0.000000
 0.340906 0.025311 0.000000 0.000000 0.000000 0.000000 0.000000 0.008282 0.000000 0.001441 0.000000 0.305090 0.000000 0.318970 0.000000 0.000000 0.000000 0.000000 0.000000 0.000000
 0.000000 0.000000 0.000000 0.499993 0.000000 0.000000 0.000000 0.000013 0.000000 0.000000 0.000000 0.000000 0.499994 0.000000 0.000000 0.000000 0.000000 0.000000 0.000000 0.000000
 0.019289 0.481221 0.000000 0.000016 0.000000 0.011690 0.000013 0.000000 0.000000 0.000000 0.000000 0.474691 0.000000 0.013080 0.000000 0.000000 0.000000 0.000000 0.000000 0.000000
 0.000000 0.000000 0.000000 0.000000 0.499998 0.000000 0.000000 0.000000 0.000000 0.000000 0.000000 0.000000 0.000000 0.000000 0.000000 0.000000 0.500002 0.000000 0.000000 0.000000
 0.498787 0.000000 0.000000 0.000000 0.000000 0.002108 0.000000 0.000000 0.000000 0.000000 0.000204 0.000000 0.000000 0.000000 0.000000 0.000000 0.000000 0.000000 0.498901 0.000000
 0.000000 0.000000 0.499898 0.000000 0.000000 0.000000 0.000000 0.000000 0.000000 0.000204 0.000000 0.000000 0.000000 0.000000 0.000000 0.000000 0.000000 0.000000 0.499898 0.000000
 0.000000 0.271167 0.000000 0.000000 0.000000 0.246906 0.000000 0.272163 0.000000 0.000000 0.000000 0.000000 0.000000 0.209764 0.000000 0.000000 0.000000 0.000000 0.000000 0.000000
 0.000000 0.000000 0.000000 0.000000 0.000000 0.000000 0.500017 0.000000 0.000000 0.000000 0.000000 0.000000 0.000000 0.000000 0.000000 0.499983 0.000000 0.000000 0.000000 0.000000
 0.000000 0.000000 0.000000 0.367233 0.000000 0.343586 0.000000 0.009982 0.000000 0.000000 0.000000 0.279199 0.000000 0.000000 0.000000 0.000000 0.000000 0.000000 0.000000 0.000000
 0.000000 0.000000 0.500000 0.000000 0.000000 0.000000 0.000000 0.000000 0.000000 0.000000 0.000000 0.000000 0.000000 0.000000 0.000000 0.000000 0.500000 0.000000 0.000000 0.000000
 0.000000 0.000000 0.000000 0.000000 0.000000 0.000000 0.000000 0.000000 0.000000 0.000000 0.000000 0.000000 0.499983 0.000000 0.000000 0.000000 0.000000 0.000000 0.000000 0.500017
 0.000000 0.000000 0.000000 0.000000 0.000000 0.000000 0.000000 0.000000 0.500000 0.000000 0.000000 0.000000 0.000000 0.000000 0.500000 0.000000 0.000000 0.000000 0.000000 0.000000
 0.000000 0.000000 0.000000 0.000000 0.500000 0.000000 0.000000 0.000000 0.000000 0.000000 0.000000 0.000000 0.000000 0.000000 0.000000 0.000000 0.000000 0.000000 0.000000 0.500000
 0.000000 0.000000 0.000340 0.000000 0.000000 0.000000 0.000000 0.000000 0.000000 0.499832 0.499828 0.000000 0.000000 0.000000 0.000000 0.000000 0.000000 0.000000 0.000000 0.000000
 0.000000 0.000000 0.000000 0.000000 0.000000 0.000000 0.000000 0.000000 0.000000 0.000000 0.000000 0.000000 0.000000 0.000000 0.000000 0.500000 0.000000 0.500000 0.000000 0.000000
the mean of prob-rank is 1.631578947368421
the number of false negetive edges is 0
the number of probability greater than 0 is 3.2/edge
