20
 0.000000 0.000000 0.000000 0.000000 0.000000 0.000000 0.000000 0.500012 0.000000 0.000000 0.000000 0.000000 0.000001 0.000000 0.000000 0.000001 0.499986 0.000000 0.000000 0.000000
 0.000000 0.000000 0.000000 0.000000 0.500000 0.000000 0.000000 0.000000 0.000000 0.000000 0.000000 0.000000 0.500000 0.000000 0.000000 0.000000 0.000000 0.000000 0.000000 0.000000
 0.000000 0.000000 0.000000 0.000000 0.000000 0.000000 0.002693 0.000000 0.000000 0.000000 0.491788 0.000000 0.000000 0.012915 0.492599 0.000000 0.000000 0.000000 0.000005 0.000000
 0.000000 0.000000 0.000000 0.000000 0.500000 0.000000 0.000000 0.000000 0.500000 0.000000 0.000000 0.000000 0.000000 0.000000 0.000000 0.000000 0.000000 0.000000 0.000000 0.000000
 0.000000 0.500000 0.000000 0.500000 0.000000 0.000000 0.000000 0.000000 0.000000 0.000000 0.000000 0.000000 0.000000 0.000000 0.000000 0.000000 0.000000 0.000000 0.000000 0.000000
 0.000000 0.000000 0.000000 0.000000 0.000000 0.000000 0.419228 0.000000 0.000000 0.288032 0.104058 0.150805 0.000000 0.000066 0.000000 0.007777 0.000000 0.000000 0.030033 0.000000
 0.000000 0.000000 0.002735 0.000000 0.000000 0.497087 0.000000 0.000000 0.000000 0.000000 0.000045 0.000000 0.000000 0.000000 0.000000 0.000000 0.000000 0.000000 0.500133 0.000000
 0.500001 0.000000 0.000000 0.000000 0.000000 0.000000 0.000000 0.000000 0.000000 0.000000 0.000000 0.000000 0.499997 0.000000 0.000000 0.000000 0.000000 0.000000 0.000000 0.000002
 0.000000 0.000000 0.000000 0.463005 0.000000 0.000000 0.000000 0.000000 0.000000 0.000000 0.000000 0.000000 0.000000 0.000000 0.074368 0.000000 0.000000 0.000000 0.000000 0.462627
 0.000000 0.000000 0.000000 0.000000 0.000000 0.251459 0.000000 0.000000 0.000000 0.000000 0.000000 0.011385 0.000000 0.000000 0.000000 0.012380 0.356556 0.368220 0.000000 0.000000
 0.000000 0.000000 0.431755 0.000000 0.000000 0.106690 0.000039 0.000000 0.000000 0.000000 0.000000 0.000000 0.000000 0.029459 0.000000 0.000000 0.000000 0.000000 0.432056 0.000000
 0.000000 0.000000 0.000000 0.000000 0.000000 0.158512 0.000000 0.000000 0.000000 0.013707 0.000000 0.000000 0.000000 0.000000 0.000000 0.443335 0.000000 0.384446 0.000000 0.000000
 0.000001 0.500002 0.000000 0.000000 0.000000 0.000000 0.000000 0.499998 0.000000 0.000000 0.000000 0.000000 0.000000 0.000000 0.000000 0.000000 0.000000 0.000000 0.000000 0.000000
 0.000000 0.000000 0.012530 0.000000 0.000000 0.000074 0.000000 0.000000 0.000000 0.000000 0.032554 0.000000 0.000000 0.000000 0.477035 0.000000 0.000000 0.000000 0.000000 0.477807
 0.000000 0.000000 0.463219 0.000000 0.000000 0.000000 0.000000 0.000000 0.074402 0.000000 0.000000 0.000000 0.000000 0.462379 0.000000 0.000000 0.000000 0.000000 0.000000 0.000000
 0.000001 0.000000 0.000000 0.000000 0.000000 0.007236 0.000000 0.000000 0.000000 0.013193 0.000000 0.392397 0.000000 0.000000 0.000000 0.000000 0.127169 0.378773 0.000000 0.081231
 0.409050 0.000000 0.000000 0.000000 0.000000 0.000000 0.000000 0.000000 0.000000 0.396093 0.000000 0.000000 0.000000 0.000000 0.000000 0.132567 0.000000 0.062290 0.000000 0.000000
 0.000000 0.000000 0.000000 0.000000 0.000000 0.000000 0.000000 0.000000 0.000000 0.335037 0.000000 0.290536 0.000000 0.000000 0.000000 0.323408 0.051019 0.000000 0.000000 0.000000
 0.000000 0.000000 0.000005 0.000000 0.000000 0.034393 0.483030 0.000000 0.000000 0.000000 0.482571 0.000000 0.000000 0.000000 0.000000 0.000000 0.000000 0.000000 0.000000 0.000000
 0.000000 0.000000 0.000000 0.000000 0.000000 0.000000 0.000000 0.000002 0.452941 0.000000 0.000000 0.000000 0.000000 0.453220 0.000000 0.093837 0.000000 0.000000 0.000000 0.000000
the mean of prob-rank is 1.631578947368421
the number of false negetive edges is 0
the number of probability greater than 0 is 3.9/edge
