20
 0.000000 0.000000 0.150452 0.000000 0.000000 0.000000 0.000000 0.000000 0.172724 0.321947 0.041363 0.000000 0.000000 0.000000 0.313086 0.000000 0.000427 0.000000 0.000000 0.000000
 0.000000 0.000000 0.000000 0.000002 0.037568 0.000000 0.188078 0.321859 0.000000 0.000000 0.000000 0.013373 0.347327 0.008993 0.000000 0.000000 0.000000 0.000000 0.082799 0.000000
 0.159399 0.000000 0.000000 0.000000 0.000000 0.000000 0.291325 0.000006 0.038865 0.342297 0.000005 0.000000 0.000000 0.000000 0.051820 0.000000 0.030381 0.000000 0.000000 0.085901
 0.000000 0.000003 0.000000 0.000000 0.000000 0.381492 0.000000 0.000000 0.000000 0.000000 0.000000 0.000000 0.242603 0.000000 0.000000 0.000000 0.000000 0.000000 0.375902 0.000000
 0.000000 0.031075 0.000000 0.000000 0.000000 0.000000 0.000005 0.255306 0.000000 0.000000 0.000000 0.188614 0.000000 0.287296 0.000000 0.064122 0.000876 0.000066 0.171096 0.001543
 0.000000 0.000000 0.000000 0.440509 0.000000 0.000000 0.000000 0.000000 0.000000 0.000000 0.000000 0.000000 0.000000 0.000000 0.000000 0.000000 0.000000 0.438029 0.121462 0.000000
 0.000000 0.226325 0.355718 0.000000 0.000007 0.000000 0.000000 0.417950 0.000000 0.000000 0.000000 0.000000 0.000000 0.000000 0.000000 0.000000 0.000000 0.000000 0.000000 0.000000
 0.000000 0.328968 0.000006 0.000000 0.315470 0.000000 0.354992 0.000000 0.000000 0.000000 0.000000 0.000000 0.000000 0.000564 0.000000 0.000000 0.000000 0.000000 0.000000 0.000000
 0.170642 0.000000 0.036241 0.000000 0.000000 0.000000 0.000000 0.000000 0.000000 0.018177 0.319182 0.000000 0.000000 0.000000 0.140234 0.000002 0.000098 0.315334 0.000000 0.000091
 0.456448 0.000000 0.458059 0.000000 0.000000 0.000000 0.000000 0.000000 0.026086 0.000000 0.000000 0.000000 0.000000 0.000000 0.059408 0.000000 0.000000 0.000000 0.000000 0.000000
 0.045159 0.000000 0.000005 0.000000 0.000000 0.000000 0.000000 0.000000 0.352728 0.000000 0.000000 0.000600 0.000000 0.000000 0.107164 0.314101 0.180226 0.000013 0.000000 0.000004
 0.000000 0.012096 0.000000 0.000000 0.206251 0.000000 0.000000 0.000000 0.000000 0.000000 0.000534 0.000000 0.000000 0.313815 0.000000 0.274468 0.009338 0.161783 0.021716 0.000000
 0.000000 0.380914 0.000000 0.242236 0.000000 0.000000 0.000000 0.000000 0.000000 0.000000 0.000000 0.000000 0.000000 0.000000 0.000000 0.000000 0.000000 0.000000 0.376850 0.000000
 0.000000 0.011850 0.000000 0.000000 0.457659 0.000000 0.000000 0.000727 0.000000 0.000000 0.000000 0.457155 0.000000 0.000000 0.000000 0.071168 0.000077 0.000000 0.001363 0.000000
 0.313508 0.000000 0.048978 0.000000 0.000000 0.000000 0.000000 0.000000 0.142136 0.041959 0.098288 0.000000 0.000000 0.000000 0.000000 0.000002 0.033024 0.000000 0.000000 0.322107
 0.000000 0.000000 0.000000 0.000000 0.071447 0.000000 0.000000 0.000000 0.000002 0.000000 0.285052 0.279670 0.000000 0.049779 0.000002 0.000000 0.313898 0.000000 0.000000 0.000149
 0.000488 0.000000 0.032764 0.000000 0.001126 0.000000 0.000000 0.000000 0.000113 0.000000 0.188613 0.010973 0.000000 0.000062 0.037682 0.361984 0.000000 0.000000 0.000000 0.366195
 0.000000 0.000000 0.000000 0.000000 0.000091 0.398142 0.000000 0.000000 0.395559 0.000000 0.000015 0.206192 0.000000 0.000000 0.000000 0.000000 0.000000 0.000000 0.000000 0.000000
 0.000000 0.075525 0.000000 0.312171 0.188674 0.087355 0.000000 0.000000 0.000000 0.000000 0.000000 0.021899 0.313433 0.000944 0.000000 0.000000 0.000000 0.000000 0.000000 0.000000
 0.000001 0.000000 0.111798 0.000000 0.002393 0.000000 0.000000 0.000000 0.000127 0.000000 0.000006 0.000000 0.000000 0.000000 0.443545 0.000208 0.441923 0.000000 0.000000 0.000000
the mean of prob-rank is 1.9473684210526316
the number of false negetive edges is 0
the number of probability greater than 0 is 6.7/edge
